6_Funeral_Funeral_6_160
31
781 209 52 73 0.9991548 
199 180 64 84 0.99896264 
871 249 64 93 0.99873203 
898 98 58 80 0.99855286 
749 172 48 68 0.9979664 
23 228 63 101 0.99718434 
156 220 61 87 0.99702615 
833 123 51 69 0.99615663 
362 307 44 54 0.99574333 
358 221 34 45 0.9911883 
40 82 53 90 0.98856956 
611 375 40 51 0.98101866 
716 154 42 58 0.97131604 
266 199 42 71 0.9674666 
861 206 55 74 0.90875524 
289 184 39 61 0.9045157 
723 210 25 40 0.7647862 
0 146 53 124 0.5688724 
86 196 44 67 0.5118294 
133 182 41 48 0.29425246 
173 192 69 100 0.26737028 
726 176 44 66 0.2267436 
889 205 66 83 0.06739168 
28 188 48 98 0.055926878 
100 203 50 73 0.043158475 
1001 78 22 48 0.041560393 
857 102 67 91 0.03963541 
131 213 59 78 0.029051293 
127 172 39 35 0.027188674 
43 200 71 106 0.022669427 
331 352 29 44 0.022275854 
