6_Funeral_Funeral_6_733
25
828 116 135 182 0.99865 
135 205 81 87 0.99752265 
656 147 83 103 0.994666 
25 277 29 43 0.9254805 
207 288 37 47 0.90370554 
300 306 15 17 0.6702619 
333 302 14 18 0.62831306 
276 298 13 16 0.62729406 
309 307 14 17 0.4405562 
392 305 8 10 0.40428093 
260 309 12 17 0.1400291 
255 313 14 17 0.085233085 
396 304 9 11 0.080932274 
328 304 13 18 0.06869879 
302 392 13 15 0.05523125 
331 296 13 16 0.044457607 
246 308 11 16 0.03165064 
262 303 11 15 0.027793407 
230 370 10 13 0.026453834 
387 304 8 11 0.025928317 
316 305 11 16 0.023144778 
349 326 11 13 0.020819087 
259 319 15 19 0.020772574 
268 303 15 20 0.020597912 
603 277 13 16 0.020524895 
