6_Funeral_Funeral_6_364
29
471 126 30 42 0.995529 
171 137 35 41 0.9893246 
558 85 36 53 0.9879711 
629 137 29 38 0.890885 
-1 86 19 41 0.1382766 
625 641 8 11 0.08153668 
633 119 27 41 0.053008586 
753 693 7 10 0.051232886 
694 29 9 12 0.042707164 
614 624 9 12 0.037598845 
486 585 8 10 0.033398822 
503 581 7 9 0.031473484 
609 623 10 11 0.03076669 
301 100 12 15 0.030505057 
124 707 11 14 0.030056994 
518 585 9 11 0.02950205 
683 684 15 18 0.027588736 
734 22 8 10 0.02742416 
786 23 8 10 0.027241489 
7 605 10 13 0.026460394 
568 599 10 13 0.026392283 
120 612 8 10 0.023694258 
797 36 9 11 0.023114275 
169 655 7 8 0.022595225 
318 672 11 16 0.0224935 
608 583 8 9 0.021979097 
31 575 8 10 0.021176469 
306 97 15 18 0.020642778 
576 536 7 9 0.020299558 
