6_Funeral_Funeral_6_572
36
545 352 31 38 0.99878675 
794 290 32 40 0.99862564 
498 338 32 39 0.9986197 
611 300 32 41 0.99827015 
354 368 29 35 0.998185 
737 315 33 43 0.9980938 
339 324 27 34 0.99772614 
229 356 29 34 0.9977202 
655 339 31 39 0.99740535 
285 345 28 34 0.9967154 
163 363 27 36 0.9966439 
415 343 31 36 0.9965048 
553 295 30 36 0.99592614 
488 556 8 11 0.09423106 
396 539 12 14 0.08263419 
624 564 10 13 0.07977672 
527 560 10 11 0.06939963 
262 598 8 10 0.0579451 
583 613 7 10 0.040734652 
49 588 7 9 0.038292885 
396 545 13 16 0.03703073 
150 592 8 9 0.033932913 
914 566 8 11 0.029760204 
31 575 7 9 0.02722363 
542 584 9 12 0.026299309 
389 601 9 11 0.025523933 
529 585 8 10 0.025418635 
569 559 9 11 0.02524039 
472 556 9 12 0.024222173 
672 559 9 12 0.024032893 
517 612 9 11 0.023429293 
328 609 8 9 0.021230621 
503 563 11 12 0.02085019 
550 565 10 12 0.020654628 
647 564 9 12 0.020491548 
896 548 9 10 0.020385047 
