6_Funeral_Funeral_6_109
60
194 213 32 39 0.9974177 
121 215 32 40 0.9971583 
249 220 26 34 0.99670756 
354 226 26 30 0.9948342 
388 312 28 34 0.9926064 
303 227 26 31 0.98922485 
718 293 21 28 0.9873648 
459 224 21 28 0.98685014 
302 198 21 27 0.98500896 
422 238 24 29 0.9839917 
697 247 18 21 0.98290825 
453 302 24 26 0.98134357 
778 229 17 21 0.98099136 
645 216 21 27 0.9776769 
594 302 22 28 0.975183 
802 252 20 24 0.9730182 
587 226 22 26 0.96687907 
520 231 20 25 0.9666871 
369 205 20 27 0.9636604 
881 236 17 21 0.9627829 
487 216 19 21 0.95254225 
271 223 22 31 0.94828886 
740 253 17 20 0.94323534 
914 220 20 24 0.9403624 
412 205 20 23 0.9398525 
659 297 21 25 0.939256 
568 211 18 21 0.9329999 
617 219 20 24 0.9322786 
547 220 19 22 0.92861176 
572 324 21 27 0.88545793 
717 254 15 19 0.82618606 
487 246 19 23 0.81669664 
500 232 17 22 0.57938236 
836 242 16 17 0.52704835 
565 239 12 15 0.45275524 
710 236 12 14 0.3188872 
361 211 25 30 0.2326029 
546 322 14 21 0.21302348 
829 261 12 15 0.09537188 
862 256 9 12 0.094797 
319 227 23 29 0.09227453 
332 227 16 22 0.08183105 
713 379 14 15 0.0642255 
982 219 15 16 0.049285952 
626 254 13 16 0.040605966 
980 225 14 17 0.040214874 
707 250 14 18 0.038478974 
899 264 14 16 0.034858245 
685 243 15 20 0.03342999 
834 258 14 16 0.031085553 
836 277 10 13 0.029163241 
688 246 19 24 0.026969347 
678 247 15 21 0.025226356 
636 392 13 17 0.024929406 
588 329 14 19 0.024397058 
842 249 13 16 0.022489559 
991 590 12 14 0.02229509 
569 242 14 16 0.021525515 
555 231 20 24 0.020885322 
973 269 12 15 0.020715319 
