6_Funeral_Funeral_6_77
217
547 359 19 21 0.96015364 
333 337 24 28 0.9596442 
583 361 22 25 0.9473409 
605 353 21 25 0.9072338 
85 355 19 22 0.8692911 
478 373 13 17 0.7752103 
428 364 17 20 0.7400261 
944 504 19 25 0.71731347 
113 367 17 19 0.64144194 
184 371 12 15 0.6071598 
919 357 9 12 0.5791374 
359 354 22 26 0.55138475 
9 374 16 18 0.54220456 
281 379 15 17 0.52293724 
910 436 12 14 0.49755415 
855 363 9 12 0.4810226 
925 497 15 21 0.440834 
493 353 16 21 0.4097007 
799 377 8 11 0.39097995 
38 373 16 19 0.36312833 
637 374 14 16 0.31957817 
896 431 9 11 0.2879184 
903 506 23 29 0.27023146 
700 385 13 17 0.26479194 
973 517 20 28 0.25094408 
444 356 14 17 0.22563665 
945 382 8 10 0.21340223 
773 363 9 12 0.212799 
268 394 12 15 0.2012446 
533 377 13 17 0.18673457 
768 360 9 11 0.17675865 
222 367 12 14 0.17276777 
671 363 9 13 0.15664387 
434 360 20 23 0.15212135 
925 541 15 19 0.143226 
122 369 14 17 0.121807046 
0 397 8 13 0.117205836 
462 459 9 12 0.11351197 
990 430 11 14 0.11227958 
1005 567 17 25 0.11160407 
245 384 9 11 0.110057615 
224 397 9 11 0.103153035 
872 372 8 11 0.1002196 
499 359 16 19 0.09979005 
838 405 7 9 0.09635796 
912 503 16 23 0.095853835 
279 384 14 18 0.09468886 
251 417 12 14 0.09351372 
456 382 10 12 0.09099243 
825 413 8 10 0.08541518 
915 467 13 16 0.08357824 
342 346 25 30 0.08243672 
954 481 15 17 0.08209843 
201 351 7 9 0.081955284 
387 385 12 16 0.0816447 
824 409 7 9 0.08039871 
302 371 16 18 0.080106504 
750 377 8 10 0.07968072 
983 429 12 15 0.07868747 
228 372 9 11 0.074775845 
815 375 7 9 0.07451355 
198 403 9 12 0.070420034 
736 373 9 11 0.06791893 
794 375 8 11 0.06612373 
633 378 12 15 0.06602872 
176 350 8 10 0.06429177 
942 444 8 11 0.06403709 
904 403 8 11 0.063803345 
842 415 7 9 0.06374045 
190 349 8 10 0.063503355 
917 452 14 15 0.06264366 
982 396 8 10 0.06201433 
217 368 11 13 0.06200956 
892 445 9 11 0.06145812 
831 375 6 9 0.060566865 
231 396 9 12 0.058375396 
158 367 10 13 0.05765597 
185 345 8 10 0.05634392 
885 476 8 12 0.055212602 
263 381 11 13 0.053915884 
669 383 9 11 0.052991055 
230 391 8 12 0.05142754 
798 421 8 10 0.05082637 
846 414 7 9 0.049107984 
906 436 10 13 0.04891948 
30 378 14 16 0.04868836 
983 512 27 33 0.04794927 
825 375 7 10 0.047856987 
506 363 15 17 0.047265347 
254 389 9 12 0.045215853 
904 417 9 11 0.04520968 
194 398 9 12 0.044296045 
255 396 11 14 0.04422593 
178 366 9 13 0.043699108 
526 373 14 18 0.043470684 
725 412 9 12 0.043226197 
895 436 9 12 0.042825792 
611 364 16 21 0.042754866 
942 467 13 15 0.04271087 
833 406 8 10 0.04191381 
974 389 8 11 0.041889608 
206 371 9 13 0.04114396 
18 377 15 17 0.040685836 
932 502 15 21 0.04049526 
145 438 8 11 0.040086553 
693 392 13 16 0.040047023 
807 376 7 10 0.03938912 
905 373 7 10 0.039048273 
221 382 10 12 0.038919028 
129 345 7 9 0.03860464 
692 367 12 14 0.038028963 
484 363 15 20 0.03689607 
471 378 13 16 0.03687348 
501 393 12 16 0.03682235 
194 333 7 9 0.03627624 
833 423 7 9 0.036247652 
846 384 8 10 0.03506696 
743 375 10 11 0.034947775 
540 370 14 20 0.034712076 
241 388 8 12 0.034356646 
848 473 9 11 0.034230053 
293 402 12 14 0.034018982 
936 445 9 11 0.033832237 
110 387 13 15 0.03313818 
450 470 11 14 0.03308552 
125 348 9 12 0.032377638 
734 398 9 11 0.03224615 
276 394 10 14 0.032131042 
508 389 13 15 0.032116704 
217 342 7 9 0.03150037 
760 397 9 11 0.031302474 
895 405 9 11 0.031277426 
456 460 11 14 0.03117668 
585 386 17 19 0.03094117 
501 366 16 20 0.030507848 
132 370 10 15 0.030225808 
469 388 11 12 0.030075122 
151 365 11 15 0.030048586 
962 513 24 28 0.029565273 
978 397 8 10 0.029112462 
728 374 8 11 0.028892398 
835 400 8 10 0.028441155 
288 443 10 13 0.028013472 
269 382 12 15 0.027862215 
888 439 10 13 0.027065668 
847 408 8 10 0.02690733 
851 364 9 11 0.026886925 
236 398 9 13 0.02683251 
143 365 11 14 0.026706196 
405 363 15 16 0.026687277 
902 356 7 10 0.026458256 
764 399 9 12 0.02640721 
163 372 9 13 0.02620359 
291 389 13 15 0.02618406 
585 373 19 22 0.026133532 
199 344 8 9 0.025927776 
879 368 8 10 0.02590997 
96 358 22 26 0.025799278 
711 366 10 14 0.025787618 
736 380 10 12 0.025756346 
67 358 14 18 0.02539426 
889 508 11 17 0.025331246 
760 392 8 10 0.025184024 
904 369 7 9 0.025130948 
829 415 8 10 0.025096765 
916 564 22 27 0.02503167 
22 386 14 16 0.024970315 
508 379 15 17 0.02489198 
218 366 20 23 0.024764268 
423 359 14 19 0.0245799 
102 363 12 17 0.024551222 
237 404 9 12 0.024474656 
973 384 9 11 0.024453564 
74 337 13 17 0.024022723 
462 387 11 13 0.02399671 
158 433 12 16 0.023973089 
893 511 15 18 0.023807881 
128 415 11 13 0.023548186 
313 471 9 12 0.023528289 
958 391 8 10 0.023523444 
880 473 9 12 0.023376577 
192 328 8 9 0.023242626 
806 381 7 10 0.02296091 
818 407 7 9 0.022951892 
784 367 8 10 0.02272326 
157 547 9 11 0.022461692 
764 405 9 14 0.02245583 
662 388 11 14 0.02238525 
949 406 15 16 0.022258202 
915 444 13 16 0.022176782 
919 542 16 21 0.022145627 
523 365 13 16 0.022128714 
52 379 10 14 0.022066092 
762 359 8 11 0.021986088 
910 406 7 10 0.021975033 
856 407 9 11 0.02193574 
947 410 22 27 0.02187298 
201 381 9 11 0.021742795 
540 387 12 15 0.021725357 
816 369 7 9 0.021687381 
793 422 8 10 0.02148419 
727 335 9 11 0.021473024 
708 347 10 13 0.021472981 
815 382 7 9 0.02138177 
47 344 14 16 0.021250032 
961 383 7 9 0.021205515 
790 368 7 9 0.021204863 
268 379 21 25 0.020989535 
134 342 7 10 0.020629123 
1004 454 14 17 0.02057999 
847 376 8 10 0.020564666 
777 478 8 11 0.02044014 
516 364 13 16 0.020355778 
951 389 9 11 0.02026619 
72 332 13 15 0.0202525 
254 382 11 14 0.020083956 
921 545 22 26 0.02000907 
