6_Funeral_Funeral_6_1029
19
591 105 114 142 0.9997067 
273 123 111 139 0.999482 
837 103 55 69 0.99905664 
0 200 29 38 0.9954026 
41 176 37 50 0.9906895 
79 143 32 46 0.9902188 
147 160 34 44 0.99021214 
418 200 35 61 0.90167356 
980 96 39 82 0.90129405 
232 213 23 37 0.12936002 
215 218 27 34 0.079506174 
196 220 10 13 0.06253572 
372 171 30 44 0.059103336 
166 109 11 14 0.04345251 
401 227 33 44 0.040666025 
386 178 28 38 0.028617166 
392 241 36 43 0.022566304 
486 173 30 32 0.021659698 
394 189 16 22 0.020379702 
