6_Funeral_Funeral_6_696
48
967 168 48 64 0.99958926 
678 117 60 83 0.9992575 
459 169 62 81 0.99893826 
895 129 46 60 0.9979382 
814 145 52 69 0.99792284 
562 60 63 97 0.99719846 
117 186 30 37 0.99708384 
159 190 34 45 0.99682236 
58 195 27 32 0.9966059 
265 151 26 32 0.9962537 
5 173 25 33 0.99613744 
329 176 28 35 0.99553865 
556 206 58 86 0.9951284 
21 200 25 33 0.99130285 
94 183 22 34 0.9878785 
364 175 20 28 0.978464 
219 171 21 28 0.97093755 
407 90 58 52 0.9674596 
90 155 22 27 0.94068223 
387 147 28 37 0.9332669 
22 162 22 27 0.9213658 
293 162 17 23 0.8969611 
170 161 19 22 0.87503695 
60 174 21 25 0.8416649 
348 160 13 16 0.37182772 
280 156 22 30 0.3266453 
803 161 23 32 0.26076406 
783 156 11 16 0.25705954 
550 147 12 19 0.23289445 
517 161 16 20 0.13971812 
533 174 12 17 0.12025968 
546 149 23 35 0.10703479 
342 162 23 30 0.10356428 
162 168 27 34 0.0692368 
958 153 31 42 0.058294907 
185 161 14 19 0.043772016 
963 379 9 12 0.04212682 
365 166 14 19 0.039520532 
779 155 21 28 0.038291387 
387 162 19 25 0.03810403 
237 272 10 14 0.032159477 
221 158 15 18 0.03110292 
395 105 57 60 0.02973967 
508 157 26 35 0.029036531 
537 138 41 59 0.026408648 
353 162 15 20 0.024385305 
540 168 15 20 0.022489011 
376 163 22 31 0.020214967 
