6_Funeral_Funeral_6_760
40
210 123 102 127 0.99925536 
665 358 27 35 0.98181605 
412 319 25 31 0.95137775 
961 160 15 18 0.9292934 
673 427 18 22 0.8288171 
756 159 16 26 0.6527332 
924 165 11 15 0.44763282 
630 155 22 27 0.41348526 
576 355 9 12 0.23707181 
852 151 17 24 0.14593843 
865 332 9 11 0.12400041 
883 162 12 15 0.090612195 
953 308 9 12 0.0816998 
900 170 13 16 0.081497654 
901 161 15 19 0.07868138 
608 173 12 14 0.07668103 
860 158 15 20 0.06849862 
844 162 16 20 0.065951556 
919 146 13 16 0.05822267 
906 157 13 18 0.045131315 
973 164 12 15 0.043067645 
980 165 11 15 0.04135864 
894 163 15 18 0.034834173 
750 164 16 22 0.033703595 
709 173 12 16 0.033066608 
774 299 9 12 0.028520333 
444 314 18 22 0.02807033 
911 122 12 14 0.027558368 
867 327 10 13 0.02543058 
909 148 12 17 0.0249129 
726 165 13 16 0.02418777 
794 376 23 28 0.024182819 
898 147 20 26 0.024029262 
928 185 10 12 0.023077287 
871 181 13 18 0.02168902 
836 169 16 18 0.021312904 
716 171 13 16 0.021252172 
422 326 19 23 0.020562146 
908 171 11 15 0.02054516 
438 320 15 21 0.020362912 
