6_Funeral_Funeral_6_485
37
457 173 100 150 0.99967515 
902 139 85 101 0.9875354 
170 89 13 16 0.08503458 
180 207 10 13 0.08376179 
309 55 8 10 0.07730408 
212 84 8 11 0.06932888 
850 26 13 15 0.06403524 
751 98 9 13 0.062326994 
725 63 8 9 0.057789117 
881 77 8 10 0.055380642 
806 133 9 12 0.040600773 
198 96 8 10 0.037559133 
744 30 9 11 0.03687596 
786 86 8 10 0.033889953 
210 101 8 10 0.030601297 
700 72 9 11 0.027877303 
753 116 9 11 0.027839981 
190 95 9 11 0.026917163 
186 76 9 12 0.026671145 
750 20 8 10 0.02510622 
255 69 8 10 0.02421899 
823 32 10 12 0.024027621 
390 0 9 9 0.023979476 
766 117 8 10 0.023889251 
270 69 8 10 0.023831876 
633 87 8 10 0.023588715 
320 68 11 14 0.022585284 
266 68 9 11 0.022551848 
471 0 10 10 0.02182963 
759 117 8 10 0.021626523 
836 72 9 11 0.021580236 
289 40 7 9 0.021031424 
787 125 11 16 0.020854117 
199 86 7 10 0.020716451 
671 0 13 14 0.020252045 
245 68 9 11 0.020227142 
790 72 9 11 0.020092418 
