6_Funeral_Funeral_6_618
34
732 463 122 167 0.99966824 
546 2022 224 216 0.9992304 
529 1183 100 120 0.9990144 
636 3334 137 162 0.9983461 
351 488 46 59 0.99822086 
917 4306 108 135 0.997792 
264 2467 74 96 0.9971762 
166 519 40 58 0.9949155 
276 496 47 52 0.99350584 
383 530 29 50 0.9888629 
205 487 42 53 0.98396575 
91 2456 67 111 0.9824019 
72 495 41 62 0.9672404 
431 3547 116 89 0.6518385 
308 1298 72 75 0.6435474 
488 1219 9 11 0.14573443 
474 1221 8 11 0.046509486 
502 1245 9 11 0.045521878 
356 4734 353 519 0.04277469 
487 1236 11 12 0.040356502 
748 1612 11 12 0.040318638 
498 1199 7 9 0.03486283 
349 1285 58 65 0.034721278 
169 461 19 26 0.03266842 
366 509 42 58 0.031373993 
493 1231 10 12 0.027863324 
485 514 16 19 0.027414056 
503 1220 10 14 0.026687277 
504 1215 8 12 0.026437541 
187 2037 398 512 0.026116021 
666 1174 63 77 0.023973688 
474 1216 7 8 0.023922976 
497 1206 8 9 0.021377502 
462 1222 8 10 0.020394955 
