6_Funeral_Funeral_6_252
46
665 137 121 161 0.9994973 
805 213 60 82 0.99917907 
161 247 57 64 0.9990403 
25 273 60 72 0.99864167 
352 175 111 154 0.9978661 
877 204 55 68 0.99784315 
54 202 49 61 0.9974794 
923 249 54 67 0.9965881 
174 149 46 57 0.9947665 
98 157 44 54 0.99364614 
232 233 45 64 0.9929046 
980 282 40 72 0.9778676 
725 286 69 83 0.97685915 
0 127 41 61 0.97045755 
38 132 41 54 0.96642596 
208 188 48 58 0.95196533 
980 208 39 61 0.93338954 
542 178 39 49 0.8768905 
893 177 39 45 0.4803001 
215 208 49 64 0.36893544 
580 187 49 62 0.3107364 
465 180 53 66 0.25378674 
554 179 46 60 0.20723543 
875 234 47 66 0.16611463 
893 950 17 21 0.08996452 
937 971 16 21 0.068107694 
1003 966 19 33 0.06506652 
474 186 33 40 0.049612306 
697 233 97 123 0.04360195 
3 256 35 44 0.03916068 
740 211 58 75 0.036860492 
957 955 14 19 0.031232093 
871 906 12 15 0.031206114 
186 173 52 65 0.030345144 
444 223 54 84 0.029695641 
944 223 43 64 0.028658548 
542 143 15 17 0.027245251 
59 1268 20 23 0.02544861 
869 258 37 49 0.024915438 
147 827 16 25 0.024661442 
424 172 89 121 0.023670996 
260 231 47 63 0.02366026 
926 974 22 27 0.023061592 
883 993 17 23 0.021858398 
961 1019 14 17 0.021217203 
935 219 37 43 0.020182112 
