6_Funeral_Funeral_6_531
110
82 331 19 25 0.96739066 
263 292 12 16 0.93709004 
43 337 21 25 0.9369696 
165 318 16 20 0.93400043 
134 323 20 24 0.8963751 
353 279 9 12 0.88283247 
230 326 12 17 0.85640186 
385 268 9 12 0.81260645 
195 316 12 16 0.6756893 
338 280 10 13 0.65123457 
114 325 11 14 0.6065299 
321 277 12 16 0.4416862 
247 308 12 14 0.39636037 
245 299 14 17 0.3588815 
414 264 10 12 0.3504233 
523 233 8 10 0.3286587 
408 264 8 11 0.30009538 
435 254 7 10 0.29705998 
447 249 7 9 0.26345047 
244 292 13 17 0.21489747 
270 285 11 14 0.17380922 
403 262 7 9 0.14785066 
288 302 11 12 0.14167905 
933 214 8 11 0.122620106 
871 245 9 10 0.1196902 
461 260 8 10 0.11028858 
486 262 7 9 0.10816301 
285 288 10 12 0.106317535 
225 329 12 16 0.10326006 
459 258 7 9 0.10291327 
559 225 7 8 0.101089165 
479 242 7 9 0.09976603 
865 223 8 11 0.099528484 
805 288 8 11 0.09606971 
583 272 8 10 0.094664596 
285 293 11 13 0.089682095 
221 304 9 12 0.08290691 
256 293 12 15 0.07357163 
422 261 8 10 0.072222784 
489 255 7 9 0.0710613 
293 308 9 12 0.06981289 
856 244 8 11 0.06467177 
539 233 7 11 0.06011202 
929 264 7 8 0.05653831 
203 358 14 16 0.05353668 
976 206 8 9 0.051942736 
216 331 10 14 0.050844543 
982 253 11 13 0.050556406 
411 268 9 11 0.050252937 
178 322 11 15 0.04873483 
223 315 12 15 0.047588866 
439 247 8 10 0.047364365 
816 377 9 9 0.04687682 
554 224 8 10 0.046590805 
502 225 8 9 0.045767248 
541 236 9 11 0.045680918 
512 231 7 8 0.045571547 
473 241 7 10 0.04492604 
434 249 7 9 0.04202205 
862 228 8 11 0.041122846 
512 246 8 10 0.04044322 
489 248 7 10 0.03948811 
279 286 9 12 0.039242133 
251 299 13 16 0.03797922 
889 246 7 9 0.03719026 
504 280 6 8 0.03668628 
951 248 8 10 0.03467297 
967 223 9 11 0.034464605 
966 247 8 10 0.034461204 
959 252 8 10 0.032768123 
912 237 7 9 0.032075733 
918 247 8 10 0.030626457 
896 245 6 9 0.03034903 
463 278 7 10 0.030137973 
953 252 7 10 0.029791392 
439 261 7 10 0.029514385 
438 240 7 9 0.029499408 
806 277 8 10 0.028838068 
497 271 7 9 0.028701507 
203 316 11 15 0.028597513 
583 234 7 9 0.028377933 
641 231 7 10 0.028171152 
433 261 8 9 0.028089039 
741 140 9 12 0.027428683 
801 191 7 9 0.027294321 
967 252 9 10 0.02712465 
367 270 8 11 0.027091641 
961 247 8 11 0.02671943 
207 330 11 14 0.026040455 
458 304 7 9 0.025751274 
648 152 7 10 0.024889791 
995 244 14 15 0.024596458 
529 248 8 10 0.023864444 
327 335 9 10 0.023530085 
910 205 9 11 0.023431541 
764 312 9 11 0.023130443 
510 240 7 9 0.023079244 
984 247 11 14 0.022266341 
218 308 10 13 0.02225262 
496 288 6 8 0.021895997 
919 240 8 10 0.02142459 
241 307 12 15 0.021366047 
494 249 6 8 0.021310829 
511 213 8 9 0.021191873 
816 238 8 10 0.021125754 
853 183 8 11 0.020795146 
552 239 7 9 0.020745661 
215 316 11 14 0.020549256 
318 292 10 13 0.020360595 
421 312 8 10 0.020205354 
