6_Funeral_Funeral_6_177
132
784 158 33 42 0.99626154 
876 156 31 38 0.9961767 
627 186 32 39 0.9905605 
688 171 28 43 0.9891017 
447 258 27 40 0.98842674 
492 258 30 37 0.98646903 
417 255 32 47 0.98369503 
914 151 29 42 0.9697408 
537 260 27 35 0.9690456 
899 194 31 35 0.95719075 
227 228 26 49 0.952919 
550 212 35 59 0.95146376 
263 179 32 56 0.91549325 
963 158 23 32 0.78940445 
359 191 9 11 0.68905294 
451 188 12 15 0.63263446 
516 191 13 16 0.5711783 
413 177 11 14 0.50592846 
4 202 13 15 0.352704 
318 542 7 9 0.24384983 
545 237 27 43 0.18871751 
56 550 7 10 0.1736803 
11 234 15 20 0.15987298 
380 188 10 14 0.15419061 
152 462 7 9 0.14324833 
152 181 30 33 0.14062577 
127 470 7 8 0.13936177 
113 534 7 9 0.13292837 
372 198 11 16 0.11971178 
128 590 8 9 0.11725274 
142 526 8 10 0.10937473 
209 573 7 9 0.10234842 
436 235 19 20 0.09865446 
413 195 12 16 0.09588865 
40 490 8 9 0.08914375 
484 203 13 15 0.08684739 
169 519 8 10 0.08528173 
428 249 27 38 0.08268388 
293 542 8 10 0.08252387 
925 150 36 45 0.07994364 
304 557 8 10 0.077498555 
70 205 45 60 0.07642211 
552 177 11 15 0.07612312 
314 485 7 10 0.07604167 
31 553 8 10 0.07530646 
314 309 40 48 0.07505562 
524 228 13 22 0.07387698 
157 581 8 10 0.0724349 
11 204 10 13 0.06988262 
501 188 13 19 0.06959447 
366 195 11 15 0.06682225 
376 159 7 10 0.06646494 
277 554 9 10 0.06582798 
183 578 7 10 0.063157745 
97 476 8 10 0.060949057 
169 472 7 10 0.059960984 
42 218 30 49 0.059801903 
98 599 8 10 0.05651134 
56 501 9 10 0.056429356 
979 159 21 30 0.05611168 
771 196 12 16 0.051959734 
410 202 16 23 0.050034665 
86 542 7 10 0.047183096 
68 484 9 11 0.045606572 
407 194 13 17 0.045119245 
153 412 8 10 0.04507794 
397 193 12 18 0.04348801 
838 190 16 20 0.042313922 
129 542 8 10 0.041917004 
740 181 9 13 0.04139992 
177 456 7 9 0.040560707 
68 608 9 11 0.03900984 
447 191 13 16 0.038749292 
104 550 8 10 0.038600426 
1004 159 19 30 0.038488086 
907 178 28 37 0.03847545 
828 140 14 18 0.038158063 
31 505 7 10 0.03808055 
510 171 9 12 0.037453014 
430 237 24 33 0.037366413 
144 478 8 10 0.03550888 
162 193 16 19 0.034189206 
382 159 7 10 0.03357864 
337 151 7 9 0.033502094 
185 529 8 10 0.032842886 
86 492 9 12 0.03158665 
497 167 9 11 0.031015966 
23 613 7 10 0.030474402 
23 196 10 13 0.030373974 
18 492 7 10 0.030244501 
369 167 8 10 0.029683363 
45 565 9 11 0.028784677 
353 166 9 12 0.02875371 
116 484 9 12 0.028455814 
270 541 8 9 0.028218908 
47 613 8 10 0.027750654 
376 166 8 10 0.027171122 
17 624 9 11 0.027167914 
352 156 8 11 0.026976502 
329 552 7 10 0.026706267 
0 272 30 40 0.026504159 
862 179 13 20 0.026172444 
17 613 8 10 0.026119655 
417 157 8 11 0.025204508 
148 186 19 23 0.025185103 
285 482 9 11 0.025037332 
158 534 8 11 0.02463362 
23 493 7 9 0.024224443 
92 218 39 57 0.023857199 
295 558 8 10 0.023705456 
343 152 8 10 0.023617616 
113 409 8 9 0.023535542 
401 258 31 42 0.02350604 
357 157 8 11 0.023467235 
256 551 8 10 0.02333548 
102 182 10 14 0.022752898 
193 576 7 10 0.022038298 
521 194 13 16 0.021855127 
368 152 7 9 0.02166667 
238 180 26 35 0.021642547 
0 583 8 12 0.02164047 
123 470 7 9 0.021048125 
316 424 9 12 0.020765979 
72 502 9 11 0.020636948 
357 167 9 11 0.020604312 
231 255 24 39 0.020509485 
39 208 24 40 0.020507662 
22 568 8 9 0.020503314 
480 197 13 16 0.020458175 
531 231 15 23 0.020186579 
24 509 8 10 0.020088734 
381 165 8 11 0.020066444 
