6_Funeral_Funeral_6_140
27
82 91 58 82 0.9965443 
498 215 60 62 0.9930871 
880 47 22 28 0.96506137 
774 14 14 17 0.95706046 
824 44 23 27 0.92383504 
213 -6 96 153 0.22907881 
639 200 69 85 0.19083816 
937 81 20 24 0.16914082 
767 38 21 27 0.13148277 
979 66 24 28 0.11626067 
321 534 9 11 0.056006465 
730 598 34 28 0.05503118 
1012 42 10 15 0.052900977 
678 0 22 19 0.04612659 
938 67 24 32 0.043140728 
383 160 9 12 0.03009047 
855 209 50 61 0.028627345 
126 279 67 63 0.028402144 
424 502 6 9 0.028182678 
834 89 13 16 0.026828721 
393 533 7 9 0.026083497 
770 78 18 20 0.023485906 
771 28 15 17 0.023242759 
401 498 6 8 0.022682458 
1007 81 15 22 0.021204779 
385 520 7 9 0.020972028 
434 519 8 11 0.02078052 
