6_Funeral_Funeral_6_759
95
691 50 30 39 0.99796957 
363 54 30 40 0.9977598 
127 93 31 39 0.99765176 
497 30 30 39 0.99764085 
315 0 30 33 0.99749905 
864 120 35 43 0.9971636 
602 82 31 36 0.9969662 
451 2 28 32 0.9968245 
743 349 34 43 0.99682236 
566 13 30 36 0.99674064 
776 214 33 40 0.99653304 
443 159 35 46 0.9964302 
380 117 33 40 0.9963117 
326 93 32 37 0.9962263 
70 167 36 45 0.9960555 
949 146 35 41 0.99589753 
683 12 28 35 0.9954951 
797 99 28 36 0.99543744 
656 133 32 41 0.9952903 
267 160 37 49 0.99486536 
850 274 29 38 0.99444383 
728 63 32 40 0.9940621 
96 78 29 34 0.9939966 
124 10 31 43 0.99394435 
384 15 28 35 0.99377584 
652 184 36 46 0.9937284 
108 268 41 58 0.993554 
461 96 31 35 0.9935055 
911 47 31 35 0.9933026 
716 138 32 38 0.9930132 
17 93 29 39 0.9925876 
195 0 28 37 0.99252135 
200 160 30 38 0.9918502 
338 181 30 38 0.9915263 
634 25 26 34 0.99131876 
898 284 40 53 0.99024934 
802 29 26 36 0.9898852 
958 214 34 45 0.9891439 
434 71 28 39 0.98820484 
169 67 32 42 0.9881848 
494 258 43 50 0.98767173 
964 96 25 37 0.987407 
46 143 32 44 0.9815854 
661 99 28 34 0.9741682 
317 273 39 51 0.97339976 
785 11 25 37 0.96892256 
262 117 32 38 0.9604021 
178 154 29 36 0.9583214 
252 86 27 33 0.95656216 
955 62 24 30 0.95598984 
547 173 36 38 0.93316746 
977 332 31 36 0.9116206 
203 91 25 32 0.89877194 
363 12 21 31 0.8921461 
233 62 33 42 0.84875095 
61 310 29 33 0.8462604 
276 66 22 29 0.8404216 
892 0 25 25 0.6963262 
770 20 21 28 0.63630986 
543 48 27 33 0.57395184 
876 93 29 37 0.52599716 
228 1 24 36 0.29139435 
651 -1 19 17 0.23123635 
503 4 26 29 0.21786986 
260 77 28 33 0.1820969 
276 299 38 45 0.17763984 
919 -2 22 19 0.16797788 
410 21 23 31 0.12862587 
547 32 24 35 0.12548983 
426 142 27 35 0.11507669 
494 7 25 28 0.10415556 
974 96 30 39 0.08756041 
274 52 26 31 0.08552788 
254 61 31 36 0.06970808 
519 3 25 30 0.059867263 
792 209 27 36 0.039892573 
553 23 26 34 0.038409013 
984 212 32 43 0.037669398 
19 302 25 31 0.03690425 
269 63 21 26 0.034671627 
184 75 26 36 0.033472624 
759 21 21 28 0.03210622 
285 69 20 23 0.03130666 
686 32 29 39 0.029616127 
642 4 27 31 0.02856814 
635 109 15 19 0.026424367 
80 101 25 30 0.025692623 
349 2 22 28 0.025054006 
329 0 25 29 0.023581225 
448 75 31 39 0.023506736 
295 282 41 51 0.023218187 
679 73 24 33 0.021646403 
250 160 22 34 0.021040872 
553 0 18 20 0.020614235 
537 149 42 56 0.020263975 
