32_Worker_Laborer_Worker_Laborer_32_987
53
608 56 58 82 0.99950767 
760 60 56 70 0.9987846 
267 225 59 60 0.9967109 
738 25 26 38 0.11839975 
466 136 8 11 0.084664 
198 178 35 42 0.076064706 
454 130 7 9 0.06761611 
446 117 8 9 0.06614348 
452 190 10 13 0.06397699 
447 174 9 11 0.06383793 
407 160 8 9 0.058321048 
448 150 7 9 0.05709236 
389 153 8 9 0.056632094 
896 112 74 86 0.05119442 
400 151 8 10 0.050940562 
436 127 9 11 0.049864862 
431 141 8 9 0.04745046 
450 133 8 10 0.047361493 
456 168 8 10 0.040818896 
417 149 8 10 0.039626498 
433 181 7 9 0.039386295 
439 133 7 10 0.039357185 
740 20 16 21 0.038288403 
466 187 10 13 0.03551199 
433 121 7 9 0.03544073 
439 192 8 10 0.034598716 
463 119 7 9 0.034080625 
430 158 8 10 0.031451628 
792 29 12 17 0.031240499 
441 118 8 10 0.030811941 
449 181 8 10 0.030489294 
469 140 8 11 0.03001991 
454 143 8 10 0.029975688 
424 112 8 10 0.028700642 
497 192 7 9 0.027102599 
494 142 7 9 0.026870389 
420 128 9 11 0.026018832 
418 131 8 10 0.02554004 
454 172 8 10 0.025496572 
487 166 8 9 0.025390295 
432 136 8 10 0.024244716 
414 177 9 10 0.024187215 
422 133 9 10 0.023695935 
472 151 8 10 0.02347409 
497 127 7 9 0.02269354 
453 184 9 11 0.022579506 
716 70 32 40 0.022157319 
475 109 7 9 0.022030035 
685 95 49 62 0.02186311 
481 134 8 10 0.021553801 
438 182 7 9 0.021533731 
439 97 8 9 0.021502968 
503 158 8 10 0.020160636 
