32_Worker_Laborer_Worker_Laborer_32_516
30
257 112 34 44 0.99884486 
420 124 28 37 0.99868506 
49 23 69 92 0.99860746 
845 119 29 32 0.99725866 
296 119 43 54 0.9939567 
881 144 32 39 0.9935262 
966 55 52 81 0.99341846 
756 100 41 51 0.9896367 
226 129 32 38 0.9894956 
519 98 40 50 0.98448354 
345 306 44 46 0.9836594 
481 339 34 35 0.98086953 
766 327 53 54 0.9779816 
727 142 28 32 0.97101104 
369 147 17 21 0.96952844 
278 309 45 47 0.9679285 
577 350 38 42 0.963773 
674 318 44 45 0.9599559 
677 160 18 23 0.7566864 
594 123 28 31 0.7199108 
212 152 18 26 0.5183994 
281 114 41 52 0.3947604 
217 139 26 34 0.11376361 
603 115 31 37 0.08152297 
501 126 15 20 0.040751804 
105 91 29 38 0.029964989 
208 148 14 19 0.023781678 
553 116 24 31 0.022333894 
733 130 39 47 0.02230845 
685 58 18 21 0.02005569 
