32_Worker_Laborer_Worker_Laborer_32_932
18
956 776 54 77 0.99854517 
279 853 69 101 0.9978835 
684 775 52 64 0.99780065 
521 810 53 73 0.9945905 
809 798 65 85 0.9936547 
360 820 60 78 0.99140304 
278 90 78 109 0.98955625 
859 785 46 63 0.9874893 
244 787 52 66 0.98714334 
108 782 57 74 0.9790565 
370 770 46 52 0.94318914 
651 928 53 68 0.88328093 
104 916 52 74 0.8288152 
363 796 55 62 0.19898614 
81 854 52 61 0.13783644 
317 830 72 96 0.04449107 
2 924 45 71 0.042038277 
92 817 53 65 0.03763779 
