32_Worker_Laborer_Worker_Laborer_32_110
22
698 39 95 107 0.99819046 
488 325 45 48 0.99010557 
455 14 19 23 0.9634562 
205 139 13 15 0.420747 
295 141 13 17 0.14865112 
99 188 20 20 0.14723398 
265 173 10 14 0.1022318 
212 134 12 15 0.083927885 
283 142 14 16 0.066048294 
300 133 14 19 0.05097607 
170 242 16 19 0.04564068 
214 175 10 13 0.041418765 
255 134 11 14 0.036079854 
146 163 20 21 0.029197045 
220 134 9 13 0.027751472 
353 132 11 13 0.027291384 
278 147 11 14 0.026404884 
161 125 17 18 0.0208154 
271 149 10 12 0.020616468 
180 190 11 16 0.020478113 
142 167 15 19 0.020361736 
33 147 10 13 0.020193145 
