42_Car_Racing_Nascar_42_442
24
882 790 20 27 0.98224336 
636 810 21 27 0.9757639 
724 815 21 26 0.9699611 
789 816 20 26 0.96889 
407 179 10 13 0.20097953 
588 829 16 21 0.1806594 
596 943 10 13 0.0698196 
350 144 8 9 0.06762858 
400 190 8 10 0.043321814 
464 196 9 11 0.04088821 
351 149 8 10 0.032790966 
440 178 12 14 0.03185295 
-8 382 461 607 0.02873758 
963 823 44 62 0.027837045 
337 151 8 11 0.026360363 
336 140 8 10 0.02554155 
232 451 497 614 0.023327323 
479 203 9 12 0.022608455 
411 176 10 13 0.022431098 
771 836 14 17 0.021908531 
367 142 7 9 0.021626236 
402 182 9 11 0.021486452 
350 180 8 11 0.020558018 
350 136 7 10 0.020044701 
