42_Car_Racing_Nascar_42_650
63
381 156 34 43 0.99498934 
109 129 40 63 0.9926563 
688 192 20 25 0.96084005 
781 139 16 28 0.875978 
909 175 12 20 0.83685344 
655 216 11 16 0.65764534 
982 191 9 14 0.6522468 
267 162 31 41 0.49449515 
227 190 26 33 0.4475959 
766 205 12 17 0.23884551 
21 173 31 38 0.2111365 
639 227 14 17 0.20796424 
918 206 13 17 0.16814221 
629 221 13 17 0.14160554 
559 196 11 13 0.13706475 
219 170 40 50 0.12142471 
12 177 25 33 0.12068206 
34 177 33 38 0.10474825 
851 203 11 14 0.10166358 
635 221 15 19 0.100626804 
749 205 11 15 0.09494487 
551 194 11 14 0.08639978 
636 213 12 15 0.07678018 
629 213 13 17 0.07657206 
789 213 14 18 0.059058283 
621 205 13 17 0.058349874 
166 184 23 32 0.05708816 
563 198 11 15 0.05353911 
829 177 17 20 0.051325284 
180 186 16 20 0.04856426 
624 388 12 16 0.044042494 
282 161 17 28 0.036009472 
229 179 16 19 0.03573211 
592 231 11 15 0.035549447 
611 222 13 16 0.034409713 
5 183 20 30 0.03389673 
0 163 11 18 0.03254983 
783 211 14 18 0.031271275 
708 229 14 19 0.029437786 
1 159 20 30 0.029286442 
219 166 24 31 0.02870317 
837 195 13 16 0.02829538 
765 200 11 15 0.027405152 
0 188 12 20 0.027169053 
585 188 15 17 0.02703437 
987 195 9 12 0.026881253 
541 195 12 15 0.02684012 
221 169 14 19 0.026698774 
163 219 17 23 0.02668201 
0 177 10 18 0.026055796 
780 183 10 14 0.026014453 
756 203 14 19 0.025517503 
847 200 10 14 0.024013039 
870 225 15 20 0.023930818 
682 233 16 19 0.023294738 
255 175 33 42 0.022872275 
159 205 25 34 0.022544531 
597 235 10 13 0.022325827 
646 354 11 15 0.02219628 
835 185 15 19 0.02147033 
273 223 29 35 0.021448046 
840 229 12 14 0.020584712 
154 219 22 32 0.0202943 
