42_Car_Racing_Car_Racing_42_743
27
605 86 22 27 0.9700763 
696 113 13 16 0.48875695 
750 100 10 13 0.39978662 
548 128 15 22 0.16276188 
182 180 16 17 0.14996974 
808 102 8 10 0.14587961 
591 115 17 21 0.13018918 
776 107 10 12 0.116040245 
671 146 12 16 0.11463425 
652 103 14 18 0.08752564 
755 100 10 13 0.069853954 
231 182 14 20 0.06698279 
746 97 9 12 0.057754967 
668 120 10 13 0.04995726 
713 139 10 13 0.049849756 
121 120 17 20 0.0446916 
94 115 17 16 0.043237537 
840 119 8 10 0.03796112 
801 116 10 14 0.037789874 
887 111 10 12 0.034329906 
597 147 16 18 0.031863138 
693 206 17 25 0.023592582 
780 104 9 12 0.023167435 
811 101 9 11 0.02296421 
757 111 10 13 0.022416571 
291 203 17 23 0.022040742 
751 116 10 12 0.021487704 
