42_Car_Racing_Car_Racing_42_602
96
957 226 18 22 0.917216 
815 179 10 13 0.6174452 
121 167 10 12 0.56776464 
97 172 11 13 0.5149889 
39 162 11 16 0.49012622 
974 192 11 12 0.23004782 
968 174 10 13 0.19537818 
85 175 10 13 0.193794 
998 233 11 16 0.19275552 
987 227 15 21 0.18952522 
237 174 9 12 0.1820695 
136 175 8 10 0.17909588 
908 180 9 11 0.16459697 
136 183 10 12 0.12946405 
217 176 9 11 0.12516537 
61 165 9 12 0.12330638 
81 196 9 11 0.114737324 
254 183 9 11 0.097238556 
141 187 8 12 0.095266536 
714 164 18 22 0.09429133 
895 180 8 11 0.087816946 
723 167 13 19 0.07977168 
153 173 7 9 0.06563968 
220 179 9 12 0.06345326 
773 143 14 22 0.05755183 
878 187 12 13 0.056206465 
63 238 9 12 0.052888196 
959 175 9 11 0.052013937 
819 174 12 14 0.05181244 
231 169 8 10 0.050407264 
879 198 12 14 0.04959056 
1012 220 12 19 0.046384368 
126 171 9 13 0.045250423 
198 192 8 11 0.04522376 
314 180 13 17 0.043735716 
191 177 8 9 0.0422078 
822 167 9 11 0.041227482 
176 173 9 10 0.04101489 
485 153 28 33 0.041012768 
993 226 20 26 0.039531745 
191 181 9 11 0.039349932 
43 159 12 15 0.037987787 
80 177 11 14 0.03757682 
937 166 8 10 0.03689627 
1003 224 18 28 0.0367368 
883 203 13 15 0.03666313 
93 175 11 15 0.03659993 
874 216 14 21 0.035709966 
921 181 8 10 0.03444089 
716 134 16 19 0.032423876 
711 139 13 16 0.031731207 
810 175 11 14 0.030229393 
540 122 26 28 0.029162262 
159 171 9 12 0.029133467 
872 199 10 13 0.028893046 
5 278 12 15 0.028251681 
180 199 9 12 0.027616054 
181 205 8 11 0.026872654 
166 172 8 10 0.026743004 
35 163 10 16 0.02657825 
902 166 8 9 0.02654028 
201 207 9 14 0.026502201 
142 174 8 10 0.0264469 
248 197 9 12 0.025632642 
912 166 8 9 0.025450287 
249 190 9 11 0.025437193 
656 124 23 27 0.02538361 
950 223 14 20 0.025225231 
247 205 9 13 0.025166115 
83 192 11 13 0.02473149 
255 204 11 15 0.024640644 
919 167 7 9 0.02453434 
945 182 8 10 0.02418678 
176 191 8 11 0.023862591 
239 169 9 11 0.023554223 
882 190 13 14 0.02305334 
168 191 8 11 0.023036309 
184 182 8 10 0.02298872 
234 178 10 13 0.022829808 
160 182 10 13 0.022338241 
178 183 7 9 0.022181362 
920 177 7 9 0.021754665 
888 180 11 13 0.021618398 
27 222 11 15 0.021617984 
252 187 10 12 0.021434238 
55 160 11 14 0.021413988 
898 166 8 9 0.02132588 
972 179 12 15 0.02122081 
111 172 9 12 0.021214196 
311 186 13 16 0.020999543 
44 169 13 15 0.020697556 
873 202 21 27 0.020512326 
294 151 12 17 0.02041537 
128 180 9 12 0.020255836 
995 222 13 17 0.02017199 
509 384 49 58 0.020157099 
