42_Car_Racing_Nascar_42_823
76
989 221 18 22 0.9042626 
894 235 17 21 0.88182825 
191 281 10 14 0.87928754 
412 229 18 32 0.849506 
253 256 10 12 0.6557142 
338 251 13 17 0.4959894 
373 256 11 13 0.4094349 
715 300 12 15 0.33888763 
124 262 9 11 0.32629946 
663 238 8 10 0.2621328 
848 243 12 14 0.2165793 
179 335 19 20 0.16659182 
126 183 12 16 0.15579662 
634 242 7 10 0.14929049 
553 301 9 12 0.1236353 
664 233 8 11 0.10595659 
148 261 8 10 0.105305135 
218 284 9 13 0.09985166 
655 245 8 10 0.08427683 
657 239 8 12 0.08269388 
128 280 9 12 0.07982259 
278 257 21 28 0.078303695 
0 277 10 16 0.07439873 
621 255 8 10 0.073071286 
637 244 7 10 0.06905209 
463 240 13 17 0.063433245 
696 294 9 11 0.06099408 
752 279 10 12 0.058521904 
222 322 9 13 0.047636583 
199 365 13 16 0.046183474 
198 303 8 11 0.044345368 
465 204 11 15 0.043116033 
222 277 10 15 0.039294396 
185 229 8 10 0.038634513 
615 249 8 11 0.037157875 
701 223 9 12 0.03629824 
149 277 10 12 0.035730403 
220 260 10 12 0.03499565 
609 249 7 10 0.034691278 
687 224 8 11 0.034393664 
91 311 17 17 0.03421961 
570 268 10 13 0.034067772 
630 263 8 10 0.033240322 
918 416 11 11 0.032269526 
784 415 29 33 0.031841885 
662 242 9 12 0.031696692 
965 275 11 13 0.031375702 
276 254 14 16 0.03119909 
100 315 14 14 0.028977046 
686 236 9 13 0.028686797 
147 289 13 15 0.028037664 
685 228 9 13 0.027983248 
176 310 9 12 0.027306287 
721 222 9 12 0.027232269 
1007 201 16 22 0.026799433 
228 308 10 14 0.026606837 
218 334 10 13 0.026478764 
713 295 11 15 0.025943326 
133 279 9 12 0.025573865 
963 303 15 16 0.025427556 
391 221 8 10 0.025260571 
664 300 8 10 0.024923347 
206 230 7 10 0.024324656 
685 247 9 13 0.023944061 
294 253 12 17 0.023859859 
650 239 8 10 0.023170143 
198 308 8 11 0.023094099 
484 314 13 16 0.02249947 
286 249 23 31 0.021974549 
654 304 9 11 0.021952756 
556 297 12 14 0.021307021 
601 308 9 12 0.021099746 
176 222 8 10 0.020627819 
291 264 15 21 0.020549731 
889 366 8 10 0.020304646 
143 285 13 15 0.020135099 
