42_Car_Racing_Car_Racing_42_600
22
333 126 14 19 0.98573095 
252 110 15 18 0.97015136 
81 104 17 23 0.9282215 
191 141 10 13 0.83448243 
356 141 12 15 0.70196617 
300 147 10 13 0.66987354 
583 156 24 32 0.10118627 
7 156 12 16 0.07997094 
576 155 42 58 0.06893842 
584 159 14 20 0.057917356 
444 165 14 18 0.047184046 
490 188 9 12 0.043261863 
350 144 16 19 0.040710602 
160 110 9 12 0.037742656 
130 102 10 14 0.03601872 
27 237 18 22 0.03531172 
513 188 11 13 0.030361915 
5 151 12 16 0.029986603 
436 168 18 22 0.022338832 
222 300 13 15 0.022130387 
269 156 14 19 0.021506445 
718 165 40 54 0.020733818 
