42_Car_Racing_Nascar_42_440
26
155 171 16 22 0.9785089 
730 149 20 30 0.9329541 
698 163 24 29 0.91560745 
658 134 23 29 0.8481769 
802 157 14 17 0.79396856 
598 169 22 26 0.77874494 
866 166 13 19 0.7474494 
66 162 15 18 0.7396313 
0 176 11 17 0.4747168 
12 171 14 21 0.084021494 
39 175 8 11 0.065427266 
47 173 10 13 0.063245304 
52 172 10 14 0.054008607 
171 169 13 19 0.046573576 
188 287 11 15 0.036393717 
810 158 11 14 0.034370713 
33 173 10 13 0.032741938 
5 148 12 16 0.029625377 
12 148 11 14 0.026506582 
40 179 9 12 0.025556201 
110 141 8 10 0.024523668 
16 59 12 14 0.023032397 
203 324 12 14 0.022811314 
538 241 29 28 0.021852497 
162 166 16 21 0.021079326 
799 153 12 16 0.020384481 
