42_Car_Racing_Nascar_42_922
65
535 61 90 115 0.99898595 
250 192 50 71 0.99890673 
348 117 87 103 0.99668115 
74 180 14 17 0.37904787 
31 206 9 12 0.28315178 
96 193 9 11 0.22987373 
854 157 46 93 0.20533809 
10 166 7 9 0.10888438 
127 242 9 13 0.10887877 
21 192 9 11 0.09498412 
78 134 7 10 0.09021468 
22 229 10 12 0.07961102 
0 216 8 12 0.075979605 
93 229 21 39 0.07233526 
100 192 9 11 0.070032746 
97 135 6 7 0.06654836 
72 154 6 8 0.065913625 
17 196 9 10 0.06330024 
74 120 7 7 0.06140666 
21 224 9 11 0.057839125 
49 205 8 10 0.05705394 
144 189 8 10 0.055414494 
174 178 7 9 0.054059304 
116 200 10 12 0.052972894 
96 173 9 11 0.050366256 
121 160 6 8 0.048717096 
57 161 7 9 0.0476128 
15 230 10 13 0.04676204 
24 159 6 8 0.044136155 
120 227 10 12 0.043912522 
173 224 9 12 0.043761153 
55 206 8 10 0.043274418 
151 236 7 9 0.04273118 
48 182 8 10 0.040430736 
830 152 49 87 0.039914012 
97 167 8 11 0.03882406 
108 234 12 19 0.03637916 
143 184 8 10 0.03622996 
1 184 8 11 0.035786837 
125 229 8 10 0.035566363 
39 199 8 9 0.031850707 
41 173 8 10 0.031075703 
97 150 7 9 0.030006068 
106 184 7 9 0.029117638 
47 175 8 10 0.028927391 
42 150 7 9 0.02880568 
88 159 7 9 0.027459469 
88 191 9 12 0.027447639 
145 215 6 8 0.027224675 
987 257 16 20 0.027155861 
66 152 7 9 0.02623361 
16 214 7 10 0.025845338 
46 150 6 9 0.025680082 
76 200 10 12 0.025533909 
8 110 9 11 0.02504399 
56 189 8 10 0.024874821 
153 168 7 9 0.024389517 
23 153 7 9 0.023622304 
117 236 11 16 0.023487099 
10 232 9 11 0.023462187 
33 202 8 11 0.023063347 
43 237 15 20 0.021801418 
975 253 28 32 0.020827303 
32 166 7 9 0.020622496 
153 217 6 8 0.020007916 
