42_Car_Racing_Car_Racing_42_857
43
186 136 18 24 0.9823132 
101 123 19 26 0.8884132 
160 139 11 15 0.8013338 
245 152 9 12 0.77143604 
72 143 9 12 0.39906144 
54 146 10 13 0.3788324 
136 141 9 13 0.32745492 
230 147 8 12 0.32076138 
223 147 9 13 0.30200014 
214 146 12 15 0.22504093 
165 145 11 15 0.1562275 
152 140 10 12 0.14257525 
263 142 8 11 0.1415805 
284 142 10 12 0.12655722 
134 147 10 15 0.11171456 
269 178 18 19 0.09012353 
50 144 9 11 0.082112595 
116 147 10 13 0.059380505 
208 145 13 17 0.04598775 
253 207 9 11 0.04587223 
270 143 9 11 0.045476817 
296 158 9 12 0.043682322 
287 147 11 14 0.041043427 
77 110 12 12 0.037237678 
140 136 11 15 0.036044937 
303 164 8 11 0.03521594 
138 144 12 16 0.03437297 
280 137 10 12 0.033581678 
59 146 11 14 0.03319995 
255 141 9 12 0.03285009 
292 150 10 13 0.03280921 
62 142 11 15 0.031335156 
255 171 10 14 0.031185156 
74 144 13 16 0.02834563 
247 143 10 12 0.026504394 
172 141 11 15 0.026143415 
190 109 8 10 0.024673412 
130 142 10 13 0.02412118 
129 148 11 15 0.023958176 
255 182 10 14 0.023722434 
261 180 15 17 0.022503357 
253 150 9 12 0.021257956 
225 225 13 17 0.020608524 
