57_Angler_peoplefishing_57_206
38
284 805 37 37 0.99170023 
618 678 13 16 0.62177944 
984 615 10 12 0.57915056 
739 682 13 15 0.5710806 
922 707 19 23 0.4442983 
821 695 17 20 0.24896586 
788 741 44 52 0.18176219 
797 667 14 17 0.1495474 
798 662 12 14 0.1292787 
468 697 13 17 0.12316274 
129 390 18 22 0.10643854 
736 656 7 9 0.10497133 
460 697 15 17 0.07580274 
938 692 17 20 0.07379112 
928 695 22 28 0.06389587 
640 700 10 13 0.053446446 
806 748 30 32 0.053060662 
171 487 13 17 0.047766574 
502 695 17 20 0.039987404 
800 657 9 12 0.038887024 
604 697 10 15 0.03849439 
132 301 13 18 0.03440974 
174 721 16 18 0.032315273 
638 707 11 14 0.031550176 
986 617 12 15 0.027668789 
500 708 15 20 0.026097637 
444 738 13 19 0.025584867 
4 495 10 14 0.024849532 
644 706 10 13 0.024672432 
791 689 12 14 0.024509756 
381 702 562 580 0.022743199 
940 673 14 17 0.022546586 
916 700 16 22 0.022536462 
691 693 12 14 0.022155682 
164 269 11 12 0.021763682 
626 678 12 14 0.02142133 
633 709 10 13 0.020459017 
796 682 15 17 0.020224318 
