57_Angler_peoplefishing_57_661
52
104 429 12 17 0.94238055 
204 415 13 15 0.8937603 
402 409 9 11 0.70726585 
364 411 9 13 0.5839512 
496 403 8 11 0.5801033 
236 410 10 13 0.33685786 
281 416 10 13 0.31565344 
446 413 9 12 0.3137265 
244 387 9 11 0.25098 
37 419 11 15 0.16254626 
72 419 11 14 0.14966772 
294 454 10 13 0.09437409 
369 388 9 11 0.07305415 
370 384 7 10 0.068174705 
55 385 8 10 0.05504548 
164 438 12 16 0.052934445 
0 393 9 14 0.048155934 
268 431 12 16 0.040247798 
381 431 11 14 0.038748246 
6 422 9 14 0.038199306 
148 383 8 10 0.03639977 
354 383 8 10 0.035267737 
500 400 9 11 0.032979593 
141 442 13 16 0.03266569 
31 381 7 10 0.03144678 
148 478 10 13 0.030554015 
47 388 8 12 0.030107856 
255 407 8 12 0.029124303 
574 363 10 12 0.028025031 
453 413 8 11 0.027672034 
418 261 8 11 0.027382977 
13 466 11 16 0.027355406 
282 391 8 12 0.027163094 
441 409 9 10 0.0269664 
108 424 11 18 0.026890075 
471 407 9 11 0.026816467 
465 302 8 10 0.026405338 
305 378 7 8 0.025920453 
47 450 12 15 0.025690537 
43 421 10 14 0.025633808 
49 406 11 14 0.025628302 
305 381 8 10 0.025528591 
271 470 12 15 0.0239037 
341 374 8 11 0.023888497 
335 416 8 11 0.023849938 
46 428 10 12 0.023263806 
246 404 10 13 0.022542179 
440 420 11 12 0.022142444 
39 399 9 12 0.021578494 
17 389 8 10 0.020744827 
415 390 7 10 0.020630952 
463 297 8 10 0.02010621 
