57_Angler_peoplefishing_57_566
35
265 416 11 14 0.87374234 
422 435 10 13 0.85757077 
327 421 11 15 0.77391267 
249 407 10 14 0.6191174 
473 388 10 13 0.60503423 
502 221 9 12 0.46063575 
504 448 13 20 0.24535872 
475 381 12 14 0.11299842 
381 428 9 11 0.10930518 
459 436 11 14 0.08995901 
500 422 11 13 0.07715132 
460 423 10 13 0.07477651 
598 168 12 15 0.070433065 
406 431 8 11 0.055968054 
448 532 13 14 0.05378258 
288 452 9 12 0.05145733 
484 381 10 12 0.050420772 
430 461 10 13 0.044922248 
503 413 11 14 0.04207627 
458 427 10 14 0.042021353 
464 467 12 14 0.040481575 
401 431 9 12 0.036166396 
461 452 12 15 0.032760665 
426 437 10 12 0.032685045 
521 485 10 13 0.03017055 
460 441 12 17 0.02894036 
418 432 10 13 0.02850665 
566 464 7 10 0.024074135 
327 458 13 15 0.023639014 
318 454 9 12 0.022206135 
239 453 9 15 0.02212692 
322 420 11 14 0.02166885 
392 461 10 12 0.021304065 
402 390 9 13 0.020700036 
241 437 9 11 0.020240469 
