57_Angler_peoplefishing_57_139
168
551 317 12 16 0.96829045 
179 339 13 17 0.9485524 
241 340 13 17 0.94646305 
475 337 13 16 0.9289706 
200 319 12 16 0.9228269 
662 260 10 13 0.9072347 
625 298 13 16 0.89149654 
412 348 14 17 0.80354404 
653 285 11 13 0.78173536 
782 254 11 13 0.76056546 
692 274 11 14 0.729683 
515 299 11 15 0.729324 
711 277 13 16 0.660888 
701 300 11 14 0.6555034 
676 295 12 14 0.6401223 
620 324 10 14 0.5905913 
559 304 10 13 0.5869013 
352 382 11 14 0.56208986 
391 366 11 15 0.52723294 
851 348 10 13 0.52708226 
756 354 11 15 0.49986365 
672 322 11 14 0.4947605 
432 305 11 15 0.4816729 
772 286 8 11 0.37997755 
889 235 10 12 0.3083006 
700 364 12 14 0.29670298 
638 318 11 14 0.28082374 
809 315 10 12 0.2761856 
863 276 9 12 0.27617595 
817 295 11 14 0.27384093 
660 301 10 12 0.24471569 
333 380 9 12 0.22961889 
296 335 11 14 0.22951563 
600 318 12 14 0.22841047 
553 354 10 13 0.22163115 
823 333 8 11 0.19987266 
964 328 10 12 0.19679391 
326 372 9 12 0.19469981 
780 334 10 13 0.16856904 
714 313 14 16 0.14301564 
681 388 10 13 0.12328817 
715 327 13 16 0.11956891 
471 380 12 17 0.114247985 
874 317 7 10 0.11131067 
831 285 9 12 0.10931321 
356 385 10 14 0.10847738 
796 382 10 13 0.104703195 
472 354 11 13 0.10130411 
424 373 11 16 0.1003104 
831 332 8 12 0.0984363 
350 375 10 12 0.09377065 
544 384 10 13 0.0933356 
784 304 9 12 0.090188496 
742 302 12 14 0.08213184 
662 309 12 16 0.0817541 
589 327 11 14 0.075121574 
566 390 10 13 0.073861144 
139 393 12 14 0.07346299 
698 356 11 14 0.071840756 
477 385 13 15 0.066096134 
807 446 12 13 0.06590236 
868 334 10 13 0.0630716 
353 356 8 11 0.061169934 
887 326 10 14 0.060650054 
817 334 9 12 0.06039249 
831 359 11 15 0.06015509 
975 353 9 12 0.059416387 
489 354 11 14 0.058554143 
868 351 11 14 0.0557685 
864 237 10 13 0.055653863 
653 348 14 17 0.055612903 
406 352 15 18 0.055467594 
394 369 13 16 0.0536443 
748 301 10 12 0.05328066 
950 420 31 31 0.053032998 
801 410 17 23 0.052495174 
809 348 9 14 0.051242344 
659 346 13 18 0.050570782 
757 293 10 14 0.04991101 
636 412 10 12 0.048399456 
787 309 9 12 0.047983233 
562 391 10 13 0.04697312 
706 299 12 14 0.046741188 
823 358 10 13 0.046712834 
399 349 10 13 0.0453016 
763 382 11 16 0.045088533 
169 357 14 16 0.04475779 
542 299 10 13 0.04472147 
583 330 13 15 0.044460203 
361 332 9 11 0.044071633 
615 390 9 12 0.042955752 
898 311 9 12 0.04284945 
912 231 11 14 0.041613422 
381 443 10 13 0.04154 
696 370 13 15 0.04090715 
143 365 10 12 0.040373232 
605 322 10 13 0.03704592 
164 417 13 14 0.03629463 
560 425 10 15 0.036149263 
322 370 10 14 0.035960007 
864 354 11 14 0.035216644 
427 378 12 15 0.035181776 
358 351 9 10 0.03451875 
860 382 10 14 0.03377796 
727 284 9 13 0.033570006 
526 373 13 14 0.033441674 
828 267 10 12 0.033271734 
918 253 8 10 0.03294349 
573 427 10 13 0.032591816 
554 302 9 13 0.032468222 
768 301 10 12 0.032035537 
517 342 10 13 0.030938782 
733 318 11 15 0.030917589 
777 257 11 14 0.030902904 
772 290 10 13 0.030518947 
929 360 9 12 0.030150581 
487 319 8 11 0.02976943 
885 263 11 15 0.029322622 
934 218 11 15 0.029195534 
820 363 11 15 0.029156376 
563 306 10 13 0.029126981 
139 415 12 13 0.028906256 
640 286 8 11 0.028591262 
345 368 9 12 0.028520316 
615 319 13 16 0.028180772 
775 302 9 12 0.02778281 
501 433 11 14 0.027483087 
349 368 9 12 0.027225038 
868 237 11 13 0.027179368 
524 300 10 13 0.027100796 
823 264 10 12 0.027050087 
437 377 12 16 0.026332688 
494 326 10 13 0.02552603 
165 354 101 164 0.025481094 
492 351 10 14 0.025304876 
668 312 12 15 0.02481829 
475 346 12 15 0.02454485 
616 300 11 14 0.024427328 
635 365 14 16 0.024383843 
769 446 8 12 0.024333494 
815 266 10 13 0.024220858 
502 319 10 13 0.024133662 
862 252 12 16 0.023918234 
735 308 12 14 0.023357676 
565 426 12 14 0.023320016 
407 344 13 16 0.023256669 
648 354 13 16 0.02284906 
703 277 10 13 0.022586826 
373 417 9 11 0.021954242 
727 262 8 11 0.021936577 
784 350 9 13 0.02172474 
161 412 12 15 0.021720255 
689 331 10 14 0.021537459 
710 294 12 15 0.021212306 
750 278 11 13 0.021110121 
148 364 11 13 0.021106534 
344 381 10 13 0.021075435 
756 286 12 16 0.020859294 
965 240 10 12 0.020820752 
837 328 8 12 0.020770682 
968 229 10 12 0.02069624 
858 275 10 14 0.020684348 
290 334 9 14 0.020609448 
571 390 11 14 0.020523781 
863 241 12 17 0.020342158 
919 368 8 9 0.020280302 
957 373 11 14 0.020244274 
405 364 12 15 0.02003161 
