55_Sports_Coach_Trainer_sportcoaching_55_789
23
270 227 47 64 0.99896264 
146 216 47 68 0.9987883 
759 166 45 63 0.99865603 
453 245 44 62 0.99824166 
228 186 45 61 0.99804926 
541 257 42 54 0.9960526 
730 333 40 58 0.9959067 
920 158 43 63 0.9957783 
66 241 44 60 0.9957606 
630 280 45 55 0.9951088 
365 284 42 58 0.99431264 
928 329 45 57 0.993901 
464 160 41 54 0.99376184 
198 147 39 49 0.99327785 
86 172 43 52 0.99155056 
822 322 40 52 0.98982996 
672 200 40 57 0.98949474 
390 223 41 55 0.9893634 
588 216 40 58 0.9874796 
326 131 35 52 0.9860957 
614 116 38 56 0.9836165 
50 127 41 53 0.98091483 
422 124 38 55 0.9793961 
