55_Sports_Coach_Trainer_sportcoaching_55_516
22
775 361 51 61 0.9995555 
825 190 33 41 0.9988918 
251 319 48 56 0.99874276 
471 324 48 57 0.99870455 
378 210 33 38 0.9985979 
664 197 31 38 0.9984805 
502 189 32 37 0.9982718 
254 210 30 37 0.9982285 
444 192 33 39 0.99790263 
318 209 31 37 0.99769515 
373 321 44 55 0.99686193 
688 368 48 60 0.996845 
585 340 45 55 0.9967062 
114 300 45 55 0.99665123 
771 208 30 35 0.9963558 
573 132 36 47 0.9955701 
741 206 25 38 0.9936194 
759 209 27 35 0.21539673 
691 328 32 39 0.03940283 
552 103 31 42 0.024317063 
455 363 12 18 0.021695618 
567 348 27 44 0.020122673 
