55_Sports_Coach_Trainer_sportcoaching_55_424
38
413 260 49 46 0.9786041 
307 331 21 29 0.97569466 
972 353 15 24 0.9439242 
829 381 14 21 0.91759664 
884 386 13 19 0.85493296 
930 381 14 23 0.8502475 
715 326 15 25 0.8492187 
157 415 16 21 0.8372404 
644 374 15 19 0.83650196 
126 407 16 21 0.7421419 
590 311 15 19 0.69968826 
673 354 15 20 0.650818 
161 421 19 20 0.18227208 
622 383 11 14 0.1504931 
324 378 15 25 0.1419232 
205 398 20 35 0.105552055 
589 409 9 12 0.09814422 
118 411 18 20 0.06902137 
316 385 22 32 0.06428055 
996 410 15 19 0.061794825 
627 387 12 13 0.04725345 
888 392 16 18 0.043003656 
153 412 13 20 0.04250511 
680 356 15 18 0.038828127 
213 395 21 34 0.03608557 
605 362 14 20 0.034333132 
358 151 14 19 0.032483883 
760 363 18 21 0.031694617 
387 235 25 35 0.030720325 
712 367 21 31 0.029786788 
41 476 9 12 0.028169092 
48 485 8 11 0.026385656 
973 474 13 17 0.023404693 
121 413 24 26 0.02317431 
218 406 24 34 0.022276817 
607 407 10 15 0.021766754 
620 365 13 17 0.021333491 
879 389 14 21 0.020980326 
