55_Sports_Coach_Trainer_sportcoaching_55_569
24
181 81 57 78 0.99931145 
889 33 54 66 0.9991704 
338 43 49 66 0.9989837 
734 190 56 73 0.9978327 
251 255 41 53 0.9908041 
60 245 22 28 0.98421556 
100 236 26 35 0.9812758 
591 19 22 29 0.98030627 
911 198 43 54 0.97418684 
377 243 19 31 0.9409972 
696 16 17 24 0.547599 
37 253 12 14 0.4695139 
932 -8 63 64 0.36429313 
5 268 9 12 0.14499275 
454 48 25 28 0.052768406 
703 18 17 23 0.03432292 
632 70 11 14 0.03365935 
41 255 15 18 0.03304152 
7 253 9 12 0.033034723 
130 267 14 17 0.02840422 
13 252 8 12 0.025598997 
42 299 15 16 0.023059532 
182 271 9 12 0.021631785 
630 29 10 13 0.020225832 
