55_Sports_Coach_Trainer_sportcoaching_55_774
65
795 275 59 81 0.9996197 
845 59 58 78 0.99916863 
752 127 61 78 0.9978732 
443 171 26 33 0.99775654 
123 262 43 54 0.99504507 
660 101 23 32 0.99345124 
474 196 29 37 0.9898583 
602 145 28 35 0.98753345 
519 296 41 44 0.98452085 
362 175 28 34 0.98200846 
381 71 16 22 0.91563785 
348 97 16 27 0.9036057 
327 78 23 25 0.8763903 
419 104 19 24 0.8524802 
420 41 12 15 0.84959465 
383 5 12 16 0.76315314 
483 173 23 26 0.7171712 
387 10 12 14 0.25827238 
344 12 10 13 0.23307587 
487 117 23 25 0.21078748 
410 13 9 12 0.18045506 
372 44 11 13 0.1802101 
372 22 13 15 0.17050113 
367 44 11 14 0.15647358 
325 19 8 12 0.1352559 
360 14 9 11 0.08115664 
375 50 12 15 0.0731268 
412 68 13 15 0.06135457 
407 72 14 17 0.05787525 
426 15 8 12 0.056816928 
356 28 9 12 0.056131106 
350 147 23 28 0.05545238 
362 108 17 23 0.055293605 
337 88 24 30 0.051999047 
322 106 11 15 0.051037867 
437 0 10 10 0.05076742 
362 165 16 19 0.0505157 
345 1 10 11 0.04726647 
722 107 16 23 0.045377795 
405 90 15 20 0.04419777 
408 9 8 11 0.042782925 
346 5 11 14 0.041879464 
356 160 25 34 0.040486597 
445 14 10 12 0.03992784 
476 114 23 27 0.037738975 
390 52 11 13 0.03636639 
358 22 10 13 0.035904273 
324 35 10 16 0.032877322 
334 0 9 9 0.031616665 
674 13 10 12 0.031504475 
412 18 10 13 0.029580327 
375 14 10 13 0.0276885 
381 28 10 13 0.02718042 
429 19 10 13 0.025658008 
361 46 11 14 0.025504505 
471 116 15 19 0.024097035 
14 415 12 15 0.0233605 
441 317 42 48 0.023004511 
440 20 10 12 0.02263162 
366 13 9 12 0.022194589 
379 47 11 14 0.022122242 
343 58 13 17 0.021748113 
476 181 27 33 0.021701073 
380 20 11 14 0.021636706 
347 66 13 17 0.02029357 
