55_Sports_Coach_Trainer_sportcoaching_55_643
43
6 296 28 31 0.995624 
506 216 17 24 0.9885433 
297 259 18 25 0.9512545 
422 267 15 21 0.94033307 
785 212 17 23 0.9339688 
471 234 17 21 0.8919008 
666 259 13 17 0.836758 
594 254 16 22 0.78036743 
429 243 14 16 0.73313546 
621 256 16 22 0.67990506 
524 257 14 20 0.64514965 
689 261 13 17 0.64287406 
279 246 14 19 0.64207065 
552 268 14 20 0.62718874 
860 245 13 20 0.6179295 
651 252 13 20 0.5105797 
916 219 14 24 0.38473448 
782 286 11 16 0.2359813 
367 217 13 17 0.22277258 
763 243 14 17 0.19081274 
566 259 11 19 0.07492793 
434 248 14 16 0.069977984 
333 280 13 19 0.05710158 
580 258 16 21 0.04866966 
520 261 12 18 0.04294088 
586 263 18 21 0.041061826 
557 262 14 23 0.039692987 
603 253 15 22 0.03774158 
786 290 13 16 0.033149045 
446 251 10 15 0.031612486 
573 257 13 20 0.03155412 
639 253 13 18 0.030409519 
897 217 22 27 0.027456082 
425 262 15 20 0.027239962 
287 256 21 25 0.026567753 
947 218 15 22 0.026192212 
613 253 14 21 0.024818614 
855 362 10 14 0.023510436 
588 273 16 17 0.023331344 
358 218 14 16 0.02273153 
530 261 16 19 0.021588344 
673 260 14 18 0.021339564 
615 262 14 20 0.020790167 
