55_Sports_Coach_Trainer_sportcoaching_55_196
25
508 164 32 40 0.9915303 
795 38 42 67 0.98778045 
280 173 36 38 0.95357686 
168 171 36 38 0.84496754 
535 192 30 39 0.8324469 
464 175 26 42 0.49288538 
101 164 27 33 0.2846948 
238 176 33 35 0.22571231 
652 197 22 26 0.15667866 
747 162 38 39 0.09477474 
194 160 33 45 0.057851512 
164 177 18 20 0.05675294 
523 179 34 41 0.05298487 
450 167 31 43 0.040123478 
131 167 26 36 0.03710697 
233 167 28 33 0.036702458 
474 167 24 41 0.035919957 
546 197 32 38 0.032893103 
112 164 28 35 0.029129475 
241 109 10 12 0.024567189 
646 201 16 20 0.02333366 
240 156 29 35 0.022467826 
214 161 24 37 0.020860584 
218 168 36 50 0.02082044 
133 179 17 20 0.020442273 
