55_Sports_Coach_Trainer_sportcoaching_55_122
137
344 286 30 37 0.99674463 
871 393 36 47 0.9961451 
19 250 31 39 0.9958038 
724 373 37 45 0.9929623 
35 170 30 39 0.9927884 
58 371 36 45 0.99219924 
865 303 29 37 0.9913693 
258 270 28 37 0.99114484 
23 216 31 36 0.98946184 
811 271 33 40 0.98784316 
565 300 26 35 0.9859418 
966 221 35 39 0.98467886 
100 278 31 38 0.98319846 
182 281 28 33 0.9783297 
737 276 27 34 0.9752481 
456 309 28 33 0.9741451 
529 291 23 28 0.9554876 
667 298 26 34 0.9339619 
523 262 24 30 0.92923373 
360 246 20 27 0.86317116 
694 279 24 35 0.83393973 
386 267 23 29 0.7622449 
433 274 23 30 0.76106006 
742 239 22 29 0.66309816 
121 271 23 29 0.6264996 
247 257 23 30 0.6152957 
631 267 23 30 0.6012216 
466 234 16 19 0.5666869 
807 183 13 20 0.5614355 
874 233 27 38 0.5485148 
171 269 24 32 0.5038995 
619 178 15 20 0.4896176 
603 258 23 29 0.40454912 
552 180 12 16 0.36329862 
881 164 15 17 0.32235384 
743 323 24 29 0.3210498 
132 194 22 27 0.22623554 
177 179 12 17 0.20594512 
537 183 9 12 0.19160508 
771 272 27 34 0.18822673 
566 196 9 13 0.15615998 
357 208 9 12 0.14811355 
552 175 10 14 0.14503938 
807 174 9 13 0.12162927 
329 191 10 13 0.11520325 
846 178 14 17 0.1085392 
380 212 12 15 0.10471104 
184 234 21 21 0.10161024 
503 235 15 18 0.09211658 
328 215 12 16 0.089790165 
878 158 13 16 0.0839332 
535 188 12 17 0.082777165 
448 245 16 20 0.08254432 
701 180 12 15 0.07919744 
311 215 14 18 0.07641364 
834 208 22 27 0.073220514 
283 265 20 28 0.07158736 
831 251 15 20 0.07088705 
813 171 9 13 0.06831577 
597 192 10 12 0.06262005 
587 201 15 18 0.060460377 
377 199 9 13 0.059595633 
565 231 17 21 0.05808755 
303 183 7 10 0.05641435 
708 178 14 17 0.05599431 
468 194 11 14 0.054725192 
423 276 22 28 0.053671658 
458 241 22 26 0.053288445 
123 198 23 26 0.05307897 
381 199 11 14 0.05182587 
487 227 14 20 0.050715897 
567 181 8 11 0.049458645 
273 182 8 10 0.04859075 
278 183 9 10 0.048483327 
556 231 15 19 0.044780992 
832 187 13 16 0.04444668 
215 199 9 10 0.041708875 
950 230 15 19 0.04018908 
318 204 11 13 0.040080886 
419 280 16 21 0.039779045 
428 157 13 20 0.03616932 
228 205 12 15 0.03609474 
660 256 12 17 0.035226688 
865 241 27 35 0.034830913 
704 176 11 14 0.03478198 
564 215 20 25 0.03455902 
408 221 12 16 0.034166295 
756 188 17 24 0.03310865 
376 204 10 15 0.032580454 
386 318 13 17 0.03188914 
556 185 11 15 0.031789657 
513 180 9 12 0.03144933 
683 253 17 22 0.029777396 
288 198 11 13 0.0297229 
230 200 9 12 0.029456155 
487 220 13 17 0.02944772 
705 166 8 11 0.029415928 
646 241 11 16 0.02938211 
839 180 13 18 0.029042486 
500 288 21 28 0.028905595 
837 487 18 21 0.028072283 
181 227 19 21 0.02763781 
681 272 25 32 0.027497863 
333 179 9 12 0.026898446 
539 289 23 32 0.026732385 
819 185 14 19 0.02602735 
243 250 17 21 0.025970971 
328 179 9 12 0.025927197 
832 157 11 14 0.025804171 
556 220 13 17 0.025657108 
627 232 18 23 0.025557684 
557 286 28 35 0.02520434 
452 199 10 12 0.025059648 
452 235 22 25 0.024427943 
836 222 18 23 0.024355877 
443 248 23 30 0.02371857 
269 264 26 35 0.023286436 
470 210 12 16 0.02311718 
215 184 7 9 0.023031145 
275 194 13 15 0.022747017 
625 172 12 17 0.022732021 
472 239 15 18 0.022156024 
695 186 13 17 0.021963013 
437 209 14 16 0.02185084 
396 186 11 16 0.021665255 
304 210 12 17 0.021636995 
442 268 17 23 0.021385232 
483 196 12 15 0.021377414 
143 194 18 23 0.021350617 
623 217 21 25 0.021155514 
654 288 31 35 0.021037877 
740 226 26 31 0.021035625 
74 175 16 22 0.020849552 
802 174 10 14 0.020730471 
211 229 12 16 0.020703036 
430 202 15 18 0.020701397 
731 232 24 31 0.020048464 
