55_Sports_Coach_Trainer_sportcoaching_55_894
84
427 25 182 237 0.9993901 
28 334 12 17 0.7985917 
273 362 10 13 0.43437883 
893 445 10 12 0.13969928 
881 372 8 10 0.1333518 
920 384 8 10 0.13098106 
997 413 8 11 0.11207405 
216 344 9 12 0.088079 
958 405 7 9 0.08615184 
228 374 12 15 0.08206917 
257 334 7 9 0.081976056 
8 325 8 10 0.07977235 
945 390 6 9 0.073772006 
937 368 6 9 0.06677003 
257 412 8 11 0.0654198 
279 337 7 10 0.065121666 
640 248 41 64 0.060623687 
897 416 8 9 0.058018703 
258 372 12 15 0.053608574 
945 401 7 9 0.051359165 
244 413 9 11 0.049941912 
953 401 8 10 0.049937572 
985 398 6 9 0.046439994 
985 392 6 9 0.04596426 
845 374 7 9 0.044583395 
691 239 57 82 0.043534394 
1013 358 8 12 0.04351474 
27 340 16 21 0.043347385 
909 368 7 8 0.04196977 
1002 384 7 9 0.04189856 
103 367 9 11 0.041284557 
92 143 11 13 0.040672917 
256 352 8 10 0.040109675 
994 373 6 9 0.03879324 
1000 389 7 9 0.0341541 
302 363 9 12 0.03412005 
1000 440 8 9 0.033397526 
261 366 11 13 0.03312879 
1006 381 7 9 0.031045739 
901 417 7 9 0.03100656 
880 309 7 10 0.030917939 
912 342 8 10 0.030655388 
914 414 7 10 0.029507497 
322 366 8 10 0.0281184 
233 343 8 10 0.027178586 
256 368 11 14 0.026947675 
888 390 7 9 0.02688041 
214 424 10 12 0.026312152 
944 404 7 10 0.026205279 
247 357 9 11 0.025831582 
863 351 7 9 0.02579803 
942 335 7 8 0.025631461 
221 344 8 11 0.025576692 
937 392 6 8 0.025574297 
1013 305 9 16 0.025479754 
928 456 7 10 0.02543057 
274 340 9 11 0.025060728 
976 389 8 9 0.025034713 
953 390 6 9 0.024561716 
89 146 15 19 0.024282351 
659 247 63 84 0.023873879 
862 438 8 10 0.023769405 
222 326 8 10 0.023453632 
871 374 7 9 0.0233073 
259 379 12 14 0.023201462 
896 374 6 8 0.023193555 
918 409 7 9 0.023154262 
849 358 6 8 0.023077725 
866 375 6 9 0.023061832 
888 440 9 12 0.023030052 
946 385 6 9 0.022954429 
918 415 7 9 0.02223083 
878 350 7 9 0.021869462 
125 335 10 11 0.021739412 
337 367 8 10 0.021637166 
261 351 9 11 0.021420088 
914 384 7 9 0.021185098 
880 422 7 9 0.021142416 
199 344 8 9 0.020825112 
943 440 8 11 0.020432204 
951 360 6 8 0.020230746 
911 373 6 9 0.020191455 
920 328 7 9 0.02013652 
840 265 7 9 0.020058097 
