55_Sports_Coach_Trainer_sportcoaching_55_773
20
325 93 55 69 0.999424 
385 82 48 69 0.9987596 
631 82 59 73 0.99714595 
638 154 47 67 0.9954306 
325 201 43 73 0.99270517 
466 111 50 69 0.9902441 
0 138 37 71 0.9809811 
814 135 46 62 0.9753562 
708 70 35 61 0.71356434 
989 94 34 69 0.41747913 
805 93 41 58 0.16234605 
204 132 53 65 0.05845156 
720 79 46 60 0.047879826 
428 88 49 67 0.043355677 
404 87 50 69 0.043174736 
444 99 55 70 0.043066565 
185 137 46 60 0.031742737 
616 214 11 14 0.026936257 
224 140 65 74 0.024712741 
585 473 62 57 0.023969272 
