1_Handshaking_Handshaking_1_602
75
246 346 31 30 0.9431361 
509 224 9 10 0.8802701 
841 236 12 16 0.8768296 
136 197 9 11 0.81102324 
609 227 10 13 0.80733323 
753 245 8 11 0.7494824 
640 244 10 13 0.7470542 
915 271 11 13 0.74666727 
644 222 11 13 0.73185086 
546 225 8 11 0.661623 
719 237 9 12 0.6250352 
688 227 9 12 0.61692315 
376 240 12 17 0.57335186 
722 258 14 17 0.50958693 
476 217 9 12 0.4482517 
438 232 8 11 0.44384623 
946 240 17 26 0.391401 
576 220 10 13 0.3488347 
361 237 11 16 0.33681688 
290 286 15 19 0.33382046 
190 189 8 10 0.33027664 
400 321 12 20 0.25488767 
675 304 15 20 0.17736743 
677 246 10 12 0.1630338 
117 304 17 19 0.15743499 
672 246 9 13 0.14869235 
928 248 23 23 0.1476413 
469 250 10 14 0.121041395 
95 303 20 27 0.119753905 
285 277 15 19 0.112607084 
488 235 13 17 0.105060816 
922 245 15 21 0.10091578 
679 230 9 12 0.09760485 
770 255 8 10 0.09410315 
618 299 14 18 0.081122965 
575 225 13 17 0.0793837 
674 232 9 11 0.078041755 
365 240 14 17 0.07756397 
106 303 20 26 0.07189827 
832 265 7 10 0.07033868 
665 251 9 12 0.061429646 
729 260 15 17 0.059708003 
674 237 8 12 0.059363194 
612 297 14 19 0.0587142 
580 248 9 12 0.054860495 
576 234 11 14 0.051951516 
551 240 9 11 0.051296294 
695 243 11 13 0.04725891 
445 238 10 14 0.046245273 
439 243 11 15 0.033754542 
886 260 8 11 0.033213608 
558 239 9 12 0.03289065 
785 247 7 10 0.031935483 
111 299 13 20 0.031458225 
476 245 11 14 0.029844956 
558 245 9 11 0.029485034 
526 281 9 12 0.029265298 
653 239 9 11 0.02858935 
756 252 9 12 0.02747234 
679 250 11 14 0.027396277 
654 245 9 11 0.027329551 
646 239 10 13 0.027125938 
454 244 9 12 0.026202802 
603 293 20 27 0.025537716 
687 234 10 14 0.025441846 
680 308 16 18 0.02496959 
657 303 22 24 0.024125038 
166 443 15 18 0.024051704 
692 224 9 12 0.023170952 
182 201 8 9 0.023011617 
472 239 10 14 0.022675958 
517 303 9 12 0.022660626 
634 243 11 14 0.022625875 
281 283 13 16 0.022572855 
687 245 10 13 0.021912377 
