1_Handshaking_Handshaking_1_356
65
126 591 126 166 0.9981668 
663 192 140 210 0.9888855 
308 385 34 37 0.98223454 
600 410 25 37 0.95612264 
571 300 15 19 0.94716567 
272 383 23 39 0.93947816 
603 292 15 19 0.8740924 
430 287 15 19 0.75772715 
495 300 10 13 0.6016018 
647 302 12 16 0.43977058 
488 298 11 15 0.4064861 
660 358 14 19 0.30938968 
143 252 9 13 0.22997971 
450 309 9 13 0.20968099 
357 310 10 13 0.1993173 
412 290 12 15 0.18608421 
405 290 12 16 0.17047663 
500 301 9 12 0.13289046 
544 308 11 13 0.10758135 
618 324 12 17 0.10435674 
401 292 10 15 0.091397285 
630 359 13 18 0.08042495 
503 457 26 26 0.06851797 
618 458 15 18 0.0636415 
512 300 9 13 0.057692274 
285 364 16 17 0.05410402 
63 286 9 11 0.046471022 
106 308 8 11 0.046231374 
245 302 13 17 0.046036948 
328 301 10 13 0.045326605 
515 427 18 19 0.044666294 
470 302 8 11 0.04436963 
639 372 21 28 0.037260547 
536 309 10 13 0.037078064 
455 315 9 11 0.036458477 
51 255 11 14 0.035867907 
253 302 13 17 0.032570016 
589 412 25 35 0.032031517 
421 290 12 16 0.031642415 
94 269 8 11 0.03160197 
821 199 114 173 0.029079016 
8 291 9 11 0.02794116 
86 325 7 10 0.027573857 
104 293 8 10 0.02730108 
77 253 8 10 0.026911104 
281 370 22 30 0.026484424 
510 308 9 13 0.02428789 
160 276 10 12 0.024157725 
317 311 10 15 0.023695098 
149 266 10 13 0.023687452 
576 202 174 216 0.023176838 
280 286 13 16 0.023054574 
221 311 15 18 0.022945587 
466 301 8 11 0.022736575 
109 305 8 11 0.02245402 
73 247 9 11 0.02204992 
307 347 17 22 0.021600539 
139 293 11 13 0.021501534 
-10 279 187 319 0.021425981 
713 439 16 20 0.021357652 
504 308 10 13 0.021304624 
165 271 9 11 0.020614456 
513 453 19 20 0.02049896 
610 463 26 34 0.02014148 
653 314 13 16 0.020128148 
