1_Handshaking_Handshaking_1_236
18
501 190 50 65 0.9992829 
729 239 31 39 0.99839944 
195 136 58 83 0.99798644 
860 247 23 33 0.9942941 
916 230 26 32 0.9938018 
384 198 42 69 0.9880938 
979 272 22 27 0.9737707 
616 288 28 37 0.94422287 
892 518 29 46 0.93796706 
0 196 34 86 0.6016566 
213 103 12 16 0.45860496 
1006 269 16 23 0.12744069 
198 107 11 14 0.05208108 
52 360 17 22 0.03978573 
208 105 11 15 0.037132725 
1012 240 11 19 0.036543176 
182 120 12 13 0.028705675 
988 272 23 31 0.023398409 
