1_Handshaking_Handshaking_1_579
688
650 278 30 40 0.9977301 
144 311 35 42 0.9976163 
626 235 24 35 0.9970476 
750 302 27 37 0.99631894 
882 273 30 40 0.99626154 
583 317 34 43 0.9958442 
585 251 28 37 0.99576795 
938 428 35 42 0.99558556 
788 411 32 42 0.9954809 
440 309 27 36 0.99537057 
271 214 27 33 0.99533 
636 197 23 30 0.99506015 
471 349 28 39 0.995053 
498 402 34 49 0.99463165 
676 363 34 46 0.9946085 
385 278 24 31 0.9936557 
530 312 29 36 0.99325925 
859 343 33 44 0.9926496 
529 237 23 30 0.9920935 
171 282 24 29 0.99203616 
595 417 35 44 0.99188215 
530 194 24 30 0.9910227 
860 256 25 34 0.99078053 
77 359 33 37 0.99062365 
776 352 29 42 0.9904703 
395 381 33 40 0.98948485 
306 258 23 29 0.98931295 
119 253 23 28 0.98733526 
494 286 24 30 0.9867931 
238 197 23 29 0.98470324 
150 205 21 27 0.9843658 
413 331 36 42 0.98384815 
243 147 19 24 0.98049223 
27 203 22 29 0.97943646 
36 117 14 19 0.97879344 
362 196 22 30 0.9785282 
132 152 19 22 0.97607464 
892 173 24 33 0.9723672 
907 146 19 25 0.9711637 
443 132 14 17 0.96894795 
3 257 21 27 0.9678207 
477 133 12 16 0.9677135 
644 171 18 23 0.9667022 
614 98 13 16 0.96521086 
323 350 31 37 0.9649685 
798 138 14 18 0.9643984 
570 189 18 23 0.96337247 
377 178 18 24 0.9628218 
828 241 24 30 0.96227986 
265 146 16 20 0.9616074 
309 151 17 20 0.96136945 
484 160 20 21 0.96073383 
181 315 28 34 0.9604597 
74 189 17 22 0.95796955 
587 206 20 24 0.95532614 
34 163 20 24 0.94921255 
176 242 21 28 0.94850695 
170 117 15 18 0.948491 
523 129 15 20 0.948468 
1002 230 22 36 0.9481711 
764 152 16 24 0.9474865 
498 200 20 27 0.9460152 
928 107 12 16 0.9441323 
88 211 23 26 0.94360054 
871 237 26 30 0.94208825 
303 76 12 16 0.9406158 
276 308 25 30 0.94061565 
302 101 12 16 0.9393672 
401 151 17 20 0.93098015 
563 141 17 20 0.9282464 
947 161 18 21 0.92734605 
989 105 14 16 0.9226835 
679 94 13 17 0.9226192 
647 126 14 18 0.9219377 
509 117 13 16 0.9216219 
462 226 22 26 0.92108583 
835 506 27 45 0.92061925 
661 187 20 26 0.91990167 
735 144 17 22 0.91944724 
426 96 13 18 0.9187443 
199 232 20 25 0.9162759 
126 130 17 21 0.9161814 
21 130 13 16 0.9151275 
576 77 12 15 0.9120716 
373 93 13 17 0.9049687 
220 181 19 22 0.90456855 
191 151 16 19 0.90325105 
840 138 16 21 0.9007284 
244 126 12 14 0.90052915 
622 119 13 17 0.8991673 
886 144 17 20 0.8854971 
272 116 13 15 0.8812139 
903 96 13 16 0.8811826 
255 392 22 33 0.86849463 
866 154 16 19 0.8672532 
387 74 13 15 0.863742 
329 207 17 25 0.8622774 
659 66 13 16 0.8605191 
826 111 15 18 0.85922575 
961 108 14 18 0.85655564 
720 160 18 22 0.85195404 
145 86 12 15 0.84945434 
613 71 12 14 0.84697276 
678 127 15 19 0.8433974 
648 143 16 20 0.84133404 
780 124 13 16 0.84074247 
740 189 23 29 0.8351999 
698 77 12 15 0.82657576 
780 202 17 24 0.82148063 
6 385 38 42 0.82133466 
555 164 14 17 0.82087636 
27 254 17 26 0.81943417 
132 108 14 17 0.79370946 
640 81 12 15 0.7924577 
918 178 16 24 0.784763 
883 472 35 45 0.7837292 
730 112 13 16 0.7834508 
102 183 18 20 0.77784854 
454 165 18 20 0.76445097 
400 211 17 22 0.75867856 
975 191 23 27 0.7541867 
590 98 12 15 0.75132924 
1006 133 18 27 0.750544 
708 129 12 16 0.74928844 
10 117 12 14 0.7469196 
334 94 14 16 0.72985935 
745 68 12 15 0.7144101 
760 254 24 31 0.69944435 
604 167 13 16 0.686336 
866 82 13 16 0.67353135 
298 132 15 19 0.66298455 
424 149 13 16 0.6560849 
361 139 13 16 0.65486914 
638 102 13 16 0.65058905 
819 141 12 16 0.6434172 
75 168 18 20 0.6393348 
250 108 11 14 0.63487494 
453 81 9 12 0.6330321 
870 181 17 22 0.6249701 
396 96 11 13 0.6160724 
846 119 15 18 0.61516005 
322 129 15 18 0.6139552 
945 140 16 20 0.6126448 
318 292 24 30 0.6119745 
800 230 23 29 0.60376203 
417 67 10 13 0.6032288 
278 133 13 16 0.6022981 
833 179 15 21 0.6014709 
475 79 11 14 0.5971788 
65 217 19 24 0.5969369 
356 101 13 16 0.5881019 
537 59 10 13 0.56885946 
445 221 16 21 0.56674904 
350 72 10 13 0.5635314 
201 78 12 16 0.5588975 
230 251 22 28 0.5556656 
967 164 15 19 0.54125255 
779 102 14 16 0.5296637 
548 91 12 14 0.52105975 
437 279 25 29 0.4973789 
156 186 21 24 0.4969198 
293 60 10 12 0.49174383 
479 110 12 14 0.48634487 
953 212 14 18 0.4833337 
326 159 14 17 0.47521207 
374 258 21 25 0.46962088 
388 122 12 15 0.45824707 
103 121 13 17 0.45182532 
770 159 15 21 0.4218569 
665 132 12 16 0.41172063 
59 279 14 18 0.40834996 
245 51 9 12 0.40498886 
473 62 9 11 0.39229023 
80 120 13 16 0.38531888 
196 194 19 21 0.3840687 
359 132 13 16 0.37807402 
689 151 15 20 0.3719661 
175 91 10 14 0.36779106 
832 205 17 22 0.3649238 
543 113 15 18 0.3638394 
228 143 13 18 0.3554259 
972 86 11 15 0.34328866 
800 216 25 31 0.33675218 
709 93 11 14 0.33439642 
3 295 21 31 0.3255746 
709 193 15 17 0.3194432 
375 131 12 15 0.3184416 
671 221 13 16 0.3120425 
76 263 17 21 0.30821556 
518 77 11 13 0.30669254 
925 292 21 26 0.3053715 
74 327 26 34 0.30313966 
625 161 15 19 0.29291663 
1001 82 10 13 0.29143062 
788 106 13 15 0.28594598 
187 122 12 14 0.27069375 
312 30 8 10 0.26636496 
532 147 13 17 0.26504982 
271 68 9 11 0.25494936 
0 185 11 17 0.238814 
342 71 11 15 0.23734023 
73 153 16 19 0.23508699 
835 69 11 14 0.23303725 
585 91 13 16 0.23174153 
357 172 15 18 0.22734207 
228 99 12 14 0.22450522 
795 82 13 14 0.22336268 
954 183 15 18 0.22146936 
735 100 12 14 0.22051264 
380 405 22 38 0.2141511 
85 79 12 14 0.20339668 
183 119 11 14 0.20289181 
506 158 13 16 0.2003211 
741 208 18 23 0.19934574 
888 67 10 14 0.19757402 
29 287 24 31 0.19757119 
500 87 11 14 0.19084787 
110 305 22 27 0.18806481 
388 32 9 11 0.18093532 
91 257 15 20 0.18093224 
81 258 18 23 0.17372154 
191 204 22 25 0.17293103 
783 72 10 12 0.16610707 
457 118 11 14 0.16600399 
28 107 11 13 0.16564476 
791 79 12 14 0.16181274 
852 66 10 13 0.16043405 
371 75 10 13 0.15797375 
380 52 9 13 0.15745008 
444 95 11 14 0.1520409 
782 53 9 11 0.14537773 
429 316 32 39 0.14421183 
251 90 11 14 0.1439578 
424 53 8 11 0.14386299 
148 188 19 20 0.14143625 
66 274 18 23 0.14017823 
756 47 10 12 0.13816652 
619 181 15 18 0.13811576 
177 407 21 41 0.13655455 
264 90 12 14 0.13513051 
408 85 10 13 0.13508974 
109 110 12 15 0.13427947 
557 225 17 22 0.13262224 
34 253 16 23 0.13202387 
534 94 12 14 0.13034643 
20 192 20 22 0.12905377 
874 267 27 36 0.12778674 
337 74 12 14 0.12754945 
334 116 11 15 0.12737894 
765 134 12 15 0.12637907 
498 59 9 11 0.12566794 
478 100 12 14 0.12353435 
73 272 17 19 0.117663145 
663 116 10 13 0.11727618 
713 352 15 19 0.11440589 
540 98 13 14 0.11380181 
505 78 8 11 0.11338658 
266 182 19 22 0.11204296 
438 292 28 33 0.10830383 
14 289 24 33 0.107470736 
259 132 12 14 0.106320724 
913 132 15 17 0.10559176 
819 202 24 29 0.10538776 
661 451 21 39 0.10417418 
748 61 13 16 0.099863134 
582 83 11 15 0.09491504 
758 108 11 14 0.09250558 
386 395 27 38 0.09250448 
600 113 11 15 0.09153884 
249 23 7 9 0.09009557 
95 115 14 18 0.089871585 
523 101 11 15 0.08974991 
409 47 10 12 0.08797886 
582 130 12 16 0.08770719 
409 152 15 19 0.086876914 
101 259 14 18 0.08658916 
256 70 10 12 0.08626777 
189 234 21 27 0.086143225 
493 76 10 12 0.08589216 
242 48 9 12 0.08481143 
413 102 10 13 0.08479496 
350 157 13 15 0.081747256 
263 69 8 12 0.08134139 
916 78 10 13 0.081224725 
700 149 13 17 0.081026725 
322 332 28 33 0.079141326 
824 158 12 15 0.078317 
350 231 22 30 0.07816607 
188 110 12 15 0.07774724 
376 138 11 14 0.077345215 
916 84 11 14 0.07723914 
7 113 12 14 0.07707459 
386 35 9 12 0.07455853 
214 119 14 17 0.07435247 
363 126 13 17 0.073988445 
161 107 11 13 0.07380255 
133 53 9 11 0.073792696 
28 32 10 12 0.07357114 
557 114 12 16 0.07348244 
25 34 11 14 0.07158293 
555 232 22 29 0.071262635 
544 86 13 16 0.07124348 
612 143 11 14 0.07033999 
460 121 12 15 0.07013348 
431 53 9 12 0.06986798 
232 30 9 11 0.06938772 
757 58 10 14 0.0692424 
366 301 14 17 0.069215216 
325 116 13 15 0.06912801 
-2 319 18 36 0.06830223 
878 146 17 23 0.06782789 
217 44 10 12 0.0672342 
275 122 13 16 0.067196414 
822 175 20 24 0.06695961 
341 117 11 14 0.06636456 
634 45 10 12 0.065697856 
220 122 12 15 0.064716466 
534 160 14 17 0.064398415 
819 166 19 25 0.064025536 
71 162 16 20 0.06380493 
168 194 15 19 0.063007645 
755 52 11 14 0.06278146 
384 60 9 11 0.062562555 
169 77 9 12 0.062440902 
221 40 9 11 0.062350616 
407 101 10 13 0.062260285 
331 123 13 17 0.062148765 
517 46 10 12 0.06165406 
959 84 9 12 0.061593067 
116 84 12 14 0.061374106 
542 76 10 12 0.06127023 
167 315 29 39 0.060872383 
551 157 15 18 0.06053658 
330 94 11 14 0.06029908 
312 56 8 11 0.059089698 
954 140 16 18 0.058947098 
287 77 10 13 0.05858528 
511 69 9 11 0.058502413 
430 284 18 20 0.05823436 
378 49 8 11 0.058164056 
785 207 22 30 0.058069043 
895 86 10 12 0.058025416 
827 190 20 29 0.057912465 
325 305 24 28 0.05762266 
352 95 11 14 0.056762155 
860 150 17 21 0.055672865 
485 277 23 29 0.055125516 
664 125 12 16 0.055089273 
511 77 11 13 0.05500229 
326 46 8 10 0.054993723 
406 92 10 13 0.05486232 
829 53 9 12 0.05441953 
116 71 9 11 0.05403 
836 115 14 16 0.053986773 
775 67 11 13 0.053952795 
205 130 12 15 0.053493563 
389 148 13 16 0.05270445 
452 99 10 13 0.052659735 
321 78 10 13 0.052498113 
948 102 11 13 0.052119996 
694 115 12 14 0.05134672 
282 30 9 12 0.051311355 
894 92 12 15 0.050904278 
389 62 9 11 0.05048498 
102 111 13 16 0.05044873 
91 82 11 14 0.05014023 
471 102 10 13 0.049952276 
479 95 10 13 0.049798295 
760 148 15 22 0.049307965 
13 156 15 19 0.048670318 
413 51 10 12 0.048513386 
471 107 10 13 0.048465267 
712 47 10 13 0.048401363 
549 79 11 13 0.04819549 
519 124 12 17 0.04808755 
776 163 14 18 0.048049837 
263 53 9 11 0.04793255 
334 60 10 11 0.047203243 
461 133 11 16 0.047201414 
288 6 8 9 0.047007103 
222 221 15 20 0.046997488 
220 392 15 25 0.04662771 
277 68 10 13 0.046061013 
375 253 15 19 0.04597524 
448 30 8 10 0.04588812 
161 61 11 15 0.045734383 
462 39 8 11 0.04566867 
364 97 13 16 0.04564951 
489 181 15 18 0.045607917 
317 30 8 11 0.045570344 
490 253 15 21 0.04538269 
133 47 10 12 0.045071732 
649 44 10 13 0.044777345 
4 165 14 17 0.044668313 
528 93 10 13 0.044515543 
622 202 15 20 0.044321183 
559 14 9 12 0.044055082 
116 77 10 12 0.04398814 
562 165 14 16 0.043320872 
463 46 9 11 0.04304824 
224 187 22 27 0.042936336 
767 125 13 16 0.042935263 
439 70 11 13 0.042886645 
389 335 22 30 0.042784702 
279 54 9 10 0.042776044 
289 56 9 12 0.042563 
834 109 14 16 0.04133968 
360 14 8 11 0.041333463 
287 70 10 13 0.041319873 
855 456 23 30 0.04122724 
621 167 15 19 0.041056465 
81 31 9 12 0.040940646 
295 5 8 10 0.040082067 
414 92 10 14 0.040029798 
526 29 9 12 0.03991724 
595 94 12 15 0.039897386 
480 21 8 10 0.03964555 
1008 99 10 13 0.039641928 
280 6 8 11 0.039511085 
744 82 11 14 0.039285373 
871 29 8 10 0.039266612 
158 22 8 10 0.03913675 
398 48 9 11 0.038838748 
806 77 11 12 0.038004953 
552 22 8 10 0.037821654 
0 303 13 22 0.03776691 
437 54 9 11 0.03758531 
417 177 14 16 0.037233822 
632 19 11 14 0.037138455 
856 152 13 17 0.037122566 
918 90 10 14 0.03673221 
962 140 14 16 0.03640673 
39 291 22 29 0.036238037 
701 71 11 14 0.036157105 
342 162 13 17 0.036047984 
306 30 8 11 0.036008656 
111 255 20 26 0.03588445 
505 71 9 10 0.0357629 
549 100 13 14 0.035603184 
313 60 9 12 0.035544988 
384 13 8 10 0.035516866 
306 140 16 20 0.03551515 
226 95 11 13 0.03542257 
153 23 8 10 0.035293616 
431 229 12 16 0.03512325 
64 59 11 14 0.035108536 
807 209 20 23 0.03504475 
540 234 24 31 0.03499237 
669 126 13 16 0.034704663 
589 116 12 14 0.034683246 
401 38 7 9 0.034484852 
93 392 18 21 0.034343045 
583 115 12 14 0.033979114 
539 147 14 17 0.033831153 
215 13 8 11 0.033485137 
842 201 16 20 0.033478845 
470 117 12 14 0.033319585 
789 70 10 12 0.033198137 
395 235 15 19 0.033107303 
350 124 11 15 0.033055633 
880 68 11 13 0.03303354 
780 135 14 18 0.033000585 
256 30 8 10 0.032904953 
776 53 10 12 0.032812614 
189 213 19 22 0.03276489 
246 118 12 16 0.03268826 
933 185 13 18 0.03266637 
536 76 11 13 0.032519117 
535 115 12 16 0.032504063 
495 108 11 14 0.032442573 
113 176 17 20 0.03227925 
483 276 16 21 0.032260638 
362 107 12 15 0.032233313 
251 125 12 15 0.032116733 
564 115 11 14 0.031910755 
237 101 11 13 0.03173008 
281 37 9 10 0.031729918 
285 37 9 11 0.031713907 
842 480 41 50 0.03164961 
195 217 22 26 0.03158847 
489 71 9 11 0.031527523 
227 123 11 14 0.03136021 
780 80 13 16 0.031347584 
457 39 9 11 0.031172378 
270 100 11 13 0.031065345 
540 155 13 16 0.031054698 
761 140 13 17 0.030946756 
987 132 14 19 0.030908145 
716 93 11 14 0.030875782 
400 63 10 12 0.03085229 
318 136 15 18 0.030825883 
830 61 10 14 0.030780457 
1000 367 23 33 0.03063727 
534 85 11 13 0.030595904 
775 119 14 16 0.030532414 
797 102 12 14 0.030511517 
315 158 16 19 0.030510373 
977 204 20 23 0.030287521 
803 85 12 15 0.03008159 
576 45 9 12 0.030053305 
453 172 16 21 0.02987162 
138 130 15 18 0.029741526 
610 74 11 14 0.029712863 
889 92 10 13 0.029704357 
652 110 11 15 0.029578382 
208 31 8 11 0.029447576 
407 81 9 11 0.029441737 
247 70 11 12 0.029355528 
279 48 8 10 0.02930203 
556 186 14 19 0.028808804 
463 108 11 13 0.028803602 
833 14 9 11 0.02873584 
848 21 9 11 0.028708737 
480 31 8 10 0.028700324 
887 86 10 14 0.02863115 
919 69 10 12 0.028565222 
408 63 9 12 0.028544996 
915 126 13 15 0.02854018 
393 53 9 11 0.02853156 
392 47 9 12 0.028402584 
376 60 10 11 0.02818267 
305 132 14 17 0.028121237 
119 20 8 11 0.028059693 
237 30 8 11 0.028011417 
471 56 10 12 0.02793203 
246 76 10 12 0.027903322 
604 110 10 14 0.027847406 
567 76 11 14 0.027845414 
296 77 11 14 0.027819637 
339 312 17 20 0.027806755 
260 126 13 15 0.027778244 
891 63 10 13 0.027703471 
-16 124 576 557 0.027702266 
599 68 10 14 0.027658835 
529 153 13 16 0.027573925 
944 107 12 15 0.027543288 
382 147 13 16 0.02749793 
870 68 10 12 0.027446993 
265 116 12 16 0.027437843 
856 475 37 40 0.027294269 
-2 130 10 15 0.027244402 
417 23 8 10 0.027091576 
264 23 8 11 0.027069986 
478 37 9 11 0.0268878 
521 30 9 11 0.026734581 
606 86 9 12 0.026729556 
233 1 8 9 0.02661562 
885 73 12 15 0.02655807 
63 31 8 10 0.026548337 
998 338 23 30 0.026448617 
318 55 8 10 0.026427032 
256 64 9 10 0.026417594 
84 54 11 13 0.026262002 
407 38 9 11 0.026258387 
510 83 11 14 0.026106073 
763 107 12 15 0.026088463 
798 88 13 17 0.026072929 
452 136 13 16 0.026015652 
782 61 10 12 0.025969902 
716 50 11 14 0.025954306 
248 15 8 9 0.025845578 
952 68 10 12 0.025754254 
777 76 12 15 0.02569155 
95 186 13 18 0.025672507 
896 98 11 15 0.025642943 
805 100 14 15 0.02541533 
987 125 13 15 0.02528432 
470 46 8 11 0.025123145 
498 158 18 23 0.025103688 
359 86 10 12 0.025097916 
277 62 9 11 0.025081476 
125 86 10 12 0.025066296 
341 110 10 13 0.025064683 
850 466 29 39 0.02505707 
447 37 9 11 0.025012791 
574 30 9 11 0.02494116 
891 489 35 48 0.024923388 
254 24 8 9 0.024908604 
283 137 12 16 0.024819313 
41 254 14 19 0.024805643 
328 40 8 11 0.024799941 
824 59 10 14 0.024731407 
518 94 11 14 0.024720626 
940 539 33 32 0.02471933 
439 86 10 12 0.024542073 
433 275 21 24 0.024474502 
1013 94 10 14 0.024474258 
852 360 22 31 0.024383357 
471 67 10 12 0.02437493 
495 115 11 15 0.024358237 
423 39 8 11 0.024300661 
964 211 13 18 0.024086608 
920 63 10 12 0.02404592 
165 68 11 15 0.024040917 
449 275 16 21 0.023650626 
684 138 13 18 0.02364536 
661 86 12 16 0.023637548 
861 439 29 38 0.023617063 
487 46 9 11 0.023599273 
558 20 9 11 0.023536624 
298 194 18 24 0.023367425 
252 112 12 15 0.023302129 
281 184 16 20 0.023230728 
556 92 10 14 0.023181608 
294 384 20 30 0.023176987 
85 46 10 13 0.023159668 
924 179 19 26 0.02314799 
0 116 11 13 0.023130527 
561 77 9 12 0.023073858 
456 44 10 12 0.023063421 
879 46 10 12 0.023025805 
598 75 11 14 0.022959169 
896 29 8 11 0.022956729 
176 30 9 11 0.022937164 
249 29 8 10 0.022884954 
804 92 13 14 0.022871066 
510 92 11 14 0.022793818 
656 21 9 11 0.022730246 
222 104 13 16 0.022716306 
337 14 8 10 0.022654725 
153 29 9 11 0.022558648 
214 7 9 12 0.022422377 
825 163 16 19 0.022377767 
404 333 29 34 0.022325093 
116 298 22 28 0.022323838 
142 190 17 21 0.022307852 
734 55 10 13 0.022237351 
1013 179 11 17 0.02221732 
280 76 10 15 0.022214716 
416 39 9 11 0.022212937 
607 91 11 15 0.02212044 
940 47 12 15 0.022106037 
898 469 42 49 0.02201597 
391 108 13 15 0.021981413 
206 36 9 11 0.02190464 
775 128 14 18 0.021873388 
525 539 35 39 0.021850327 
704 63 10 12 0.021836672 
630 67 10 13 0.021835176 
984 102 14 17 0.021725463 
86 59 11 13 0.021705993 
886 53 10 11 0.021654775 
320 39 8 10 0.021587657 
115 109 12 15 0.021553593 
536 45 8 11 0.02145522 
772 256 22 29 0.021455023 
423 47 9 11 0.021424687 
335 21 9 10 0.02141768 
72 36 9 11 0.021279875 
766 116 13 16 0.021194652 
559 134 15 16 0.02113142 
472 94 10 13 0.02110928 
713 131 13 17 0.021076808 
353 135 20 25 0.021038212 
73 251 20 26 0.021014515 
541 69 10 13 0.020990849 
949 475 25 37 0.020913621 
845 168 13 17 0.020899216 
447 54 9 11 0.020850126 
872 24 8 10 0.020806156 
768 62 10 12 0.020710595 
618 122 12 16 0.020707997 
1012 126 11 15 0.020659858 
564 124 13 15 0.020653026 
120 226 17 20 0.02061277 
374 119 12 15 0.020564428 
97 252 16 21 0.020528292 
454 111 11 13 0.020494651 
955 243 16 24 0.020477314 
812 76 10 12 0.02043383 
897 45 9 12 0.020430375 
351 148 14 17 0.020424122 
898 155 24 29 0.020413378 
880 38 9 10 0.020379916 
232 22 8 10 0.02030465 
494 125 12 15 0.020237125 
79 11 10 12 0.020236682 
6 157 15 18 0.020194238 
2 111 10 13 0.020191124 
230 16 8 10 0.020187154 
1014 187 11 17 0.020181768 
463 93 9 12 0.020173425 
268 174 17 19 0.020147182 
588 124 14 17 0.020143677 
507 150 14 17 0.020118587 
263 63 9 11 0.020087693 
1013 61 10 14 0.020053094 
316 201 16 21 0.020044317 
