56_Voter_peoplevoting_56_459
25
741 89 37 47 0.99617034 
243 87 34 54 0.99387884 
355 75 29 43 0.97693014 
865 90 31 42 0.9715803 
968 156 22 26 0.8506665 
495 82 21 38 0.83654284 
88 47 19 32 0.4058412 
126 35 24 41 0.28185105 
814 137 14 19 0.21938868 
744 316 9 11 0.13721217 
857 74 25 41 0.098376 
757 371 9 12 0.06737406 
760 333 8 11 0.061831884 
767 386 10 13 0.059129555 
969 186 18 19 0.04627664 
728 228 9 12 0.04219496 
375 141 32 39 0.042142246 
777 288 11 14 0.040616218 
993 111 9 12 0.032905515 
48 271 10 12 0.032474678 
576 -8 234 250 0.022150224 
769 319 9 11 0.021598674 
721 319 8 12 0.020724738 
760 416 9 11 0.020619992 
635 96 32 36 0.020042712 
