56_Voter_peoplevoting_56_620
24
129 191 48 68 0.9983181 
288 198 36 53 0.98748326 
814 136 40 61 0.98454964 
367 195 23 34 0.98115647 
530 218 12 15 0.47339457 
544 214 13 20 0.21908456 
478 231 14 21 0.18890908 
442 232 19 28 0.100938626 
581 236 13 15 0.0894007 
452 230 11 17 0.07688677 
495 226 21 28 0.076845646 
496 212 13 18 0.06953239 
565 221 14 20 0.05056439 
245 243 20 30 0.04666497 
468 269 12 14 0.045917194 
570 227 13 17 0.037540816 
433 236 24 34 0.037466902 
494 215 20 27 0.035950635 
525 219 20 24 0.034035854 
609 235 12 14 0.033041257 
483 219 20 30 0.028907038 
573 235 14 17 0.02790109 
555 219 14 19 0.024896279 
461 262 11 14 0.023628373 
