56_Voter_peoplevoting_56_874
148
970 246 46 76 0.99821377 
666 253 27 31 0.9930247 
138 353 26 30 0.9855963 
680 445 79 137 0.9845947 
67 283 14 17 0.9744005 
90 340 24 29 0.9728388 
13 299 16 20 0.96544635 
567 298 24 27 0.9597685 
776 297 44 62 0.956456 
243 392 40 51 0.9560129 
405 271 13 16 0.952184 
358 281 14 16 0.94170475 
367 254 12 14 0.9293772 
38 336 20 25 0.9191422 
157 391 23 33 0.9042944 
594 330 29 34 0.89153314 
192 258 12 15 0.88855934 
454 289 19 21 0.8785754 
513 276 18 23 0.81431055 
536 311 21 25 0.68575364 
335 256 13 16 0.67038584 
484 366 60 78 0.633881 
113 299 12 15 0.5800769 
496 215 7 10 0.5698025 
157 279 10 13 0.52089834 
408 237 10 12 0.5009885 
332 232 9 11 0.49666426 
398 224 8 11 0.45154163 
423 250 10 13 0.37640858 
413 251 10 12 0.34117794 
396 256 10 13 0.33725816 
273 275 15 18 0.3073013 
464 227 9 12 0.24817143 
455 240 8 11 0.23987845 
137 285 11 14 0.22172911 
408 245 11 14 0.21189708 
271 247 9 11 0.19269595 
487 239 9 12 0.19086142 
287 272 13 18 0.18140763 
300 254 10 13 0.17694919 
244 237 9 11 0.16471551 
159 425 30 41 0.16308078 
965 224 36 46 0.14354618 
456 258 12 15 0.13515012 
554 200 7 10 0.121938996 
350 222 9 11 0.102026746 
502 247 12 15 0.09621983 
375 229 8 12 0.09222626 
520 214 9 13 0.09174255 
461 356 96 127 0.09120012 
3 278 18 22 0.08984567 
238 256 9 11 0.08797773 
632 194 8 10 0.08714972 
319 254 9 13 0.08616127 
581 207 9 11 0.084935315 
294 244 9 12 0.083922654 
763 73 13 17 0.07830521 
157 286 13 19 0.076560594 
537 205 8 11 0.07135952 
429 228 9 12 0.07041232 
538 199 8 10 0.069800936 
289 245 8 11 0.069710225 
594 206 8 10 0.06884908 
511 216 8 10 0.06483941 
461 254 10 14 0.06251242 
430 276 12 15 0.061141912 
544 319 24 32 0.059136 
505 229 9 11 0.057630114 
439 282 11 15 0.05760806 
233 252 9 12 0.05735942 
313 268 10 12 0.057088364 
99 311 12 14 0.05554155 
317 362 32 56 0.054775283 
466 205 7 10 0.053557858 
127 294 9 12 0.053310048 
172 314 12 14 0.052394398 
557 200 8 10 0.05113597 
270 252 10 13 0.04710009 
318 260 10 14 0.046896175 
664 330 44 55 0.04667221 
520 207 8 10 0.046394017 
232 249 8 10 0.044757545 
599 215 8 11 0.044682886 
723 104 24 30 0.044408105 
567 200 8 11 0.043481432 
278 246 8 11 0.042101704 
548 332 24 30 0.040946938 
509 222 9 11 0.036989957 
262 270 12 16 0.036522247 
473 215 8 11 0.036001153 
399 245 10 13 0.035953294 
320 247 10 13 0.034882475 
469 254 9 12 0.033681817 
626 181 7 10 0.031785753 
222 254 9 12 0.031117009 
384 344 38 65 0.03084884 
245 256 9 11 0.030512137 
326 253 10 14 0.030276278 
227 400 38 40 0.030202432 
653 200 8 11 0.030181771 
163 355 14 19 0.029242631 
447 222 8 10 0.028770126 
607 336 19 24 0.028733747 
495 246 11 13 0.028237002 
151 405 30 44 0.028075986 
479 222 8 10 0.027979534 
446 261 11 13 0.027257001 
238 274 13 17 0.027193932 
972 425 46 79 0.026743643 
407 207 7 9 0.026517168 
513 207 7 9 0.026479034 
430 223 8 11 0.026460346 
296 259 11 14 0.025772804 
221 259 11 15 0.025763312 
174 261 9 11 0.0257574 
374 271 10 13 0.025474202 
589 336 20 23 0.025406776 
83 308 11 14 0.025362775 
450 239 10 11 0.024856078 
477 216 8 10 0.024580104 
525 207 9 10 0.024543285 
300 248 11 12 0.024442162 
455 214 8 10 0.024181262 
481 230 8 10 0.02409449 
448 229 9 11 0.023895469 
391 271 10 13 0.02344246 
270 258 13 15 0.023262436 
278 254 10 12 0.02305557 
309 279 10 15 0.022932539 
559 204 9 11 0.022804987 
649 200 8 11 0.022793353 
6 288 19 25 0.022783361 
630 177 7 8 0.022283318 
172 303 11 14 0.022231298 
140 279 11 15 0.022004604 
564 293 18 23 0.021737773 
345 222 9 11 0.021639742 
217 254 10 12 0.021613004 
767 127 8 10 0.021568896 
460 246 10 12 0.021555774 
360 230 8 11 0.021527246 
486 232 9 11 0.021422308 
314 254 8 12 0.021397805 
375 208 8 10 0.021389417 
469 201 7 9 0.020983648 
351 227 9 12 0.020859076 
454 265 15 17 0.020115327 
624 192 9 10 0.020051962 
