56_Voter_peoplevoting_56_410
193
121 449 17 21 0.9770825 
492 445 16 19 0.9725069 
177 434 16 20 0.9614109 
270 467 17 23 0.94152135 
692 476 18 22 0.9312493 
323 441 14 18 0.9271766 
367 435 16 19 0.918105 
58 443 16 21 0.9165008 
825 427 21 24 0.8964269 
743 475 18 21 0.8741788 
550 448 15 17 0.8610935 
614 460 16 22 0.85729563 
472 431 16 21 0.8525312 
937 426 16 19 0.8018988 
283 423 18 22 0.75994074 
932 458 18 22 0.6798407 
645 463 17 24 0.6647832 
422 428 18 21 0.6575558 
422 454 15 18 0.6490924 
285 443 15 18 0.6410769 
83 434 13 16 0.6361103 
194 421 17 23 0.5814616 
528 428 13 17 0.5480019 
32 419 19 28 0.54518914 
98 435 14 18 0.51800126 
384 419 13 15 0.47064024 
237 454 15 17 0.40486816 
216 459 16 20 0.40398303 
284 433 16 20 0.3965273 
963 448 15 19 0.2173133 
271 413 9 11 0.19897373 
320 413 12 15 0.18162544 
96 457 12 15 0.16106784 
420 443 14 17 0.15990913 
155 414 13 17 0.14981967 
146 442 15 20 0.14973861 
414 443 13 16 0.14350978 
222 443 15 17 0.13198753 
813 465 17 20 0.13102785 
985 452 17 23 0.121818565 
220 451 17 21 0.12158907 
868 459 24 35 0.11669414 
340 439 14 18 0.115995035 
921 441 16 20 0.11223103 
600 430 10 13 0.10841606 
441 451 12 16 0.10804376 
184 468 13 17 0.10084686 
228 451 16 19 0.100679 
432 404 10 14 0.09962411 
228 436 15 16 0.09437574 
880 456 24 33 0.09433184 
915 435 16 20 0.0931167 
816 474 16 19 0.08774364 
925 451 19 23 0.0876125 
448 429 10 13 0.08330597 
284 448 19 23 0.082700096 
428 443 13 17 0.081524186 
255 415 9 11 0.08070676 
892 420 22 27 0.076542765 
866 449 22 30 0.07619706 
572 446 11 14 0.07519316 
226 428 14 16 0.07368152 
118 414 15 19 0.07165667 
404 423 11 14 0.069951326 
985 445 15 19 0.066184856 
597 435 14 18 0.0654411 
565 463 14 18 0.06518048 
140 420 12 15 0.060145844 
384 445 11 15 0.059384014 
415 452 14 17 0.059371717 
511 429 12 15 0.05823032 
939 458 21 25 0.057900082 
588 422 10 13 0.05730093 
987 453 23 34 0.05493125 
249 475 14 18 0.052444205 
319 454 15 21 0.051419128 
961 438 16 19 0.05110844 
662 370 16 20 0.048867222 
618 411 12 15 0.048044764 
240 414 13 15 0.047458816 
106 443 13 18 0.047250383 
846 419 16 18 0.047137402 
47 396 14 17 0.045885704 
885 446 23 32 0.045673944 
644 451 16 20 0.04499859 
365 420 12 16 0.044909343 
359 413 10 13 0.044483937 
132 412 13 15 0.044155844 
264 415 9 10 0.04401917 
686 445 15 19 0.04363795 
604 435 12 15 0.043022666 
172 422 13 17 0.042865798 
414 429 14 17 0.04281 
866 442 18 23 0.042171877 
712 481 16 19 0.042111456 
571 436 11 14 0.041555494 
599 424 10 12 0.04118451 
405 444 14 18 0.04081274 
517 428 11 15 0.04053156 
890 464 16 21 0.040306658 
228 423 11 13 0.040138844 
939 452 16 21 0.038892593 
923 418 12 15 0.038700975 
702 475 22 26 0.03864901 
437 446 12 17 0.038613394 
382 425 13 17 0.037732307 
532 423 12 14 0.037652135 
77 451 12 16 0.037360474 
19 424 21 26 0.037043322 
364 415 10 13 0.03703391 
172 495 13 17 0.03660834 
893 432 17 21 0.036029667 
203 429 16 21 0.03579273 
172 470 14 17 0.03530445 
13 429 16 20 0.0352093 
302 412 10 12 0.035081744 
931 443 15 20 0.034522187 
206 457 20 24 0.03399592 
196 475 15 17 0.03386821 
95 432 13 16 0.03371116 
193 465 17 19 0.033671252 
911 427 14 18 0.033549067 
79 442 14 18 0.032626748 
347 435 12 17 0.032433126 
893 442 16 21 0.03240532 
234 446 15 18 0.0321318 
803 429 16 21 0.031859078 
84 450 13 16 0.031594276 
816 454 23 25 0.031588923 
856 462 22 28 0.031513233 
36 400 14 16 0.031180715 
955 426 12 15 0.03103395 
329 442 14 17 0.030868039 
968 420 12 15 0.03070234 
358 427 13 18 0.030086126 
351 430 11 15 0.029684477 
73 470 17 20 0.029676467 
184 433 15 18 0.029536506 
405 436 13 17 0.029315358 
66 449 14 17 0.02906024 
947 427 13 16 0.029001383 
31 414 16 20 0.028888306 
954 450 21 25 0.028790358 
444 447 14 17 0.02861214 
590 435 14 19 0.028524859 
584 426 12 16 0.028522871 
400 428 12 15 0.028505135 
584 435 11 14 0.027804676 
917 419 14 17 0.027383966 
433 486 18 23 0.027116245 
948 444 14 18 0.02704362 
974 420 14 17 0.02693415 
383 436 11 15 0.026537705 
550 438 13 15 0.026091753 
182 484 13 17 0.025768422 
70 457 14 17 0.025609795 
133 423 14 18 0.025345478 
278 421 16 18 0.025085716 
549 431 12 15 0.024682727 
269 441 12 17 0.024559917 
269 417 12 16 0.024504112 
810 428 21 26 0.024453785 
446 432 13 17 0.024449075 
464 435 13 16 0.024409529 
360 434 14 17 0.024115926 
436 429 12 16 0.02410715 
413 421 11 14 0.023695279 
913 346 9 10 0.023644002 
735 476 14 17 0.023520838 
951 422 12 16 0.023489758 
982 437 15 17 0.023334442 
342 431 13 18 0.023306694 
137 369 8 10 0.023128808 
941 444 14 19 0.022979274 
275 412 11 13 0.022805668 
747 431 22 28 0.022693262 
543 450 15 17 0.022597317 
447 424 9 12 0.022448167 
399 435 12 15 0.022245625 
898 474 16 17 0.022110825 
610 434 12 15 0.021945532 
926 426 21 24 0.021338144 
567 427 13 17 0.02117615 
542 430 11 14 0.021163983 
510 441 13 16 0.020940421 
865 381 13 17 0.020673532 
587 468 13 17 0.020549593 
595 446 15 22 0.020513738 
836 421 21 26 0.020509282 
584 461 12 15 0.020372141 
39 410 20 27 0.020359593 
350 421 11 13 0.02030003 
210 427 12 18 0.020190591 
