56_Voter_peoplevoting_56_781
88
287 105 46 60 0.9950671 
358 84 57 72 0.9932296 
365 197 59 71 0.9859308 
650 157 27 32 0.9806771 
776 125 23 28 0.9783861 
107 73 58 73 0.95648795 
678 110 23 34 0.9485352 
752 117 20 26 0.72181803 
954 139 16 19 0.662958 
604 139 18 24 0.60377556 
815 134 13 17 0.5399292 
832 131 14 17 0.4740704 
435 124 30 43 0.4510202 
607 314 15 20 0.40115032 
215 145 33 40 0.33557093 
516 106 30 45 0.33423916 
645 116 22 31 0.26789385 
894 122 13 18 0.24447908 
644 107 16 23 0.15028727 
847 172 13 18 0.14738467 
876 126 14 17 0.1403869 
649 127 23 28 0.13083555 
275 162 27 35 0.105961 
911 111 11 15 0.10377337 
997 125 12 19 0.10140733 
854 117 11 15 0.09973039 
807 131 13 19 0.098235525 
339 79 34 53 0.09326846 
604 168 17 25 0.09267947 
243 551 16 23 0.09001993 
946 134 17 20 0.084475875 
888 77 13 16 0.0842603 
925 12 12 16 0.07814217 
763 121 20 28 0.07431818 
496 116 32 38 0.0679328 
1008 92 11 16 0.06485008 
520 276 19 24 0.061553728 
22 86 33 42 0.060375743 
932 182 8 11 0.05976292 
787 126 21 28 0.057985377 
415 85 32 46 0.05780845 
886 124 13 17 0.05121979 
486 102 33 41 0.049691286 
846 123 12 18 0.049142726 
943 74 11 14 0.048245102 
326 97 32 51 0.04763407 
877 113 15 18 0.046347212 
848 117 12 17 0.043599226 
465 216 34 50 0.04255642 
858 124 12 16 0.04224052 
892 71 13 15 0.041935578 
530 110 25 38 0.040777724 
464 237 42 63 0.038904954 
984 100 11 15 0.03860433 
483 88 30 38 0.03781197 
844 129 11 17 0.035940573 
796 129 14 21 0.035747044 
592 136 22 27 0.03512172 
968 86 8 11 0.034896992 
441 122 21 26 0.034267407 
318 113 32 43 0.033592563 
898 76 12 17 0.033309314 
560 228 25 35 0.033136975 
757 83 15 17 0.03287372 
992 128 12 18 0.032150406 
976 84 9 12 0.031981733 
884 114 14 18 0.030204123 
572 147 24 30 0.029196655 
667 81 15 19 0.028761173 
909 159 12 17 0.028078277 
590 132 16 21 0.026724286 
337 71 29 37 0.026508493 
943 127 13 16 0.02550214 
574 125 15 18 0.025388801 
980 86 9 12 0.025062045 
867 77 11 14 0.025013797 
330 127 18 26 0.02485794 
898 116 13 17 0.02450065 
1001 128 15 19 0.024011305 
430 358 37 45 0.023980785 
669 119 23 30 0.023973748 
282 175 42 50 0.023171682 
520 329 33 40 0.022847198 
1012 87 11 17 0.02168403 
982 95 10 13 0.021040056 
872 149 13 15 0.020985896 
936 75 10 13 0.020483764 
974 78 10 13 0.020269524 
