56_Voter_peoplevoting_56_110
19
89 319 50 63 0.9982393 
203 312 33 50 0.9897205 
417 247 28 36 0.92988366 
893 327 19 22 0.79622775 
811 257 15 23 0.76858604 
165 237 17 19 0.31853157 
888 318 13 17 0.14244483 
496 283 9 12 0.047256026 
818 253 13 23 0.038287934 
481 275 10 13 0.032739963 
487 272 9 10 0.032132786 
414 240 17 27 0.0289615 
492 271 9 12 0.02836972 
872 347 11 13 0.025453238 
90 117 17 22 0.025346467 
904 329 15 18 0.024314838 
516 526 31 27 0.022776406 
893 370 12 13 0.021744357 
863 366 11 12 0.021044321 
