56_Voter_peoplevoting_56_268
181
390 254 31 39 0.9943218 
242 277 35 41 0.9933522 
743 228 25 34 0.99238586 
805 219 24 30 0.98162234 
863 230 22 30 0.97732735 
663 219 25 34 0.97542804 
633 192 15 19 0.9574872 
473 221 24 27 0.91309935 
301 212 15 18 0.9071014 
357 202 13 15 0.8966589 
514 212 14 19 0.89481205 
411 195 13 16 0.88503593 
136 216 22 26 0.8842583 
391 183 13 18 0.8667524 
111 184 10 13 0.86430377 
369 179 12 15 0.84850526 
264 228 19 22 0.8418448 
596 207 12 16 0.82673115 
26 182 13 16 0.8099687 
939 205 20 26 0.7993245 
417 224 19 25 0.76385695 
126 190 12 14 0.74559265 
445 216 18 21 0.7389795 
334 231 20 27 0.7316073 
678 194 14 17 0.6689908 
357 225 14 19 0.6461934 
222 205 13 18 0.5689309 
836 219 18 24 0.54678017 
579 219 16 23 0.5255414 
76 186 10 13 0.49528033 
564 182 10 12 0.40932053 
245 187 10 13 0.37960467 
280 199 11 14 0.35466018 
613 244 17 22 0.3545983 
118 210 15 20 0.30726898 
558 199 9 12 0.30420637 
445 202 15 17 0.24461517 
962 210 13 20 0.2418187 
456 180 9 12 0.2303321 
205 166 9 11 0.21697156 
278 286 20 28 0.20265923 
278 181 15 18 0.19426599 
439 203 13 16 0.19220555 
343 183 9 12 0.19134142 
954 207 17 27 0.17949809 
240 182 10 13 0.16795926 
23 164 9 11 0.1596215 
84 205 10 13 0.12447782 
567 187 10 14 0.105442114 
200 211 11 14 0.10494833 
98 172 8 11 0.10399623 
57 169 8 10 0.0977309 
340 203 10 14 0.085247144 
142 188 8 11 0.08507487 
230 251 26 30 0.08206462 
0 158 7 11 0.08124459 
349 259 15 24 0.078869246 
297 181 9 12 0.07409258 
284 202 10 14 0.07362251 
596 298 16 22 0.07341387 
334 189 8 10 0.071085535 
48 180 9 12 0.06901506 
978 206 15 17 0.06856483 
778 224 15 20 0.06730438 
634 225 16 23 0.06678673 
221 185 8 11 0.06285552 
2 207 9 12 0.061293893 
191 187 10 13 0.05962655 
198 182 9 12 0.055163555 
167 221 12 15 0.054424044 
235 262 31 39 0.053310476 
326 165 8 9 0.050069276 
233 167 8 10 0.049878366 
251 207 13 18 0.049585626 
529 260 11 16 0.049486306 
268 208 13 16 0.049186576 
565 194 10 14 0.04799727 
358 161 9 11 0.04600122 
172 219 13 16 0.045497056 
217 204 12 17 0.04527528 
321 165 8 9 0.04295519 
703 173 8 10 0.04230175 
101 170 8 10 0.041980673 
312 186 11 14 0.04167192 
48 204 11 14 0.041412782 
190 206 12 15 0.04086167 
230 197 11 13 0.040681742 
671 175 9 11 0.04047354 
335 184 9 12 0.040356003 
262 223 15 20 0.040253192 
31 165 8 10 0.040074952 
174 187 11 13 0.039581336 
452 200 12 16 0.03953132 
61 172 8 10 0.03919283 
519 281 15 20 0.03872911 
573 227 16 27 0.03836512 
197 197 12 14 0.037952982 
39 168 7 9 0.037286796 
330 188 8 11 0.037208516 
36 188 11 13 0.036861666 
88 161 6 9 0.036095016 
80 165 7 9 0.03600995 
317 187 9 13 0.035297036 
81 161 7 9 0.034864888 
479 189 11 14 0.03457192 
571 190 10 14 0.034124177 
457 215 22 28 0.03289583 
7 141 9 11 0.03237167 
768 223 21 28 0.032206364 
79 212 11 14 0.032168895 
231 174 7 9 0.032065105 
509 173 9 10 0.031332757 
303 176 8 10 0.03093169 
1 268 10 15 0.030912247 
180 213 13 18 0.03043423 
574 214 14 20 0.030088853 
17 181 11 14 0.029675974 
233 181 9 11 0.029290043 
230 191 10 12 0.029144427 
287 281 21 32 0.029130118 
353 159 9 12 0.029048415 
263 205 12 16 0.028960252 
849 218 15 21 0.02895054 
197 187 11 14 0.028560368 
533 208 9 12 0.028340608 
643 223 22 27 0.028048076 
246 196 12 16 0.027851071 
183 206 11 13 0.027616208 
188 235 15 17 0.027539922 
524 211 11 16 0.02735582 
63 197 10 13 0.027315127 
237 197 11 14 0.027131693 
974 210 14 17 0.027010506 
334 209 12 15 0.026830755 
286 213 10 15 0.026343513 
344 231 17 22 0.02623808 
31 160 8 10 0.025862679 
160 190 9 10 0.025714394 
566 237 16 24 0.025681764 
262 199 11 13 0.025579993 
173 196 12 15 0.025314586 
89 165 8 10 0.025239129 
333 243 18 24 0.024951305 
137 168 7 9 0.024823636 
195 218 13 17 0.024426492 
565 224 15 23 0.024410635 
470 204 13 16 0.024349883 
217 187 10 12 0.02415018 
678 176 8 11 0.023848066 
607 243 16 21 0.023734983 
265 167 8 10 0.023627823 
190 196 12 13 0.023523513 
239 203 12 16 0.023491714 
158 220 11 17 0.02342844 
273 182 12 15 0.023198722 
39 159 7 9 0.023142627 
0 231 8 13 0.02309447 
169 175 9 11 0.02295884 
311 175 8 9 0.022810671 
256 175 8 10 0.022802178 
320 133 8 10 0.02274539 
417 195 12 16 0.022726864 
414 237 16 23 0.022723665 
419 240 21 28 0.022631278 
618 236 20 25 0.022241615 
928 204 13 19 0.022143649 
159 118 7 8 0.022094782 
144 168 6 9 0.021759378 
237 166 8 9 0.021741787 
425 220 14 20 0.021660106 
478 183 9 12 0.021642461 
566 211 12 17 0.021602783 
136 173 8 11 0.021563027 
215 209 11 17 0.021498514 
176 258 11 14 0.021290457 
363 198 12 17 0.021265885 
484 189 11 15 0.020731915 
342 247 20 30 0.020446725 
118 187 10 14 0.020419376 
192 166 7 10 0.020304073 
473 182 9 12 0.02000748 
