56_Voter_peoplevoting_56_260
27
947 220 25 34 0.9948955 
837 322 29 36 0.9947659 
910 428 30 40 0.9946209 
857 217 28 36 0.9937953 
930 319 28 35 0.9935044 
42 312 28 35 0.9918719 
276 157 38 46 0.9916755 
931 123 26 34 0.9889438 
848 418 28 34 0.98621434 
470 133 38 48 0.9827141 
26 212 30 39 0.9817037 
56 39 32 41 0.9723794 
686 155 44 43 0.96608937 
-1 414 19 36 0.9584883 
64 117 28 38 0.8857092 
850 28 29 38 0.8726171 
1003 432 21 33 0.7932502 
925 23 28 35 0.49362934 
995 341 22 28 0.29631293 
506 104 27 31 0.20377292 
836 0 23 26 0.110195644 
79 302 20 28 0.06375456 
321 209 25 30 0.04090999 
988 70 19 22 0.033731263 
936 29 30 40 0.027594455 
742 203 25 31 0.02289247 
1000 28 23 35 0.022573896 
