56_Voter_peoplevoting_56_350
462
40 363 31 47 0.9892129 
207 94 8 10 0.9728115 
332 116 9 12 0.8719683 
747 236 10 13 0.8588961 
518 317 19 28 0.8473129 
466 149 10 14 0.8456916 
5 324 34 47 0.8403144 
526 183 9 11 0.83326644 
513 160 9 11 0.8330804 
257 107 9 11 0.7954598 
198 75 10 14 0.7615046 
647 204 9 12 0.7598723 
857 259 12 15 0.7491466 
433 127 8 11 0.7442889 
732 219 10 13 0.74118155 
436 151 9 11 0.73880666 
342 399 21 39 0.7301658 
829 267 12 14 0.7136759 
305 107 9 12 0.7044232 
564 169 9 11 0.689007 
499 352 23 32 0.68767196 
540 190 10 13 0.67309 
527 161 8 10 0.6674633 
12 38 8 11 0.6634978 
112 60 7 10 0.6482816 
743 208 9 12 0.64272225 
462 132 8 11 0.63561547 
228 101 9 12 0.61835027 
81 46 8 10 0.5921735 
564 189 9 12 0.5868323 
608 192 10 14 0.57812285 
285 113 9 11 0.5716444 
720 203 11 14 0.541725 
393 140 10 12 0.50356185 
700 224 10 13 0.49838838 
765 204 9 12 0.48334196 
581 168 10 12 0.4613951 
181 73 8 10 0.45299911 
797 234 11 14 0.44468427 
391 385 19 27 0.43580475 
517 159 9 11 0.435562 
793 216 8 11 0.41647568 
630 192 9 12 0.38570982 
304 84 9 11 0.37009084 
498 157 7 10 0.36833042 
823 240 9 10 0.35643548 
53 44 8 11 0.35639688 
350 132 10 12 0.34534052 
544 167 10 13 0.3245374 
404 120 9 12 0.31355911 
748 350 19 27 0.31315267 
385 117 8 10 0.3019621 
662 368 32 30 0.28946114 
671 212 10 12 0.28785095 
354 110 9 11 0.28023744 
504 126 8 11 0.27341425 
926 244 9 11 0.24411769 
665 188 8 11 0.24062698 
765 287 13 15 0.23213185 
224 96 9 12 0.22815175 
321 90 7 9 0.22615021 
448 37 8 11 0.22227937 
371 109 8 11 0.21879767 
593 182 9 11 0.20331813 
797 365 13 16 0.19307734 
629 180 10 13 0.18652101 
854 237 8 10 0.17632157 
831 237 13 15 0.17458376 
127 23 7 10 0.17396882 
501 48 10 12 0.16296619 
408 144 9 11 0.15496506 
553 56 7 9 0.1533005 
368 134 8 10 0.15049788 
606 167 9 11 0.1494873 
901 247 12 14 0.14849788 
865 304 10 12 0.14782277 
574 322 20 28 0.14713295 
835 242 12 14 0.14613153 
96 85 7 9 0.14576001 
280 80 7 9 0.14563781 
775 228 11 13 0.1444866 
739 353 17 22 0.14318585 
100 30 8 10 0.14298843 
999 310 9 13 0.13840628 
670 181 8 11 0.13832238 
780 226 10 13 0.13651848 
718 354 20 30 0.13496403 
73 41 8 9 0.13479935 
610 159 8 10 0.1345018 
758 223 10 13 0.13341129 
599 223 13 18 0.13256472 
38 41 8 10 0.13237607 
826 306 15 18 0.13047743 
837 299 13 14 0.12495817 
73 64 8 10 0.123477496 
724 200 11 13 0.12272033 
597 181 8 10 0.12116655 
998 315 13 21 0.117263146 
136 53 8 11 0.11611581 
474 45 9 12 0.11561378 
600 175 8 11 0.11437091 
527 144 8 10 0.113920555 
873 237 9 11 0.11335539 
63 71 9 12 0.11235914 
774 236 10 12 0.110841595 
645 189 9 12 0.11015253 
32 39 8 10 0.107221425 
136 18 7 9 0.10379542 
125 27 10 12 0.10360102 
103 41 8 10 0.0989903 
78 42 9 11 0.09799812 
408 166 8 10 0.09655773 
145 78 8 10 0.096231125 
134 46 8 10 0.0960831 
651 345 16 25 0.0956244 
354 104 8 10 0.093537144 
729 190 9 10 0.092925124 
479 118 8 10 0.09207394 
345 127 10 12 0.09093566 
908 312 15 20 0.090329036 
437 154 10 13 0.08813936 
389 118 8 10 0.08794792 
776 212 9 11 0.08779955 
818 238 9 11 0.08396773 
272 86 7 9 0.0838566 
677 204 9 12 0.0833703 
656 166 8 9 0.0818154 
482 150 7 10 0.081623144 
503 131 9 11 0.08061639 
327 93 7 10 0.0801168 
88 69 8 9 0.07977914 
803 235 11 13 0.07870477 
464 145 10 12 0.078086644 
887 245 9 11 0.07766274 
908 321 13 16 0.07679242 
142 56 9 12 0.07601523 
605 172 8 11 0.07535155 
520 144 7 9 0.07236646 
490 128 7 9 0.071801305 
412 390 21 27 0.0715513 
543 160 9 10 0.07102734 
358 133 8 11 0.069617316 
913 304 11 14 0.069330536 
279 101 8 11 0.06900101 
526 52 8 10 0.06678446 
264 68 7 10 0.06667141 
120 56 8 10 0.06627043 
792 315 11 14 0.06599907 
642 158 7 9 0.06530926 
194 38 7 9 0.064711064 
849 238 9 11 0.06466048 
645 184 9 11 0.06432505 
55 9 7 9 0.06411417 
477 182 8 10 0.06385674 
137 70 8 9 0.06348298 
505 122 7 9 0.06324521 
615 181 9 11 0.06317219 
792 232 12 14 0.06279982 
726 354 24 25 0.06252467 
552 61 7 9 0.06164152 
361 128 8 10 0.06157823 
366 128 8 11 0.060738165 
417 126 8 10 0.060202703 
458 128 9 11 0.05919913 
24 32 9 11 0.058779694 
548 171 10 12 0.0584629 
199 39 7 9 0.05772791 
535 159 8 10 0.057401787 
377 149 8 10 0.057398755 
353 115 9 11 0.056612603 
481 143 8 10 0.05637392 
160 55 6 9 0.056267023 
753 222 10 12 0.056152686 
401 493 26 29 0.055973824 
249 119 8 11 0.055510174 
279 84 8 10 0.055357683 
117 60 8 10 0.054944698 
900 309 16 21 0.054119 
578 172 9 12 0.053426594 
799 244 12 15 0.053271893 
614 128 8 10 0.0532042 
232 126 9 12 0.052602813 
335 95 7 9 0.05256013 
958 308 9 11 0.05240633 
593 158 8 10 0.052052718 
517 109 8 9 0.051981587 
288 85 8 10 0.05191149 
536 150 8 10 0.0510818 
486 150 8 10 0.050055817 
287 79 7 10 0.049259905 
34 45 8 10 0.04887921 
760 213 11 14 0.048859548 
172 86 9 11 0.048378102 
575 181 8 10 0.048272766 
197 83 11 13 0.048184052 
432 121 9 12 0.048011884 
556 142 8 10 0.04764325 
81 52 8 10 0.047584258 
106 45 7 10 0.047568284 
675 362 23 27 0.04738328 
0 28 6 10 0.047371145 
791 284 11 13 0.047355805 
844 300 10 12 0.047093943 
424 127 8 10 0.046934377 
476 40 9 11 0.046499707 
993 304 10 13 0.04649092 
370 87 7 9 0.044908486 
50 41 8 11 0.044659074 
727 169 7 10 0.044317488 
457 150 8 12 0.04430202 
110 45 7 10 0.04389815 
717 210 11 14 0.04360703 
142 72 8 9 0.04354289 
137 63 9 10 0.043136105 
671 178 8 9 0.04309361 
780 331 13 18 0.042469624 
519 150 9 11 0.042460423 
529 111 7 9 0.04210361 
373 133 8 11 0.04159058 
492 357 19 25 0.04144888 
768 228 10 12 0.04124715 
712 166 8 9 0.041049976 
914 309 14 16 0.04100878 
127 53 7 10 0.040923275 
477 126 9 10 0.040820893 
653 355 22 30 0.040382806 
759 291 14 15 0.040363714 
567 186 9 11 0.040114824 
846 294 12 14 0.040085614 
554 151 7 9 0.039865777 
160 46 8 10 0.039470702 
719 351 12 20 0.03937809 
584 161 8 10 0.038892712 
373 106 8 9 0.03884036 
49 8 8 9 0.03850005 
657 161 7 10 0.03846131 
274 80 8 9 0.03842693 
514 143 7 9 0.038351525 
796 285 13 14 0.03821357 
149 78 7 9 0.037950356 
815 316 12 16 0.037830118 
357 116 9 11 0.037581857 
741 313 17 18 0.037488244 
529 135 8 10 0.03733299 
80 7 7 9 0.03722157 
520 95 7 9 0.03717727 
231 393 25 46 0.037143424 
748 212 10 12 0.03692368 
831 294 13 15 0.036865797 
222 119 9 11 0.036785197 
953 304 9 12 0.036691707 
431 166 9 11 0.0365765 
640 183 9 11 0.03618604 
769 236 10 12 0.03601476 
122 30 8 11 0.035888333 
128 86 8 10 0.035873227 
214 110 9 12 0.035846975 
755 301 13 15 0.035738792 
846 284 13 14 0.03542787 
265 140 9 10 0.03525506 
120 78 7 9 0.035123706 
575 56 7 10 0.035000708 
854 292 10 12 0.034909133 
591 186 10 12 0.034843296 
526 558 26 34 0.03466628 
488 133 8 10 0.034605023 
500 153 9 10 0.03449222 
559 194 10 13 0.03443506 
512 181 9 11 0.03434881 
111 41 7 10 0.03400683 
856 233 9 11 0.033823118 
872 254 10 12 0.033750538 
319 0 8 10 0.033721697 
597 158 8 9 0.033596274 
489 46 8 10 0.03357925 
98 39 7 10 0.033374228 
71 67 9 12 0.03330179 
593 176 9 11 0.033001326 
575 62 7 9 0.032678604 
128 40 7 9 0.032674905 
765 210 11 13 0.03242894 
805 245 10 14 0.032375 
272 96 9 12 0.032191686 
246 76 8 10 0.03209612 
214 94 8 11 0.032034118 
72 32 6 9 0.032000527 
472 134 8 11 0.031931758 
136 80 8 11 0.03190338 
679 103 8 10 0.0318503 
478 157 8 11 0.03174166 
574 201 13 16 0.03155825 
708 222 10 12 0.031491984 
31 77 7 10 0.031444047 
487 144 8 10 0.03140647 
338 71 7 8 0.031354822 
130 47 8 10 0.031179676 
780 208 9 11 0.031173078 
560 353 23 26 0.03111498 
552 157 8 10 0.030999962 
184 63 7 9 0.030886501 
183 30 7 9 0.030634617 
108 61 7 9 0.03045789 
846 338 9 14 0.030346623 
616 152 6 8 0.030191429 
78 67 9 11 0.030139519 
877 252 11 14 0.029816814 
151 32 7 9 0.029776951 
626 196 9 11 0.02953549 
780 393 23 28 0.02948333 
512 135 7 10 0.029286064 
878 245 10 12 0.029127764 
469 223 9 12 0.029034216 
0 38 7 12 0.028987193 
495 127 8 11 0.028932536 
487 119 7 9 0.028847745 
487 111 7 9 0.028763838 
46 88 8 10 0.028688733 
943 304 8 10 0.028660899 
97 55 6 9 0.02862676 
826 234 21 25 0.028469263 
184 86 9 11 0.028431788 
423 31 9 11 0.028353328 
65 32 7 9 0.02834413 
594 134 7 9 0.028312216 
266 87 7 9 0.028268673 
134 84 10 12 0.028254075 
366 169 7 10 0.028227735 
519 126 8 9 0.028049 
518 163 10 12 0.02800482 
781 388 15 20 0.027605388 
640 190 10 12 0.02759027 
901 272 14 17 0.027567904 
685 369 25 28 0.027537772 
233 132 9 12 0.027493758 
242 72 7 10 0.027371926 
48 93 8 11 0.027275361 
679 200 9 12 0.027217519 
481 112 7 10 0.02719474 
478 135 8 11 0.027106002 
183 399 33 50 0.027092608 
295 86 8 10 0.027091652 
146 38 7 9 0.02700103 
713 214 9 14 0.026999578 
1004 309 10 14 0.026934985 
174 94 8 11 0.026760176 
486 103 7 10 0.02660712 
529 118 7 9 0.026605638 
738 207 10 12 0.026444627 
178 30 7 9 0.026421556 
177 77 9 11 0.026405726 
78 32 8 10 0.026303435 
175 39 7 9 0.026288258 
878 282 13 17 0.026203623 
906 251 12 13 0.026036961 
639 197 10 11 0.025975337 
150 38 8 9 0.025968967 
529 15 8 9 0.025966136 
688 222 9 11 0.025938315 
541 150 8 10 0.025902914 
456 23 6 8 0.025867963 
224 41 6 8 0.025813548 
399 148 9 11 0.025687601 
494 183 9 11 0.025668785 
705 195 10 13 0.02563699 
142 84 9 12 0.02562224 
747 207 10 12 0.02561207 
537 193 10 13 0.025460094 
64 38 7 10 0.025431065 
790 243 11 13 0.025407784 
519 135 7 9 0.025393981 
821 312 16 18 0.025301695 
883 262 16 18 0.025155116 
495 133 8 10 0.025109984 
667 327 12 13 0.025066804 
63 53 8 10 0.025001267 
351 86 7 9 0.02498504 
0 46 8 11 0.024880476 
703 159 8 10 0.024735635 
142 21 7 9 0.024652371 
472 127 9 11 0.024509598 
389 113 8 10 0.02443109 
585 182 8 10 0.02442829 
9 33 9 11 0.024391927 
937 302 8 11 0.024309801 
367 139 8 10 0.024032114 
183 46 7 8 0.02399264 
239 112 9 10 0.023953099 
310 86 7 10 0.02387619 
480 32 6 9 0.023859091 
754 341 19 28 0.023856837 
558 151 7 10 0.023806024 
293 0 8 9 0.023803752 
765 339 13 20 0.02379491 
184 39 8 10 0.023683285 
705 150 8 11 0.023658138 
107 498 61 40 0.023604931 
401 396 26 27 0.023562985 
689 159 7 9 0.023448791 
469 155 10 12 0.02340392 
251 103 8 10 0.0233951 
385 104 7 9 0.02325009 
46 55 8 11 0.02311931 
136 42 6 8 0.023008155 
87 6 8 10 0.022933403 
711 205 11 14 0.022793291 
521 5 8 10 0.022790648 
671 201 10 12 0.02264148 
208 40 7 9 0.022591157 
462 79 8 10 0.022533564 
836 249 13 16 0.022385273 
272 71 8 10 0.022383211 
23 23 8 10 0.022233889 
25 0 8 10 0.022191357 
103 103 7 9 0.02218672 
494 145 8 10 0.022082334 
518 103 8 12 0.021981515 
537 22 8 10 0.02194604 
416 119 10 12 0.021787269 
93 63 8 10 0.021646585 
42 87 7 9 0.021626417 
130 17 7 10 0.021579396 
253 118 9 12 0.021572214 
268 142 9 11 0.02132588 
576 47 7 8 0.02132192 
86 53 8 10 0.021316871 
96 47 8 10 0.021306474 
368 117 9 12 0.02129258 
90 80 8 10 0.021269614 
569 63 7 9 0.021258928 
662 160 7 9 0.021215465 
590 56 8 10 0.021206336 
547 351 18 23 0.021107666 
586 62 7 10 0.021091677 
511 120 7 9 0.02108871 
401 112 8 10 0.021005187 
215 118 10 11 0.020956432 
102 26 7 9 0.020936761 
648 175 7 10 0.020890037 
646 158 7 9 0.020867389 
342 70 7 9 0.020708954 
974 311 9 11 0.020676972 
766 223 10 13 0.02066617 
192 34 7 9 0.020662956 
553 198 8 10 0.020638244 
522 187 9 12 0.020577472 
885 254 12 15 0.020557158 
127 81 8 10 0.02049965 
554 48 7 10 0.020462083 
401 81 7 9 0.020448843 
742 221 9 11 0.02040211 
438 146 8 10 0.020401452 
392 147 9 11 0.020368563 
398 28 7 10 0.020357722 
597 326 17 27 0.020259252 
695 160 8 10 0.020238752 
581 214 12 16 0.02016715 
808 339 26 28 0.020148406 
224 124 8 11 0.020112287 
708 310 11 14 0.020089278 
796 220 10 12 0.02003867 
118 72 8 10 0.020031929 
511 320 18 23 0.020000905 
