56_Voter_peoplevoting_56_122
92
688 46 39 62 0.99123573 
441 38 27 37 0.99069667 
80 67 38 46 0.97721475 
936 76 38 58 0.97616446 
559 78 34 53 0.9727544 
404 9 25 31 0.9725468 
837 54 37 55 0.9634495 
708 4 30 37 0.9626037 
531 13 29 34 0.91921073 
902 30 36 52 0.90087914 
485 14 29 35 0.89351964 
349 26 27 35 0.88557756 
699 365 65 65 0.8787221 
617 55 28 44 0.8417573 
421 132 28 39 0.8265426 
297 17 21 28 0.82224697 
603 7 28 38 0.75618756 
958 11 33 50 0.7509713 
210 33 25 29 0.68272656 
435 0 20 23 0.5866664 
275 120 38 47 0.4882326 
376 11 20 29 0.40883145 
203 19 21 29 0.40649486 
254 10 22 31 0.39023918 
655 1 24 32 0.34078017 
459 0 22 24 0.3039144 
194 17 20 27 0.28952372 
901 83 25 34 0.26641247 
158 25 22 28 0.20458016 
771 22 31 47 0.18872234 
72 22 23 30 0.17503226 
152 11 25 27 0.17413886 
74 18 16 21 0.14215253 
785 4 28 36 0.13468727 
482 4 24 31 0.12247424 
153 63 23 31 0.09962892 
323 113 33 48 0.09811932 
608 22 28 38 0.095083 
259 15 27 35 0.093226686 
402 92 19 25 0.08543646 
179 19 20 28 0.07902998 
135 41 22 32 0.07653804 
470 0 23 27 0.06999422 
145 1 24 26 0.06839355 
241 3 22 25 0.05903476 
662 0 32 41 0.056266744 
180 0 14 12 0.055522487 
146 55 24 32 0.05543183 
67 0 19 18 0.053713012 
-8 433 161 164 0.050748046 
799 9 27 36 0.04893233 
415 2 25 28 0.04873116 
970 5 40 45 0.048119143 
993 0 29 41 0.047659945 
143 35 24 32 0.045358215 
54 1 14 15 0.04423938 
100 -1 17 14 0.043124642 
645 3 23 33 0.042102076 
901 58 30 48 0.040442016 
281 15 24 30 0.039453685 
101 19 22 28 0.038256127 
169 25 22 30 0.0382267 
547 5 26 35 0.035232257 
526 21 18 24 0.03521428 
436 33 20 24 0.03487219 
127 34 22 30 0.03483612 
24 24 26 37 0.034281008 
616 38 28 40 0.03280923 
597 11 16 26 0.032410678 
82 25 27 31 0.032164454 
604 28 17 24 0.031718843 
236 -1 17 14 0.03168041 
187 14 18 24 0.031140635 
241 122 27 43 0.03081833 
110 24 22 31 0.02939595 
358 15 27 33 0.028742438 
149 24 19 23 0.028112218 
930 22 38 54 0.027888149 
671 14 39 51 0.027744167 
401 5 19 24 0.026875576 
92 19 17 20 0.026169011 
715 383 80 67 0.025955535 
119 26 22 31 0.024168992 
924 54 47 63 0.02248809 
252 3 15 20 0.022269474 
262 104 44 52 0.022185521 
627 55 36 54 0.021341167 
614 2 33 37 0.020972956 
62 19 24 29 0.02064947 
418 128 21 28 0.02049068 
187 0 14 12 0.02048243 
315 69 19 23 0.020223137 
