56_Voter_peoplevoting_56_663
60
491 293 47 64 0.99923897 
836 50 67 90 0.9973022 
667 139 48 54 0.99555814 
343 212 43 43 0.94770396 
106 227 10 12 0.7792495 
197 198 12 16 0.59201056 
71 220 9 12 0.32033125 
637 172 8 11 0.3065308 
13 225 8 10 0.28296643 
283 190 11 12 0.27465463 
233 180 10 14 0.21749671 
42 224 9 11 0.196157 
317 180 11 14 0.19360064 
184 188 11 14 0.14886092 
54 247 10 13 0.10361792 
17 239 9 11 0.08014344 
261 213 9 11 0.06310526 
1 217 8 11 0.062843494 
88 220 8 11 0.060459647 
94 237 8 10 0.059546567 
70 254 8 11 0.04920029 
65 263 11 13 0.04574308 
45 227 9 11 0.04311959 
88 215 10 12 0.04142742 
281 252 8 11 0.040591672 
256 212 10 13 0.040122695 
8 228 10 11 0.039089665 
77 221 9 12 0.038237642 
252 222 10 13 0.036009625 
42 261 13 15 0.03290565 
55 239 10 13 0.032272775 
174 196 10 13 0.03039099 
237 183 11 18 0.030201413 
95 232 8 11 0.030176884 
49 246 10 12 0.029881634 
95 247 8 10 0.029418118 
40 214 8 11 0.02886787 
154 172 13 15 0.02868159 
634 170 8 10 0.02801772 
89 232 8 10 0.027426306 
327 212 33 38 0.027262283 
89 238 8 10 0.026980868 
92 260 9 13 0.026221529 
248 212 10 12 0.025670284 
1 238 8 12 0.025510479 
6 214 8 11 0.024832096 
45 253 12 14 0.024355456 
71 230 8 11 0.023848508 
169 198 10 13 0.022723643 
314 176 19 25 0.022544615 
306 196 13 17 0.021903638 
324 211 12 17 0.021831522 
23 224 9 10 0.021760324 
209 182 9 13 0.02149712 
187 185 11 14 0.020915376 
33 229 7 10 0.020720202 
318 212 24 34 0.020682996 
174 190 10 13 0.020681925 
278 224 11 14 0.020434918 
168 189 9 12 0.02024219 
