56_Voter_peoplevoting_56_558
539
644 276 59 82 0.9990632 
397 253 45 93 0.9571043 
835 278 20 27 0.9461601 
893 425 11 14 0.87736696 
625 415 8 10 0.8692939 
596 422 10 12 0.81087655 
586 413 7 10 0.7202205 
80 409 7 9 0.4963919 
490 419 8 12 0.48748866 
651 407 8 10 0.47688723 
50 397 8 10 0.41871193 
904 350 9 12 0.38422343 
926 388 8 10 0.37839118 
134 394 8 9 0.31296605 
63 366 8 10 0.29890943 
882 336 7 9 0.29774877 
960 337 7 9 0.2861349 
209 343 8 11 0.2845651 
911 416 9 11 0.276207 
15 409 9 11 0.27267042 
193 358 7 9 0.24344195 
936 420 8 11 0.24276347 
110 407 8 11 0.24066831 
572 384 8 10 0.23973471 
147 407 8 11 0.2219774 
637 406 7 9 0.22050492 
618 368 8 10 0.2133961 
885 412 9 11 0.21315247 
849 125 6 8 0.20607185 
45 411 8 11 0.19754328 
472 410 9 13 0.18269603 
985 88 6 8 0.18118559 
98 393 7 9 0.18049341 
594 376 7 9 0.17866875 
927 414 9 12 0.17091593 
920 405 9 11 0.16906916 
915 373 7 10 0.16396496 
57 385 7 8 0.15964925 
23 377 7 9 0.15954028 
525 460 12 13 0.15311697 
602 405 7 9 0.15203242 
160 397 8 10 0.1488844 
95 372 7 9 0.14486437 
23 359 7 9 0.14318629 
943 341 8 10 0.14245182 
601 385 8 9 0.14130963 
888 391 8 9 0.1352996 
117 399 8 10 0.13480164 
585 359 7 9 0.13412502 
191 398 8 10 0.13129453 
578 402 6 8 0.13125452 
520 400 7 9 0.117940396 
909 350 8 10 0.11748995 
601 350 7 10 0.116397135 
104 352 8 10 0.11595031 
894 397 7 10 0.11555103 
96 397 7 9 0.113406 
542 388 7 10 0.1132541 
963 382 7 9 0.11159079 
79 359 8 9 0.106874935 
896 302 9 10 0.10655222 
949 428 9 11 0.10053502 
919 302 7 9 0.100491896 
217 373 7 9 0.09916357 
607 400 7 9 0.098540634 
615 412 8 11 0.09812504 
662 417 9 10 0.09787886 
921 319 6 9 0.09688816 
873 118 8 9 0.096057616 
169 350 6 8 0.09349129 
250 335 8 11 0.092736855 
294 292 8 11 0.09169961 
936 341 8 10 0.091131516 
885 358 8 10 0.08928637 
103 392 7 9 0.08845653 
153 397 8 10 0.08833 
903 86 7 9 0.088170126 
190 334 7 9 0.086536594 
517 406 8 10 0.08601836 
839 78 7 10 0.08550477 
158 383 7 9 0.08534119 
882 357 8 10 0.0850692 
902 355 9 12 0.08480213 
879 304 8 10 0.08389871 
248 327 8 9 0.08242868 
89 400 8 9 0.08233896 
881 436 9 12 0.080427885 
813 108 8 11 0.08030975 
131 392 7 10 0.079923235 
949 71 8 10 0.07910294 
213 423 8 10 0.07769556 
185 382 9 11 0.07759769 
952 389 7 9 0.07714457 
559 423 7 9 0.07657285 
513 384 8 9 0.07652587 
838 110 7 10 0.073174395 
930 285 7 10 0.07308954 
937 104 8 10 0.07252469 
233 343 7 9 0.07201607 
192 354 7 9 0.07201352 
583 366 6 9 0.07106386 
920 412 9 12 0.071032666 
904 327 6 8 0.07054025 
881 309 7 10 0.07048703 
251 340 7 10 0.07018924 
135 375 6 8 0.069876544 
616 393 7 9 0.06983257 
145 373 7 9 0.0696592 
111 391 6 8 0.069541894 
872 407 9 11 0.06940276 
170 345 6 8 0.0690238 
886 384 8 10 0.06892864 
616 349 6 9 0.06859735 
943 302 7 9 0.06733422 
478 407 8 11 0.06722886 
634 383 7 9 0.06634641 
910 335 7 9 0.066090964 
232 327 6 8 0.0657407 
606 405 7 10 0.06536608 
232 336 6 8 0.0651245 
649 429 8 10 0.0650969 
240 352 7 9 0.06506609 
103 357 7 9 0.0647925 
624 392 7 9 0.06440976 
114 367 7 9 0.06393155 
955 399 8 10 0.063558176 
554 346 7 8 0.063067 
558 432 8 11 0.063001424 
461 336 8 10 0.06238248 
85 383 8 9 0.062375266 
86 406 8 11 0.061943553 
41 375 7 10 0.061812963 
943 370 7 9 0.061556507 
598 416 10 13 0.06139352 
941 105 8 10 0.0613779 
575 423 8 10 0.060692914 
895 295 9 11 0.06058397 
781 330 11 15 0.060483366 
570 415 7 9 0.060318947 
106 383 7 9 0.06019218 
878 111 8 10 0.060001243 
953 286 8 10 0.059679363 
215 326 7 9 0.059488166 
585 353 6 9 0.059478987 
887 105 8 9 0.05828522 
507 358 6 9 0.056814082 
192 329 7 9 0.054903712 
944 385 8 10 0.054082476 
513 302 8 9 0.053675804 
234 375 8 9 0.053606432 
870 390 8 9 0.05333713 
518 414 8 10 0.053305093 
903 320 7 9 0.053181842 
481 368 7 8 0.053144652 
514 343 6 7 0.05312085 
669 405 8 10 0.053035434 
546 303 8 10 0.052896276 
226 365 7 10 0.052882917 
885 318 8 11 0.05210104 
646 370 8 9 0.051843237 
907 335 6 8 0.05177725 
560 361 6 8 0.051255785 
650 384 7 9 0.050784424 
268 325 8 11 0.050654408 
201 377 7 9 0.05023215 
568 400 7 9 0.04925636 
190 343 6 8 0.049137183 
242 357 7 10 0.04909105 
538 374 7 9 0.048981074 
506 294 7 9 0.048878573 
63 391 7 9 0.048846886 
31 389 7 9 0.048414458 
486 399 8 10 0.048207425 
590 440 8 11 0.048169773 
857 120 7 9 0.048149325 
962 414 8 10 0.04807408 
897 326 7 9 0.047994617 
47 394 9 10 0.047782995 
970 79 7 9 0.047207873 
974 77 6 9 0.047055762 
934 337 8 10 0.046949957 
977 376 7 9 0.046947174 
223 423 8 9 0.046709903 
238 343 7 9 0.046508096 
578 344 6 8 0.04644118 
931 336 7 9 0.046080567 
872 101 6 9 0.045524128 
917 368 7 11 0.045469575 
936 359 7 9 0.04533716 
721 126 7 8 0.045309167 
518 385 7 9 0.04527542 
795 119 6 9 0.044915713 
492 416 9 12 0.044806007 
78 392 8 10 0.04450934 
528 424 8 10 0.04449691 
186 344 7 8 0.044273987 
814 104 7 10 0.043678608 
921 313 6 8 0.043609887 
510 295 7 9 0.0431902 
960 377 7 9 0.043070868 
815 126 7 9 0.043003045 
648 410 9 12 0.04289604 
873 126 7 10 0.04269559 
506 375 7 9 0.042516835 
768 135 7 9 0.042364284 
73 393 8 10 0.04233781 
58 366 9 10 0.042116895 
886 377 8 9 0.041784693 
738 125 7 10 0.041515317 
105 376 7 8 0.041347317 
714 144 7 9 0.04128233 
881 77 6 9 0.041159432 
834 110 8 10 0.041150402 
610 413 7 10 0.040967703 
529 366 6 8 0.040865377 
47 381 7 9 0.040720146 
938 302 7 9 0.04070526 
799 127 7 10 0.040684 
640 366 7 9 0.04064139 
579 367 6 8 0.040512465 
1 390 7 9 0.040460873 
131 375 7 9 0.04044602 
567 321 9 10 0.040259846 
593 380 8 10 0.039933022 
486 393 7 9 0.03988712 
535 352 6 8 0.03988019 
654 383 7 9 0.03974288 
953 336 7 9 0.03968705 
593 335 7 9 0.039534234 
945 325 7 10 0.039453544 
185 376 9 11 0.039244987 
977 382 6 9 0.039171036 
599 344 7 9 0.039072882 
937 367 7 10 0.03899141 
1004 95 8 10 0.03894576 
110 384 6 9 0.038878914 
950 76 8 10 0.03861964 
535 407 7 11 0.038595356 
169 375 7 8 0.03857566 
234 350 7 9 0.038563184 
993 365 7 9 0.03847358 
593 399 7 8 0.038270388 
576 405 7 9 0.0382642 
622 372 7 10 0.03824664 
477 413 8 10 0.03798077 
562 368 7 9 0.03774049 
225 362 7 9 0.037723083 
878 406 10 12 0.037555996 
520 344 6 8 0.037379064 
639 422 9 11 0.03710276 
528 294 6 9 0.0367798 
510 358 7 8 0.036627628 
952 373 7 9 0.03650701 
601 357 7 9 0.03650091 
25 391 7 10 0.03622893 
946 87 7 9 0.0359895 
574 415 7 9 0.035536267 
632 389 7 10 0.035463825 
40 368 6 8 0.03533557 
925 86 7 10 0.035307646 
563 374 6 8 0.035303682 
605 383 8 10 0.035222787 
46 377 8 9 0.035133302 
810 105 8 10 0.034993913 
570 387 8 11 0.03460646 
1013 291 10 16 0.034472875 
705 120 7 8 0.034164485 
200 327 6 9 0.034080695 
41 381 8 9 0.034041956 
581 399 8 9 0.03394413 
837 104 7 10 0.03376854 
588 412 10 12 0.033750508 
230 366 7 9 0.033720583 
554 333 7 9 0.03370565 
230 321 7 9 0.033518344 
639 400 8 10 0.03347043 
57 390 8 9 0.033410385 
648 390 8 10 0.033222076 
909 83 10 12 0.03315039 
538 385 8 10 0.03306963 
696 136 7 9 0.033026997 
566 374 7 9 0.03292466 
111 374 7 9 0.032873392 
232 413 7 10 0.032632057 
928 327 6 8 0.032516357 
914 70 7 9 0.03249028 
165 399 7 9 0.032385703 
154 392 7 10 0.032373797 
898 321 8 10 0.03236296 
529 350 7 8 0.032329198 
127 360 7 8 0.032287892 
374 135 7 9 0.0322321 
520 390 7 9 0.032053392 
558 344 7 9 0.03204576 
386 135 6 8 0.031929865 
510 376 7 9 0.031871714 
173 344 7 9 0.031813774 
175 375 7 9 0.03165557 
934 125 8 10 0.031644925 
177 367 7 9 0.031507287 
182 367 7 8 0.031503458 
1001 112 7 10 0.031484663 
901 95 8 10 0.0314428 
189 377 8 10 0.031433333 
871 79 6 9 0.031388503 
881 327 8 10 0.0313006 
544 343 6 8 0.0312838 
506 353 7 9 0.031044358 
662 438 8 11 0.030933607 
930 359 7 9 0.030924132 
48 359 7 8 0.030885456 
510 353 7 9 0.03059438 
625 351 7 8 0.030584 
489 311 7 9 0.030296039 
519 328 6 8 0.029930701 
32 369 7 9 0.029904034 
215 352 7 9 0.02990072 
617 149 7 9 0.029844625 
150 344 7 9 0.029766675 
584 420 8 11 0.02960312 
119 373 7 9 0.02952901 
977 113 8 11 0.029485254 
199 319 7 9 0.029475499 
90 375 7 9 0.029184844 
87 343 6 9 0.029119309 
960 317 8 9 0.028973123 
86 360 7 10 0.028961597 
825 129 7 9 0.028945394 
929 65 7 9 0.028897462 
101 396 8 11 0.028836967 
951 326 6 9 0.028824668 
82 365 7 9 0.028674064 
151 351 6 8 0.028671877 
529 361 7 9 0.02856327 
488 376 7 9 0.028522382 
121 336 7 9 0.028455332 
653 429 8 11 0.028433615 
624 397 6 9 0.028411 
914 302 8 10 0.028078277 
961 311 8 10 0.02786733 
866 79 7 9 0.027747354 
155 384 7 9 0.027734853 
511 424 7 10 0.02770342 
543 374 7 9 0.027689205 
519 441 8 10 0.027584437 
865 97 7 9 0.027581088 
201 366 7 9 0.027558241 
147 351 6 9 0.027488176 
895 288 8 10 0.027484184 
31 372 7 10 0.027200542 
904 64 6 8 0.027194602 
569 407 7 9 0.027192645 
41 360 7 8 0.027120875 
640 391 8 10 0.027085965 
960 112 8 11 0.027032344 
665 429 9 12 0.02701879 
7 369 8 9 0.027011368 
946 321 7 10 0.026961936 
594 343 7 8 0.026859563 
71 377 7 8 0.026836608 
87 366 7 10 0.026740406 
717 141 7 11 0.026657823 
215 408 8 10 0.026641265 
176 334 6 8 0.026602034 
496 398 7 9 0.026560726 
627 135 8 11 0.026498968 
487 342 7 9 0.02642233 
938 372 7 10 0.026388416 
694 150 8 9 0.02631227 
537 369 6 8 0.026295181 
834 341 9 11 0.026285728 
553 329 8 10 0.026165104 
920 351 6 9 0.026162809 
176 330 7 7 0.026161838 
208 337 8 9 0.026055105 
640 415 8 10 0.025970997 
194 317 7 9 0.02595445 
744 316 11 16 0.025857262 
898 87 7 9 0.025820227 
81 353 6 8 0.025786823 
521 295 7 9 0.02572586 
886 312 7 10 0.025646213 
528 345 7 9 0.025633324 
967 85 7 9 0.02560587 
639 361 8 10 0.025589475 
591 352 7 9 0.02558025 
993 80 6 9 0.025471967 
24 365 7 10 0.02536116 
202 381 7 9 0.025218347 
206 382 7 9 0.025137438 
227 320 7 10 0.025130713 
875 114 7 9 0.024920397 
950 320 8 10 0.024898507 
490 327 6 8 0.024868969 
913 64 6 8 0.024750045 
937 383 7 10 0.024712706 
962 303 7 9 0.024689129 
553 361 7 8 0.024649806 
635 365 7 9 0.02463598 
17 398 8 9 0.02463511 
207 366 7 9 0.024619192 
582 342 7 9 0.024618741 
899 351 8 11 0.024584379 
408 137 7 8 0.02447567 
966 334 7 10 0.024442054 
465 384 7 10 0.024381772 
64 373 8 9 0.024370873 
138 383 8 9 0.024328928 
937 399 7 9 0.02428946 
920 360 6 9 0.024286423 
197 360 8 9 0.024254195 
185 390 7 9 0.024222018 
921 102 8 10 0.024199331 
193 129 14 16 0.024197081 
187 399 8 9 0.024179218 
111 343 7 9 0.024123754 
879 421 9 12 0.02408868 
850 102 7 10 0.024035415 
898 358 8 10 0.024006383 
641 375 7 8 0.023947572 
617 346 7 8 0.023878656 
990 86 7 9 0.023838751 
896 309 8 9 0.023824716 
504 391 7 9 0.023756456 
591 358 7 9 0.02373156 
482 400 8 11 0.023652092 
488 360 6 9 0.023638094 
721 120 8 9 0.023632158 
8 398 7 9 0.02344531 
597 375 8 11 0.023423353 
792 151 8 11 0.023422746 
839 143 7 9 0.023416204 
142 383 7 9 0.023376621 
186 334 7 9 0.02336525 
565 369 7 9 0.023358092 
904 312 6 9 0.02324528 
16 393 7 9 0.02321051 
79 397 8 11 0.023169653 
925 82 8 10 0.023145074 
527 414 8 10 0.023143576 
55 352 7 9 0.023123458 
1012 367 10 14 0.02311489 
911 343 8 10 0.023108803 
633 361 7 9 0.023105854 
928 135 7 9 0.023102112 
608 391 7 9 0.023049433 
530 408 8 10 0.023032587 
518 304 7 9 0.022964148 
913 319 7 9 0.022942899 
169 368 7 9 0.02274709 
183 359 7 9 0.022715494 
121 359 7 9 0.022602143 
578 350 6 8 0.022596909 
545 309 8 9 0.022585483 
7 392 7 9 0.022535529 
649 399 8 10 0.022507953 
152 336 6 8 0.022469517 
22 398 7 9 0.022382926 
966 342 7 10 0.022380352 
146 359 6 8 0.02234809 
544 368 6 8 0.022271011 
607 359 7 8 0.022267107 
883 383 8 10 0.022260549 
514 336 6 8 0.022255048 
584 375 7 9 0.02224682 
577 376 7 10 0.022234159 
72 382 7 9 0.022228085 
951 341 7 10 0.022218997 
504 314 7 9 0.022123769 
217 359 6 8 0.022115558 
209 393 7 9 0.022093344 
825 134 7 9 0.022086335 
610 136 7 9 0.022079287 
704 126 7 9 0.022064142 
713 148 7 10 0.022049893 
886 129 8 10 0.02195971 
671 426 9 13 0.021937376 
864 145 7 9 0.02191761 
186 352 6 8 0.021888692 
224 415 7 10 0.021816771 
762 119 6 9 0.021805318 
630 421 8 11 0.021786526 
918 297 8 9 0.021689728 
19 382 6 9 0.021651 
633 401 8 10 0.021644564 
593 392 7 8 0.021465568 
514 328 7 8 0.021450438 
494 305 7 8 0.02142513 
62 384 7 10 0.021310022 
970 328 7 10 0.021307446 
911 383 7 9 0.02127447 
560 350 6 8 0.021248206 
487 382 7 9 0.02117079 
593 367 7 10 0.02115719 
504 415 7 9 0.021059763 
98 359 7 9 0.020960893 
904 365 8 9 0.020956974 
242 321 6 8 0.020921675 
985 61 7 9 0.020919584 
656 421 8 11 0.020805994 
1006 111 7 10 0.020769926 
222 375 7 9 0.020763798 
552 366 6 9 0.020755127 
121 342 7 8 0.020749552 
781 119 7 10 0.020723706 
209 327 7 8 0.020686649 
921 324 8 10 0.02068538 
512 388 7 10 0.020619072 
175 383 7 9 0.020597735 
536 294 7 9 0.020573314 
117 404 9 11 0.020559076 
795 126 7 9 0.020543903 
233 311 6 8 0.02053394 
962 102 8 9 0.020529088 
75 359 7 9 0.020528555 
96 414 7 10 0.020520514 
498 393 6 9 0.020500626 
514 414 7 10 0.020442355 
113 360 6 9 0.020427821 
159 361 7 8 0.020423584 
641 429 9 11 0.020393211 
80 376 7 10 0.02038402 
625 358 7 9 0.020333616 
158 392 8 10 0.020305432 
152 360 7 8 0.020283874 
770 151 8 11 0.02024112 
893 414 10 12 0.020237401 
489 337 6 8 0.020219928 
661 374 9 12 0.020218557 
936 326 8 10 0.020202646 
825 143 6 8 0.020174457 
855 95 6 9 0.02015205 
560 287 7 9 0.020103369 
898 70 6 9 0.02009445 
109 351 7 10 0.02006981 
225 382 8 9 0.020061562 
945 66 7 9 0.02004191 
505 150 7 9 0.020041872 
504 368 7 8 0.02000816 
