56_Voter_peoplevoting_56_118
28
281 95 95 120 0.9994097 
363 15 75 95 0.9962748 
110 6 58 63 0.9594347 
563 113 64 110 0.9413671 
448 0 43 74 0.79440236 
697 120 45 71 0.22157568 
590 249 109 92 0.15763602 
564 275 118 103 0.10401851 
578 176 116 124 0.07701339 
574 103 105 136 0.06985671 
660 61 51 64 0.069210984 
409 120 38 55 0.06484016 
493 6 53 73 0.05437115 
522 109 81 117 0.053631652 
669 96 73 109 0.053395677 
515 15 50 60 0.04916952 
709 43 38 45 0.033375714 
461 6 59 77 0.031488545 
33 440 59 71 0.03126736 
685 49 51 65 0.029172506 
619 75 102 134 0.028115295 
801 0 45 46 0.025966719 
104 447 52 75 0.02540933 
108 448 28 39 0.023673542 
410 361 53 73 0.023655968 
114 438 29 34 0.02331733 
650 58 88 107 0.021384249 
416 225 44 63 0.0201778 
