56_Voter_peoplevoting_56_528
50
901 236 61 65 0.99047875 
517 150 34 38 0.98560137 
622 130 31 42 0.9835544 
456 183 40 45 0.9806898 
319 59 20 26 0.95047134 
485 26 16 25 0.93180054 
179 63 18 27 0.9263885 
936 90 13 22 0.90584594 
530 242 46 34 0.88149714 
419 46 16 27 0.8438713 
260 64 17 27 0.82910365 
781 40 14 21 0.76641047 
696 90 17 24 0.7299614 
915 75 15 19 0.701422 
611 60 16 25 0.559285 
785 124 23 26 0.48545393 
894 66 15 18 0.34159866 
84 70 16 28 0.1789498 
770 103 16 26 0.16009414 
843 103 17 19 0.1491874 
660 75 21 28 0.09505244 
836 105 16 18 0.08387404 
851 100 12 16 0.08032548 
618 58 16 25 0.07292602 
837 115 15 18 0.069828354 
605 235 19 20 0.06232647 
897 70 16 21 0.061025243 
547 55 15 20 0.056806546 
898 62 14 17 0.05530529 
772 91 18 30 0.05503251 
590 59 13 17 0.052085645 
597 59 15 19 0.049958725 
627 56 15 25 0.049859624 
787 48 12 20 0.04631047 
908 62 12 16 0.042026307 
456 26 12 18 0.040556815 
520 231 37 43 0.035915554 
919 78 18 24 0.035903465 
674 74 14 22 0.03426135 
888 83 12 15 0.03320416 
774 112 20 27 0.029589223 
-2 189 21 37 0.0292289 
601 59 20 24 0.02827447 
767 78 22 31 0.026796512 
832 108 11 16 0.02472435 
687 90 17 21 0.024265487 
802 406 21 23 0.024060013 
759 44 10 15 0.021482991 
907 67 19 25 0.021138094 
672 32 12 17 0.020376053 
