56_Voter_peoplevoting_56_344
34
178 81 18 23 0.98246187 
980 70 15 18 0.9755397 
309 51 20 27 0.9600098 
380 86 18 21 0.95965034 
208 73 20 26 0.9584205 
94 54 20 27 0.9458386 
700 64 21 25 0.9290648 
462 84 19 24 0.9219915 
800 92 15 19 0.9198284 
893 84 14 18 0.822632 
62 80 15 19 0.8106572 
552 78 17 20 0.7292874 
643 64 16 20 0.67621416 
885 84 12 16 0.623685 
347 76 16 20 0.60661995 
915 85 12 15 0.4338523 
49 56 16 20 0.3271116 
649 64 21 25 0.20989917 
1012 83 11 18 0.10861481 
776 81 12 15 0.06986326 
366 94 11 16 0.05982432 
270 86 15 18 0.057655066 
917 78 13 17 0.050705116 
910 79 12 16 0.045964826 
358 101 13 15 0.04240826 
901 79 11 15 0.03565328 
921 84 13 16 0.02858619 
881 79 12 17 0.02621752 
298 106 20 20 0.024242258 
237 102 13 17 0.02358103 
562 78 11 15 0.022115711 
4 97 12 19 0.021337958 
0 73 13 20 0.020713389 
285 526 23 28 0.020476481 
