56_Voter_peoplevoting_56_441
473
209 245 105 153 0.9984238 
991 608 12 16 0.8636845 
791 502 9 11 0.77451354 
876 598 12 14 0.73384017 
622 473 7 11 0.68489844 
977 647 17 21 0.66567206 
796 528 10 12 0.60843134 
721 500 8 11 0.5701617 
901 559 11 14 0.5199659 
973 511 10 14 0.4638973 
679 460 7 10 0.43522844 
855 600 9 11 0.40565765 
837 511 9 13 0.38112238 
822 591 9 11 0.3629517 
1003 592 10 12 0.36273906 
816 409 7 9 0.3444566 
807 634 11 14 0.3401547 
902 595 11 13 0.33083475 
990 540 8 10 0.32719776 
964 547 9 12 0.3244249 
835 428 8 11 0.32209396 
953 311 8 10 0.319812 
885 486 8 10 0.31558785 
816 511 8 10 0.29215357 
828 376 8 10 0.27979743 
926 568 10 13 0.2767355 
34 345 56 84 0.25269967 
734 415 7 9 0.2503831 
823 468 7 10 0.24065782 
942 358 8 11 0.23841682 
701 546 9 12 0.23531365 
952 394 7 9 0.23341185 
759 416 7 10 0.23319267 
694 470 9 11 0.23288047 
904 486 9 12 0.22987266 
792 551 8 11 0.22734207 
909 432 8 10 0.22324619 
909 488 9 11 0.21905075 
657 473 7 10 0.21612461 
964 495 9 11 0.19630769 
722 452 8 11 0.19326198 
755 456 7 9 0.18355903 
726 477 7 10 0.17909037 
758 513 7 10 0.17587656 
824 485 8 10 0.16081618 
848 352 7 9 0.16012585 
800 391 7 10 0.15708752 
991 432 8 10 0.15369198 
682 492 8 11 0.15239145 
902 415 7 10 0.15233079 
988 579 11 14 0.15223303 
762 473 8 10 0.14179002 
920 421 6 9 0.13705166 
819 352 6 8 0.13566595 
805 430 8 9 0.13487223 
855 445 7 11 0.13417795 
694 523 9 11 0.13394476 
890 519 8 10 0.13233687 
774 558 8 11 0.13054028 
861 521 8 10 0.12975796 
924 504 9 12 0.12876993 
787 405 7 9 0.12427674 
793 478 7 10 0.12372768 
962 382 7 10 0.12193338 
872 588 10 11 0.120668784 
647 462 7 9 0.120075524 
802 471 8 9 0.11957982 
705 572 8 11 0.11790404 
952 440 9 12 0.11521375 
929 524 8 10 0.112838246 
926 557 8 11 0.11083233 
626 437 7 10 0.10742259 
1008 537 11 15 0.106649175 
746 400 7 9 0.10279798 
896 509 9 10 0.10074871 
770 559 7 9 0.10046779 
814 495 8 11 0.099144705 
836 461 8 11 0.097459935 
441 373 8 9 0.096538685 
877 455 7 10 0.09459392 
725 400 9 10 0.094428025 
664 445 6 9 0.09378013 
629 437 8 10 0.09188814 
917 579 12 17 0.09147431 
585 476 9 11 0.089298114 
985 576 10 12 0.088901594 
898 591 10 14 0.08573708 
776 485 7 10 0.084240966 
625 552 9 12 0.08191974 
875 589 12 13 0.078365766 
741 488 9 10 0.0770482 
751 551 7 9 0.07678795 
685 488 8 11 0.07645519 
823 296 7 9 0.07644999 
957 444 8 10 0.0746168 
816 485 8 9 0.07329473 
865 503 8 10 0.07307143 
830 380 7 11 0.072358355 
768 486 7 10 0.071557485 
829 495 8 11 0.07107338 
603 461 8 11 0.06803228 
809 378 7 8 0.067938864 
824 392 6 8 0.06791254 
845 414 7 9 0.067733504 
661 472 8 11 0.06772789 
399 385 8 11 0.06702689 
857 535 9 10 0.06652822 
805 588 9 12 0.066207245 
649 456 7 10 0.06609774 
846 397 7 9 0.06562555 
726 381 7 9 0.065346204 
898 486 8 10 0.06512163 
331 324 10 13 0.06457598 
1009 520 10 13 0.06373576 
745 463 7 10 0.06339843 
914 537 8 11 0.06321231 
815 502 9 12 0.062823646 
785 461 8 9 0.0616974 
737 492 8 11 0.061196104 
787 502 9 11 0.06076687 
746 359 6 8 0.060645547 
863 432 7 8 0.05965695 
920 400 6 9 0.05943011 
797 551 9 12 0.05942308 
820 510 8 11 0.05937254 
959 360 8 10 0.059288897 
657 446 7 9 0.059000652 
876 584 9 12 0.058829244 
760 390 7 9 0.058776967 
914 405 7 10 0.058492407 
887 421 7 9 0.058152482 
888 482 7 9 0.057970442 
918 405 7 9 0.057425153 
798 478 8 11 0.05737351 
858 383 6 8 0.05732473 
411 361 7 10 0.056680385 
999 311 8 10 0.05580418 
991 368 7 9 0.05546443 
825 493 9 12 0.05500806 
857 430 7 9 0.054573916 
778 481 7 9 0.054405328 
920 469 8 10 0.053797424 
728 378 6 8 0.053635947 
357 383 10 13 0.053350855 
722 474 8 10 0.05299154 
858 525 9 11 0.052665677 
682 406 8 10 0.052496858 
914 422 7 10 0.052281886 
462 359 7 9 0.051740155 
733 568 9 11 0.051364392 
829 599 9 12 0.051104516 
953 425 7 9 0.050943226 
800 375 6 8 0.05089289 
864 509 8 11 0.05081161 
846 408 8 10 0.05052256 
713 360 6 8 0.05016115 
712 532 8 12 0.050101887 
800 305 6 9 0.05009179 
837 572 8 11 0.049837064 
415 342 6 8 0.04977117 
903 269 8 9 0.04973309 
863 367 7 9 0.049199704 
806 425 8 10 0.04904545 
607 457 8 11 0.048855603 
970 516 11 13 0.048743054 
841 303 6 8 0.048581406 
615 448 7 9 0.04704356 
796 501 8 11 0.04700742 
762 318 6 8 0.046391346 
834 567 9 11 0.046137225 
414 364 7 10 0.045556527 
880 421 7 9 0.04521697 
959 390 8 10 0.04509534 
551 333 8 9 0.045022357 
965 498 10 13 0.04460821 
873 335 7 9 0.044445097 
753 361 6 8 0.043882925 
727 528 8 10 0.043790277 
834 535 7 10 0.04345532 
459 359 6 9 0.04339366 
12 379 71 80 0.043252256 
589 473 8 10 0.043064896 
992 288 7 8 0.042921793 
809 568 8 11 0.04290371 
695 476 8 10 0.042612463 
673 359 6 8 0.042561874 
791 420 7 10 0.04255674 
911 526 7 9 0.042457264 
794 375 6 8 0.042448323 
390 375 8 10 0.04217376 
977 324 8 10 0.042120922 
986 536 9 12 0.041940544 
905 471 8 10 0.04192797 
782 479 8 10 0.041916024 
728 533 8 10 0.04160897 
916 539 9 12 0.04149315 
933 521 9 10 0.041309945 
790 461 7 9 0.041231196 
957 311 8 10 0.041217513 
882 269 8 10 0.041171517 
398 365 7 10 0.04097242 
880 349 7 10 0.040926144 
777 375 6 8 0.040699318 
820 616 11 13 0.0402942 
760 488 8 9 0.04000434 
765 478 8 9 0.039989024 
704 407 8 9 0.039801307 
1014 495 8 11 0.03977402 
989 585 11 15 0.039667785 
981 320 7 10 0.039589304 
865 414 7 9 0.03927085 
966 415 8 10 0.039111488 
720 361 6 8 0.039013505 
997 517 10 12 0.038947694 
828 486 8 11 0.03886842 
802 341 7 9 0.038776398 
870 391 7 9 0.03872611 
639 429 7 10 0.038666636 
760 405 7 10 0.038664192 
902 421 8 11 0.03850807 
914 574 10 15 0.038414568 
723 382 7 9 0.03822222 
971 399 7 10 0.03790788 
998 448 8 11 0.037822746 
842 408 8 10 0.0377672 
968 309 8 10 0.037715405 
860 597 9 12 0.03770138 
810 409 8 10 0.03751505 
841 392 7 9 0.037156396 
632 487 8 10 0.037076153 
903 479 9 11 0.036967933 
809 480 7 9 0.036833744 
953 429 8 10 0.03659169 
946 393 7 9 0.036578093 
754 391 7 9 0.03633335 
944 311 8 9 0.03583023 
352 388 11 15 0.03569703 
849 603 10 12 0.035660855 
808 455 7 9 0.035481032 
1007 604 10 13 0.03529851 
670 445 7 9 0.035143968 
809 496 8 10 0.035078675 
880 310 9 12 0.034823187 
952 358 8 10 0.03479937 
782 390 7 9 0.034647793 
782 327 6 8 0.03461208 
857 408 6 9 0.034607925 
793 309 7 10 0.034519244 
886 311 8 11 0.03440666 
744 549 7 10 0.034321986 
906 490 9 12 0.034148835 
658 442 7 8 0.033980258 
703 447 7 10 0.033766747 
968 304 8 10 0.033730593 
799 396 8 9 0.033326894 
596 309 6 9 0.033293124 
911 470 8 10 0.032857165 
864 497 7 9 0.032796897 
867 390 6 9 0.03276284 
743 545 7 10 0.032383174 
902 407 8 9 0.03222511 
724 496 9 12 0.032187205 
975 279 7 9 0.03189239 
768 552 7 9 0.03174257 
689 390 7 8 0.03168428 
858 367 7 8 0.031675987 
830 549 8 11 0.031604193 
680 400 8 10 0.031577516 
864 408 7 9 0.03149114 
846 393 7 9 0.031483326 
936 352 9 11 0.03142352 
813 377 8 9 0.031323243 
921 303 8 9 0.031157557 
843 398 6 8 0.031068627 
999 431 8 10 0.03097148 
918 367 7 9 0.030936338 
983 411 7 10 0.030825887 
802 582 10 13 0.030800605 
854 350 7 9 0.030591218 
871 350 7 9 0.030501533 
840 360 7 9 0.030472089 
976 589 10 13 0.030373449 
866 351 7 9 0.030354649 
981 588 11 16 0.030305421 
935 602 13 17 0.030226173 
381 348 9 11 0.029923903 
400 325 7 9 0.029803425 
897 429 7 10 0.029750802 
908 588 11 15 0.02968207 
862 375 7 9 0.029631836 
840 366 7 9 0.02961559 
701 470 7 10 0.029583368 
661 383 8 9 0.02945482 
831 543 8 10 0.029275093 
671 440 7 10 0.029158752 
994 452 8 11 0.029140374 
984 302 7 9 0.029127613 
808 463 8 10 0.02900509 
711 590 10 12 0.028954253 
834 457 8 10 0.028841028 
952 335 7 9 0.028838322 
386 375 8 9 0.028776241 
837 536 8 9 0.028724818 
863 383 7 9 0.02862692 
808 573 10 12 0.02858984 
750 461 8 10 0.028572053 
856 540 8 11 0.028550602 
964 684 10 14 0.02855014 
675 461 7 10 0.02835116 
862 629 10 12 0.028296947 
785 422 7 9 0.028260525 
710 391 7 10 0.028252989 
987 431 7 10 0.028016893 
710 351 6 8 0.027991733 
945 423 7 9 0.02794059 
880 438 7 9 0.027802812 
738 544 7 9 0.027740719 
791 474 8 9 0.027701069 
788 654 13 16 0.02760066 
762 374 7 8 0.027400102 
837 524 8 11 0.027396774 
838 470 7 9 0.027388545 
954 272 7 9 0.02730356 
433 343 6 8 0.02726011 
998 522 12 15 0.027189152 
857 441 8 10 0.02707059 
432 360 6 8 0.02699697 
926 320 9 10 0.026996108 
817 424 7 9 0.026872106 
971 280 6 9 0.026791621 
898 423 8 10 0.02673264 
753 487 7 10 0.0266668 
914 417 7 9 0.026603356 
761 566 9 11 0.026513886 
865 423 7 9 0.02650401 
753 366 6 8 0.026456742 
1008 528 16 27 0.026371993 
873 422 7 9 0.026362069 
840 439 8 10 0.026218923 
614 453 8 10 0.026213018 
775 383 7 8 0.026207566 
689 479 8 9 0.026202194 
806 357 7 9 0.026183307 
850 455 7 9 0.026173672 
720 527 7 10 0.026067402 
703 376 7 9 0.026026286 
841 376 7 9 0.026001465 
961 342 7 8 0.02598458 
761 313 6 9 0.025899744 
885 597 11 14 0.025863515 
819 469 8 10 0.025848592 
672 398 8 10 0.025837623 
847 356 7 9 0.025768496 
889 524 8 11 0.025730707 
854 424 8 10 0.025683878 
835 516 9 12 0.025683256 
974 461 9 11 0.025660226 
901 508 8 11 0.025656804 
840 383 6 8 0.025619809 
947 398 7 9 0.025565475 
822 601 11 14 0.025482945 
687 373 7 9 0.025308447 
906 526 7 9 0.025187513 
745 295 6 8 0.025103623 
695 465 9 11 0.02505043 
643 462 7 10 0.025037983 
975 392 7 10 0.02503703 
819 392 6 8 0.024952445 
600 479 8 9 0.02488319 
841 343 6 8 0.024845818 
705 359 7 8 0.02483888 
504 351 6 9 0.024827298 
463 353 7 8 0.024629313 
906 558 11 13 0.024627525 
929 335 9 10 0.024584278 
745 470 7 9 0.024556382 
799 486 7 9 0.024366017 
830 501 8 10 0.024320547 
691 524 8 11 0.02427517 
631 433 8 10 0.024231093 
793 485 8 9 0.024195837 
697 383 6 9 0.024130657 
725 450 8 9 0.024126228 
758 385 7 9 0.02411651 
967 389 8 10 0.024106568 
975 561 11 15 0.023977866 
360 312 8 9 0.023903945 
722 405 7 10 0.023800364 
833 559 7 10 0.02372132 
751 471 7 10 0.023698376 
794 306 7 9 0.023673596 
1014 318 7 10 0.023636334 
749 400 8 9 0.023603432 
688 439 8 10 0.023541963 
1014 310 8 11 0.023491815 
868 502 9 11 0.023325782 
809 413 7 9 0.023184353 
445 374 7 9 0.023156375 
745 480 8 10 0.02315575 
792 401 7 9 0.022956066 
782 485 9 10 0.022951832 
697 377 7 9 0.02294747 
913 375 8 10 0.022771662 
913 401 8 9 0.022760946 
818 595 10 13 0.022754045 
794 367 7 9 0.022681473 
770 342 6 8 0.02259536 
457 313 7 10 0.022559833 
703 480 7 9 0.022494385 
794 294 7 8 0.022461148 
775 553 8 10 0.022460714 
720 415 7 9 0.02245941 
926 304 7 9 0.022455053 
922 392 7 9 0.022405716 
800 368 6 8 0.022377942 
654 454 8 10 0.022371983 
529 310 6 7 0.022366548 
481 364 7 10 0.022353215 
872 343 7 9 0.022320915 
410 344 7 9 0.022246663 
850 447 7 9 0.021799171 
776 343 6 9 0.021671936 
766 520 8 9 0.021655323 
1005 471 9 11 0.021642312 
758 359 7 9 0.021519916 
776 455 7 9 0.021412853 
760 401 7 9 0.02140806 
769 337 6 9 0.021384194 
705 399 8 11 0.021355659 
846 304 7 8 0.021345535 
702 521 8 10 0.021343937 
767 502 8 11 0.021324001 
966 319 8 9 0.021322424 
1010 319 7 10 0.02130503 
849 430 7 9 0.021257706 
431 375 8 10 0.021207813 
822 357 6 9 0.021173995 
435 367 6 9 0.021110188 
943 292 9 12 0.021062756 
779 351 6 8 0.021033773 
864 360 7 9 0.020979729 
754 383 7 9 0.02094956 
1009 310 8 11 0.020926008 
688 368 7 9 0.020899914 
448 345 6 8 0.020859366 
767 565 8 11 0.02085828 
843 351 7 9 0.020838886 
958 424 8 9 0.020837082 
767 374 6 8 0.020828724 
672 471 9 11 0.02078641 
743 429 7 9 0.020765118 
962 414 8 10 0.020730361 
972 604 9 12 0.02072729 
703 525 8 9 0.02072662 
688 336 8 9 0.02071999 
854 453 7 10 0.020706851 
823 503 8 11 0.02057326 
846 584 8 12 0.020553047 
784 472 7 9 0.020508518 
497 286 7 9 0.020472048 
879 335 7 9 0.020428238 
961 377 8 10 0.020417375 
886 491 8 11 0.020394577 
896 351 7 9 0.020386199 
696 360 6 8 0.020321336 
809 297 7 8 0.020318232 
927 479 8 10 0.020275539 
962 365 7 9 0.020245243 
799 497 8 9 0.02021846 
1015 415 7 10 0.020093057 
908 564 10 13 0.02008728 
394 359 8 10 0.02001864 
912 382 8 9 0.020016778 
