30_Surgeons_Surgeons_30_554
19
847 221 53 68 0.99066085 
766 218 43 48 0.9670807 
513 231 33 42 0.8293266 
212 229 63 84 0.79326594 
50 279 55 62 0.7671388 
336 262 49 51 0.5580909 
83 260 54 73 0.09366577 
360 265 40 51 0.06768663 
301 493 38 35 0.057548154 
926 657 15 17 0.051243596 
40 288 40 47 0.04517995 
412 451 48 53 0.041147824 
942 353 57 61 0.036048666 
478 231 38 38 0.033829775 
277 361 16 18 0.033461004 
322 268 37 37 0.032833487 
263 475 16 19 0.028148659 
236 218 55 77 0.021863649 
378 257 32 44 0.020059818 
