53_Raid_policeraid_53_696
66
369 237 24 28 0.8389804 
268 205 26 36 0.7501374 
555 248 23 31 0.7155987 
493 246 24 30 0.7113412 
649 273 20 23 0.69923383 
163 114 26 33 0.57138115 
422 219 25 31 0.5312047 
345 226 23 30 0.41815695 
451 247 22 26 0.34082776 
731 253 26 30 0.29422823 
194 214 29 37 0.29337165 
440 282 24 27 0.23007792 
123 222 19 24 0.17978007 
195 363 15 19 0.17062907 
892 282 15 18 0.15357994 
348 201 18 22 0.1313642 
159 191 33 50 0.123278745 
353 393 18 21 0.12305316 
45 335 25 30 0.11792469 
869 281 17 19 0.105436735 
831 292 14 18 0.09028268 
338 207 16 19 0.08749524 
417 228 23 32 0.075297035 
56 336 26 31 0.073722735 
785 282 16 19 0.07312874 
526 347 25 28 0.06879218 
844 363 22 27 0.06817034 
678 267 28 34 0.063138306 
366 225 37 47 0.05816884 
665 360 20 23 0.05606026 
441 294 22 25 0.055497564 
390 232 24 31 0.05097411 
227 211 20 26 0.05004861 
60 265 15 17 0.042618457 
609 268 16 21 0.04239107 
176 195 42 54 0.04183877 
492 259 21 26 0.0416874 
216 392 17 24 0.038109068 
185 383 24 36 0.036495075 
340 215 25 31 0.036165748 
775 262 26 31 0.030558508 
871 288 18 23 0.030517105 
340 362 16 23 0.02979896 
654 266 18 22 0.028636005 
725 238 30 34 0.027586171 
349 192 16 18 0.027071822 
219 257 26 34 0.026901992 
162 175 30 40 0.026831225 
864 263 13 15 0.026443202 
411 234 17 25 0.026084514 
864 262 22 27 0.026070062 
72 248 27 31 0.0259674 
61 271 17 21 0.025305571 
567 247 19 25 0.024485052 
375 226 20 25 0.02370922 
361 389 16 22 0.023599613 
835 286 22 29 0.023241263 
319 231 24 32 0.02258857 
65 281 17 21 0.02176621 
191 152 32 31 0.021578008 
850 284 15 19 0.021388756 
234 334 203 237 0.021044496 
67 339 24 31 0.020869546 
65 334 18 21 0.020619154 
847 272 14 17 0.020318376 
589 302 25 27 0.020099618 
