53_Raid_policeraid_53_207
71
475 160 24 45 0.66832954 
130 341 7 9 0.07131823 
123 306 6 7 0.06548279 
482 148 25 45 0.06441272 
153 294 6 9 0.062352777 
62 413 7 10 0.055990245 
174 328 7 9 0.054889083 
223 42 7 10 0.054460302 
91 327 6 8 0.04859249 
120 350 6 9 0.048329953 
311 194 8 9 0.046554193 
91 305 5 7 0.04538285 
192 309 7 9 0.04282466 
326 273 7 9 0.038011033 
328 174 7 8 0.03618086 
175 270 6 9 0.03582097 
158 328 7 10 0.03530984 
170 270 7 9 0.03503285 
106 327 6 8 0.034434628 
318 427 8 11 0.03340276 
98 270 6 8 0.032399107 
154 353 6 8 0.031861417 
186 320 7 9 0.030914173 
93 416 8 9 0.030838078 
177 305 7 9 0.030286139 
154 358 6 9 0.03000224 
239 270 6 8 0.029512387 
428 204 10 13 0.02923022 
154 328 8 9 0.028824858 
102 270 6 8 0.02842215 
120 248 7 8 0.02813422 
319 182 6 8 0.027571945 
106 304 6 7 0.026912097 
32 412 7 10 0.026730344 
258 336 7 9 0.026078252 
105 296 6 8 0.025878098 
185 294 7 9 0.025575697 
155 247 6 8 0.02496428 
207 270 7 8 0.024744116 
369 216 7 9 0.024420425 
130 270 7 9 0.024341969 
24 398 7 9 0.02421456 
415 147 26 33 0.024196828 
17 276 7 10 0.024070594 
88 295 6 7 0.024011714 
66 342 6 8 0.023994945 
160 305 7 8 0.023827534 
528 420 10 12 0.023250585 
122 255 6 7 0.02322567 
154 304 6 8 0.023192398 
42 271 7 9 0.02287791 
329 197 6 9 0.022613138 
50 318 7 9 0.02234186 
88 352 6 8 0.022297481 
95 304 6 8 0.022130249 
288 84 8 10 0.021978091 
190 176 7 9 0.021921739 
112 231 6 7 0.021811785 
431 199 11 15 0.02151987 
14 271 8 10 0.021483213 
186 270 6 9 0.021446915 
274 359 8 10 0.021150198 
194 256 6 8 0.021032387 
83 318 6 8 0.020959228 
50 336 6 9 0.020921368 
98 368 6 8 0.02082096 
46 271 6 9 0.02048079 
65 367 6 8 0.020479295 
128 366 7 8 0.02013753 
295 174 7 9 0.020085081 
127 308 7 9 0.02006334 
