53_Raid_policeraid_53_54
19
641 170 62 82 0.998953 
354 169 36 40 0.9958902 
127 174 28 31 0.71217495 
145 171 25 33 0.4788908 
33 169 25 35 0.45591328 
66 172 39 43 0.3522405 
157 170 28 33 0.16073035 
309 179 14 21 0.11847001 
312 169 20 30 0.07140513 
55 120 28 35 0.05832646 
321 162 25 36 0.04527184 
115 166 25 33 0.038371015 
642 99 13 18 0.030105438 
109 169 15 22 0.027575253 
41 171 29 38 0.025955833 
57 168 32 37 0.023687152 
93 162 26 34 0.021037888 
74 153 33 39 0.02073543 
302 184 18 21 0.020367557 
