53_Raid_policeraid_53_445
36
533 278 108 143 0.99969673 
614 145 49 61 0.9982253 
820 132 47 56 0.9947621 
117 166 45 56 0.99466336 
366 130 48 55 0.98741597 
212 197 42 52 0.9844626 
978 154 36 51 0.98276824 
765 159 42 52 0.9810091 
66 183 41 51 0.96501875 
510 187 41 50 0.95553976 
421 160 34 46 0.8971346 
305 198 40 52 0.8204629 
325 248 48 55 0.62514174 
436 158 39 49 0.55812156 
945 158 31 41 0.19027755 
316 218 46 55 0.14426214 
374 178 40 49 0.11897407 
104 620 44 35 0.11651487 
0 122 33 53 0.06033404 
216 286 30 37 0.053778432 
838 106 16 17 0.04169992 
493 160 39 44 0.040097747 
377 149 44 56 0.037583355 
813 259 38 48 0.03496672 
470 231 15 18 0.030464256 
716 179 30 39 0.03045609 
333 274 54 62 0.03016506 
500 170 43 51 0.029848171 
283 286 38 45 0.0289204 
833 104 25 30 0.025438257 
15 296 31 43 0.02475436 
86 293 29 37 0.02444066 
6 254 29 42 0.023560604 
565 95 19 22 0.02338195 
534 97 22 28 0.022748675 
4 276 34 56 0.02033676 
