53_Raid_policeraid_53_805
29
409 184 38 45 0.99846387 
191 216 27 39 0.99646217 
583 165 20 31 0.52753824 
496 184 22 27 0.4532921 
326 213 21 35 0.3358331 
910 196 24 34 0.13388713 
690 192 25 37 0.11070627 
883 199 15 27 0.069007166 
484 170 25 34 0.05675169 
803 221 25 33 0.04200727 
574 63 12 14 0.040392183 
382 153 14 17 0.03510938 
886 190 23 31 0.031217285 
1011 273 12 19 0.030654116 
898 183 27 30 0.030065484 
146 44 13 15 0.029966276 
678 201 33 43 0.029933885 
2 32 22 31 0.027909266 
773 172 11 14 0.027202789 
826 194 28 37 0.027009096 
917 33 17 21 0.026304401 
310 217 36 46 0.024998333 
556 65 14 18 0.02417114 
595 61 15 17 0.0225577 
384 152 29 35 0.021619782 
789 166 12 14 0.021084348 
99 61 15 16 0.020813884 
110 36 13 16 0.020723319 
96 65 13 15 0.020588594 
