53_Raid_policeraid_53_599
63
355 305 29 33 0.9940475 
136 149 66 107 0.9919567 
836 269 15 20 0.97562134 
582 268 16 20 0.95672417 
243 326 25 31 0.9544366 
820 310 20 27 0.9491949 
621 265 16 20 0.8956399 
637 328 21 24 0.8006791 
504 298 19 21 0.7789121 
666 254 14 17 0.7602583 
876 282 12 14 0.7420065 
722 241 13 16 0.65847963 
853 300 18 23 0.4291225 
484 282 17 20 0.3787757 
527 274 12 15 0.34717765 
769 325 17 20 0.25326958 
468 295 16 21 0.23506796 
682 324 11 17 0.22465053 
879 330 22 27 0.15983945 
93 525 20 24 0.117375776 
473 291 19 24 0.10792392 
866 306 19 25 0.10002085 
350 184 9 12 0.098301 
759 327 22 23 0.08868412 
117 517 18 22 0.08847613 
889 330 18 24 0.083228335 
544 236 13 16 0.07175968 
544 199 10 12 0.06640775 
627 253 12 15 0.06504652 
702 313 17 21 0.060131907 
872 320 18 21 0.052870702 
507 307 18 21 0.052433897 
603 313 17 22 0.050056837 
679 267 12 16 0.04760525 
599 280 12 16 0.04713122 
727 313 13 15 0.04461688 
483 336 14 17 0.042957082 
887 301 12 14 0.041388594 
491 288 15 21 0.037419554 
777 328 14 20 0.036833085 
747 282 14 18 0.036553863 
514 294 15 20 0.034955174 
431 339 14 21 0.03231373 
868 333 26 30 0.029202063 
458 373 16 22 0.027087254 
466 322 13 17 0.026761156 
623 306 14 20 0.026603535 
113 322 27 31 0.025833359 
512 254 10 14 0.02541903 
864 270 10 15 0.0239058 
774 290 14 16 0.023208266 
609 318 16 21 0.02299663 
632 331 14 18 0.02294993 
615 252 13 16 0.022870373 
580 247 10 13 0.022844441 
875 302 15 16 0.022399995 
575 246 11 15 0.02220299 
622 299 15 18 0.021828905 
785 350 23 26 0.021809353 
622 248 13 16 0.021479564 
599 310 14 17 0.021386813 
869 270 13 15 0.020592228 
885 306 14 17 0.020182507 
