53_Raid_policeraid_53_736
28
279 203 38 44 0.92132 
487 182 44 53 0.88470125 
377 178 36 48 0.8482278 
109 226 32 35 0.6753371 
187 225 35 42 0.5124253 
830 318 53 66 0.4713662 
614 299 47 49 0.21311355 
251 242 24 29 0.19191167 
439 242 39 45 0.1130737 
151 208 21 29 0.10002674 
850 330 60 83 0.09884267 
254 238 16 19 0.08085879 
333 267 34 43 0.059566993 
601 309 39 44 0.04170678 
331 236 28 33 0.040386207 
249 362 20 22 0.0350847 
177 234 31 41 0.032313105 
115 239 30 34 0.031466745 
103 217 28 33 0.03122765 
255 317 22 30 0.028981837 
869 356 55 76 0.027703883 
440 226 31 38 0.02743606 
253 253 27 37 0.025550244 
629 289 40 44 0.023870634 
179 216 31 37 0.021302408 
392 170 28 46 0.021068547 
195 215 30 36 0.02058446 
861 324 39 54 0.020367244 
