53_Raid_policeraid_53_489
30
53 137 39 52 0.9637822 
341 270 21 31 0.6816105 
439 272 21 28 0.43057898 
71 228 20 33 0.36339048 
374 172 7 10 0.3585025 
590 255 24 31 0.29397252 
673 160 23 29 0.28034613 
403 304 26 33 0.13479422 
880 312 8 9 0.112446666 
993 307 8 11 0.0768553 
935 324 8 12 0.066602096 
576 538 15 17 0.066514775 
749 270 12 14 0.04251795 
929 310 7 8 0.038573496 
920 325 8 10 0.038457073 
412 310 27 33 0.033862483 
293 289 15 20 0.032111127 
674 175 19 22 0.03139739 
451 269 12 20 0.03029916 
928 305 7 9 0.028224595 
429 323 17 20 0.027477529 
371 169 8 11 0.026757082 
1005 318 8 10 0.024302686 
857 310 8 9 0.024221823 
430 274 17 22 0.024213867 
919 320 8 10 0.023973066 
750 260 13 18 0.023092698 
689 164 15 24 0.022825385 
905 326 8 10 0.022808738 
854 303 8 10 0.02012434 
