53_Raid_policeraid_53_543
44
582 193 96 115 0.9989832 
732 224 52 68 0.995764 
799 223 56 82 0.99052244 
75 260 43 48 0.9672697 
396 256 28 43 0.96071017 
49 166 21 24 0.9289924 
166 162 19 25 0.8417808 
530 285 17 24 0.8091548 
-1 179 40 89 0.79399276 
489 292 17 21 0.6001174 
454 285 22 31 0.50242996 
563 300 13 16 0.18961287 
292 280 17 21 0.16281901 
549 289 10 14 0.16051517 
562 281 13 16 0.11676898 
925 276 48 62 0.10333144 
47 231 31 39 0.08538036 
754 224 55 72 0.0786523 
563 311 17 22 0.07481411 
518 287 16 22 0.07357133 
465 289 16 25 0.07021434 
155 299 23 26 0.06955924 
537 288 15 20 0.06841381 
534 340 14 17 0.06784538 
214 229 32 46 0.065042265 
476 289 19 27 0.05704118 
183 210 10 13 0.05335405 
437 284 26 29 0.051849566 
430 288 15 19 0.04841763 
527 336 27 34 0.04605091 
93 215 11 14 0.04379424 
540 346 16 18 0.041448515 
549 299 12 17 0.039858524 
89 198 14 16 0.03712897 
138 282 13 20 0.036020495 
265 179 19 22 0.032189146 
921 241 28 36 0.030035548 
38 163 25 31 0.029084804 
333 263 22 30 0.02683479 
35 160 42 61 0.026344672 
558 279 20 27 0.024426827 
560 307 14 18 0.020656345 
153 343 17 21 0.020525737 
508 288 14 22 0.020265043 
