53_Raid_policeraid_53_368
33
820 69 104 134 0.9996482 
756 147 36 38 0.99470204 
545 132 37 46 0.98996884 
31 110 19 23 0.8616644 
60 100 12 15 0.62887156 
365 123 8 11 0.421406 
302 117 10 12 0.34822884 
213 99 13 17 0.3150055 
219 97 13 17 0.31172985 
717 145 15 19 0.2825953 
209 101 11 14 0.24924843 
56 97 11 15 0.12481833 
640 226 11 15 0.118815705 
709 144 17 21 0.11809037 
677 138 10 13 0.08244586 
67 100 9 14 0.066234 
448 150 7 10 0.06460245 
420 503 17 20 0.060409892 
454 417 13 16 0.05985893 
733 214 12 15 0.054840814 
307 117 10 12 0.054721285 
425 185 9 11 0.048078705 
303 45 10 13 0.0464608 
391 155 10 14 0.04580034 
473 420 10 13 0.040059898 
630 481 9 11 0.037330274 
446 179 9 11 0.028266504 
592 292 27 38 0.028154677 
384 459 14 16 0.026778884 
396 156 9 12 0.026672574 
84 95 10 14 0.022721982 
48 98 12 17 0.022134777 
412 285 13 15 0.020099964 
