53_Raid_policeraid_53_827
18
961 190 43 79 0.96589446 
565 186 35 39 0.95735854 
859 187 39 53 0.9487783 
638 174 30 49 0.75309277 
687 164 28 42 0.14506866 
586 252 43 52 0.13374366 
367 344 121 118 0.065288775 
636 163 24 39 0.05700201 
382 92 52 64 0.041311655 
308 79 44 54 0.03826856 
117 440 114 169 0.03675611 
371 356 71 78 0.031170558 
664 271 55 75 0.026476102 
939 177 55 74 0.024993934 
754 237 38 50 0.024820581 
638 256 29 41 0.023308637 
406 101 33 49 0.021737475 
602 204 23 27 0.0204805 
