36_Football_americanfootball_ball_36_615
44
378 143 24 37 0.9925287 
197 105 29 45 0.98967475 
531 185 17 23 0.9706362 
861 151 14 20 0.9603966 
740 135 15 23 0.94050336 
451 154 19 27 0.89835304 
82 135 15 18 0.8907022 
922 98 19 32 0.790163 
518 155 15 17 0.7260405 
723 155 11 15 0.5593023 
671 172 13 19 0.514408 
647 162 10 14 0.46695924 
617 152 14 19 0.28610733 
687 158 9 12 0.1295912 
605 169 17 19 0.09192358 
611 161 18 21 0.085753396 
669 168 11 14 0.07859979 
931 103 25 30 0.065444514 
641 164 12 15 0.058582988 
600 161 12 17 0.05068035 
513 175 15 21 0.047455996 
719 162 11 14 0.046492513 
719 150 19 24 0.045298316 
434 183 20 28 0.044460777 
90 133 14 17 0.03927397 
436 155 14 19 0.03834885 
945 102 22 27 0.037059706 
694 157 8 11 0.036830433 
782 149 11 16 0.03452648 
692 189 11 15 0.033331312 
612 174 17 19 0.032348093 
713 166 9 11 0.03083085 
586 213 9 12 0.028493105 
665 172 12 18 0.027869133 
510 158 18 21 0.026181184 
317 192 36 44 0.024905395 
697 152 9 12 0.023761183 
682 173 12 15 0.023592483 
630 163 12 15 0.02249847 
734 143 14 20 0.022419233 
954 98 15 21 0.022331104 
757 131 14 18 0.021346113 
651 159 10 14 0.020643916 
212 230 13 16 0.020638412 
