36_Football_americanfootball_ball_36_6
99
939 153 14 18 0.9811901 
596 214 14 18 0.9785039 
300 172 14 19 0.9756389 
653 161 13 18 0.97271323 
611 252 15 20 0.9698986 
398 194 15 19 0.9659634 
252 169 13 18 0.9603127 
354 270 14 19 0.95288295 
566 124 12 16 0.94576603 
407 156 15 20 0.93374413 
613 165 13 16 0.92406416 
356 170 13 16 0.9140064 
24 153 15 18 0.8974095 
807 124 30 37 0.8955616 
575 274 11 13 0.86389554 
128 111 32 39 0.8461666 
377 218 14 17 0.80233866 
646 229 12 15 0.77623236 
969 257 15 18 0.7720723 
443 197 21 24 0.75283265 
480 242 34 38 0.7108694 
493 170 13 17 0.60672975 
450 177 13 16 0.5174176 
494 195 14 15 0.49352852 
996 155 11 15 0.46382925 
558 298 14 17 0.37592664 
251 274 15 17 0.3355546 
1014 209 10 16 0.3068599 
157 164 30 39 0.21501854 
869 154 23 28 0.18512525 
711 156 12 13 0.12573072 
546 230 13 16 0.10702873 
775 137 27 37 0.09613052 
650 233 13 15 0.091976374 
30 320 9 12 0.08220324 
502 200 15 16 0.07997669 
959 215 11 14 0.07848841 
990 221 10 13 0.06844291 
708 178 13 16 0.05983035 
1001 251 9 11 0.05833015 
265 232 10 13 0.0553829 
670 260 14 18 0.05480905 
573 197 14 19 0.051888235 
0 210 8 13 0.051502086 
677 180 11 13 0.0495046 
650 290 13 15 0.048607606 
948 246 11 14 0.04491889 
298 244 15 18 0.043225233 
533 195 13 16 0.04153055 
80 186 34 41 0.04143757 
509 167 10 16 0.039722912 
802 132 45 52 0.03915099 
876 223 14 18 0.037520405 
787 138 26 37 0.037300337 
645 281 22 26 0.036681898 
0 238 9 13 0.036654543 
800 143 28 36 0.03663648 
319 205 10 13 0.03560681 
444 187 18 22 0.034071643 
881 154 16 19 0.03394107 
895 152 12 17 0.033668775 
622 315 43 48 0.033664115 
163 151 34 38 0.03344693 
622 185 15 19 0.032476358 
220 238 12 14 0.031809345 
987 244 11 14 0.031314883 
19 197 16 16 0.030629735 
501 167 12 16 0.028606245 
14 196 13 15 0.028020492 
472 288 33 36 0.027920652 
730 195 14 17 0.027871361 
287 207 10 13 0.027553627 
709 162 14 17 0.027350537 
626 324 14 18 0.02702952 
547 221 14 15 0.026818331 
139 176 27 33 0.02644653 
141 260 14 21 0.026311047 
553 117 9 12 0.025260933 
895 173 10 13 0.025212407 
295 223 10 13 0.02519959 
163 301 9 11 0.02478052 
405 212 17 21 0.024560472 
792 151 25 36 0.024004333 
688 235 10 14 0.023220683 
519 153 14 18 0.022703052 
39 142 13 17 0.022121081 
670 187 13 15 0.022044392 
345 211 10 14 0.021712294 
600 277 13 16 0.021627542 
123 95 32 44 0.021548918 
550 132 10 14 0.021127697 
862 156 12 16 0.020889653 
495 250 20 21 0.020888567 
848 146 39 47 0.020882696 
478 270 34 38 0.020859085 
961 260 11 14 0.020341288 
1009 205 12 18 0.020259934 
796 126 26 37 0.02010053 
37 310 8 12 0.02002228 
