36_Football_americanfootball_ball_36_114
21
720 99 75 90 0.99259937 
215 29 34 43 0.9822963 
439 11 30 35 0.9543539 
44 25 32 43 0.95422715 
603 19 31 44 0.89292186 
106 53 31 35 0.41092893 
7 162 67 95 0.33142126 
654 84 37 48 0.20211068 
619 79 30 36 0.18987496 
456 96 24 33 0.076388344 
628 77 40 48 0.056822434 
73 83 48 53 0.04281163 
509 97 26 31 0.03953238 
109 30 42 49 0.037643556 
81 105 47 50 0.034956425 
60 272 96 99 0.029530076 
93 72 45 51 0.028589036 
599 77 40 50 0.023593672 
576 90 36 50 0.022054916 
463 82 32 40 0.020580495 
122 52 32 36 0.02027657 
