36_Football_americanfootball_ball_36_81
28
172 71 56 58 0.98722154 
475 43 46 51 0.9860276 
371 115 59 62 0.9705577 
917 7 39 48 0.92813134 
849 8 24 31 0.53202516 
339 39 38 42 0.31216162 
330 237 48 65 0.29168317 
703 89 32 36 0.18546903 
886 3 28 39 0.18159455 
684 24 24 31 0.13873559 
899 456 16 18 0.06859872 
903 8 28 36 0.06253627 
579 10 23 29 0.05332796 
437 0 45 45 0.050514325 
512 119 49 60 0.041151706 
425 84 45 61 0.03996454 
796 162 30 38 0.037017286 
282 0 29 33 0.030802798 
856 114 30 35 0.028601056 
845 70 25 30 0.0281003 
584 70 26 31 0.027754059 
378 0 35 28 0.027464697 
819 0 20 16 0.02461579 
258 67 44 58 0.022381362 
851 100 28 36 0.022361025 
840 60 24 32 0.021799894 
832 53 25 34 0.020759614 
878 -1 29 29 0.02035674 
