36_Football_americanfootball_ball_36_487
1772
656 182 9 12 0.9447571 
168 238 12 16 0.9439503 
224 252 11 16 0.939748 
864 108 8 12 0.9356842 
767 112 8 10 0.9323452 
95 91 9 13 0.92958814 
70 195 12 15 0.928116 
431 189 9 11 0.92501444 
204 230 12 16 0.918882 
950 117 9 11 0.905158 
585 221 10 13 0.89919597 
382 45 9 12 0.89315206 
381 67 10 13 0.8891919 
810 334 21 27 0.88823026 
697 120 9 11 0.88714445 
47 254 12 16 0.86865795 
797 327 22 26 0.86639225 
719 232 10 12 0.8610151 
278 163 9 12 0.8603274 
885 46 9 11 0.8581159 
630 228 11 13 0.85512316 
15 93 9 11 0.8549319 
88 222 11 14 0.85225576 
479 35 9 12 0.85172766 
276 198 12 15 0.8512931 
297 183 10 14 0.84619594 
264 36 9 12 0.8461615 
672 238 10 14 0.8431286 
130 140 9 12 0.84270674 
372 99 10 13 0.8420659 
669 79 9 11 0.8340097 
284 80 9 12 0.8337979 
916 166 10 12 0.8307103 
526 245 12 14 0.83024865 
871 230 11 14 0.82882637 
860 149 9 11 0.82650584 
792 174 8 10 0.8148757 
975 123 9 12 0.8102127 
114 51 11 14 0.80965734 
300 288 14 19 0.80331016 
28 235 11 14 0.8030593 
232 234 11 14 0.80149734 
623 184 9 11 0.79484576 
57 102 9 11 0.7941985 
463 85 9 11 0.7939781 
879 125 10 12 0.79205734 
798 221 9 11 0.79100865 
609 243 11 14 0.787757 
317 52 9 11 0.7827385 
292 257 11 14 0.78037727 
537 111 10 13 0.78029704 
309 13 10 12 0.7787403 
753 262 11 14 0.7779172 
919 211 10 12 0.777843 
545 196 11 14 0.7763338 
838 44 9 11 0.7700889 
886 164 9 12 0.7661732 
322 70 7 10 0.7646602 
175 100 11 13 0.7637049 
292 159 10 13 0.76228803 
9 36 10 12 0.75782955 
437 29 9 11 0.7554737 
825 208 10 14 0.75141287 
533 197 10 13 0.7493172 
58 52 11 13 0.74665576 
57 302 14 22 0.7466343 
87 109 10 12 0.7458578 
40 135 10 12 0.74413186 
897 227 11 15 0.7420525 
360 271 10 13 0.74077886 
941 144 10 12 0.7376889 
775 243 10 14 0.7364983 
414 233 9 12 0.7292958 
844 211 10 13 0.72604936 
927 119 8 11 0.7241818 
978 103 9 12 0.723085 
389 231 12 15 0.72046334 
145 168 11 13 0.71051645 
767 195 9 12 0.7077083 
8 107 8 11 0.7069256 
390 179 9 11 0.7028411 
367 237 9 12 0.7020226 
627 6 10 13 0.7006194 
615 147 9 12 0.70037824 
82 255 12 15 0.69846743 
796 52 10 12 0.69837 
796 93 8 11 0.6980169 
328 37 10 12 0.69660604 
676 97 10 11 0.695405 
944 85 10 11 0.6944435 
515 197 9 13 0.6934746 
634 134 8 11 0.6822147 
920 21 8 10 0.67844844 
749 248 9 12 0.67837197 
789 200 10 12 0.6771844 
534 83 9 11 0.6749249 
377 253 10 14 0.674293 
921 183 10 13 0.670839 
114 89 9 12 0.6647339 
8 216 9 13 0.65955204 
906 189 10 13 0.6533182 
420 109 9 12 0.6511963 
398 133 9 12 0.64996195 
771 33 9 10 0.64333177 
599 137 9 11 0.6423546 
319 183 11 14 0.6392998 
943 173 10 12 0.63661313 
452 58 10 13 0.62969124 
605 44 8 11 0.62760437 
104 159 8 11 0.6264633 
563 11 8 11 0.6262658 
960 175 11 12 0.62362784 
12 146 11 13 0.6233982 
950 23 9 12 0.6229738 
528 23 8 10 0.6206743 
568 219 10 13 0.61914295 
714 127 9 13 0.61622643 
653 147 9 12 0.614953 
131 48 9 11 0.6137438 
506 99 9 12 0.6128154 
705 97 9 10 0.61061275 
118 255 10 12 0.6098417 
175 47 9 11 0.6092303 
976 175 9 11 0.60835445 
825 168 8 11 0.60384077 
184 16 9 11 0.6033043 
445 81 8 10 0.6029121 
159 61 8 10 0.6015127 
989 227 10 13 0.60110277 
732 245 10 13 0.5906744 
662 32 8 10 0.58480394 
844 3 10 14 0.58337295 
566 127 8 10 0.5815348 
285 7 9 11 0.5815108 
357 180 10 13 0.5790926 
30 21 9 12 0.5785399 
61 141 9 11 0.57814723 
40 93 9 12 0.5703505 
914 55 10 13 0.56280535 
324 108 9 11 0.56009096 
195 175 10 13 0.55795133 
554 222 11 13 0.5554332 
702 78 9 11 0.5510937 
341 86 10 13 0.55037 
949 227 10 13 0.54995555 
709 15 8 10 0.5434628 
908 124 10 13 0.53677624 
1004 100 10 13 0.53494084 
103 36 8 10 0.53464735 
663 114 8 9 0.53396714 
464 0 9 11 0.53316754 
423 29 8 11 0.530186 
168 118 9 12 0.5293582 
100 246 12 14 0.52542967 
335 280 11 13 0.5170769 
638 108 9 11 0.51683795 
625 75 9 12 0.51279676 
943 104 9 11 0.5116795 
722 87 8 10 0.5087708 
53 10 11 13 0.50843763 
926 274 12 13 0.5072323 
673 60 7 10 0.5061795 
631 205 10 12 0.5053454 
968 222 9 11 0.49819627 
66 180 9 11 0.49013984 
466 133 8 11 0.48829824 
322 256 10 13 0.48784074 
658 207 10 13 0.48670748 
913 231 11 14 0.48518458 
32 104 9 11 0.48355052 
687 184 9 11 0.48317224 
536 259 11 14 0.48119882 
418 254 12 14 0.47703412 
450 37 10 12 0.46898675 
141 250 11 14 0.4677531 
87 181 9 12 0.46572712 
329 15 8 11 0.46466315 
923 40 8 10 0.46211335 
976 147 9 11 0.45787302 
508 72 8 11 0.45649484 
58 157 10 12 0.45156637 
885 205 10 13 0.4507955 
85 32 8 11 0.45020285 
653 77 8 10 0.44898885 
788 36 9 11 0.44738728 
648 112 9 11 0.44442338 
703 208 10 12 0.4441135 
992 104 9 10 0.4423193 
97 144 9 11 0.44080365 
141 28 9 11 0.4394464 
729 200 9 12 0.43880704 
454 113 10 12 0.4362869 
117 109 9 11 0.43465048 
40 57 10 12 0.43360195 
101 200 9 12 0.43143365 
809 37 7 10 0.43065977 
228 77 8 11 0.42823923 
103 176 10 13 0.4278424 
701 188 7 11 0.4232786 
397 93 9 12 0.4162858 
974 8 9 12 0.41384342 
518 40 8 11 0.4127219 
588 31 9 11 0.40621036 
349 47 9 11 0.40531713 
392 88 9 11 0.4048373 
645 88 9 11 0.4038314 
12 67 10 13 0.4000227 
736 72 9 12 0.39254412 
869 43 9 12 0.38717923 
241 292 11 14 0.38559553 
1009 147 11 13 0.38131347 
258 73 9 11 0.37968636 
233 93 8 10 0.3777256 
565 100 8 12 0.37608775 
575 39 8 10 0.3747322 
598 4 7 11 0.37371546 
912 75 9 12 0.37177986 
858 78 8 10 0.37140635 
161 17 8 10 0.36624238 
427 142 9 12 0.3657509 
932 13 9 11 0.36463866 
737 123 9 12 0.36040363 
25 173 9 11 0.35732695 
553 47 8 11 0.35633376 
361 20 9 11 0.354556 
222 93 8 10 0.3527452 
480 133 9 12 0.3506159 
1013 237 9 12 0.34694082 
295 61 8 11 0.34648827 
125 32 9 10 0.34415042 
885 80 9 12 0.34298488 
924 95 10 12 0.34257853 
100 141 10 12 0.34249654 
945 39 7 9 0.3415658 
516 319 11 14 0.33869296 
449 132 11 14 0.33724508 
885 14 9 11 0.33680865 
300 54 9 10 0.33651447 
65 89 8 11 0.33371326 
205 78 8 11 0.3309333 
200 65 8 10 0.32750255 
1001 29 8 10 0.3259629 
158 88 9 12 0.32462823 
273 105 9 11 0.3224386 
911 118 9 12 0.32151863 
28 38 8 10 0.32095814 
438 46 8 10 0.31690913 
870 204 8 11 0.31473485 
869 287 10 14 0.3146124 
183 65 8 9 0.31204224 
416 181 10 12 0.3077894 
248 105 9 11 0.30741137 
44 119 9 11 0.30581316 
567 145 9 11 0.30533013 
143 103 8 11 0.30295193 
775 62 9 11 0.29946938 
82 68 9 11 0.29614627 
354 76 9 12 0.29609197 
489 203 9 12 0.29343352 
495 128 10 13 0.29262066 
558 28 8 11 0.2913586 
888 22 9 11 0.2906657 
78 137 9 12 0.29060742 
397 252 9 12 0.2896276 
86 153 9 11 0.28802767 
488 103 9 12 0.28576362 
185 34 8 9 0.28460395 
62 38 8 11 0.2834922 
941 53 8 10 0.28149453 
992 4 9 11 0.27886137 
236 23 9 11 0.27645794 
25 79 8 10 0.27403685 
844 176 9 12 0.27336875 
566 253 9 11 0.2727085 
900 91 9 12 0.2695677 
465 181 9 12 0.2670096 
551 100 9 12 0.26429075 
829 92 8 11 0.2641808 
79 19 9 11 0.26416385 
873 180 8 11 0.26327926 
135 72 8 10 0.2624482 
522 64 9 12 0.26165155 
577 110 9 11 0.2587737 
616 101 8 11 0.2586172 
911 13 8 11 0.25579035 
181 69 9 11 0.2543635 
760 85 9 11 0.25279832 
509 3 8 11 0.2521583 
699 246 12 15 0.25003874 
896 195 9 11 0.24971701 
361 3 9 12 0.24883524 
601 182 9 11 0.24882013 
786 141 8 9 0.24851239 
16 54 9 11 0.24823876 
230 152 9 12 0.246656 
503 277 13 16 0.24559207 
254 160 9 12 0.24414745 
601 88 8 10 0.23854358 
40 164 9 11 0.23851608 
574 194 9 13 0.2367174 
190 32 8 11 0.23586208 
47 285 12 15 0.23352584 
865 62 9 11 0.23179848 
404 290 11 14 0.23046032 
697 31 9 11 0.22987197 
246 276 9 11 0.22928226 
327 138 9 12 0.2284473 
289 213 9 12 0.22742245 
773 1 8 9 0.22684866 
1002 171 10 13 0.22683683 
717 193 9 10 0.2265829 
196 7 9 11 0.22634035 
622 134 8 10 0.22425966 
373 166 9 11 0.22412197 
229 135 8 10 0.22165363 
300 108 9 11 0.22141814 
743 231 9 12 0.22117382 
47 72 9 12 0.21807759 
430 283 12 15 0.21780084 
742 174 9 11 0.21672277 
258 120 9 12 0.21582803 
767 86 9 11 0.21458013 
316 278 12 16 0.214533 
392 57 9 11 0.21418998 
641 47 7 9 0.21388885 
761 290 11 14 0.21363406 
840 235 10 12 0.2135624 
212 119 8 10 0.21323487 
607 88 7 10 0.2131939 
610 120 9 11 0.212902 
455 153 9 11 0.21277724 
437 93 8 12 0.21126217 
298 104 9 11 0.21059139 
541 61 8 10 0.21038403 
784 159 8 10 0.20574203 
810 62 8 11 0.20453426 
582 105 9 10 0.20442754 
758 177 8 10 0.20206212 
85 339 13 16 0.20084256 
553 31 8 11 0.20014353 
624 99 9 12 0.19924505 
385 283 11 16 0.19891258 
466 293 13 16 0.19852757 
765 145 8 10 0.19823183 
733 8 8 10 0.19774346 
6 256 9 12 0.19694005 
831 188 9 11 0.19667558 
849 132 8 10 0.1964144 
168 21 9 10 0.19594677 
484 283 12 14 0.19569972 
356 118 9 11 0.19046232 
583 130 8 9 0.18950337 
982 165 9 11 0.18930617 
306 92 10 11 0.18840529 
495 40 9 11 0.18766223 
121 30 9 11 0.18737572 
294 0 8 9 0.18728215 
741 278 13 16 0.18692659 
600 93 9 11 0.18559122 
64 117 8 10 0.18113998 
65 24 9 11 0.18058266 
590 278 12 14 0.18047296 
944 65 8 10 0.18014172 
791 126 8 10 0.17729574 
688 75 9 11 0.17693359 
422 80 9 12 0.17499943 
928 243 10 13 0.17493463 
422 206 9 12 0.17491412 
153 126 8 10 0.17429534 
682 111 8 10 0.17393848 
630 100 9 11 0.1716905 
705 48 9 11 0.16965275 
36 101 10 12 0.16857679 
367 188 8 10 0.1659445 
542 56 8 10 0.16366115 
109 11 8 11 0.16341709 
944 227 11 13 0.1626515 
535 267 11 14 0.16133565 
813 55 8 11 0.16084215 
938 224 9 11 0.1605965 
502 40 9 12 0.16033223 
903 22 8 11 0.16014543 
544 31 7 9 0.15770021 
643 15 7 11 0.1574409 
1013 244 11 16 0.15684658 
28 15 10 12 0.15599139 
394 13 8 10 0.1557624 
238 47 8 10 0.15527731 
263 164 9 11 0.1548132 
844 88 8 10 0.15479113 
757 181 8 10 0.15369841 
398 287 12 15 0.14847639 
564 309 12 17 0.14782728 
171 120 10 12 0.14765356 
156 78 9 11 0.14710471 
766 161 8 11 0.14685667 
253 231 9 13 0.1464749 
541 14 8 10 0.14498013 
789 109 9 11 0.14381209 
900 272 15 18 0.14317922 
327 302 11 14 0.14252403 
724 36 8 12 0.14151357 
589 311 10 13 0.14127935 
785 110 9 11 0.14110455 
698 77 8 11 0.14093973 
689 238 9 12 0.14076528 
230 118 7 9 0.14060889 
551 38 8 10 0.14034641 
743 208 9 11 0.13977963 
637 151 8 10 0.13904986 
11 306 15 20 0.1388956 
496 16 8 9 0.13853173 
317 28 8 11 0.13850348 
357 96 9 11 0.13715969 
901 109 8 10 0.1361102 
698 145 8 10 0.13558568 
542 133 9 11 0.1354791 
777 304 15 17 0.1349416 
364 241 11 13 0.13457908 
514 111 9 12 0.13375734 
18 124 8 11 0.13347277 
726 113 8 10 0.13249573 
174 124 9 12 0.1322547 
782 189 10 11 0.13191721 
495 56 8 11 0.13163504 
68 224 10 12 0.13138981 
810 161 8 11 0.13135344 
838 25 7 10 0.13099071 
506 2 7 10 0.13095081 
913 113 8 9 0.1306966 
1004 259 10 13 0.1300821 
5 313 16 20 0.12963253 
40 183 8 11 0.12906034 
815 205 8 11 0.1286873 
938 103 9 12 0.12860888 
342 225 9 11 0.12810355 
94 316 12 15 0.12708226 
941 259 14 17 0.12674515 
84 63 9 12 0.12665445 
490 303 14 15 0.12527359 
824 134 9 13 0.12481631 
341 180 9 12 0.124308646 
283 285 13 16 0.124122255 
514 39 8 11 0.12223958 
270 149 8 10 0.121133775 
308 172 9 11 0.120799035 
261 124 9 12 0.12071371 
456 185 8 10 0.120693594 
100 285 12 17 0.11905325 
914 319 13 16 0.11884855 
561 69 8 10 0.11862399 
591 77 7 9 0.116873346 
863 84 8 11 0.116872296 
345 51 8 11 0.116603605 
6 300 16 20 0.1161095 
86 188 9 12 0.115767516 
970 11 9 11 0.114840955 
686 9 8 9 0.113625206 
256 307 12 16 0.11351276 
463 71 9 11 0.113170974 
163 37 8 10 0.112203196 
788 135 9 11 0.1113973 
479 14 8 11 0.111195326 
90 45 9 12 0.11114624 
922 118 9 11 0.11103535 
191 87 8 10 0.11021912 
953 53 9 12 0.10967432 
238 216 8 11 0.109611675 
240 369 9 11 0.109160155 
951 141 10 13 0.10875217 
398 150 9 11 0.10874241 
394 30 8 10 0.108086765 
574 56 9 11 0.10800878 
246 84 8 10 0.10769982 
353 72 9 11 0.10732316 
281 143 8 10 0.10718719 
350 133 10 12 0.107024476 
726 31 8 11 0.10701327 
176 77 8 10 0.106498934 
732 317 10 13 0.10628063 
30 150 9 12 0.10544059 
0 72 7 12 0.10528157 
814 163 8 11 0.1044094 
0 215 9 15 0.10342656 
876 177 9 11 0.10283739 
797 244 11 13 0.10238086 
423 283 12 15 0.10203671 
295 69 9 10 0.1011812 
782 269 13 15 0.100096345 
712 99 8 11 0.09988031 
761 79 9 11 0.098506175 
648 38 7 9 0.09798146 
912 9 9 11 0.09778392 
234 48 8 10 0.097352006 
342 8 8 10 0.09714905 
919 261 10 12 0.09641253 
685 277 13 17 0.09592458 
655 113 8 10 0.09573126 
102 270 13 16 0.094998434 
471 52 9 11 0.09475776 
634 110 9 11 0.094504535 
817 85 7 9 0.09397552 
702 284 14 16 0.093607396 
423 68 9 11 0.09337832 
437 38 10 12 0.09323742 
953 135 9 11 0.09254918 
458 276 13 15 0.09224862 
829 135 10 12 0.09192832 
720 94 8 11 0.09187384 
48 150 8 9 0.09171371 
342 63 8 10 0.09102448 
41 125 10 13 0.09082605 
879 215 9 11 0.09038778 
480 214 10 12 0.09012014 
544 47 7 10 0.09009662 
697 185 8 11 0.08974671 
297 20 8 10 0.089161366 
880 62 8 10 0.08911152 
894 22 8 11 0.08907017 
575 268 12 16 0.08890766 
460 284 14 16 0.08875542 
544 6 8 11 0.088290714 
735 13 8 10 0.08826841 
165 16 9 11 0.08821187 
526 27 9 11 0.0879409 
937 188 9 11 0.08779674 
607 109 9 10 0.08772295 
709 78 8 10 0.08763017 
226 1 9 10 0.08759847 
619 284 10 12 0.08755168 
833 79 8 9 0.08729996 
1 125 8 12 0.08728239 
646 198 8 10 0.08709038 
906 15 8 10 0.08702885 
717 101 8 10 0.086472735 
747 282 11 13 0.0853631 
16 246 10 13 0.084854856 
145 97 8 9 0.08474681 
250 15 8 11 0.08441518 
505 21 8 10 0.08437642 
22 169 8 11 0.084355034 
813 48 8 11 0.08359773 
606 92 7 10 0.08359628 
941 179 11 14 0.08326433 
421 53 8 10 0.0829896 
491 237 11 14 0.08297957 
489 268 10 12 0.08259079 
574 43 9 11 0.08218637 
449 42 9 12 0.08169206 
91 339 12 15 0.081678204 
547 292 12 15 0.08080551 
418 382 10 14 0.08061031 
702 228 9 12 0.08057537 
288 1 10 10 0.08051209 
735 277 13 16 0.080511026 
710 247 10 13 0.0805015 
334 120 8 10 0.080427796 
701 37 8 11 0.08041616 
842 92 9 11 0.08035173 
880 131 10 12 0.07995373 
228 140 9 12 0.0799115 
97 250 11 14 0.07901061 
675 0 7 8 0.07877505 
128 111 8 11 0.07819959 
585 72 7 10 0.07814501 
560 334 9 11 0.07801335 
528 54 7 9 0.07778256 
952 148 10 12 0.077512436 
722 33 8 10 0.077412196 
734 238 10 12 0.07729138 
336 63 8 11 0.0771341 
792 329 16 21 0.07687366 
545 1 8 9 0.07675473 
223 360 9 12 0.07675421 
765 78 9 11 0.076597266 
144 65 8 10 0.07621231 
453 33 9 11 0.07616931 
330 0 8 10 0.07597164 
971 257 13 16 0.07595265 
784 15 8 10 0.07593427 
416 188 9 11 0.07567151 
559 85 7 10 0.075277 
957 55 9 11 0.07509263 
551 51 9 11 0.074541174 
98 37 9 12 0.07451914 
935 8 9 11 0.07437184 
657 129 7 10 0.074106835 
983 183 9 12 0.0739927 
221 217 9 12 0.07390614 
232 53 8 10 0.07376892 
218 88 8 11 0.073489055 
1 53 8 11 0.07342114 
782 78 7 10 0.07331778 
448 100 9 11 0.07319341 
737 354 7 9 0.072722085 
448 189 8 10 0.072682016 
619 318 13 18 0.07235416 
625 268 11 13 0.07214414 
441 85 9 11 0.0719714 
253 108 9 11 0.07177044 
22 312 12 18 0.071753226 
200 86 9 11 0.07173303 
98 1 8 9 0.0716935 
192 36 8 10 0.071620695 
145 148 8 10 0.07160462 
921 99 10 11 0.07106876 
24 86 10 11 0.07099098 
165 61 8 10 0.07098718 
823 188 9 11 0.07067293 
302 77 8 9 0.07051139 
736 358 7 10 0.070264526 
702 84 10 11 0.07014061 
834 40 9 11 0.07013059 
20 92 9 12 0.06942664 
613 8 9 10 0.06913839 
825 88 8 11 0.06902377 
907 287 11 14 0.06883028 
154 85 9 11 0.06879825 
806 109 9 11 0.06863637 
654 49 7 9 0.06849801 
573 0 8 10 0.06831909 
286 233 8 11 0.06807765 
385 215 8 10 0.06789567 
584 36 9 11 0.06781732 
585 77 8 10 0.067796946 
760 70 8 10 0.06705256 
958 23 9 12 0.06649836 
397 115 9 12 0.066232294 
214 159 8 11 0.06604717 
689 103 7 9 0.06602172 
794 90 8 11 0.065948665 
613 124 8 11 0.06593955 
896 135 8 10 0.065839745 
951 79 9 11 0.065582216 
88 13 8 11 0.065388136 
144 48 7 10 0.06528712 
632 276 11 14 0.06520098 
806 104 8 10 0.06495933 
367 79 9 11 0.06478816 
886 200 10 13 0.06474988 
214 5 8 10 0.06437819 
845 232 9 12 0.064166315 
872 213 9 11 0.064151116 
353 101 9 11 0.064132184 
337 181 10 12 0.06403465 
694 102 7 9 0.06389803 
171 346 11 15 0.06387015 
100 149 10 12 0.06381947 
560 80 8 10 0.063734174 
343 81 9 11 0.06369074 
272 129 8 10 0.06336134 
60 11 10 12 0.06331944 
783 262 14 16 0.06300283 
925 21 8 11 0.06296186 
863 69 9 11 0.06278719 
882 315 14 17 0.06262184 
374 160 9 11 0.0622414 
1014 70 8 13 0.061887044 
454 282 12 15 0.061841782 
570 55 8 11 0.06162957 
942 91 10 13 0.06150666 
761 160 9 11 0.06141536 
262 292 10 13 0.061324112 
613 13 8 11 0.061296716 
941 47 10 13 0.061186694 
417 48 8 11 0.06080967 
886 133 8 11 0.060787022 
104 138 7 10 0.060720034 
291 62 8 11 0.060621023 
382 21 9 11 0.060274195 
128 118 7 9 0.060185492 
783 118 7 9 0.06017318 
969 61 8 11 0.060116023 
303 281 17 22 0.060017023 
233 375 8 10 0.059935484 
848 255 9 11 0.059901707 
465 37 9 11 0.05987479 
733 250 10 13 0.059491977 
641 92 9 10 0.059407167 
831 238 10 11 0.058998276 
73 140 10 11 0.058939278 
78 325 11 12 0.058901306 
29 30 9 11 0.058757566 
814 223 9 11 0.058586713 
120 222 8 10 0.05840566 
765 174 9 11 0.058385797 
144 53 7 9 0.058233656 
809 204 9 11 0.05807187 
653 54 7 10 0.057956785 
388 279 12 17 0.057745412 
421 237 8 11 0.057650894 
165 33 9 10 0.057182517 
457 77 10 12 0.057087157 
575 117 8 10 0.056978293 
225 31 8 10 0.05685028 
385 233 11 14 0.056462258 
270 133 8 9 0.05640753 
773 88 8 10 0.056158565 
593 2 9 10 0.056068256 
960 0 7 9 0.05597138 
140 284 14 16 0.055914924 
486 0 7 8 0.055908877 
950 16 9 10 0.055773035 
351 255 9 11 0.055633143 
837 270 12 15 0.055545688 
1001 39 8 11 0.055520702 
780 61 9 11 0.055364273 
256 269 10 12 0.055323485 
97 30 8 11 0.055255737 
166 88 8 11 0.05513684 
79 85 8 11 0.055025145 
445 15 8 11 0.05502383 
207 22 8 10 0.055013794 
472 35 10 13 0.05492244 
261 56 9 11 0.054864347 
534 23 8 10 0.05473925 
926 111 11 14 0.054578286 
774 68 9 11 0.0538161 
253 142 9 10 0.053779677 
135 182 8 11 0.053672496 
758 247 9 12 0.053614084 
353 63 9 10 0.053580947 
722 112 8 9 0.053550836 
344 13 8 10 0.05354618 
494 265 10 12 0.053391647 
1 260 10 12 0.05338962 
273 118 9 11 0.053379018 
752 175 8 11 0.053318806 
609 7 8 10 0.053312175 
302 73 8 9 0.053276297 
509 21 8 10 0.053272203 
537 56 9 11 0.053072345 
680 13 7 10 0.052951023 
814 277 12 15 0.052915443 
421 48 9 11 0.05282707 
199 1 8 9 0.052784342 
98 159 9 11 0.052676506 
281 135 7 10 0.052497473 
541 285 13 17 0.05249323 
468 86 8 11 0.052418053 
214 190 8 10 0.05239203 
96 25 8 9 0.05229428 
45 140 10 12 0.052109282 
577 70 8 10 0.052060667 
703 223 9 11 0.051986612 
360 187 10 12 0.0519508 
357 293 11 14 0.051941313 
278 62 9 11 0.051913977 
21 120 8 12 0.051571082 
429 65 9 11 0.05135039 
264 103 8 10 0.051265042 
560 65 8 10 0.051203012 
182 181 8 10 0.05117416 
352 176 10 13 0.051171537 
480 291 10 13 0.051140044 
690 25 7 9 0.051077954 
977 29 7 10 0.050858676 
774 228 9 11 0.050858468 
88 196 9 11 0.050801028 
68 29 9 11 0.05071574 
912 309 11 13 0.050592143 
807 221 9 12 0.050549123 
395 230 10 14 0.0505074 
823 239 9 11 0.05025065 
232 30 8 10 0.050223857 
720 4 8 11 0.050170917 
948 101 9 12 0.05015297 
504 214 9 11 0.05012824 
809 46 9 11 0.050074086 
977 97 9 10 0.049758136 
702 72 9 11 0.0497237 
357 112 10 12 0.0497121 
1014 181 9 12 0.049643636 
742 295 10 12 0.04957588 
25 71 8 11 0.049531654 
111 29 7 10 0.049099904 
1005 106 10 12 0.049098253 
801 110 9 11 0.049061675 
187 334 11 13 0.048945736 
592 110 7 10 0.048789 
712 30 7 9 0.048716247 
199 47 8 9 0.04865663 
600 109 8 10 0.048647154 
335 47 8 9 0.048579875 
417 78 10 12 0.048472334 
358 63 7 10 0.048433132 
14 0 8 8 0.04842944 
715 230 10 12 0.04833398 
956 143 9 12 0.0481881 
600 177 9 11 0.0481526 
814 200 9 11 0.04804694 
547 94 8 11 0.048031326 
680 135 8 10 0.048023853 
727 92 8 12 0.047994472 
433 228 9 12 0.047968093 
651 73 7 9 0.047949985 
255 87 9 11 0.047902178 
949 39 8 10 0.047867503 
536 105 10 12 0.047745667 
327 63 8 11 0.04768515 
278 118 8 10 0.0476352 
637 252 11 13 0.047564194 
421 181 9 11 0.04754798 
152 121 8 10 0.047510754 
637 277 13 16 0.04746001 
204 71 9 12 0.047424316 
948 121 12 14 0.047353454 
886 9 8 11 0.04726276 
917 112 9 11 0.047231674 
294 38 8 11 0.047218535 
62 111 9 11 0.047186706 
976 25 8 9 0.04713845 
520 300 11 12 0.047136404 
397 138 11 13 0.04709255 
111 142 8 10 0.047028333 
214 63 7 10 0.04685496 
229 4 10 12 0.046701834 
423 221 8 11 0.046497036 
495 60 9 12 0.046435706 
897 62 8 11 0.046367798 
368 252 10 13 0.046293292 
759 64 7 9 0.04625764 
122 37 9 10 0.04625011 
128 71 8 10 0.046249982 
600 103 8 10 0.04623174 
649 33 7 9 0.04622453 
549 1 8 9 0.046196084 
979 143 9 12 0.04614244 
553 87 8 10 0.046137575 
913 21 9 11 0.04612935 
40 173 9 11 0.046126377 
56 107 10 12 0.046094522 
415 284 10 14 0.04604178 
502 85 9 11 0.046000637 
817 110 9 11 0.045953684 
26 32 9 12 0.045935288 
241 144 8 10 0.045867004 
687 135 8 9 0.045808837 
435 189 9 12 0.04575678 
777 77 9 11 0.04555185 
449 111 10 12 0.04552696 
595 136 8 11 0.04547841 
159 70 8 10 0.04545441 
823 139 9 12 0.045349546 
647 47 8 10 0.0453353 
351 112 10 11 0.045324665 
41 69 10 13 0.045313317 
334 125 8 10 0.045266032 
945 14 8 10 0.045252763 
465 46 9 12 0.045182716 
439 111 8 10 0.045058314 
901 195 11 13 0.04505112 
57 135 9 12 0.045005854 
152 236 9 12 0.04499515 
656 133 9 10 0.044890698 
70 23 8 11 0.044887934 
1008 22 8 11 0.044803437 
328 43 9 12 0.044771753 
329 124 9 11 0.044686094 
828 171 9 11 0.044685367 
503 17 8 10 0.04462058 
705 135 8 10 0.04461257 
306 168 9 12 0.04432444 
834 29 9 11 0.044194583 
107 175 10 12 0.04414905 
935 21 9 10 0.04414745 
501 117 10 12 0.044098258 
647 229 9 12 0.0440188 
646 20 7 10 0.043973137 
926 222 9 11 0.043832615 
792 181 8 9 0.04382726 
350 85 9 11 0.043677893 
929 269 13 16 0.04364576 
181 47 8 11 0.043598212 
336 6 9 10 0.04350565 
673 30 8 10 0.04349889 
138 103 8 10 0.0434175 
1009 84 9 12 0.043396946 
571 148 9 11 0.04319308 
981 108 10 11 0.043172944 
789 159 8 10 0.043101694 
38 188 9 13 0.04309898 
33 191 9 12 0.04289548 
710 20 8 11 0.042883627 
988 233 11 15 0.04286257 
537 30 8 10 0.04279916 
817 143 8 10 0.042783782 
688 244 10 14 0.042702217 
977 168 10 12 0.042589787 
51 8 9 12 0.042552043 
553 217 9 11 0.042512726 
247 119 8 11 0.042473488 
0 121 7 11 0.042413604 
15 239 9 11 0.042338848 
821 111 9 11 0.042156525 
262 109 9 10 0.042135116 
761 7 8 10 0.04211966 
439 53 9 11 0.042047635 
625 128 8 10 0.04199088 
432 224 9 11 0.041872893 
492 230 11 12 0.04176674 
375 87 9 11 0.041727733 
497 86 8 10 0.04171402 
362 245 9 12 0.041637514 
977 86 8 10 0.04152423 
492 101 10 13 0.041396413 
977 78 9 11 0.041369513 
854 125 9 12 0.041356627 
390 199 10 13 0.041284632 
94 7 9 12 0.041233983 
808 68 8 10 0.041197676 
965 179 10 13 0.041130055 
30 7 8 11 0.041129064 
521 20 9 12 0.041125387 
769 245 11 14 0.041099552 
21 53 8 11 0.041068356 
967 108 8 10 0.04106252 
682 8 7 10 0.04096181 
37 22 8 10 0.04094208 
535 292 10 13 0.040854346 
155 61 8 10 0.040821962 
393 248 10 13 0.04080464 
886 63 7 9 0.040786278 
245 125 9 11 0.040698137 
377 20 10 12 0.040610764 
301 61 8 10 0.040589992 
671 13 9 11 0.04056083 
727 214 10 11 0.040400323 
197 38 8 10 0.040175658 
894 166 8 11 0.040159512 
266 134 8 9 0.040015973 
192 293 10 13 0.039891463 
735 262 9 11 0.039839666 
918 72 8 11 0.039769966 
857 73 8 11 0.039739158 
568 120 8 11 0.039575998 
453 100 10 12 0.03949648 
807 127 8 11 0.039376795 
625 224 11 13 0.039337654 
775 128 7 9 0.03930932 
808 278 10 14 0.03929704 
777 274 11 14 0.03925564 
169 47 9 10 0.039216418 
690 275 13 16 0.0392162 
237 158 8 11 0.03919768 
1005 40 9 11 0.039075464 
172 283 10 12 0.03902384 
181 96 9 12 0.03898479 
599 80 7 9 0.038862567 
636 206 9 13 0.038841642 
792 23 7 9 0.038775172 
798 126 9 11 0.03864429 
417 104 10 12 0.038565278 
574 206 9 11 0.03846176 
1015 124 8 12 0.03831888 
936 108 9 11 0.03819547 
696 230 9 12 0.03816502 
816 150 8 10 0.038164914 
320 176 10 13 0.038157757 
22 251 9 12 0.038090438 
241 388 9 11 0.038041778 
288 162 11 14 0.038019862 
735 270 12 15 0.037997857 
18 166 8 12 0.037982058 
822 127 12 13 0.037878066 
905 185 9 11 0.037742846 
328 346 10 14 0.037721395 
942 7 8 10 0.037667118 
520 282 11 14 0.037665833 
118 248 10 13 0.03760172 
822 116 9 11 0.03759347 
112 134 8 11 0.037534013 
135 110 9 10 0.037529565 
683 317 9 12 0.03750861 
225 73 9 11 0.037503373 
111 151 8 11 0.037500385 
167 56 8 10 0.037482623 
882 160 9 11 0.03745583 
208 16 9 10 0.037396755 
689 150 8 10 0.037368905 
794 150 7 9 0.037355036 
161 47 7 9 0.037314378 
119 128 8 10 0.03722036 
241 80 8 11 0.037145242 
328 205 9 12 0.037130956 
325 363 10 13 0.037018415 
199 12 8 10 0.036976874 
960 39 8 10 0.036957253 
240 85 8 11 0.036929835 
469 178 9 11 0.036868256 
925 44 8 11 0.03680574 
931 237 12 15 0.036788523 
176 39 9 12 0.03673832 
499 125 11 14 0.03672385 
707 288 13 16 0.036697764 
63 214 10 13 0.03668592 
771 62 8 10 0.036633838 
408 181 9 11 0.03661811 
392 324 10 13 0.036586497 
913 94 8 11 0.036555875 
1013 76 9 15 0.036435626 
694 24 8 9 0.036302257 
238 16 8 11 0.0362967 
845 45 9 11 0.03628892 
283 278 14 17 0.036261156 
173 22 8 10 0.036253083 
938 87 10 11 0.03624 
238 27 9 11 0.036210738 
128 97 8 9 0.03613278 
178 181 8 10 0.03611745 
207 63 8 10 0.036069483 
1015 22 7 10 0.03604549 
696 196 8 10 0.03598519 
304 126 8 10 0.035943545 
417 63 9 10 0.03583017 
337 237 10 12 0.035815768 
694 134 8 10 0.03579701 
655 95 7 9 0.035725556 
859 103 8 11 0.03570446 
641 41 8 10 0.035443194 
775 134 8 11 0.03537988 
382 1 9 9 0.0353425 
432 207 8 10 0.035295155 
681 71 7 9 0.035294943 
392 23 8 10 0.035166424 
968 57 8 11 0.035152268 
696 96 8 11 0.035069346 
230 73 9 12 0.035051003 
767 213 9 12 0.035047933 
519 15 8 10 0.034998357 
624 37 7 9 0.034991223 
702 260 11 13 0.034970876 
799 190 7 10 0.034951385 
927 309 11 13 0.03492743 
1006 179 10 12 0.03486216 
192 47 8 9 0.034856703 
399 98 9 11 0.03483177 
60 150 11 14 0.034748334 
327 55 8 10 0.034715783 
967 24 8 9 0.034622896 
605 133 9 12 0.03461984 
358 283 11 14 0.03459996 
591 46 8 11 0.034575995 
524 294 11 14 0.03453041 
950 158 9 11 0.03445796 
92 13 9 11 0.034418605 
540 344 11 13 0.034283288 
937 64 8 10 0.034272365 
733 205 9 12 0.03419417 
87 206 8 10 0.03417961 
128 102 8 9 0.034172308 
571 39 8 10 0.034158215 
473 15 8 10 0.034136128 
438 100 10 12 0.03412666 
86 54 9 11 0.034082625 
225 127 8 10 0.03407721 
650 143 10 12 0.03405497 
122 70 7 10 0.034028042 
762 343 9 11 0.03397245 
90 316 10 13 0.03395184 
617 32 8 10 0.03390107 
792 120 8 10 0.03388188 
344 111 8 10 0.03387848 
417 69 9 11 0.03387793 
935 253 14 17 0.033875983 
543 23 8 11 0.03379534 
407 270 9 12 0.033722512 
538 317 14 18 0.03372112 
336 69 9 11 0.033588547 
551 6 7 10 0.03352443 
619 149 9 12 0.03350927 
738 230 9 12 0.033500094 
584 6 8 10 0.03347435 
82 156 9 11 0.033292 
490 53 8 11 0.033261426 
783 20 8 10 0.033247367 
334 252 11 13 0.03324484 
12 109 8 10 0.033215538 
415 268 9 12 0.033149533 
702 238 10 13 0.033148885 
233 39 8 10 0.03314352 
138 25 9 11 0.03310557 
485 214 9 11 0.033086985 
740 120 10 12 0.033046335 
640 183 8 9 0.03296691 
226 156 9 12 0.03295583 
56 116 9 11 0.032900617 
991 40 8 10 0.032900285 
42 254 11 14 0.032893907 
956 307 12 14 0.03288351 
293 207 10 13 0.032880142 
703 198 9 11 0.03287681 
257 55 9 12 0.032869108 
494 222 10 12 0.0328662 
721 118 8 10 0.032858804 
248 135 8 10 0.03282339 
690 29 7 9 0.032752242 
650 62 7 9 0.032733485 
725 236 9 12 0.03269555 
976 188 10 12 0.03266476 
343 68 9 11 0.032624673 
620 309 12 15 0.032621965 
846 261 11 12 0.03261393 
777 118 7 9 0.032566365 
69 86 8 12 0.0325388 
149 102 8 11 0.032521397 
338 92 10 13 0.032519042 
350 41 9 11 0.03250392 
81 182 10 12 0.03232898 
312 22 9 11 0.03232085 
759 128 7 10 0.032217346 
578 104 9 12 0.03220177 
733 132 10 12 0.032184277 
625 118 8 11 0.032130465 
734 94 9 11 0.032061115 
614 109 9 11 0.032046232 
33 95 8 10 0.0320408 
423 213 9 11 0.032017905 
463 16 8 10 0.032010946 
494 68 9 11 0.031996228 
921 29 8 10 0.031964123 
871 189 8 10 0.031887632 
149 148 8 10 0.031733684 
565 374 7 11 0.031728502 
917 7 9 10 0.031724058 
736 23 8 9 0.031711128 
111 127 8 10 0.03170943 
981 95 9 11 0.031686876 
285 144 8 9 0.03167968 
168 7 8 10 0.03166308 
926 32 8 10 0.031620078 
960 7 8 10 0.031560957 
768 92 9 11 0.03152053 
774 94 8 9 0.031480663 
563 144 8 10 0.031475037 
297 78 7 10 0.031430006 
77 277 12 14 0.03134553 
785 105 8 9 0.031314403 
233 16 9 10 0.031293303 
707 206 10 12 0.031246027 
938 49 9 12 0.031203786 
209 55 8 10 0.03115563 
743 180 9 11 0.031140396 
279 128 7 9 0.031134553 
238 41 8 10 0.031133188 
320 74 9 12 0.031081805 
598 295 10 12 0.031018153 
247 62 8 9 0.030989947 
38 5 8 11 0.030983346 
768 71 8 11 0.03097221 
464 333 9 12 0.030927652 
791 191 9 12 0.030925103 
639 128 8 11 0.030921958 
759 252 10 13 0.030854408 
741 76 9 12 0.030844213 
591 103 7 10 0.030725671 
85 23 9 11 0.030698482 
673 23 8 10 0.03058601 
895 39 8 9 0.030576607 
453 129 9 11 0.03057108 
493 109 9 11 0.030542295 
518 0 7 9 0.030529251 
69 37 9 12 0.030524708 
903 133 9 12 0.030513985 
903 29 8 10 0.03044971 
676 62 8 10 0.030386023 
496 119 11 13 0.030361261 
385 87 8 11 0.030339597 
185 87 8 10 0.03030418 
666 237 10 13 0.030292628 
877 220 11 13 0.030278059 
1001 203 11 12 0.030263472 
344 128 10 13 0.030228276 
321 300 11 14 0.030227108 
546 38 8 10 0.03017839 
160 134 8 10 0.030028518 
631 129 9 10 0.03000335 
207 29 8 10 0.030001642 
777 158 7 10 0.029982114 
628 72 8 11 0.029961107 
689 118 8 11 0.029914694 
14 251 10 13 0.02990752 
248 142 8 11 0.029871605 
582 139 9 12 0.029854633 
69 119 8 11 0.029852217 
342 101 9 11 0.029806856 
479 19 9 11 0.02977713 
205 84 9 11 0.029776197 
528 48 7 10 0.029769314 
479 62 9 11 0.029726135 
817 134 9 12 0.029724773 
969 120 10 12 0.029716209 
217 135 8 10 0.029707607 
135 228 9 11 0.029704796 
868 68 9 11 0.02968049 
239 7 8 10 0.02965486 
837 133 9 11 0.02965231 
329 6 9 12 0.029620688 
359 375 9 11 0.029610604 
104 120 8 10 0.029593026 
121 158 9 12 0.02950469 
13 137 10 11 0.029504603 
154 57 7 9 0.029460108 
740 70 9 13 0.02944408 
562 251 10 12 0.029422108 
112 104 10 12 0.029400688 
982 87 9 10 0.029370252 
774 112 8 10 0.02935376 
743 199 9 11 0.029351322 
249 6 8 11 0.029313749 
184 177 7 10 0.029299038 
433 100 8 12 0.029294541 
856 95 8 10 0.029211968 
671 73 8 11 0.029191844 
6 247 9 11 0.02918879 
521 80 8 10 0.029188316 
279 55 8 11 0.029169891 
269 0 9 9 0.029142909 
112 259 10 12 0.029131666 
872 159 8 9 0.02912635 
172 334 10 13 0.029116431 
702 65 8 9 0.029109273 
697 86 8 10 0.029103715 
140 257 11 14 0.029079325 
679 115 9 11 0.029049251 
336 54 8 10 0.02896995 
906 120 9 12 0.028919075 
265 22 8 9 0.028824758 
248 32 8 10 0.028783664 
671 8 9 11 0.028757144 
177 64 9 10 0.028756034 
438 224 8 11 0.0287555 
199 54 8 10 0.028689904 
967 189 10 12 0.02863501 
1000 178 10 13 0.028585237 
599 128 9 10 0.028569734 
736 191 7 10 0.028547604 
139 291 14 18 0.028517447 
743 53 8 10 0.028500471 
632 283 10 13 0.028440736 
170 78 8 10 0.028435873 
72 64 8 9 0.02843207 
857 83 9 12 0.028390044 
65 126 7 9 0.028388446 
562 97 8 11 0.028388212 
540 359 11 14 0.028363075 
537 7 8 9 0.028326055 
337 174 10 13 0.028322157 
834 332 11 14 0.0283144 
645 285 10 13 0.028280156 
264 252 9 13 0.02827912 
846 39 9 11 0.02827676 
573 143 9 12 0.028270774 
242 127 8 10 0.028251642 
578 133 8 11 0.028213391 
26 231 10 13 0.02821152 
777 152 7 9 0.02814544 
200 292 10 13 0.028105317 
880 30 8 10 0.028013472 
786 202 10 13 0.027954243 
12 32 10 14 0.027951328 
191 79 8 10 0.027925003 
479 93 8 10 0.027922414 
729 135 9 10 0.027883029 
0 149 7 12 0.02787577 
713 176 8 10 0.027850335 
515 277 12 16 0.027843183 
305 9 9 11 0.027841322 
27 315 11 16 0.027805367 
452 44 10 11 0.027804472 
880 150 8 10 0.027769674 
488 96 8 10 0.027734837 
6 43 10 12 0.027699938 
985 63 7 10 0.02769808 
457 15 8 11 0.027600246 
258 60 9 12 0.027568111 
312 271 11 14 0.027528016 
48 112 8 11 0.027520776 
862 154 8 12 0.02751979 
197 30 9 11 0.027513795 
696 16 7 8 0.027512357 
986 40 8 10 0.027474055 
712 8 8 11 0.027464474 
56 128 8 10 0.027454231 
535 39 8 10 0.027450569 
256 93 8 10 0.027439477 
375 172 9 11 0.027431982 
370 159 8 10 0.027422074 
503 55 8 11 0.02742159 
119 133 8 11 0.027409274 
560 111 8 9 0.02739065 
833 275 10 13 0.02738835 
683 183 8 11 0.027365468 
575 365 10 12 0.02732491 
775 175 8 10 0.027314052 
495 94 10 12 0.027307542 
981 243 11 14 0.027290674 
72 79 8 11 0.027265495 
62 163 9 11 0.027259953 
247 223 8 11 0.027246207 
486 221 10 12 0.027238157 
782 152 8 10 0.02720838 
910 185 9 11 0.027206544 
772 196 9 12 0.027174274 
957 278 11 13 0.027164407 
297 47 8 10 0.027132694 
905 8 8 10 0.027086534 
600 53 9 11 0.027086185 
178 31 7 10 0.027044544 
550 348 9 11 0.027039303 
421 34 10 12 0.027025646 
200 197 8 10 0.027023308 
817 245 9 12 0.02700038 
200 95 8 10 0.02697963 
669 116 9 11 0.026979603 
462 186 9 12 0.02694669 
752 344 7 10 0.026897484 
224 229 11 14 0.026891071 
390 223 11 14 0.026888855 
817 239 9 12 0.0268834 
672 128 8 10 0.026860718 
957 29 8 10 0.026856273 
123 252 9 13 0.026847264 
655 37 8 10 0.026840866 
217 359 9 12 0.026837068 
593 94 8 10 0.026834875 
24 150 9 11 0.026829654 
536 284 12 16 0.026810555 
407 69 9 11 0.02678329 
745 224 8 10 0.026776567 
214 56 8 10 0.02675454 
601 199 9 12 0.0267347 
719 175 7 11 0.02671626 
30 262 8 11 0.026711855 
201 23 8 11 0.026677016 
452 140 10 11 0.026663627 
269 5 10 12 0.026657095 
332 134 10 12 0.026652468 
892 46 8 11 0.026639001 
829 126 11 14 0.026605282 
583 118 8 10 0.026588015 
554 24 7 10 0.02658263 
879 142 9 11 0.026570678 
46 174 9 11 0.026523469 
384 222 10 12 0.02651293 
910 195 9 11 0.026449118 
864 180 10 12 0.026443856 
210 190 8 10 0.026425842 
329 412 9 13 0.026424224 
932 117 9 13 0.026414333 
560 119 7 10 0.026368326 
254 136 9 11 0.02635889 
216 70 7 10 0.026315592 
897 105 9 12 0.02630851 
919 301 11 13 0.026286563 
496 278 10 14 0.026285479 
150 94 8 11 0.026281793 
458 0 10 11 0.02627808 
625 1 10 11 0.026264638 
647 104 8 10 0.026233183 
210 7 8 10 0.026225083 
927 78 9 10 0.026221177 
735 103 8 10 0.02615214 
626 205 9 11 0.026151307 
239 52 7 10 0.02614565 
416 85 9 11 0.026130203 
416 114 11 14 0.026113942 
621 381 8 11 0.02608469 
901 166 9 11 0.02608168 
872 95 7 9 0.026076093 
193 63 7 10 0.026075501 
800 102 9 10 0.026057864 
600 188 9 11 0.026046574 
654 86 8 11 0.026021736 
376 230 9 12 0.026013525 
744 110 8 10 0.025985176 
938 146 10 13 0.025971092 
728 2 8 9 0.02594428 
737 213 8 10 0.025940184 
714 197 8 11 0.02593141 
582 64 8 9 0.025882833 
888 71 7 10 0.025878701 
400 45 8 11 0.025866186 
312 78 8 10 0.025826603 
790 15 7 10 0.025819479 
691 269 13 15 0.025808949 
647 290 10 13 0.025774289 
521 31 9 11 0.025768016 
223 23 8 10 0.025766592 
359 85 9 11 0.025763813 
358 252 9 12 0.025740571 
490 46 8 10 0.025730973 
543 174 8 10 0.025710322 
13 100 11 13 0.025701938 
606 52 8 11 0.02568306 
959 103 8 11 0.02564957 
224 37 8 11 0.025634965 
380 248 10 13 0.025634177 
335 112 9 10 0.02562746 
312 160 8 11 0.02561884 
799 149 7 10 0.025584364 
215 1 9 10 0.025576927 
762 148 9 11 0.025556803 
735 29 8 10 0.025539484 
870 87 8 10 0.025469817 
2 247 8 11 0.025460746 
263 246 10 13 0.025447985 
113 293 9 12 0.025432093 
584 276 13 16 0.025404217 
863 57 9 11 0.025373632 
240 133 9 10 0.02536577 
485 37 9 11 0.025361301 
568 269 11 14 0.02535455 
81 102 9 11 0.025321156 
785 165 9 10 0.02532105 
16 232 8 10 0.025314981 
672 134 8 10 0.025301237 
751 79 9 11 0.025270633 
876 233 10 13 0.025248248 
814 32 8 11 0.025224961 
769 135 8 10 0.025221976 
520 85 8 10 0.025220124 
512 44 8 10 0.02520967 
817 190 9 10 0.025205642 
191 94 8 10 0.025204439 
144 119 8 9 0.025126126 
953 0 8 9 0.025121251 
406 95 10 11 0.02510612 
919 218 11 14 0.025085045 
952 48 9 11 0.025081368 
462 64 9 11 0.025052054 
132 6 11 12 0.025026603 
616 0 8 10 0.025018476 
875 125 9 11 0.024999246 
281 148 8 10 0.024994561 
494 283 10 13 0.02498281 
296 95 9 11 0.024978815 
-2 348 9 13 0.024971789 
886 150 9 11 0.024968388 
190 374 8 11 0.024966752 
396 60 10 12 0.024947641 
720 215 9 10 0.02493932 
896 70 8 10 0.024935417 
0 37 8 11 0.024932427 
599 119 8 10 0.02492483 
949 63 8 10 0.024914883 
332 305 11 14 0.024911223 
263 351 12 16 0.02490707 
936 93 9 11 0.02486707 
336 188 9 11 0.024851602 
959 222 11 13 0.024849387 
521 56 8 10 0.024849202 
200 102 8 10 0.024812393 
582 55 7 10 0.024802836 
697 63 8 10 0.024788534 
488 15 8 10 0.024774468 
941 234 12 15 0.024752675 
142 38 9 10 0.024746252 
671 221 9 11 0.024746086 
25 264 8 10 0.024700984 
103 24 8 10 0.0246922 
632 138 9 12 0.02468756 
24 47 8 11 0.024673041 
234 215 8 10 0.024659032 
623 263 12 14 0.024654333 
273 160 9 12 0.024648668 
833 231 10 12 0.024645757 
534 180 8 10 0.02460448 
925 293 11 13 0.024601335 
593 53 8 10 0.024585903 
567 109 8 11 0.024569066 
695 72 9 11 0.024539793 
359 55 8 11 0.024536185 
768 5 8 10 0.024462957 
94 180 9 12 0.024460258 
528 6 7 8 0.024441663 
136 87 8 10 0.024396496 
416 38 9 11 0.024367502 
728 183 8 10 0.024330202 
434 111 7 11 0.02431369 
709 52 9 11 0.02430445 
182 76 9 11 0.024303798 
838 79 7 10 0.024300413 
352 21 9 11 0.024281833 
5 53 9 12 0.024269627 
864 175 9 11 0.024176845 
728 102 9 10 0.024166241 
655 63 7 9 0.024143826 
215 124 8 10 0.024091572 
380 257 10 14 0.024084343 
721 81 8 11 0.024065033 
959 13 8 11 0.024050074 
407 101 9 11 0.024029575 
313 70 9 10 0.024019549 
605 177 9 11 0.023982855 
864 214 10 11 0.02398224 
896 127 8 10 0.02397735 
697 113 9 11 0.02396771 
486 327 13 17 0.023959601 
199 380 8 11 0.02394442 
529 193 10 12 0.023942603 
406 117 10 12 0.023930654 
422 289 12 15 0.02393007 
383 5 8 10 0.023900088 
696 224 8 10 0.02389383 
677 30 8 10 0.023867622 
553 333 9 11 0.02385976 
815 227 10 13 0.023850216 
718 334 8 12 0.02384207 
415 95 8 10 0.02381408 
655 103 8 9 0.023765322 
743 352 7 10 0.023753714 
288 207 9 12 0.023750369 
926 317 11 14 0.023738887 
233 172 9 12 0.023682436 
623 111 9 10 0.023657812 
729 25 7 9 0.023630707 
617 22 8 11 0.023622496 
256 241 10 14 0.023621807 
960 61 8 10 0.023589967 
497 6 8 10 0.023583042 
137 96 7 9 0.023568477 
734 110 9 11 0.023566145 
365 293 12 14 0.02355877 
703 113 7 9 0.023557665 
466 31 8 11 0.023546567 
715 244 11 14 0.023543434 
344 118 8 10 0.02349569 
398 157 9 10 0.023490999 
266 143 8 12 0.023477748 
376 14 10 12 0.023448644 
398 38 9 12 0.023396268 
333 365 10 11 0.023389706 
135 0 10 11 0.02338371 
502 109 10 12 0.023349306 
680 141 8 10 0.02334627 
752 189 8 11 0.023326976 
481 300 10 13 0.023321208 
912 85 9 11 0.023317777 
817 117 9 11 0.023312246 
798 119 9 11 0.02329207 
152 72 8 10 0.023267344 
520 103 9 12 0.023261463 
135 38 9 12 0.023256488 
313 182 10 13 0.023242705 
472 21 8 10 0.023240713 
383 94 8 10 0.023210779 
436 279 11 15 0.023203418 
544 168 8 10 0.0232021 
855 23 8 10 0.023201214 
752 127 9 10 0.023178656 
382 15 9 12 0.023164533 
431 194 10 12 0.023125596 
736 183 8 10 0.023123097 
325 295 12 15 0.023115683 
207 254 10 13 0.023102883 
333 31 8 12 0.02307389 
176 176 9 11 0.023066193 
720 184 7 9 0.02303028 
406 253 10 13 0.023028174 
359 381 9 10 0.02302086 
712 182 8 10 0.023014845 
30 254 10 13 0.023009537 
630 119 9 10 0.022979243 
838 191 9 10 0.02297617 
392 80 9 10 0.022967512 
224 112 8 10 0.022910768 
56 85 8 10 0.022899324 
897 142 8 10 0.02289718 
45 157 10 12 0.0228806 
576 87 8 10 0.022866117 
434 118 8 10 0.022862341 
288 102 8 11 0.02285188 
327 283 11 14 0.022797376 
989 183 8 11 0.022773681 
375 188 8 10 0.022764256 
591 120 8 10 0.02275325 
520 182 8 10 0.022740955 
69 92 8 11 0.02270929 
1001 107 9 12 0.022691455 
767 261 9 12 0.022655183 
983 7 9 11 0.022646913 
121 117 8 10 0.022633517 
822 103 9 11 0.022631466 
240 63 8 10 0.02261619 
924 262 13 16 0.022613756 
498 1 8 9 0.02259491 
48 224 9 11 0.0225936 
963 198 12 14 0.022591494 
753 85 9 11 0.022585578 
688 177 8 10 0.022525659 
585 283 11 13 0.022503668 
286 219 9 11 0.022491548 
434 39 8 11 0.02245551 
640 71 7 9 0.022415852 
90 88 9 11 0.022414716 
786 127 8 11 0.022403896 
110 119 9 10 0.022391926 
105 125 9 10 0.022384167 
953 7 8 10 0.022379346 
302 278 13 16 0.022358334 
485 117 9 12 0.02232981 
496 21 8 10 0.02228096 
368 205 9 11 0.022267973 
23 109 9 10 0.022238025 
231 113 8 10 0.022237537 
287 110 9 11 0.022218997 
789 273 12 15 0.02221587 
882 22 9 12 0.022208773 
266 148 9 12 0.022178788 
281 230 10 12 0.022173725 
800 61 9 11 0.022166558 
152 131 9 11 0.022148984 
624 85 8 10 0.022142524 
814 69 8 10 0.022141539 
103 108 9 11 0.02212198 
711 112 8 9 0.022105793 
52 276 10 14 0.022098122 
576 78 8 9 0.022094594 
464 21 8 10 0.022072436 
373 183 9 11 0.022059835 
991 11 9 11 0.022049243 
695 283 12 15 0.022041399 
879 339 14 17 0.022023905 
312 37 9 10 0.022011828 
487 86 8 10 0.022009669 
391 39 9 10 0.022001678 
228 244 13 16 0.021997092 
871 55 9 11 0.02199166 
197 259 12 15 0.021981025 
383 51 10 11 0.021957325 
817 182 9 11 0.021938307 
265 16 8 11 0.021937111 
737 47 8 10 0.021934941 
254 7 7 10 0.021896958 
328 278 10 13 0.021884829 
524 318 10 13 0.021870136 
445 21 9 10 0.021865588 
271 181 10 13 0.021860713 
351 333 10 13 0.021860303 
535 176 9 11 0.021859808 
144 86 7 10 0.021832684 
948 165 10 13 0.02182907 
263 95 8 9 0.02182419 
104 71 9 10 0.021821262 
81 55 8 10 0.021806696 
666 84 8 10 0.02180508 
894 6 9 10 0.021794563 
751 110 8 11 0.021771785 
152 39 8 10 0.021761365 
913 160 9 11 0.021757388 
870 79 9 10 0.021722298 
920 125 9 11 0.021700779 
576 127 8 11 0.02169933 
583 87 7 10 0.021692809 
248 95 9 10 0.021675324 
928 63 8 11 0.021659948 
824 54 8 11 0.021640183 
388 45 9 11 0.021601813 
175 87 9 10 0.021591041 
701 1 8 9 0.021589598 
127 63 8 9 0.021587517 
570 252 11 13 0.021556454 
516 193 11 14 0.021546632 
254 150 9 11 0.021501986 
880 198 9 12 0.021501524 
113 25 7 9 0.02148555 
743 261 10 13 0.021471666 
189 21 8 11 0.021468522 
230 128 8 10 0.021447284 
41 285 12 15 0.021442348 
762 116 9 11 0.021435054 
147 251 11 15 0.02137649 
421 176 9 11 0.021376397 
525 223 10 13 0.021330828 
665 14 9 10 0.021330547 
687 87 8 9 0.02133022 
253 275 11 13 0.021322772 
541 332 12 13 0.021320006 
288 118 8 10 0.021319924 
730 13 8 10 0.021318587 
192 54 8 10 0.021304753 
414 199 9 11 0.021273548 
591 126 9 10 0.021269962 
632 64 7 9 0.021263057 
602 40 8 11 0.021233957 
921 268 13 17 0.021227192 
47 87 9 12 0.021225547 
551 108 10 12 0.021192515 
384 197 10 13 0.0211902 
127 146 9 12 0.02118504 
5 173 8 11 0.02118494 
663 134 8 10 0.021177279 
217 198 9 11 0.02117193 
584 46 7 9 0.021171886 
721 205 9 12 0.02116552 
148 245 11 15 0.021158896 
263 88 7 10 0.021140173 
584 14 8 10 0.021102268 
706 21 8 10 0.02108933 
182 255 10 12 0.021088041 
480 9 8 10 0.021081107 
822 80 8 10 0.021055266 
996 1 9 10 0.021044713 
151 46 8 10 0.021009794 
991 260 9 11 0.021009503 
449 278 10 14 0.021005504 
751 350 7 9 0.02098014 
15 262 8 11 0.020969642 
118 239 11 12 0.020940537 
589 25 9 11 0.0209393 
537 0 7 9 0.020922197 
53 79 8 10 0.020888384 
81 173 9 11 0.020843867 
654 230 10 14 0.020785304 
567 225 11 13 0.020757224 
762 191 9 11 0.020743757 
951 95 9 10 0.020731576 
552 118 9 11 0.02073012 
70 111 8 10 0.020728938 
570 45 8 10 0.020700747 
748 308 10 13 0.020688193 
884 336 11 14 0.020682022 
397 277 12 15 0.020670233 
342 167 8 12 0.02066308 
983 236 13 16 0.020661045 
57 162 9 12 0.020651635 
132 12 10 12 0.020609846 
927 70 8 11 0.020594368 
462 357 11 13 0.020592771 
808 150 8 10 0.020566875 
338 229 9 13 0.020543545 
589 226 10 13 0.020534677 
567 259 11 14 0.020478074 
838 51 10 12 0.020477809 
944 124 11 13 0.020464707 
26 9 8 10 0.020456847 
303 118 8 11 0.020455137 
616 56 8 11 0.02043024 
807 133 8 10 0.020425247 
991 71 7 9 0.02042136 
217 334 11 13 0.02036595 
151 7 8 10 0.020354893 
991 95 10 13 0.020353373 
879 308 15 17 0.020329041 
824 71 8 9 0.02032003 
302 19 9 11 0.02031408 
327 76 8 11 0.020313518 
1007 16 8 10 0.020282965 
38 108 8 11 0.020272782 
168 141 8 11 0.020264307 
118 25 9 10 0.020259997 
761 22 8 10 0.020258853 
616 37 7 9 0.020253185 
570 309 12 16 0.020238219 
439 205 8 10 0.020203514 
491 242 13 16 0.020180576 
337 399 8 9 0.020176059 
838 219 9 12 0.020155402 
479 207 11 13 0.020141128 
393 111 9 11 0.020140104 
463 51 10 12 0.02013648 
576 5 8 11 0.020093577 
358 205 9 12 0.020091746 
173 108 10 12 0.02009002 
937 69 8 10 0.020086331 
712 120 8 10 0.02007646 
689 126 8 11 0.02004971 
687 95 8 11 0.020044606 
580 196 9 12 0.020022945 
704 8 8 10 0.020004418 
260 302 12 16 0.020004041 
