36_Football_Football_36_108
38
530 68 18 21 0.9909314 
135 124 13 18 0.95895284 
274 121 13 16 0.8781187 
12 43 25 29 0.21603328 
223 105 9 11 0.16971923 
205 133 9 12 0.14325628 
253 106 10 13 0.13342647 
177 118 9 11 0.12560478 
352 131 12 17 0.09740649 
199 116 10 12 0.074874975 
246 115 10 15 0.060609203 
182 133 9 12 0.054604914 
303 121 9 11 0.047915503 
325 118 11 15 0.045386743 
333 119 10 13 0.04498143 
202 152 8 11 0.043184724 
249 108 10 14 0.040439 
337 143 10 14 0.038559288 
204 114 10 12 0.038013987 
307 143 10 14 0.037011445 
254 113 13 17 0.03569455 
167 84 9 10 0.034661397 
234 93 8 11 0.033814937 
817 482 119 153 0.03297904 
25 56 16 22 0.030237008 
226 140 13 16 0.029449811 
335 107 11 13 0.028019298 
269 103 10 12 0.02790444 
140 101 10 12 0.027588261 
193 117 10 12 0.026264902 
57 157 11 14 0.02572774 
240 126 10 13 0.024017412 
215 142 9 12 0.022929708 
250 103 9 12 0.022576865 
23 48 17 21 0.02185253 
354 -12 167 221 0.021326384 
350 118 9 11 0.021311356 
337 102 10 12 0.020185228 
