36_Football_americanfootball_ball_36_126
31
61 137 37 48 0.8446771 
776 111 37 42 0.7276919 
330 312 43 35 0.6392664 
684 88 45 52 0.5566247 
336 165 39 46 0.36864072 
502 304 39 35 0.2312085 
786 94 33 39 0.19720489 
670 90 38 49 0.17600903 
800 87 27 37 0.119678326 
196 132 35 42 0.08489818 
123 189 25 28 0.07239828 
921 136 18 24 0.07055216 
641 215 35 40 0.06858286 
692 104 47 55 0.05725396 
937 52 47 64 0.055070337 
514 305 52 46 0.040758647 
125 191 36 45 0.039862737 
342 303 39 35 0.037881058 
928 55 34 52 0.036282245 
7 263 21 29 0.035762824 
797 101 33 39 0.03204341 
923 67 24 38 0.031417497 
308 146 49 59 0.030562535 
516 289 37 38 0.026936535 
506 312 22 23 0.026279548 
337 322 24 20 0.02573587 
924 79 13 21 0.025067743 
767 86 40 51 0.022120241 
334 192 40 42 0.02098206 
791 116 38 43 0.020938028 
46 151 42 44 0.020649916 
