36_Football_Football_36_23
27
736 52 57 72 0.99941564 
381 95 56 66 0.99932754 
226 56 56 75 0.99900216 
602 48 57 76 0.99785894 
179 24 22 27 0.75465596 
545 117 32 39 0.7014341 
81 30 23 28 0.4750877 
139 4 20 25 0.46405113 
369 11 19 22 0.33202815 
73 1 22 21 0.28669465 
27 56 23 30 0.15533713 
10 0 27 24 0.12884787 
564 25 18 23 0.098618574 
819 80 22 27 0.07653299 
677 78 29 35 0.049150243 
904 41 26 29 0.048635207 
857 76 24 29 0.033753887 
493 35 18 24 0.033231217 
548 51 13 17 0.023864122 
264 0 23 21 0.02300293 
358 20 31 35 0.022830382 
48 -1 21 21 0.022646127 
84 56 18 19 0.022553748 
415 6 22 28 0.02223758 
239 5 45 52 0.021888087 
445 34 23 28 0.021556942 
989 211 18 22 0.02066105 
