36_Football_americanfootball_ball_36_132
23
795 76 34 42 0.993385 
791 202 37 33 0.4694086 
806 186 29 35 0.337687 
377 230 48 45 0.23213066 
697 130 12 15 0.19591187 
534 15 32 40 0.12677705 
59 205 39 49 0.091625445 
115 209 48 38 0.08311671 
70 130 52 79 0.06180901 
63 163 52 64 0.041494995 
28 42 45 50 0.039087247 
390 212 43 48 0.037495814 
778 210 49 45 0.031398725 
525 5 28 36 0.02895261 
691 162 29 43 0.027344536 
372 212 42 45 0.026605187 
91 158 30 43 0.026599009 
273 230 47 35 0.026059426 
51 251 12 15 0.025265358 
611 98 25 38 0.021634016 
918 166 16 21 0.020670086 
1005 489 14 17 0.020317275 
94 165 45 56 0.020235632 
