36_Football_Football_36_157
336
608 240 27 31 0.996691 
739 218 29 33 0.993793 
907 218 23 28 0.9900682 
869 85 21 27 0.9863505 
963 138 18 22 0.98460877 
91 107 15 19 0.9839117 
756 118 17 22 0.98357415 
42 255 22 27 0.98353094 
608 142 22 27 0.9784209 
96 239 23 26 0.9768669 
478 120 21 26 0.9762748 
661 252 21 25 0.9757775 
426 262 21 26 0.97284174 
876 171 22 27 0.9722323 
541 26 22 27 0.9707813 
340 103 17 22 0.96988374 
184 184 21 25 0.9694565 
393 81 19 23 0.96900517 
534 75 21 27 0.967864 
179 95 18 23 0.96719587 
971 25 17 22 0.9665278 
499 246 23 31 0.9661283 
787 57 17 22 0.9645984 
668 33 19 24 0.9622474 
411 140 18 22 0.9620181 
508 175 21 26 0.9615168 
565 103 20 27 0.9606017 
899 25 17 23 0.9601299 
74 195 20 27 0.95982987 
495 9 15 19 0.95852804 
285 135 17 22 0.9569158 
579 7 21 25 0.9564175 
439 348 19 30 0.9562507 
116 201 16 20 0.95345426 
50 129 19 25 0.95341927 
344 133 20 25 0.95186204 
163 202 21 25 0.9517504 
460 33 20 27 0.95049536 
514 55 17 21 0.9488595 
615 41 21 22 0.94353455 
614 73 21 26 0.9429598 
579 85 19 23 0.93843013 
433 215 20 30 0.93644667 
44 189 18 20 0.93442583 
905 168 20 24 0.93437004 
979 199 15 21 0.93164647 
890 129 16 20 0.93113345 
905 105 16 21 0.9229396 
546 109 17 23 0.92192274 
157 177 20 24 0.9210585 
144 269 17 24 0.91636634 
304 160 18 23 0.9092317 
356 174 18 22 0.90600747 
230 172 19 23 0.90378773 
197 0 20 20 0.90316653 
583 189 21 22 0.8990135 
984 246 21 25 0.898138 
144 96 18 23 0.89664835 
233 78 20 23 0.89659077 
334 178 20 25 0.8962208 
523 111 20 23 0.89618355 
425 97 17 22 0.8947498 
565 134 18 21 0.8937846 
111 136 20 24 0.88611025 
362 118 15 18 0.8813876 
832 109 16 18 0.87780404 
634 195 20 22 0.87724704 
77 147 18 21 0.87707067 
454 103 15 19 0.86779445 
119 112 18 20 0.86749965 
246 193 20 22 0.86153394 
151 151 20 22 0.8602468 
299 213 21 25 0.8574928 
101 171 23 25 0.85570484 
788 175 20 23 0.8512306 
546 194 15 20 0.8509467 
265 26 17 21 0.84785587 
642 0 17 17 0.8413355 
216 161 16 20 0.83706397 
815 108 14 18 0.8370572 
856 0 19 21 0.8326873 
-1 183 18 24 0.83215 
336 43 20 23 0.8269397 
749 186 24 27 0.8266984 
413 56 17 20 0.8249502 
241 254 23 28 0.8222937 
780 110 19 22 0.81475365 
248 117 17 21 0.81107646 
383 129 15 19 0.8062044 
417 0 21 20 0.80474716 
845 47 20 23 0.77832496 
294 92 18 21 0.7602897 
487 87 18 20 0.75326663 
272 164 15 18 0.7529643 
820 15 15 23 0.7478362 
898 85 22 24 0.7299626 
438 164 21 23 0.7268328 
408 121 16 17 0.7133744 
788 234 28 33 0.6896462 
516 147 17 19 0.6665634 
231 128 15 18 0.6598941 
483 358 16 21 0.63774234 
768 208 22 32 0.6312514 
855 187 14 18 0.62276024 
394 193 29 34 0.5970064 
275 185 19 21 0.58428097 
92 134 16 20 0.5702548 
17 117 16 21 0.56759286 
839 188 15 20 0.54802275 
666 170 17 22 0.5409698 
273 43 17 21 0.5033105 
708 143 16 20 0.49377123 
31 154 16 19 0.48906055 
979 160 14 20 0.47310534 
320 82 19 22 0.47170967 
763 147 21 26 0.46395528 
899 194 14 17 0.44868433 
943 95 12 17 0.44666427 
934 174 17 21 0.43483627 
39 17 16 19 0.43432003 
0 141 12 19 0.4305772 
347 4 19 21 0.4276072 
215 266 15 19 0.42174023 
346 176 18 25 0.3902851 
588 157 16 19 0.37163404 
495 354 26 31 0.36951903 
152 19 13 15 0.35078627 
1003 197 16 19 0.3397742 
555 105 19 25 0.3240683 
388 110 13 16 0.32298827 
732 123 16 21 0.31267712 
486 356 22 28 0.31173193 
244 151 17 19 0.30979648 
187 140 14 17 0.30688766 
299 122 21 23 0.3064956 
590 138 16 19 0.29603773 
231 231 23 28 0.29273966 
757 1 16 18 0.2800051 
268 32 20 26 0.27433097 
14 107 15 19 0.2603919 
636 170 22 26 0.24775256 
99 10 15 17 0.23943867 
330 151 14 17 0.2346006 
14 169 16 20 0.23275486 
149 50 15 17 0.23011431 
968 99 11 14 0.22334863 
798 230 32 38 0.22133005 
850 167 18 22 0.20599212 
306 256 21 23 0.20474967 
84 137 20 25 0.20004643 
281 1 23 23 0.198607 
321 69 16 20 0.19776303 
450 169 15 18 0.19398542 
271 200 20 26 0.18408178 
362 99 14 16 0.18194112 
935 166 14 16 0.17221639 
30 124 14 19 0.17205815 
1007 94 13 16 0.17056985 
820 191 18 20 0.1697723 
204 100 14 18 0.16743661 
865 135 16 18 0.16543768 
327 124 15 18 0.16142026 
955 214 14 17 0.1499928 
990 217 16 19 0.14109206 
927 5 13 15 0.13633332 
733 51 19 20 0.13458796 
503 125 13 18 0.13306478 
191 164 15 16 0.13155343 
1 235 15 22 0.13134162 
701 14 13 17 0.12727514 
593 141 21 25 0.124460354 
713 164 19 22 0.12268703 
17 128 17 22 0.11880825 
339 162 14 18 0.114016086 
252 159 15 20 0.11328041 
484 210 15 21 0.107591994 
948 104 12 17 0.10126832 
796 -1 12 11 0.09915032 
750 3 15 17 0.099001914 
1007 72 14 19 0.095825486 
520 153 19 20 0.09582419 
931 3 17 18 0.09235576 
999 105 11 17 0.09097715 
332 -1 15 12 0.08947878 
117 303 19 23 0.082846835 
675 10 16 17 0.08104393 
163 131 15 16 0.08077107 
961 170 16 19 0.08024671 
1004 106 14 19 0.075175114 
958 102 13 16 0.07462005 
383 362 31 36 0.0744699 
683 126 15 22 0.07315306 
270 193 16 20 0.069805205 
282 181 17 22 0.06957825 
990 -1 15 14 0.06957254 
55 117 13 15 0.06879258 
189 154 15 18 0.06771936 
372 355 26 33 0.06560129 
138 185 15 18 0.064806834 
154 83 16 18 0.06465234 
502 337 36 43 0.06459032 
231 247 23 30 0.061189666 
952 21 12 16 0.059359793 
362 108 16 20 0.058476444 
837 103 15 19 0.058175236 
901 99 17 20 0.05816784 
68 180 16 18 0.056973413 
413 80 16 20 0.05691218 
927 9 19 24 0.05675751 
776 203 16 20 0.055145547 
10 286 13 18 0.054353174 
955 193 15 19 0.05408755 
845 178 20 25 0.053977773 
227 258 22 27 0.052083157 
954 0 15 16 0.05184991 
65 2 20 19 0.051756922 
325 136 15 17 0.051440638 
506 364 17 22 0.05124197 
924 116 14 18 0.049939223 
208 105 16 19 0.048465457 
962 230 16 20 0.04739214 
366 140 14 18 0.047190692 
396 209 25 29 0.045967672 
33 77 15 17 0.045753323 
569 143 16 22 0.04472593 
147 197 13 19 0.044610046 
953 123 15 17 0.044566985 
552 176 18 21 0.04423226 
6 174 20 27 0.043307845 
188 170 17 19 0.043121934 
572 152 15 19 0.042892065 
149 34 22 27 0.04232109 
132 239 20 26 0.041516483 
940 179 15 22 0.04093271 
639 157 14 16 0.040872473 
932 215 18 24 0.040847637 
399 224 18 21 0.040690016 
764 5 15 20 0.039746378 
67 255 16 22 0.037640523 
396 144 14 18 0.037091956 
252 168 16 19 0.037078448 
529 155 15 20 0.036765076 
563 -1 14 11 0.03671465 
153 26 16 18 0.036574423 
353 0 17 16 0.036455553 
201 95 12 15 0.036377613 
148 -1 12 11 0.03629742 
751 102 14 16 0.035980288 
635 208 19 21 0.035878476 
668 15 17 20 0.03553649 
273 217 18 22 0.03535362 
954 234 18 22 0.035090167 
682 5 15 17 0.0346472 
201 105 12 16 0.03453342 
964 103 14 19 0.034510516 
414 7 22 27 0.03419459 
637 163 18 21 0.033724423 
628 25 16 19 0.03371771 
772 9 17 18 0.033604573 
777 117 23 28 0.033238314 
249 381 60 45 0.033033352 
916 12 15 20 0.03258236 
752 209 24 31 0.03253835 
812 236 34 36 0.032220483 
995 212 15 20 0.03208122 
99 -1 14 12 0.032003623 
322 93 17 20 0.0315371 
39 4 14 15 0.031358045 
307 203 15 18 0.031330306 
304 133 16 21 0.031115696 
146 2 16 17 0.0309574 
53 253 20 27 0.030725943 
408 200 19 24 0.030537594 
804 18 14 20 0.030215908 
258 352 56 40 0.029972237 
166 180 22 27 0.029871114 
189 238 16 22 0.029868668 
972 240 14 22 0.029804792 
394 115 14 18 0.029391535 
938 8 14 18 0.029344905 
948 186 14 20 0.029336635 
88 298 11 14 0.029199345 
398 361 28 37 0.0284192 
386 135 16 20 0.02837413 
1 133 14 18 0.028178519 
268 269 22 29 0.028017735 
3 216 15 19 0.027954645 
399 122 13 17 0.0275976 
986 236 18 22 0.027526025 
927 178 14 18 0.026902389 
245 328 51 52 0.026891463 
968 198 19 24 0.026450446 
1005 132 11 16 0.026266666 
478 100 14 18 0.02614617 
7 106 14 19 0.026078604 
406 127 16 19 0.026003331 
449 -1 20 19 0.025990028 
373 98 13 15 0.025794907 
682 16 14 17 0.025753725 
973 163 17 25 0.02550414 
387 367 17 21 0.02549065 
783 241 17 22 0.02546878 
921 146 15 18 0.024858886 
484 198 17 20 0.024668789 
857 178 15 22 0.02443203 
949 131 14 18 0.02423725 
549 186 20 25 0.024029275 
796 256 13 18 0.023743326 
-1 148 13 21 0.02360426 
61 186 14 18 0.023527531 
696 18 15 17 0.023308152 
165 66 14 17 0.023176776 
259 163 14 19 0.022612698 
-1 64 9 17 0.022459073 
693 27 15 18 0.022240069 
69 186 19 25 0.022039328 
896 123 16 19 0.022032809 
339 0 15 13 0.021861477 
300 204 18 23 0.021836312 
580 342 14 18 0.021700421 
986 309 17 21 0.021619724 
0 99 10 17 0.021511286 
670 5 16 18 0.021289071 
478 216 16 21 0.021286437 
963 184 16 19 0.021285791 
517 165 22 28 0.021227477 
322 0 17 18 0.021196898 
367 120 18 23 0.021104418 
319 423 48 56 0.020884182 
998 202 21 26 0.020802751 
432 104 16 22 0.020604437 
809 226 21 25 0.020418346 
62 0 14 14 0.02039339 
3 227 16 21 0.020343944 
268 123 15 18 0.020214219 
732 36 19 20 0.02018022 
