36_Football_Football_36_138
66
879 84 29 38 0.995445 
132 56 25 33 0.99444216 
748 130 22 29 0.9913162 
407 215 22 30 0.97901607 
644 217 21 27 0.9721173 
538 230 17 28 0.9427278 
293 83 20 34 0.9076619 
519 202 14 17 0.84593594 
556 199 14 18 0.83250636 
451 188 13 16 0.5654531 
928 78 13 15 0.51405114 
923 92 11 13 0.45556232 
678 199 16 19 0.42366067 
861 76 12 15 0.4194522 
712 185 13 16 0.31944886 
979 73 15 18 0.29557154 
499 310 19 23 0.23274066 
469 206 15 20 0.2014403 
388 188 10 13 0.19353192 
443 184 14 17 0.1891858 
564 196 13 17 0.18740483 
352 187 9 13 0.0890588 
511 196 14 16 0.073715575 
667 259 11 14 0.07321848 
530 300 15 21 0.07319283 
322 201 13 19 0.06714061 
488 186 10 14 0.06642953 
757 230 16 20 0.061183047 
570 195 11 15 0.0561087 
463 202 16 20 0.054883838 
667 119 13 16 0.053893417 
284 73 25 33 0.05373733 
444 203 13 18 0.05193266 
389 192 13 16 0.05093386 
543 200 10 14 0.050340716 
555 192 12 15 0.048184756 
475 203 13 18 0.046395984 
923 79 20 25 0.04566429 
591 206 11 15 0.042897582 
671 98 12 16 0.042870652 
88 24 10 11 0.038747687 
664 266 11 15 0.038728528 
676 103 17 18 0.037648365 
741 73 11 15 0.036338665 
458 195 14 18 0.036226474 
167 15 14 19 0.035963286 
932 92 13 16 0.034364387 
286 158 24 28 0.033073884 
672 201 14 18 0.03229214 
752 233 12 15 0.032168895 
918 87 20 24 0.031767394 
479 199 10 15 0.03085216 
503 195 13 16 0.028211888 
538 303 16 20 0.027983993 
669 273 13 16 0.025516257 
625 314 10 14 0.025226027 
377 172 9 12 0.024178892 
507 305 20 27 0.023823032 
682 195 21 25 0.023748746 
526 295 14 20 0.023689812 
527 257 11 16 0.023002615 
528 221 12 15 0.022373639 
839 123 14 19 0.021614898 
857 76 21 25 0.020899115 
453 200 15 19 0.020636953 
965 145 19 20 0.020150123 
