36_Football_americanfootball_ball_36_257
28
430 195 63 73 0.9994228 
628 136 55 67 0.99934167 
70 227 73 90 0.9991787 
97 169 56 68 0.9985227 
503 214 34 45 0.9972959 
863 157 84 111 0.99686867 
290 181 49 58 0.9898403 
58 182 29 38 0.96020913 
386 194 31 48 0.9326144 
777 201 55 71 0.92225677 
754 232 26 33 0.7633865 
190 184 37 49 0.23555659 
434 174 35 39 0.21052536 
1 179 26 38 0.11108139 
755 214 43 58 0.09109381 
413 14 22 27 0.07673054 
10 176 32 43 0.055275444 
750 238 19 23 0.05320558 
397 197 45 57 0.04896398 
31 173 26 39 0.04619791 
48 174 25 35 0.042535007 
993 164 30 41 0.03794852 
772 210 31 42 0.033656828 
64 201 59 70 0.032955512 
295 149 51 72 0.026358314 
429 185 38 52 0.02345357 
529 215 24 34 0.02345193 
187 138 12 15 0.023389276 
