36_Football_Football_36_80
19
191 231 29 32 0.99592954 
751 294 30 37 0.9950152 
598 177 21 27 0.98293144 
844 195 25 45 0.97915465 
93 230 21 30 0.06749162 
99 241 27 28 0.05483771 
59 246 16 21 0.043291863 
671 379 15 23 0.04210417 
49 242 22 28 0.036542393 
450 248 7 10 0.034924973 
463 213 10 11 0.031230114 
732 163 9 12 0.028407129 
341 256 9 12 0.027984656 
457 213 8 11 0.027509158 
341 271 9 11 0.024382874 
511 256 11 16 0.022588354 
149 234 14 21 0.021950837 
468 214 10 13 0.020368367 
473 284 10 12 0.020191176 
