27_Spa_Spa_27_768
273
193 332 52 83 0.9987625 
335 266 54 75 0.998543 
566 246 54 77 0.99824524 
737 319 53 78 0.99583995 
967 308 9 11 0.8050557 
783 282 8 10 0.37057218 
895 295 7 9 0.3001175 
839 347 7 8 0.28708643 
913 286 7 9 0.26468822 
981 388 8 10 0.2312194 
80 373 8 10 0.22442275 
968 383 7 9 0.21951088 
982 309 8 9 0.21297315 
926 292 8 11 0.1981796 
929 322 7 8 0.19678465 
54 355 10 12 0.16917108 
898 325 7 9 0.162378 
905 340 7 9 0.16096282 
737 270 7 10 0.15164031 
944 364 8 10 0.15023743 
998 393 8 9 0.14298387 
881 285 9 11 0.14191227 
66 412 8 10 0.14056902 
842 289 7 8 0.1370657 
757 281 8 10 0.13415408 
977 326 7 9 0.12648106 
926 340 8 10 0.124802515 
1002 324 8 11 0.11959327 
946 382 8 10 0.115375504 
960 325 10 12 0.11124017 
757 285 9 11 0.10821154 
902 310 7 9 0.10674606 
866 279 6 9 0.10107044 
874 320 7 10 0.09915363 
886 308 8 10 0.094235785 
957 321 9 11 0.093982406 
954 320 8 9 0.09157433 
850 297 7 8 0.08934889 
717 305 8 11 0.08930063 
76 422 9 10 0.08751266 
689 301 8 10 0.08487826 
854 297 7 9 0.08229809 
107 406 10 13 0.08202782 
913 310 7 9 0.08184341 
943 319 7 9 0.081615455 
933 358 7 9 0.08070608 
904 320 7 10 0.07888138 
882 342 8 11 0.0781208 
989 404 8 10 0.075258076 
922 322 7 8 0.073080786 
959 345 7 8 0.06987368 
1013 391 9 12 0.069643445 
847 302 7 10 0.06820797 
1010 424 10 11 0.067709684 
18 423 8 11 0.067253105 
883 337 6 8 0.067020655 
842 308 7 9 0.066604614 
807 273 7 8 0.066507526 
944 304 7 8 0.06588389 
879 310 8 9 0.06535701 
882 349 7 9 0.064536326 
886 336 7 9 0.06400078 
858 312 7 10 0.063501276 
1007 377 8 11 0.062419582 
720 286 9 11 0.06233088 
974 344 7 9 0.062019184 
953 311 7 8 0.061956774 
769 284 8 10 0.06084806 
873 325 8 10 0.060742233 
935 327 6 8 0.05959793 
912 305 8 9 0.058712248 
1002 408 8 10 0.057878613 
906 295 7 9 0.057830773 
54 431 7 10 0.057521027 
744 279 8 10 0.055887252 
885 286 8 10 0.05577469 
977 385 8 10 0.05565365 
850 273 7 9 0.055497386 
896 352 7 9 0.055485345 
873 288 7 9 0.05490294 
970 399 8 10 0.054385997 
1015 367 8 12 0.054183595 
904 358 7 8 0.053958464 
936 320 7 9 0.05320128 
965 328 8 11 0.05244916 
961 286 8 10 0.052318 
1013 308 9 14 0.05145576 
959 358 7 9 0.051144738 
839 270 7 9 0.051038343 
928 310 7 9 0.049967468 
845 288 7 8 0.049240615 
936 368 8 11 0.04924039 
777 281 8 10 0.04914951 
903 368 7 9 0.047711905 
976 309 7 10 0.04707333 
977 294 8 10 0.04700383 
902 325 7 9 0.04676231 
993 309 8 10 0.046752024 
998 336 8 10 0.046474803 
938 333 7 10 0.046397056 
69 408 8 11 0.046274785 
708 295 8 9 0.045901082 
752 272 7 8 0.045896247 
953 326 8 10 0.045728173 
873 294 7 9 0.045429617 
977 373 8 9 0.04481757 
86 389 8 10 0.04418133 
934 373 8 9 0.043296 
888 365 7 9 0.042847276 
982 294 8 10 0.042708647 
870 270 7 9 0.04249599 
962 332 8 10 0.04205907 
904 279 7 9 0.041437358 
758 292 9 11 0.04141769 
952 334 7 9 0.04093868 
866 271 7 8 0.040879894 
870 280 7 8 0.04059027 
962 309 8 10 0.040367786 
920 336 7 9 0.040100887 
909 294 8 10 0.039951652 
81 435 9 12 0.03976573 
929 303 8 10 0.039643813 
954 344 7 8 0.039507642 
914 282 7 9 0.039205264 
896 302 8 10 0.039115965 
919 325 8 9 0.03907223 
862 313 7 9 0.03902616 
886 349 7 9 0.038928 
45 414 8 9 0.038533974 
87 357 8 10 0.03805736 
919 310 7 9 0.037296314 
872 304 7 8 0.037186235 
911 320 6 8 0.03678268 
38 430 7 9 0.03672926 
914 373 8 10 0.036681402 
934 353 7 9 0.03654136 
994 391 8 10 0.036341418 
832 344 9 10 0.0361581 
816 263 7 8 0.03539408 
912 353 6 8 0.035087813 
997 310 8 10 0.03472387 
1013 294 9 12 0.03437367 
967 389 8 10 0.034040187 
875 312 7 8 0.03394619 
982 336 7 9 0.03382379 
958 393 9 10 0.0336963 
854 277 7 9 0.03353891 
969 377 7 9 0.033202093 
882 306 7 8 0.033001166 
969 367 7 8 0.032942433 
982 373 7 10 0.032654073 
957 397 9 10 0.0323938 
721 262 6 8 0.032330956 
993 419 9 12 0.03227445 
918 280 7 9 0.03204768 
831 295 7 9 0.032023206 
878 292 8 10 0.03199547 
937 311 8 9 0.031984378 
696 310 8 9 0.031853978 
776 285 8 10 0.031811576 
858 289 6 8 0.031699717 
42 440 8 10 0.031518925 
1001 376 9 11 0.031202804 
942 311 8 10 0.031198485 
18 380 8 10 0.031116001 
943 343 7 9 0.030828748 
984 342 8 10 0.030721752 
912 385 8 10 0.030594097 
792 270 7 8 0.030223642 
977 368 7 9 0.030168135 
953 304 7 9 0.030045703 
79 406 8 9 0.029791038 
942 334 8 10 0.029716944 
962 382 8 10 0.029715199 
894 397 8 10 0.029617397 
913 328 7 9 0.029578285 
913 334 7 10 0.028762946 
954 352 7 8 0.028562946 
878 367 7 9 0.028546415 
680 270 7 9 0.028435098 
742 271 7 10 0.028277785 
864 335 6 8 0.028121237 
48 380 8 10 0.028048726 
952 358 7 9 0.027974678 
998 341 8 10 0.027928974 
977 321 8 9 0.027739434 
798 286 8 10 0.027729956 
40 425 7 9 0.027695086 
920 366 7 10 0.027658848 
904 354 8 9 0.027467944 
992 343 8 10 0.027074527 
958 375 8 9 0.02704502 
936 304 7 9 0.026873281 
999 396 8 10 0.026771717 
891 294 7 9 0.026740005 
729 271 7 9 0.026564116 
825 295 7 9 0.026434278 
743 285 8 11 0.026285207 
56 424 8 9 0.026263678 
959 295 8 10 0.026198916 
898 367 7 9 0.026004562 
952 287 7 9 0.025944019 
977 334 8 10 0.025832439 
663 279 7 8 0.025825249 
953 374 8 9 0.025782289 
864 296 7 8 0.025693392 
975 359 8 9 0.025676455 
830 288 7 8 0.025658902 
1 347 9 13 0.025566496 
121 398 9 12 0.025497023 
885 281 8 10 0.025399836 
896 336 6 8 0.024960427 
856 334 6 9 0.024710912 
953 398 9 11 0.024246253 
71 361 8 9 0.024029452 
959 351 7 9 0.024027439 
863 318 7 9 0.023939714 
928 279 7 8 0.023921836 
929 367 7 10 0.023847096 
721 281 8 10 0.02376647 
969 350 7 9 0.023692869 
930 353 7 10 0.023647876 
937 288 7 8 0.023642559 
982 369 7 9 0.023623675 
824 279 7 9 0.023588667 
96 421 9 11 0.02342961 
952 390 9 10 0.023368958 
1 366 7 11 0.02311984 
982 326 7 10 0.022998413 
911 358 6 8 0.022963056 
992 325 8 10 0.022855576 
919 350 7 9 0.022637997 
51 357 10 12 0.022611145 
870 343 7 9 0.022596551 
840 294 7 9 0.022580517 
808 277 8 10 0.022472309 
60 357 9 11 0.022174548 
34 431 7 9 0.022109557 
112 375 11 13 0.022052813 
974 405 9 10 0.021973798 
897 358 7 9 0.02194086 
744 262 6 8 0.021808518 
993 376 8 9 0.021588858 
909 342 7 10 0.021584114 
815 285 7 9 0.021530611 
877 327 8 9 0.021488024 
831 357 8 11 0.021454602 
65 431 7 9 0.021450678 
961 303 8 10 0.021438193 
728 262 6 9 0.02142989 
937 343 7 9 0.021322263 
949 407 9 11 0.021307232 
826 287 7 9 0.021269355 
70 365 8 10 0.02124868 
62 422 8 9 0.021237863 
34 425 7 9 0.02115578 
902 383 7 9 0.021154838 
648 269 7 10 0.021129284 
960 368 7 9 0.021122234 
47 423 8 9 0.02108299 
937 393 8 11 0.02094655 
866 344 7 8 0.02093733 
693 303 7 9 0.020851117 
904 304 8 10 0.020742893 
858 365 7 10 0.02069993 
875 368 7 9 0.020461638 
951 367 7 9 0.020434443 
27 405 7 9 0.02035055 
658 279 7 8 0.020269508 
705 304 8 10 0.020175857 
744 257 7 9 0.020153254 
992 349 7 10 0.020128371 
920 287 7 9 0.020011561 
