37_Soccer_soccer_ball_37_867
45
384 206 35 46 0.9983714 
507 58 52 68 0.99698406 
687 108 46 64 0.9968189 
251 238 45 63 0.9968047 
517 220 51 69 0.996636 
85 290 30 40 0.99325514 
899 229 40 50 0.98003525 
13 313 12 15 0.08712504 
475 337 14 21 0.08102262 
109 262 8 11 0.0630473 
214 190 7 9 0.062360846 
63 291 9 12 0.06053792 
194 189 8 12 0.05450431 
68 437 45 38 0.04405074 
34 268 9 11 0.04115533 
442 372 15 19 0.04096239 
77 276 9 12 0.04060188 
21 230 8 10 0.037239403 
36 264 10 12 0.036428165 
333 271 9 14 0.035631612 
25 284 8 10 0.03499569 
25 300 9 12 0.034654498 
137 159 8 10 0.034439053 
9 241 8 9 0.033494294 
49 285 8 9 0.033120222 
17 231 8 10 0.032255627 
106 370 12 14 0.02980774 
182 142 7 9 0.028613565 
64 248 7 9 0.028509527 
140 317 8 11 0.028379729 
28 280 9 12 0.02785957 
63 183 6 8 0.027349167 
64 199 7 9 0.026368791 
46 247 7 9 0.02574928 
362 331 15 17 0.025549537 
13 238 8 10 0.025172984 
20 371 11 12 0.025111713 
334 343 10 13 0.023431392 
8 245 7 9 0.023341486 
163 179 10 13 0.023289818 
214 185 7 9 0.022480136 
8 311 11 13 0.02234036 
42 246 8 10 0.02206491 
18 311 11 14 0.021861885 
901 321 9 11 0.021810103 
