37_Soccer_soccer_ball_37_692
485
658 260 10 15 0.78070354 
79 270 12 15 0.5398261 
717 96 9 11 0.40119803 
106 95 8 11 0.3983714 
569 70 8 9 0.3319816 
590 69 8 10 0.31672543 
609 71 8 10 0.2724599 
621 263 8 11 0.27194655 
573 87 7 9 0.2628068 
457 208 8 10 0.24244279 
84 94 9 11 0.22123401 
705 87 6 8 0.21678105 
577 261 10 13 0.18433139 
23 76 8 11 0.17823021 
743 86 8 9 0.16421093 
449 111 8 10 0.15469274 
752 102 8 12 0.15316197 
502 153 8 11 0.1481479 
72 251 12 14 0.1460183 
47 85 8 10 0.143882 
414 87 8 10 0.14357246 
560 86 7 10 0.14248376 
729 109 7 9 0.13533807 
633 78 8 10 0.13508064 
45 81 8 10 0.13349894 
519 61 8 10 0.1331084 
856 81 7 9 0.13064662 
641 153 8 9 0.12784258 
460 72 8 10 0.123410486 
630 71 7 9 0.1206118 
682 69 7 9 0.11868981 
840 69 7 9 0.11650461 
626 70 7 9 0.11520678 
486 141 8 10 0.11212932 
41 84 8 11 0.11104485 
252 383 15 19 0.11072091 
460 264 10 12 0.109818004 
662 69 8 10 0.109358326 
581 101 8 11 0.106351994 
581 56 8 11 0.10456618 
1008 88 8 10 0.10390001 
57 95 8 9 0.10270238 
542 88 7 10 0.102633074 
626 151 8 10 0.10070169 
694 105 8 10 0.10007693 
612 157 9 12 0.09836809 
62 96 8 10 0.096995674 
593 121 8 10 0.09697308 
929 102 8 10 0.094085865 
937 68 8 10 0.091473825 
425 119 7 9 0.09007636 
87 111 8 9 0.08963366 
573 257 9 10 0.089396745 
569 112 7 9 0.08844036 
630 63 8 10 0.0858243 
527 72 6 8 0.08461218 
497 55 6 8 0.08422534 
649 101 7 9 0.08417346 
717 119 7 9 0.081325725 
504 69 7 9 0.081233926 
638 80 7 9 0.07884735 
63 64 6 9 0.07879903 
543 72 7 9 0.07837064 
453 102 8 11 0.07723202 
72 111 8 10 0.07707741 
697 73 7 9 0.07668677 
54 89 8 9 0.07374231 
223 110 10 12 0.07366027 
766 62 8 9 0.07348542 
552 79 6 9 0.073406965 
608 76 9 11 0.07224569 
703 56 7 9 0.071901895 
134 96 7 9 0.07153881 
25 97 8 10 0.06929114 
682 85 8 10 0.067638285 
686 69 7 10 0.06743838 
63 70 8 9 0.06741176 
130 94 8 10 0.06673323 
807 78 7 9 0.06515623 
696 109 8 10 0.06496666 
454 87 7 9 0.06488851 
151 96 7 9 0.06419283 
686 87 8 10 0.06396939 
587 70 8 10 0.0638978 
442 72 6 9 0.06343543 
176 102 8 10 0.06307689 
598 94 8 11 0.06282758 
758 77 7 9 0.06074555 
22 45 8 10 0.059979882 
625 63 9 11 0.059872475 
719 133 8 10 0.059382137 
676 152 8 10 0.059157766 
248 117 8 12 0.05856498 
538 88 8 9 0.05846606 
663 54 7 9 0.058298305 
583 61 8 10 0.058012187 
817 76 8 11 0.057815094 
415 110 7 9 0.057537783 
526 102 8 9 0.056255754 
146 97 7 9 0.056120876 
281 103 8 10 0.055784672 
141 112 8 10 0.05529981 
833 85 7 10 0.054883614 
633 111 8 9 0.054432835 
560 64 7 10 0.054380845 
482 141 8 10 0.05432019 
613 96 8 11 0.054209176 
929 85 7 10 0.05409538 
537 94 8 10 0.054045282 
728 54 7 8 0.053894915 
600 55 8 10 0.052742377 
640 110 7 9 0.05242993 
450 87 7 9 0.052307345 
720 79 6 8 0.051215664 
614 61 7 10 0.05108397 
567 102 7 8 0.050957292 
672 102 8 9 0.050653562 
681 65 7 9 0.05048438 
840 102 7 10 0.050231878 
113 111 7 9 0.04985343 
81 88 8 10 0.04976125 
538 53 7 9 0.04975828 
638 85 8 10 0.049705643 
633 85 8 11 0.04964104 
657 95 8 10 0.049460344 
577 61 8 9 0.04911155 
686 80 7 10 0.049104217 
259 104 7 10 0.04880571 
703 71 7 9 0.04859184 
378 101 8 10 0.04859155 
261 108 8 10 0.048368588 
46 53 7 9 0.047986794 
30 95 8 10 0.04772655 
498 86 7 9 0.047230925 
66 270 8 11 0.04721861 
66 79 7 8 0.04700905 
1 84 6 10 0.046928693 
437 105 8 11 0.04690346 
440 92 7 9 0.04677025 
42 52 7 9 0.046303168 
601 87 7 10 0.045740895 
810 86 7 10 0.045565534 
433 87 7 9 0.045483407 
698 57 7 9 0.045414433 
962 80 8 9 0.045402978 
102 119 8 9 0.04518587 
543 54 7 9 0.045093574 
561 94 7 10 0.044636786 
610 64 8 9 0.04449188 
784 70 7 9 0.044011146 
767 102 7 9 0.043562397 
750 86 8 10 0.043528713 
776 70 7 9 0.043524586 
432 103 8 10 0.043426357 
503 66 7 8 0.042948093 
448 117 8 10 0.04282486 
504 87 7 9 0.04278005 
833 63 7 9 0.042547494 
441 77 6 9 0.042542625 
593 93 8 10 0.042452045 
71 80 7 9 0.042133525 
598 100 8 10 0.04211471 
538 71 6 9 0.041679386 
561 54 7 8 0.04143503 
542 93 7 10 0.041354805 
813 88 8 10 0.04133885 
46 49 7 9 0.041148428 
522 102 8 9 0.040864963 
840 85 7 10 0.0406136 
614 100 8 11 0.040349863 
823 159 9 11 0.03989799 
679 56 7 9 0.039897714 
689 135 7 9 0.039616697 
729 70 7 9 0.03953329 
24 61 7 9 0.039526597 
522 72 7 9 0.039442256 
581 268 9 11 0.03938004 
649 281 7 10 0.039341096 
864 70 6 9 0.039187 
705 62 7 9 0.038990527 
672 80 6 9 0.03887809 
425 102 7 8 0.038747262 
640 55 8 10 0.038604863 
568 66 7 10 0.0384333 
1 68 6 10 0.038026176 
793 93 7 9 0.03786495 
125 152 7 9 0.037684426 
744 62 7 9 0.03758086 
88 328 9 12 0.037480682 
631 94 7 10 0.037459716 
18 72 8 10 0.03740529 
566 96 8 10 0.037351485 
690 46 7 9 0.037238773 
85 100 9 11 0.037102576 
527 64 7 10 0.036710758 
671 46 7 9 0.03669978 
166 117 7 9 0.036675528 
273 119 8 9 0.0365907 
774 86 7 9 0.03649446 
790 88 7 10 0.03648013 
505 102 7 9 0.03628851 
641 144 7 9 0.036268212 
518 78 7 10 0.036121745 
738 87 7 9 0.03583325 
658 53 7 9 0.035713594 
848 80 7 10 0.035557985 
566 48 7 9 0.035510525 
70 286 8 11 0.035495583 
665 48 7 10 0.03548821 
754 78 7 9 0.035484243 
776 103 7 8 0.035407994 
465 96 7 9 0.035247978 
616 56 7 10 0.035057206 
431 72 7 8 0.034965765 
617 270 8 9 0.034938514 
47 70 7 9 0.03493303 
623 268 7 10 0.034732226 
803 78 6 9 0.034695566 
690 104 8 11 0.03457163 
514 80 7 8 0.034512274 
721 64 7 9 0.034466177 
626 95 7 9 0.03434917 
629 157 8 10 0.03428471 
786 88 7 10 0.034122482 
566 54 7 8 0.033926256 
721 71 7 9 0.03382525 
662 94 8 10 0.03378433 
655 101 7 10 0.033670824 
574 80 7 9 0.03361523 
831 110 8 10 0.03360536 
665 38 7 9 0.03343379 
713 133 7 10 0.033348877 
688 65 6 8 0.03323949 
477 152 8 9 0.033173848 
294 206 9 12 0.03291764 
63 101 7 9 0.032854676 
967 60 8 10 0.032739855 
658 152 6 9 0.032652177 
763 61 7 9 0.032633293 
544 48 7 9 0.032557707 
528 88 7 8 0.03253927 
376 121 9 11 0.03231153 
657 89 8 9 0.032083068 
73 86 7 10 0.03208163 
825 152 7 10 0.031931464 
514 61 8 10 0.03164881 
662 151 7 9 0.031486917 
632 56 7 10 0.031373154 
730 47 7 9 0.031371474 
592 89 7 10 0.031291068 
506 94 7 10 0.031266984 
521 48 7 8 0.031226538 
753 73 7 9 0.031215953 
648 134 8 10 0.031010835 
663 88 7 9 0.030949663 
473 151 8 11 0.030921832 
498 63 7 9 0.030889314 
431 79 7 9 0.030867163 
832 104 8 10 0.030844854 
583 96 7 10 0.030827936 
415 105 7 9 0.030780593 
186 110 7 9 0.030622296 
998 118 8 12 0.03057299 
574 111 7 9 0.030434975 
954 69 7 10 0.030407593 
86 89 8 10 0.030405918 
70 268 11 14 0.03014206 
481 63 7 9 0.030140566 
561 69 7 9 0.03009818 
695 94 7 9 0.030058866 
18 62 7 9 0.029836463 
640 61 8 10 0.029773135 
414 70 7 9 0.029729066 
815 73 7 9 0.02968843 
286 104 7 10 0.029572116 
409 112 8 9 0.029534841 
934 86 7 9 0.02949033 
599 62 7 9 0.029449144 
597 119 8 11 0.02934428 
704 134 8 9 0.02932519 
839 65 7 9 0.029292405 
720 89 8 9 0.029246787 
705 81 6 8 0.02923945 
706 158 7 9 0.029171227 
815 112 7 9 0.028863674 
688 108 7 11 0.028852323 
624 55 7 10 0.02876715 
79 112 8 10 0.028755367 
424 135 8 11 0.028730812 
510 95 7 9 0.028710082 
464 102 7 9 0.02870014 
921 123 9 12 0.02862574 
144 101 8 10 0.028518576 
718 127 9 12 0.028471233 
648 78 7 10 0.028375102 
610 99 8 11 0.028253881 
857 150 9 11 0.028170398 
625 79 8 10 0.028047035 
30 77 7 9 0.027869437 
799 103 7 9 0.0278588 
528 95 7 10 0.027701776 
409 103 7 9 0.02759013 
119 110 7 9 0.027507149 
770 86 7 9 0.027504137 
481 95 6 8 0.027503986 
426 72 6 9 0.027480233 
789 160 9 12 0.02740931 
577 95 7 10 0.027385939 
129 90 7 9 0.027367081 
728 87 7 9 0.027347732 
510 102 7 9 0.027315635 
689 94 7 8 0.027292492 
615 78 7 10 0.027226208 
712 79 7 9 0.02712431 
415 93 7 9 0.027112575 
520 117 7 9 0.027041048 
953 89 7 8 0.026952367 
426 78 7 9 0.0269282 
585 46 8 10 0.026894374 
840 118 7 9 0.026815245 
70 149 8 11 0.026804585 
712 72 6 9 0.026700458 
1002 85 8 10 0.026672434 
614 280 8 10 0.026623081 
479 72 7 9 0.026597897 
570 79 7 10 0.026417278 
96 103 8 9 0.026408728 
832 57 7 9 0.0263755 
711 63 6 8 0.026353898 
177 97 8 10 0.026220312 
737 64 7 9 0.026212158 
446 71 6 9 0.026190646 
120 87 7 9 0.026178379 
696 118 8 9 0.02613556 
439 63 7 9 0.026126642 
458 77 8 10 0.02607084 
761 56 7 9 0.026054185 
562 48 8 10 0.025941074 
959 72 7 8 0.025907565 
821 77 8 10 0.025798233 
784 93 7 9 0.025795965 
151 101 7 9 0.025785012 
168 102 8 10 0.02576276 
545 78 8 9 0.025709055 
656 134 7 9 0.025682714 
704 93 7 9 0.025642741 
770 81 7 9 0.025574949 
160 101 7 9 0.025524503 
119 105 7 9 0.025416426 
809 73 7 9 0.0253607 
815 93 7 10 0.025308821 
70 259 11 15 0.025172813 
736 119 9 10 0.025052711 
1007 64 9 12 0.025049174 
534 192 8 10 0.024931183 
647 46 7 10 0.024928764 
479 78 7 9 0.024916641 
617 87 7 9 0.024916314 
585 40 7 9 0.024904436 
743 120 8 10 0.024889778 
557 239 9 11 0.02468732 
66 151 8 12 0.024606768 
758 101 9 11 0.024310296 
713 113 8 11 0.024300426 
434 63 6 9 0.02427167 
510 87 8 10 0.024205841 
857 72 7 8 0.024180306 
608 55 7 10 0.02411634 
535 184 7 9 0.024114398 
496 103 6 8 0.024086282 
543 65 7 9 0.024064811 
814 118 7 10 0.023992969 
600 79 8 9 0.023873273 
472 62 7 9 0.023851717 
662 240 9 10 0.023811907 
640 22 6 9 0.023747036 
543 112 7 8 0.023696188 
400 103 7 8 0.023682931 
826 62 6 9 0.023676753 
952 93 6 9 0.023657102 
782 112 8 10 0.023621917 
835 69 7 9 0.023594975 
766 57 7 9 0.023540666 
106 136 7 10 0.023354217 
641 46 8 10 0.023312798 
624 281 8 9 0.023295138 
737 95 7 9 0.023281848 
673 71 6 9 0.023244226 
713 145 8 8 0.023225898 
31 72 7 10 0.023128834 
727 65 7 9 0.023108127 
58 64 7 8 0.023105789 
559 82 7 9 0.023072984 
674 63 7 8 0.023067636 
561 102 7 9 0.023017818 
775 80 7 10 0.022967694 
183 104 7 10 0.022876993 
633 23 7 8 0.022848614 
553 103 7 9 0.022824323 
695 46 7 9 0.022785835 
583 78 7 10 0.02277153 
777 96 7 9 0.022745816 
752 120 8 9 0.022741392 
695 134 7 9 0.022724608 
801 72 7 9 0.022603165 
671 85 7 10 0.022571582 
480 104 7 9 0.022559607 
126 112 7 10 0.022534972 
646 110 7 10 0.022526832 
838 112 7 10 0.022473935 
474 78 7 9 0.022472987 
34 88 7 9 0.02246579 
31 112 7 9 0.022448435 
679 145 7 9 0.022437846 
80 285 9 12 0.022359239 
585 88 8 9 0.022343876 
536 65 7 9 0.022246487 
456 96 7 9 0.022193259 
647 143 7 9 0.0221453 
104 126 7 10 0.02214313 
432 94 7 10 0.022140015 
536 101 7 10 0.022120696 
497 113 6 9 0.022100769 
944 96 7 8 0.022062974 
825 110 8 9 0.022044042 
504 47 7 10 0.022030067 
77 263 12 15 0.021966347 
545 39 7 9 0.021951377 
58 101 7 9 0.021928363 
840 96 7 10 0.021869496 
657 111 7 9 0.021838997 
770 70 7 9 0.02182372 
778 112 8 11 0.021812467 
658 145 6 8 0.021780547 
554 63 7 9 0.021779647 
471 95 7 9 0.02162278 
494 141 8 9 0.021609848 
95 133 7 9 0.021548009 
744 81 7 9 0.021484736 
646 55 7 9 0.021462373 
495 96 7 9 0.021432571 
806 151 7 10 0.021432022 
941 65 7 10 0.021398023 
110 102 9 10 0.02137889 
639 135 8 9 0.021368738 
854 54 7 9 0.021357726 
594 101 8 11 0.02135671 
832 117 8 9 0.021347139 
274 87 7 9 0.021340817 
729 80 6 8 0.021305986 
433 109 8 10 0.021178035 
111 88 8 10 0.021173494 
681 135 7 9 0.021123018 
514 56 8 10 0.02111723 
696 62 7 8 0.021054879 
102 63 7 10 0.021051718 
481 89 6 8 0.020954045 
38 94 8 9 0.020929594 
529 78 7 9 0.020868875 
488 95 7 9 0.020825744 
737 55 7 9 0.020779831 
553 95 7 9 0.020763593 
874 160 7 9 0.020751972 
715 99 9 12 0.020743942 
72 116 8 10 0.020697208 
127 117 7 9 0.020693718 
663 118 7 9 0.020677028 
488 104 7 9 0.020637853 
674 56 7 9 0.020587325 
985 94 8 9 0.020585412 
798 95 7 9 0.020585213 
497 82 7 9 0.020479953 
743 57 7 9 0.020464417 
472 88 7 9 0.020391334 
400 113 7 9 0.02038623 
673 119 7 9 0.020329691 
806 159 9 11 0.020304637 
773 160 8 10 0.020304542 
735 103 7 10 0.020270841 
690 40 8 10 0.02021604 
110 141 6 9 0.020196304 
928 97 8 10 0.020168496 
933 103 8 10 0.020154418 
734 71 7 9 0.020076886 
646 152 7 10 0.020067094 
