37_Soccer_soccer_ball_37_643
20
739 44 57 74 0.99868983 
331 88 54 82 0.99861574 
953 156 23 28 0.082766704 
978 139 26 33 0.06619108 
22 157 28 31 0.0626434 
51 261 28 35 0.062117726 
403 124 31 36 0.05416264 
949 64 23 31 0.047029242 
1 188 25 32 0.046126798 
130 153 23 30 0.04383529 
194 195 30 33 0.03667708 
444 69 24 29 0.035775457 
893 188 29 32 0.03388928 
922 142 26 31 0.03169922 
914 86 27 32 0.027757289 
0 229 19 32 0.023556745 
357 99 46 70 0.02226367 
-1 240 29 39 0.022182109 
21 90 25 32 0.021166261 
108 218 30 35 0.020199608 
