37_Soccer_Soccer_37_651
247
904 294 30 39 0.9968214 
496 309 29 38 0.9958248 
102 223 37 43 0.99214137 
3 216 26 37 0.97636795 
304 217 27 39 0.97410685 
126 3 17 21 0.670236 
236 222 22 30 0.48754042 
661 158 16 23 0.408333 
586 179 15 20 0.38196403 
557 335 18 24 0.30709916 
978 42 17 21 0.2565466 
246 220 23 33 0.2552347 
213 227 20 26 0.24722315 
193 228 17 21 0.24195737 
429 104 17 21 0.23383664 
365 10 14 18 0.22916456 
37 80 14 18 0.20454219 
92 92 14 20 0.1969929 
971 81 21 25 0.19344474 
33 13 10 12 0.18843794 
702 89 15 17 0.164088 
97 167 8 11 0.14977154 
810 91 17 21 0.1431945 
546 11 12 14 0.13427632 
674 129 14 16 0.13422614 
780 86 11 15 0.13161585 
806 113 17 19 0.12620524 
253 1 15 15 0.12586407 
783 302 22 38 0.12435097 
188 110 12 15 0.12082817 
604 89 14 18 0.11931272 
35 20 12 16 0.11739856 
68 71 11 14 0.115319096 
230 0 12 13 0.11015601 
75 3 17 19 0.10683642 
756 266 18 26 0.10274971 
229 104 16 22 0.10246956 
218 104 16 21 0.101895906 
67 124 11 15 0.10040072 
188 120 20 23 0.100103006 
640 163 11 15 0.097028755 
826 177 15 18 0.09337771 
565 80 10 13 0.09205547 
153 234 24 30 0.08937817 
328 20 10 13 0.089122035 
180 3 17 19 0.08895719 
569 256 20 22 0.088331826 
234 2 13 14 0.08801365 
806 123 16 18 0.08791397 
129 174 10 13 0.08488845 
29 85 13 17 0.0846034 
615 161 13 18 0.08316135 
202 227 19 26 0.08278677 
68 11 11 14 0.08232307 
723 137 13 17 0.08176238 
48 165 9 12 0.081661895 
599 4 13 15 0.08012678 
228 226 20 27 0.078636125 
92 87 12 14 0.07834206 
336 201 23 28 0.07833488 
705 101 14 16 0.07741545 
54 164 12 15 0.07524576 
129 89 15 17 0.07131406 
133 173 10 12 0.070963874 
466 488 19 22 0.06849449 
566 12 11 15 0.06796494 
807 88 12 15 0.06608217 
62 171 14 17 0.064771935 
674 202 16 20 0.06416128 
644 85 15 18 0.06385016 
16 0 13 12 0.060740232 
736 24 13 15 0.06022602 
845 149 12 15 0.05886796 
628 0 11 10 0.05789824 
462 54 10 13 0.055480774 
988 7 11 14 0.05441897 
119 187 9 12 0.05411053 
1004 124 19 30 0.05244513 
562 6 10 13 0.051752977 
625 11 11 15 0.051392797 
748 69 13 16 0.050818536 
335 184 24 33 0.050647207 
276 76 15 20 0.050568216 
365 0 15 13 0.050326806 
36 34 12 15 0.049876783 
22 24 11 15 0.049210176 
1 15 10 15 0.049096156 
0 69 10 17 0.048945278 
591 103 8 11 0.048457555 
235 101 16 20 0.04743529 
582 3 13 15 0.047151644 
269 35 11 14 0.04698399 
1007 5 14 15 0.046449557 
599 13 12 16 0.04610557 
648 99 14 16 0.045282044 
323 107 14 16 0.045281984 
219 238 15 21 0.04517091 
772 155 13 20 0.04515437 
579 252 17 22 0.044955265 
654 11 14 19 0.044914283 
367 77 14 16 0.043977086 
32 77 12 16 0.043277077 
1012 122 12 22 0.04230631 
106 126 15 18 0.041241396 
421 16 16 17 0.04123681 
126 75 17 19 0.04095853 
327 1 10 10 0.040704366 
420 166 17 19 0.040413365 
972 93 17 22 0.040230487 
303 1 10 10 0.039736647 
256 216 24 35 0.039565284 
700 206 13 18 0.039485946 
773 147 13 18 0.03876806 
661 149 16 20 0.038140096 
310 75 10 14 0.037883297 
405 61 11 15 0.037119634 
246 28 13 15 0.03702441 
729 173 12 15 0.036964376 
568 125 13 15 0.036741897 
782 69 9 12 0.036661264 
17 3 15 16 0.0359601 
177 12 11 14 0.03531804 
615 130 13 18 0.035071846 
562 110 9 14 0.034990482 
503 117 12 16 0.03431798 
350 0 12 11 0.03407598 
566 91 9 13 0.03385413 
735 2 20 19 0.03383747 
534 196 13 17 0.03375181 
152 165 11 14 0.03371265 
515 73 15 18 0.033707667 
469 493 25 28 0.03357672 
120 4 14 16 0.033570215 
184 113 13 18 0.03353728 
701 0 10 9 0.03338367 
677 160 15 19 0.033311818 
685 126 11 16 0.032963157 
868 55 10 12 0.03290063 
165 110 16 18 0.03275063 
397 16 9 12 0.03271024 
168 95 17 20 0.032134503 
68 109 12 18 0.031968154 
23 90 13 16 0.0316249 
5 18 11 16 0.03100629 
263 166 10 12 0.03088697 
45 22 11 14 0.030803012 
422 25 14 16 0.03076531 
585 122 12 18 0.030701447 
286 38 10 13 0.030181224 
755 69 12 15 0.029927185 
736 124 12 16 0.029652325 
326 315 28 34 0.029635802 
183 26 14 16 0.029430166 
309 124 13 15 0.029368863 
710 140 11 15 0.029042894 
138 3 14 18 0.028509555 
246 3 15 14 0.028497476 
292 164 11 15 0.028432675 
360 5 14 17 0.028409887 
179 173 10 13 0.028294625 
93 5 12 15 0.028270079 
554 196 16 20 0.028211795 
540 62 11 14 0.028005099 
487 3 18 19 0.027909564 
66 166 12 15 0.027883768 
733 177 13 15 0.02781778 
276 164 11 15 0.027813602 
461 15 11 13 0.027405312 
161 228 19 21 0.02729347 
756 12 10 14 0.02722848 
457 53 10 14 0.026966028 
55 131 11 14 0.026958095 
222 83 14 15 0.02688351 
207 166 10 14 0.02681669 
783 117 10 12 0.026728846 
208 181 10 12 0.026256945 
196 2 16 20 0.026240675 
117 0 12 11 0.026175713 
338 180 17 23 0.026156338 
595 6 24 34 0.025938544 
157 110 13 17 0.025935978 
318 115 12 16 0.02538567 
848 132 11 15 0.025209807 
393 19 10 13 0.024741264 
263 36 11 13 0.024611669 
532 14 9 12 0.024516666 
36 72 14 17 0.02441841 
465 101 14 16 0.024405494 
451 116 12 15 0.024375834 
657 5 16 19 0.024370156 
263 76 10 14 0.024298517 
564 54 13 18 0.024272138 
847 162 14 19 0.02424413 
302 59 12 14 0.02408071 
284 3 14 14 0.02406649 
603 17 13 17 0.023968115 
237 165 9 11 0.023947498 
211 125 12 17 0.023895292 
502 26 16 18 0.023810755 
316 125 12 14 0.023706669 
753 22 10 15 0.023701208 
509 91 24 29 0.023692233 
267 123 13 16 0.023623839 
303 98 12 15 0.023465136 
51 141 209 265 0.023192953 
468 55 10 13 0.02313425 
79 208 10 12 0.02299145 
182 224 23 28 0.022883497 
627 6 12 15 0.022852026 
296 22 10 13 0.022816326 
213 212 8 11 0.022778062 
213 109 15 21 0.02259369 
204 27 14 17 0.022419132 
237 237 15 22 0.022206469 
358 97 10 15 0.022155879 
181 50 25 27 0.022058005 
510 71 24 30 0.0217608 
231 197 9 12 0.021686833 
974 37 16 20 0.0216431 
111 166 9 11 0.021544434 
364 79 20 25 0.021512918 
64 115 13 17 0.021345057 
512 70 13 16 0.021276131 
572 11 12 16 0.02123506 
42 165 10 13 0.02119695 
775 134 10 15 0.02114432 
537 165 11 16 0.0211115 
18 24 480 479 0.021109087 
349 99 12 16 0.021081781 
479 122 13 15 0.020994024 
14 11 14 17 0.020849727 
861 8 8 10 0.020787932 
100 170 10 14 0.0207256 
320 102 12 16 0.02070526 
225 0 12 12 0.02058894 
733 137 12 17 0.020587552 
-85 153 414 432 0.020510877 
0 94 8 13 0.020507535 
824 162 22 26 0.02044238 
77 93 11 15 0.020338101 
1012 329 12 22 0.020294651 
67 180 11 13 0.020208733 
71 94 12 15 0.020129813 
1008 116 13 17 0.020123439 
252 38 12 15 0.020064415 
464 93 12 15 0.020063078 
1003 30 19 21 0.0200571 
