37_Soccer_soccer_ball_37_281
27
176 559 8 11 0.17381777 
136 547 13 16 0.14093062 
324 303 10 13 0.1108822 
334 614 7 10 0.07225729 
270 537 7 9 0.06532175 
248 300 10 13 0.054857552 
246 604 9 12 0.046025567 
136 509 8 10 0.036291983 
199 567 8 10 0.035952475 
201 550 6 8 0.031977225 
365 641 9 11 0.029709768 
109 525 9 11 0.028181024 
145 518 8 9 0.027649341 
176 553 8 10 0.026393017 
232 590 8 11 0.025461728 
2 525 8 12 0.025219344 
158 527 7 9 0.025094023 
607 536 7 9 0.024986183 
47 510 8 10 0.023476625 
80 503 8 9 0.023140682 
270 648 9 11 0.02301016 
215 573 7 9 0.022946892 
141 553 11 14 0.021973798 
159 568 8 10 0.02184085 
216 568 7 10 0.021832285 
239 566 7 9 0.021338403 
33 573 9 10 0.02005448 
