37_Soccer_soccer_ball_37_269
24
741 235 29 36 0.99851304 
411 269 30 35 0.99785525 
175 123 27 37 0.9970914 
326 235 29 38 0.99699664 
510 242 32 37 0.99659914 
241 247 29 36 0.9965913 
910 130 28 34 0.99622065 
100 134 28 35 0.9956487 
164 252 33 41 0.9954607 
665 228 26 35 0.9954352 
547 140 27 34 0.9953081 
596 250 28 35 0.9952834 
266 136 30 36 0.99488443 
833 143 25 32 0.9946906 
405 125 27 32 0.99372923 
337 133 25 32 0.99370146 
620 134 27 35 0.993694 
833 243 28 33 0.99333006 
898 232 26 33 0.9930093 
688 144 25 32 0.9920813 
769 154 24 29 0.9913282 
492 124 26 33 0.98379 
819 296 12 13 0.036060937 
865 172 13 15 0.021207867 
