37_Soccer_soccer_ball_37_583
255
666 252 47 59 0.9967488 
795 251 46 55 0.9958216 
184 72 44 59 0.99552673 
402 79 45 58 0.9955161 
415 264 45 57 0.99496484 
284 285 46 60 0.99026793 
562 103 41 50 0.9897379 
527 273 43 55 0.9891822 
796 98 41 52 0.9874392 
669 88 38 51 0.9864166 
272 97 38 50 0.98426014 
432 23 8 11 0.27286708 
98 49 7 8 0.19506544 
14 103 7 9 0.19142872 
47 94 7 9 0.18910131 
410 40 9 11 0.15822099 
537 63 7 8 0.1297771 
367 23 8 10 0.12930658 
463 38 7 9 0.12449415 
493 71 8 11 0.12296438 
121 1 9 10 0.11954101 
746 101 9 12 0.11606258 
146 115 9 12 0.11128218 
536 29 6 8 0.11052694 
25 78 6 9 0.10291804 
121 95 6 8 0.102784015 
331 39 6 8 0.09549136 
383 13 9 11 0.09179533 
64 64 7 8 0.08332034 
529 64 7 9 0.08307623 
438 28 7 10 0.08208704 
394 64 7 9 0.078834936 
111 55 6 8 0.07665212 
464 22 7 9 0.07529095 
357 86 7 9 0.07408691 
415 29 8 10 0.073896155 
695 29 6 9 0.0725835 
80 64 6 9 0.07240304 
148 7 7 8 0.071249 
551 70 7 9 0.07032648 
309 46 7 8 0.06797284 
33 77 6 9 0.06761433 
608 54 7 8 0.06548113 
139 96 7 10 0.06530871 
881 71 6 8 0.06484085 
7 5 8 10 0.06458142 
399 22 8 10 0.060913775 
559 63 7 8 0.060133226 
367 70 6 8 0.05965539 
312 88 9 10 0.059012875 
353 55 8 10 0.058887664 
472 1 8 9 0.05887978 
648 138 11 15 0.058663644 
1 60 8 11 0.058655713 
17 65 8 9 0.057957232 
855 86 8 10 0.05739909 
8 77 8 10 0.05725448 
362 22 7 9 0.056759883 
460 116 10 13 0.056496322 
917 79 6 9 0.055955812 
504 32 7 8 0.05548079 
139 45 8 10 0.054928824 
2 36 6 10 0.054092135 
535 2 8 8 0.05364232 
327 71 7 9 0.05336164 
544 46 7 8 0.052932743 
399 2 7 8 0.052416485 
74 30 7 8 0.052409165 
383 22 8 10 0.0523898 
101 49 7 9 0.05212028 
18 33 6 8 0.05174769 
542 62 7 9 0.05163448 
954 96 6 8 0.05127006 
294 53 8 10 0.050568216 
397 61 8 11 0.050449234 
351 77 7 9 0.05040261 
55 87 6 8 0.0504001 
720 103 9 13 0.05020704 
381 62 7 9 0.04928744 
62 55 7 9 0.048733406 
8 38 6 8 0.047818203 
158 37 7 10 0.046622798 
345 31 5 7 0.046481088 
860 54 7 9 0.04602195 
570 54 6 9 0.045053553 
646 54 7 9 0.044235326 
49 89 7 9 0.044069864 
23 71 8 10 0.04397704 
518 31 6 8 0.043608792 
127 55 7 8 0.043587837 
367 0 7 8 0.04349002 
719 92 10 12 0.042130668 
136 2 8 9 0.041930176 
302 17 6 8 0.041622438 
73 64 7 8 0.041385707 
514 31 7 9 0.040814456 
738 69 8 11 0.04055374 
393 26 7 8 0.039869618 
598 62 7 9 0.039540637 
633 48 8 10 0.039298356 
31 73 7 9 0.03893489 
784 265 13 16 0.03846861 
310 69 7 9 0.038361464 
246 69 8 10 0.03825939 
66 80 7 8 0.038120806 
128 5 8 9 0.03795008 
122 48 7 9 0.037781317 
22 31 7 9 0.037218336 
110 14 7 9 0.037095238 
87 64 7 8 0.036891986 
353 39 7 8 0.03687771 
574 72 7 9 0.036836218 
479 55 9 11 0.03652238 
630 53 8 10 0.03538257 
120 77 7 9 0.035277274 
702 53 8 9 0.035200685 
616 69 8 10 0.034866966 
655 65 7 9 0.03483363 
0 86 8 12 0.034811687 
31 62 7 9 0.034567785 
840 69 8 9 0.034462035 
544 85 8 11 0.033883598 
370 81 6 9 0.033842266 
375 23 7 9 0.033352055 
496 47 7 10 0.033309083 
23 64 8 10 0.033223912 
175 3 8 8 0.032826625 
434 61 9 12 0.03271685 
906 96 6 8 0.03255707 
358 56 6 10 0.032544084 
737 94 9 10 0.031801615 
891 86 7 9 0.03164148 
766 117 7 10 0.031391367 
38 46 7 10 0.0313825 
59 53 7 10 0.03130372 
513 23 7 8 0.030772109 
346 78 7 9 0.03065563 
3 72 7 10 0.030404905 
58 49 7 9 0.030304719 
522 54 7 9 0.030301502 
70 79 6 9 0.030279731 
63 39 6 8 0.030152835 
81 16 8 9 0.030088035 
623 87 7 10 0.02994574 
38 78 7 9 0.029816886 
526 45 8 11 0.029622814 
389 69 9 11 0.029572917 
458 22 7 10 0.02956548 
517 86 8 10 0.029494364 
34 45 8 10 0.029305056 
64 8 8 9 0.02925866 
82 42 6 8 0.029243272 
335 8 5 7 0.029132368 
544 42 7 8 0.029050153 
743 96 10 11 0.029011441 
259 101 29 38 0.028993782 
111 7 7 9 0.028987901 
352 47 7 9 0.028909704 
606 91 9 12 0.0287133 
34 57 6 8 0.028590478 
504 48 6 9 0.028580204 
895 72 6 9 0.028463159 
63 48 7 9 0.028429236 
6 62 7 9 0.027699169 
71 87 6 9 0.027686099 
48 72 6 8 0.027517624 
238 62 7 9 0.02744679 
379 58 7 9 0.027379906 
83 45 6 9 0.02733786 
40 72 7 9 0.027077386 
553 46 7 9 0.027043933 
505 64 7 8 0.02696333 
17 70 8 10 0.02678607 
89 69 7 9 0.026761964 
34 40 7 9 0.0266865 
50 79 6 8 0.026685594 
391 95 9 13 0.02631966 
65 13 8 10 0.026034271 
538 26 7 9 0.02597382 
480 37 6 9 0.025919657 
271 2 7 8 0.02584183 
886 46 7 9 0.025697518 
736 66 8 9 0.0256716 
548 87 10 12 0.025602205 
866 142 7 9 0.025497353 
538 80 8 9 0.025474438 
638 95 11 14 0.025307776 
458 38 8 9 0.025268437 
297 14 6 9 0.025245545 
6 73 8 10 0.025173305 
462 33 8 10 0.025147691 
448 21 6 9 0.024995852 
782 54 8 10 0.02497862 
944 78 6 8 0.024507066 
134 5 7 9 0.02446153 
14 79 7 9 0.024349146 
33 31 6 9 0.024302563 
494 39 7 10 0.023878992 
66 86 6 9 0.02377041 
362 70 7 9 0.02369985 
33 102 8 9 0.023690956 
614 31 7 9 0.02366847 
358 38 7 10 0.023636878 
107 299 23 27 0.023576295 
137 54 6 9 0.023535471 
478 72 8 10 0.023482801 
445 6 8 10 0.023411682 
665 38 7 10 0.023312816 
135 22 6 8 0.023272835 
872 66 6 8 0.023033164 
327 1 7 8 0.023014937 
95 96 8 9 0.022996036 
447 16 7 10 0.022971816 
104 64 6 8 0.022961104 
542 80 9 11 0.022940574 
74 25 6 8 0.022787819 
87 47 6 8 0.022775523 
361 63 7 9 0.022687014 
170 2 8 8 0.022598216 
49 23 7 9 0.022340724 
600 41 6 9 0.022120724 
149 113 9 11 0.022105403 
394 0 8 9 0.022068392 
601 46 6 9 0.021872196 
362 1 7 8 0.021560261 
65 71 6 8 0.021539418 
626 30 6 9 0.021384418 
554 64 7 10 0.021369107 
470 23 7 9 0.02132155 
889 70 7 9 0.02127733 
6 56 7 10 0.021215456 
39 23 6 9 0.021177534 
32 88 6 9 0.021039251 
368 28 8 10 0.021028146 
317 87 8 11 0.020932244 
15 36 7 9 0.020862766 
290 53 8 10 0.020810485 
82 87 7 9 0.020778516 
759 94 8 9 0.020727424 
389 79 9 11 0.020652015 
496 16 7 9 0.020542536 
454 49 8 10 0.020534659 
584 38 8 9 0.020505268 
592 47 7 8 0.020414425 
79 23 7 9 0.020376451 
346 73 7 9 0.02028531 
958 96 6 9 0.020280976 
49 101 8 10 0.02024137 
42 93 7 10 0.02023051 
273 39 6 8 0.020136872 
70 15 7 8 0.020116298 
938 79 6 7 0.020091876 
328 33 7 8 0.020061221 
185 377 14 21 0.02002404 
134 87 8 9 0.020014575 
