37_Soccer_soccer_ball_37_345
38
715 163 15 19 0.99293447 
491 171 15 20 0.9928832 
364 180 14 19 0.9886636 
622 179 15 19 0.9882835 
556 166 15 20 0.9866057 
427 181 14 19 0.9803373 
384 93 10 14 0.97079563 
817 167 16 20 0.9651913 
969 182 14 19 0.8861018 
1000 189 14 19 0.88146853 
140 314 17 27 0.8253922 
429 336 19 20 0.657377 
836 254 14 16 0.13419984 
369 159 11 13 0.10499889 
264 133 9 12 0.09070052 
414 283 12 16 0.07406573 
400 159 10 13 0.06817129 
474 279 15 17 0.06581637 
437 336 19 22 0.05533624 
490 240 16 16 0.05294779 
351 129 7 10 0.05265702 
705 136 9 11 0.051310077 
368 119 9 10 0.047752064 
369 127 8 10 0.043869864 
328 134 8 11 0.042746425 
109 473 23 22 0.042643763 
350 279 12 16 0.04213044 
381 279 13 17 0.036097646 
46 46 8 10 0.034485783 
444 281 13 17 0.033796415 
405 116 9 11 0.032489203 
79 56 8 9 0.024979094 
297 128 9 10 0.024519108 
364 242 20 19 0.023550471 
234 134 9 12 0.02174673 
981 284 16 20 0.021720782 
427 248 16 19 0.021441353 
402 118 8 12 0.020175772 
