37_Soccer_soccer_ball_37_113
33
523 155 120 165 0.99961483 
710 81 72 85 0.9840953 
429 100 36 46 0.87836415 
274 167 36 44 0.5736597 
856 41 38 49 0.5408053 
225 234 40 50 0.40747228 
143 263 39 42 0.34967238 
200 28 46 56 0.3168981 
152 190 30 37 0.19332051 
548 34 17 24 0.1414689 
76 118 31 42 0.12228983 
936 261 60 71 0.10901492 
670 98 45 58 0.06950824 
972 126 41 51 0.06803767 
318 142 29 36 0.065526955 
98 197 28 36 0.055148255 
930 278 40 46 0.050439723 
135 188 31 39 0.045525435 
680 100 28 35 0.044210594 
593 39 47 51 0.043365747 
147 243 37 44 0.041760292 
44 194 24 32 0.03962206 
146 172 35 43 0.037677 
909 84 35 47 0.03474847 
150 162 28 33 0.031892996 
431 170 36 39 0.02989738 
162 58 24 30 0.027979922 
181 293 24 30 0.02785931 
53 194 32 38 0.025883345 
281 153 27 35 0.02534234 
225 127 39 51 0.024498334 
885 123 43 59 0.024085179 
233 217 37 45 0.021696221 
