37_Soccer_Soccer_37_114
77
459 178 54 75 0.9984169 
190 69 47 53 0.97715616 
443 158 19 22 0.413581 
901 115 15 19 0.27270362 
862 80 16 20 0.22842477 
865 191 18 23 0.19475438 
502 135 17 21 0.18875201 
950 56 14 18 0.185423 
456 100 19 21 0.1699373 
904 0 18 19 0.13165325 
156 76 23 33 0.124826424 
431 120 15 19 0.11429429 
255 23 21 28 0.11032476 
750 17 17 21 0.10874621 
516 99 16 19 0.10683029 
474 129 16 20 0.106581494 
896 43 17 18 0.09911425 
925 80 16 20 0.09868486 
73 223 16 19 0.09861656 
142 51 17 19 0.09392505 
402 79 15 18 0.08527069 
979 57 14 17 0.08507896 
374 1 18 17 0.08493761 
236 170 43 51 0.083181255 
313 6 17 19 0.07246126 
87 180 26 35 0.07137723 
990 95 22 30 0.06515122 
541 118 17 20 0.0607849 
400 132 27 31 0.05962333 
804 97 17 21 0.058003746 
485 182 46 62 0.056639306 
433 4 17 19 0.052513544 
923 20 13 17 0.050983828 
766 0 16 17 0.0493041 
365 95 15 16 0.049205877 
921 76 13 17 0.0485584 
47 228 16 18 0.047533307 
931 85 16 20 0.0475149 
444 28 17 20 0.046294585 
988 166 17 23 0.046088733 
811 31 16 19 0.045797713 
509 66 22 26 0.045590363 
450 163 46 63 0.045036253 
309 63 19 21 0.0434253 
58 5 17 22 0.04062311 
145 3 16 19 0.03943002 
256 31 34 46 0.03911092 
968 35 11 14 0.03869678 
370 115 18 24 0.037326187 
135 183 28 32 0.037283532 
903 17 13 16 0.037029482 
338 85 19 21 0.03648431 
139 126 17 20 0.036329255 
936 67 14 18 0.036075536 
402 144 28 35 0.03261306 
20 142 15 19 0.030816207 
942 60 14 17 0.030186193 
77 118 16 18 0.02981534 
502 177 31 46 0.029331587 
127 146 16 18 0.027006947 
867 24 22 27 0.026948292 
105 23 16 20 0.026829375 
363 98 23 30 0.02680729 
59 219 26 32 0.026317019 
808 20 22 25 0.026125973 
930 74 18 23 0.026001373 
274 49 14 17 0.025438493 
556 136 17 21 0.025222415 
88 56 17 22 0.024608325 
749 94 25 31 0.023241242 
880 106 15 19 0.022594254 
439 153 38 51 0.022510376 
45 229 24 28 0.022406507 
272 77 11 14 0.02214353 
417 121 23 26 0.021909494 
29 1 17 17 0.021324458 
998 17 12 16 0.021011602 
