37_Soccer_soccer_ball_37_114
28
264 363 33 40 0.999102 
505 345 32 41 0.99900776 
136 368 35 41 0.99886036 
892 252 31 40 0.9988172 
609 156 29 35 0.99844414 
240 260 29 35 0.9983589 
385 350 32 41 0.998346 
832 162 30 34 0.9983297 
757 363 35 42 0.99829954 
739 157 30 36 0.99793077 
443 153 26 33 0.9978536 
774 254 28 34 0.9977549 
675 157 27 32 0.9976586 
644 355 33 40 0.99751234 
326 245 31 36 0.9974331 
125 149 28 35 0.9973137 
603 275 29 36 0.99725986 
291 164 27 34 0.99723524 
365 161 27 36 0.99712014 
160 259 29 37 0.996491 
412 243 29 34 0.99646986 
501 233 29 36 0.9963282 
684 259 26 35 0.9962837 
73 255 29 33 0.99589384 
521 154 26 29 0.9954535 
218 176 30 34 0.9950355 
869 367 47 44 0.050725013 
930 425 36 63 0.029369513 
