37_Soccer_soccer_ball_37_907
59
257 72 35 46 0.9964019 
166 51 36 43 0.99595344 
422 109 37 46 0.99454826 
674 87 38 49 0.9930177 
14 294 34 45 0.99220496 
191 273 36 49 0.9915006 
43 59 35 47 0.9879209 
540 81 39 54 0.9862229 
124 176 39 49 0.98567605 
334 112 33 40 0.97632694 
22 183 38 50 0.94998705 
917 66 29 45 0.9479665 
148 306 33 42 0.942538 
911 173 42 49 0.9421654 
1001 77 24 41 0.7274804 
724 1 27 32 0.6683237 
307 282 31 43 0.33246452 
861 -1 22 21 0.29890087 
889 -1 18 19 0.22829644 
251 182 32 38 0.17951494 
443 481 20 21 0.16203588 
773 319 35 50 0.1412885 
653 83 21 30 0.12656744 
435 408 15 17 0.10205288 
405 408 17 18 0.0960702 
827 286 23 30 0.09594798 
353 295 18 19 0.09316892 
261 -1 27 22 0.08454236 
962 -1 20 21 0.08074021 
278 298 26 32 0.064904094 
352 0 21 15 0.054081183 
858 142 33 42 0.051015746 
900 283 26 33 0.049729984 
787 0 15 12 0.048504323 
886 286 30 32 0.047865547 
1004 361 15 22 0.046514757 
134 213 28 35 0.044278678 
987 6 16 19 0.044142198 
359 506 14 20 0.038664706 
28 131 22 31 0.036909472 
195 436 33 37 0.03670812 
839 276 12 15 0.03368284 
856 419 22 25 0.032257646 
718 1 18 19 0.032193597 
154 -1 34 33 0.029462816 
365 330 15 20 0.02855085 
255 165 40 46 0.027758066 
306 283 18 25 0.025227211 
416 410 15 18 0.023820432 
969 443 13 17 0.022573372 
276 427 16 16 0.022229204 
51 437 23 29 0.021944169 
270 430 26 29 0.021830875 
303 427 16 18 0.021829626 
401 513 16 18 0.021618273 
333 432 16 18 0.021544194 
315 271 30 41 0.021264702 
400 402 15 21 0.020062834 
1010 0 14 20 0.020000977 
