54_Rescue_rescuepeople_54_581
295
263 330 10 14 0.96707255 
317 340 9 12 0.9518913 
973 422 10 12 0.92359936 
653 199 9 11 0.90981996 
690 374 10 13 0.9058684 
97 357 9 11 0.9036906 
287 191 9 11 0.89967865 
840 369 10 12 0.87595236 
937 197 8 10 0.8733594 
167 352 10 12 0.86508965 
793 365 8 11 0.8486291 
691 192 10 12 0.8389948 
748 197 10 13 0.82336485 
212 330 10 14 0.82281 
435 181 10 13 0.82228744 
506 181 10 13 0.81625885 
374 354 10 14 0.8157787 
907 370 10 13 0.8095733 
852 182 9 11 0.8092607 
194 185 8 10 0.80315256 
624 184 10 14 0.8020013 
538 318 9 12 0.7997652 
597 354 11 15 0.7950978 
59 349 8 11 0.76041424 
741 371 10 13 0.7573471 
480 317 11 14 0.75643605 
92 338 9 11 0.7264094 
538 369 9 11 0.7139415 
918 316 9 12 0.71180534 
384 189 8 11 0.69114965 
304 192 8 9 0.687519 
883 197 9 11 0.683539 
887 353 10 14 0.6505656 
816 367 9 12 0.64494246 
405 179 8 11 0.63559943 
110 222 8 10 0.6111376 
887 312 9 12 0.6025551 
427 205 8 10 0.57667845 
815 182 9 11 0.5724183 
964 308 10 12 0.5571344 
235 352 10 12 0.55618495 
209 202 7 9 0.54189897 
968 189 8 10 0.5392263 
360 343 10 12 0.53778434 
1013 373 8 12 0.5361665 
234 195 9 12 0.53182817 
409 356 9 12 0.5287361 
642 367 10 13 0.52685565 
394 176 7 9 0.526802 
803 192 11 14 0.52427524 
453 192 9 10 0.5153795 
323 198 8 10 0.5114762 
481 355 9 12 0.5074272 
997 368 10 13 0.49384886 
106 192 9 12 0.47403023 
421 331 10 13 0.46092764 
9 190 8 10 0.40812486 
673 200 7 10 0.39951548 
37 185 8 10 0.34828022 
0 334 9 13 0.3401639 
480 178 8 10 0.33730876 
912 200 8 9 0.27939808 
233 374 9 12 0.27822456 
399 176 9 11 0.26948276 
118 385 8 10 0.26165998 
979 370 11 14 0.26095408 
905 208 8 10 0.25069466 
362 361 8 11 0.24569778 
960 197 8 11 0.23855385 
367 357 11 13 0.23655097 
878 376 9 12 0.22306506 
701 356 9 11 0.22304909 
242 335 8 10 0.2137803 
759 215 9 12 0.20220523 
13 189 8 11 0.18749106 
392 359 8 11 0.18400571 
249 185 8 10 0.18300915 
976 200 8 10 0.16985323 
541 338 8 12 0.16969903 
253 188 8 11 0.1580564 
845 197 8 10 0.14567275 
874 379 9 12 0.14290512 
709 184 8 11 0.14288603 
472 198 8 9 0.13408941 
885 372 10 12 0.12913647 
908 204 10 12 0.114420585 
321 214 8 9 0.111817 
708 374 12 17 0.108207434 
842 192 9 11 0.108168565 
478 192 8 10 0.10743605 
200 329 9 11 0.10361159 
685 218 10 13 0.1025216 
534 429 9 12 0.101696946 
622 358 8 11 0.096185684 
925 207 8 10 0.095434785 
286 349 12 14 0.09415519 
921 206 9 11 0.09368366 
203 358 11 14 0.09364611 
866 335 9 11 0.09284625 
887 334 9 11 0.0926506 
334 356 9 12 0.09149267 
682 216 9 12 0.09112181 
922 416 9 11 0.08813806 
546 181 8 11 0.08062119 
896 451 10 13 0.0794991 
412 351 10 13 0.07808754 
320 206 8 11 0.07669636 
367 228 8 10 0.07616149 
825 360 8 11 0.07522367 
399 357 8 11 0.07514106 
263 356 11 13 0.075046204 
706 188 9 12 0.073630564 
863 196 9 12 0.073490486 
816 186 9 12 0.07267638 
456 327 8 11 0.07245106 
88 356 9 12 0.065610595 
118 237 8 11 0.06551281 
836 445 12 16 0.06519249 
836 460 10 12 0.06406077 
961 192 8 11 0.063017756 
390 363 8 11 0.06238268 
565 199 9 12 0.062357772 
485 176 9 11 0.06224294 
109 227 10 12 0.05847195 
864 412 9 12 0.058442436 
593 240 9 10 0.056708746 
608 382 11 14 0.055156283 
621 365 8 11 0.05503112 
392 318 7 9 0.054694746 
280 348 10 14 0.05340583 
550 177 8 10 0.053347073 
998 279 7 9 0.052631434 
484 352 10 13 0.05158607 
268 355 10 13 0.051363584 
477 197 8 10 0.051107496 
32 187 8 11 0.050841883 
441 327 7 9 0.050454058 
393 351 9 12 0.050398413 
389 191 8 10 0.049478997 
559 204 10 13 0.048958234 
793 208 9 11 0.048894953 
485 395 10 14 0.048358705 
845 190 10 13 0.04803729 
767 353 8 10 0.047271848 
102 238 8 10 0.047150478 
894 335 8 10 0.046868905 
1015 310 7 11 0.046193834 
23 190 8 10 0.045119096 
957 430 9 12 0.04429951 
432 321 8 9 0.04383651 
549 437 8 10 0.043832697 
917 199 8 10 0.043156557 
401 254 8 10 0.04296565 
246 340 9 11 0.041691758 
191 327 9 12 0.04146031 
454 360 7 10 0.040209778 
853 428 10 14 0.04011454 
397 397 8 12 0.039558154 
695 215 9 12 0.039197862 
440 264 8 12 0.039175373 
209 374 9 11 0.038830835 
4 338 11 13 0.03774946 
136 213 8 10 0.037404444 
0 183 6 10 0.03729635 
326 214 7 10 0.037179254 
454 333 9 10 0.036902405 
362 229 7 9 0.036761597 
231 335 9 11 0.03667653 
37 205 9 12 0.036074284 
375 229 8 9 0.035791844 
391 179 9 12 0.035703596 
474 193 8 10 0.035503063 
379 190 8 10 0.035349462 
609 445 10 14 0.035255976 
545 176 8 11 0.035153225 
293 190 9 11 0.0349802 
622 352 9 12 0.034898568 
417 329 11 13 0.034708004 
171 354 10 13 0.03412088 
489 196 8 11 0.033914663 
545 385 14 18 0.033578582 
15 214 9 11 0.033540472 
829 359 8 10 0.033458244 
448 334 8 10 0.033311427 
929 351 9 10 0.032775033 
271 350 10 15 0.032709535 
37 223 10 12 0.032629985 
105 231 9 12 0.03240237 
440 333 9 11 0.03219512 
679 205 8 10 0.03104819 
309 191 7 10 0.030709695 
967 197 8 11 0.030375384 
223 351 9 12 0.030327618 
528 388 10 14 0.030320987 
364 364 9 11 0.030206095 
47 397 6 9 0.030118132 
159 213 9 11 0.030117484 
392 198 7 9 0.030023994 
787 365 9 12 0.029942691 
184 342 10 11 0.029690892 
390 311 7 10 0.029683474 
915 313 9 11 0.029672688 
311 199 8 9 0.029466793 
993 278 8 10 0.029444776 
385 310 8 10 0.029422598 
712 356 8 10 0.029224537 
775 350 9 10 0.029182937 
205 352 11 13 0.0291779 
113 238 9 10 0.029086912 
14 336 7 10 0.028636761 
279 344 9 13 0.028596843 
928 328 8 9 0.028524324 
882 350 11 14 0.028366003 
453 342 9 12 0.028336162 
105 264 8 11 0.02833373 
617 233 8 10 0.028272312 
862 430 9 12 0.02810249 
296 206 8 10 0.028034896 
182 350 8 11 0.027341163 
798 389 8 11 0.027179508 
246 329 10 12 0.02698631 
430 334 9 12 0.026903115 
240 341 10 12 0.026841229 
229 325 9 12 0.026720861 
656 215 9 12 0.02671453 
278 206 8 11 0.02664369 
825 342 8 11 0.02633497 
662 215 8 10 0.026099999 
765 356 10 13 0.026088804 
822 199 9 11 0.026081167 
216 357 9 11 0.025909938 
488 214 7 10 0.025818195 
793 390 8 10 0.025689999 
82 351 8 11 0.025634486 
37 213 10 12 0.025576506 
809 180 11 13 0.025328245 
739 368 9 12 0.024988307 
959 206 9 10 0.02481651 
449 196 8 11 0.024748119 
314 206 8 9 0.024725743 
933 335 9 12 0.024378333 
841 182 9 12 0.024298707 
374 199 7 9 0.024092268 
102 352 8 11 0.024073364 
558 210 11 14 0.024033245 
212 204 8 11 0.02380916 
633 383 9 12 0.023743697 
191 260 8 10 0.023695804 
214 316 8 11 0.023646928 
431 325 8 10 0.023645628 
892 311 8 12 0.023604266 
978 422 11 13 0.023579698 
475 176 8 11 0.023542313 
433 177 10 12 0.023497371 
98 238 8 11 0.023349585 
745 194 10 12 0.023088178 
329 383 9 14 0.023041897 
408 335 8 10 0.023020312 
407 361 10 12 0.02294455 
733 215 9 11 0.022927944 
617 351 9 12 0.022899577 
686 273 8 10 0.022858912 
753 215 9 12 0.022841444 
440 231 8 10 0.022832843 
913 192 8 11 0.022824358 
110 367 9 11 0.022555849 
115 389 8 10 0.022505382 
550 188 10 12 0.02233707 
31 350 10 12 0.022309901 
477 364 11 13 0.022309206 
1000 284 9 11 0.022261947 
446 327 8 10 0.022103144 
398 191 8 10 0.021944664 
86 352 9 11 0.021863693 
945 327 8 10 0.021861682 
672 222 7 10 0.021717083 
720 184 7 10 0.021594746 
494 197 9 11 0.02130956 
665 247 7 9 0.021269405 
247 348 10 13 0.021234049 
808 373 9 11 0.021210387 
703 367 10 11 0.021173751 
698 353 9 11 0.021171572 
765 363 12 15 0.021151772 
473 350 9 13 0.021129664 
399 342 8 10 0.021076538 
959 214 10 12 0.02105536 
496 399 8 10 0.021025822 
475 373 11 13 0.021015037 
823 204 9 11 0.020909017 
448 216 8 10 0.020868465 
552 204 12 14 0.02043798 
695 289 7 10 0.02033987 
853 215 9 12 0.020247018 
191 358 8 11 0.02020149 
