54_Rescue_rescuepeople_54_135
87
501 0 51 67 0.99686414 
871 484 62 70 0.99524117 
41 558 65 53 0.97747415 
332 49 32 45 0.9625729 
870 211 24 42 0.9456624 
943 219 20 37 0.92645335 
153 179 22 32 0.6603856 
999 234 20 28 0.47917286 
115 377 35 53 0.40720543 
956 459 35 54 0.2850763 
93 227 24 32 0.18932377 
685 208 38 40 0.16031651 
701 44 9 11 0.15293966 
867 363 32 44 0.11209992 
428 355 38 49 0.10955431 
526 353 8 11 0.10869364 
150 190 24 38 0.102763675 
686 127 9 11 0.10045533 
285 141 14 16 0.09886019 
0 263 25 30 0.097173065 
376 404 33 42 0.092719406 
81 235 30 34 0.09141696 
644 29 9 11 0.07247746 
474 4 49 61 0.06847098 
148 247 21 29 0.066120654 
79 104 9 11 0.06326525 
698 339 18 26 0.06276667 
949 471 51 71 0.05450263 
105 181 15 23 0.05133518 
737 414 25 42 0.04938462 
319 409 45 59 0.047344856 
340 284 32 46 0.04677848 
82 260 29 34 0.046206966 
665 557 54 82 0.046060022 
743 41 9 12 0.045163676 
936 448 46 59 0.044560775 
691 231 30 34 0.043652926 
33 583 69 55 0.042640563 
846 352 40 51 0.042470776 
101 219 22 32 0.03992885 
612 395 17 23 0.03894577 
41 607 51 35 0.03848431 
952 213 27 38 0.035441395 
141 379 41 58 0.03468397 
336 275 15 20 0.034312017 
195 368 46 44 0.032513957 
952 367 42 57 0.031136613 
720 54 11 16 0.030581897 
861 169 12 17 0.030456455 
332 276 27 35 0.02982483 
870 170 14 17 0.028880848 
365 409 29 44 0.028591866 
320 39 30 42 0.028185377 
665 12 10 12 0.027519694 
870 375 41 54 0.027350122 
1010 415 14 23 0.027213288 
623 29 7 10 0.026559196 
268 138 52 63 0.026337396 
855 198 25 34 0.026160073 
913 396 28 40 0.026131896 
71 175 20 30 0.026077246 
132 368 34 49 0.026046874 
276 351 41 44 0.025756573 
927 428 31 37 0.025589522 
26 328 31 41 0.025272371 
153 282 27 32 0.02524523 
598 515 38 46 0.024656838 
166 231 14 19 0.024637317 
277 189 34 38 0.024502313 
478 334 10 13 0.023599377 
855 161 12 17 0.023473918 
929 387 33 50 0.023219343 
174 163 13 20 0.023218561 
991 236 16 25 0.022364618 
247 209 12 16 0.022155274 
0 258 15 24 0.021962222 
170 629 41 35 0.021953518 
791 381 29 37 0.02185012 
326 432 46 64 0.02172357 
444 369 28 35 0.020935813 
977 367 34 45 0.020761007 
190 377 28 41 0.020721896 
294 126 15 15 0.020693682 
1001 243 22 36 0.020620754 
457 -1 47 58 0.020614805 
96 54 11 16 0.02029288 
189 412 10 15 0.020286264 
