54_Rescue_rescuepeople_54_159
111
886 28 32 36 0.9903054 
636 116 17 22 0.95225275 
806 36 20 25 0.8651795 
298 206 19 23 0.86096203 
810 60 21 27 0.8597872 
754 51 25 29 0.8532805 
800 102 24 29 0.83745307 
714 84 21 27 0.82101536 
792 78 22 27 0.814241 
353 117 18 23 0.81328654 
588 95 21 27 0.8075025 
775 101 20 27 0.80594045 
686 112 27 31 0.798892 
755 134 25 31 0.7632073 
780 30 20 27 0.7550483 
420 230 20 21 0.45842823 
633 176 28 37 0.39331645 
519 178 21 28 0.36760646 
801 68 23 29 0.29833567 
846 16 17 22 0.2345003 
741 96 21 27 0.23333164 
855 56 18 21 0.16636315 
486 426 24 32 0.15090872 
551 172 19 27 0.13823576 
789 31 22 27 0.1369021 
244 267 23 28 0.13648188 
571 87 13 19 0.123826124 
865 36 15 19 0.10124338 
540 195 17 20 0.08979392 
452 50 14 16 0.08755715 
805 13 18 22 0.079378225 
510 284 15 18 0.07835836 
545 180 22 27 0.07742986 
782 104 21 29 0.07178603 
173 127 14 18 0.057566084 
677 116 18 23 0.055090517 
554 227 18 23 0.05468729 
209 36 22 27 0.053002365 
755 4 19 21 0.05050843 
394 45 13 16 0.049685504 
262 304 23 28 0.04914055 
398 68 16 18 0.047306847 
660 116 12 15 0.04711324 
658 136 16 18 0.0463098 
731 17 16 20 0.04505444 
546 199 18 19 0.044644836 
242 212 17 21 0.044087827 
531 187 21 27 0.043848995 
268 258 17 24 0.043744855 
359 49 15 19 0.042129003 
915 71 26 30 0.0415161 
254 262 22 29 0.039966717 
515 401 23 33 0.038718995 
640 122 20 26 0.037322808 
431 228 16 20 0.03566469 
750 52 18 23 0.03535993 
654 107 15 17 0.033825785 
636 164 23 31 0.031418063 
714 12 24 27 0.03110775 
168 45 10 12 0.030470997 
767 136 18 23 0.029923862 
765 98 22 27 0.029282581 
190 106 13 16 0.028945629 
397 312 22 27 0.028715562 
413 380 13 15 0.02847041 
410 232 23 27 0.027283968 
111 137 17 21 0.027203944 
136 193 16 21 0.026988331 
778 118 19 24 0.026345229 
699 105 24 31 0.025938794 
510 106 11 15 0.02540621 
666 61 17 22 0.025114456 
380 248 19 23 0.024960892 
357 399 19 27 0.024952682 
660 57 17 21 0.024825606 
460 44 11 16 0.024332102 
795 97 21 25 0.02423302 
536 55 10 13 0.023964176 
583 98 16 21 0.02391219 
540 317 15 19 0.023747664 
695 211 31 38 0.023478292 
623 173 26 33 0.02347409 
482 246 17 23 0.023379961 
756 23 18 20 0.023241049 
778 139 24 30 0.02258038 
364 57 16 18 0.022398902 
459 438 24 36 0.022358194 
658 120 17 21 0.022255255 
409 357 16 19 0.022135993 
470 496 45 47 0.02213522 
224 330 24 32 0.022115635 
519 113 13 17 0.022090744 
520 502 27 31 0.021992661 
253 165 18 24 0.021847574 
352 277 19 28 0.021465518 
785 39 22 29 0.021439051 
41 224 15 19 0.020944303 
170 252 24 27 0.020908345 
649 185 17 24 0.020817509 
287 259 21 28 0.020814488 
395 60 16 20 0.020666525 
755 102 16 22 0.0206488 
408 148 10 13 0.020510126 
669 121 14 20 0.020432122 
71 177 27 32 0.020428324 
503 98 14 17 0.020331217 
601 98 14 19 0.020290243 
173 238 24 28 0.020258069 
579 91 14 19 0.020198828 
445 52 23 25 0.020062093 
150 226 15 17 0.02002324 
