54_Rescue_firemanrescue_54_939
40
157 109 77 106 0.99319494 
63 579 19 29 0.92563826 
582 598 11 14 0.72742057 
473 620 8 11 0.47848383 
439 634 7 9 0.2503209 
903 524 11 14 0.19560225 
929 565 11 14 0.107068434 
743 588 10 11 0.09675007 
419 659 8 11 0.07784276 
123 565 29 37 0.06963324 
896 525 10 14 0.05850785 
561 638 9 12 0.053672884 
435 636 7 11 0.052963044 
157 592 16 21 0.047862746 
834 581 10 14 0.037909646 
472 656 10 12 0.037553567 
896 532 10 12 0.034078725 
712 645 9 11 0.033759583 
489 639 8 12 0.032235082 
822 544 13 16 0.03185847 
146 594 18 22 0.031118302 
476 616 9 12 0.02867263 
437 663 8 10 0.028092824 
493 640 9 11 0.027498946 
715 591 10 11 0.027390495 
724 616 9 12 0.027371874 
476 660 9 12 0.027140215 
783 591 10 12 0.026384434 
506 668 9 12 0.02591985 
578 602 10 13 0.023861969 
734 662 8 10 0.023633847 
859 564 10 14 0.022854427 
911 564 11 13 0.022753673 
639 682 11 13 0.022181714 
737 588 10 11 0.021459132 
495 644 8 11 0.021297693 
901 531 11 13 0.021119542 
512 646 8 11 0.020850731 
624 631 11 14 0.020313876 
598 605 9 11 0.020175023 
