54_Rescue_rescuepeople_54_102
50
408 251 31 43 0.9650895 
546 234 12 15 0.8888168 
289 282 17 24 0.32848457 
86 231 9 11 0.24683526 
342 251 24 28 0.14729868 
453 241 14 17 0.117923684 
186 230 11 14 0.11688838 
535 219 9 13 0.09871759 
510 211 11 15 0.07600469 
217 256 24 31 0.07550626 
31 203 9 12 0.05553767 
619 208 6 9 0.053393207 
623 208 6 9 0.049561344 
513 346 20 20 0.043117195 
990 229 7 9 0.041867122 
297 286 18 23 0.041372966 
355 250 16 21 0.0406816 
173 197 12 13 0.03844932 
723 208 7 9 0.037667826 
231 239 10 12 0.036674332 
191 284 28 33 0.035920337 
460 247 13 17 0.03496959 
602 213 7 11 0.03358056 
605 208 7 9 0.031487223 
566 197 7 9 0.030352386 
175 191 11 14 0.029632164 
542 213 9 11 0.028810486 
169 199 10 12 0.028188886 
55 168 13 16 0.027397892 
606 213 7 10 0.027196392 
345 310 32 39 0.025362644 
519 388 29 29 0.025088156 
303 284 27 35 0.02477718 
590 213 8 10 0.024471048 
221 243 13 16 0.024418455 
594 200 6 8 0.023966156 
76 255 12 14 0.023948047 
182 183 8 11 0.023819668 
625 198 7 9 0.023763439 
201 206 10 14 0.023158781 
443 308 14 17 0.022159819 
566 223 9 11 0.021945404 
586 213 7 9 0.021497874 
516 206 10 13 0.02138066 
551 213 8 10 0.021169867 
61 169 13 15 0.02111465 
717 349 39 49 0.02097517 
218 243 23 31 0.020448085 
386 265 23 33 0.020176724 
658 182 7 8 0.020063704 
