54_Rescue_rescuepeople_54_54
19
731 390 36 35 0.994368 
617 239 22 30 0.63820505 
807 407 33 41 0.34787732 
632 295 35 30 0.32055852 
486 72 9 11 0.03812467 
500 671 13 14 0.037739106 
504 92 9 14 0.03465668 
794 411 30 37 0.03379053 
493 99 10 12 0.033179235 
179 583 48 75 0.029053822 
812 391 33 43 0.027240707 
595 218 15 21 0.025219813 
765 270 17 22 0.025105612 
520 70 9 12 0.024075527 
616 -2 108 92 0.022662953 
530 97 16 18 0.02117367 
626 223 22 29 0.021141779 
488 96 11 14 0.020551588 
627 306 35 33 0.020016948 
