54_Rescue_rescuepeople_54_431
326
570 459 30 42 0.9962586 
520 514 36 45 0.99473333 
820 375 29 33 0.9945867 
369 396 35 45 0.9941355 
756 454 32 36 0.9939573 
675 397 25 33 0.9924017 
873 422 36 40 0.9914329 
741 402 25 30 0.9880703 
625 551 37 46 0.9875635 
780 520 37 41 0.9851686 
534 382 21 27 0.98449177 
76 313 87 91 0.9835089 
663 356 23 28 0.9827822 
483 211 23 27 0.96112657 
418 231 22 27 0.95679027 
663 450 26 33 0.95554215 
888 514 40 42 0.9384271 
775 327 22 26 0.926473 
597 358 20 25 0.9242826 
653 271 16 22 0.9141225 
467 327 26 31 0.8968839 
685 292 15 19 0.89091635 
602 286 13 18 0.8821876 
750 298 16 20 0.8744371 
692 315 21 24 0.8732479 
300 280 18 20 0.8709256 
607 316 18 24 0.85218376 
212 288 15 18 0.81214905 
307 351 22 25 0.79832107 
89 222 39 55 0.72086304 
380 210 14 15 0.6966515 
554 190 15 19 0.67271286 
270 324 17 20 0.6650931 
380 256 18 22 0.64538777 
617 298 14 17 0.6382064 
572 320 19 21 0.6189345 
511 176 13 18 0.6031671 
471 183 9 11 0.5844357 
238 316 14 17 0.51879406 
336 390 30 38 0.45199013 
301 220 13 17 0.4154399 
616 175 9 12 0.40534166 
696 176 8 10 0.3514093 
495 325 14 19 0.32886773 
324 188 11 12 0.31014225 
730 451 17 21 0.30474114 
279 188 10 13 0.28183788 
448 211 12 16 0.27195945 
225 223 9 12 0.2688013 
233 261 10 14 0.26256478 
617 393 22 25 0.23246 
296 200 10 12 0.23044315 
303 313 14 17 0.2234854 
191 295 10 13 0.19342694 
212 353 15 20 0.1852185 
653 229 9 11 0.18309951 
318 197 13 15 0.1766887 
285 188 10 12 0.17145635 
626 415 18 20 0.15680075 
349 188 13 15 0.15509695 
140 275 13 14 0.15300794 
395 516 39 43 0.14844821 
244 239 9 11 0.14689282 
597 190 11 14 0.14601135 
208 225 8 11 0.14337307 
569 428 23 27 0.14294556 
685 251 11 14 0.13943927 
332 208 12 17 0.13506798 
631 370 15 18 0.12914367 
295 275 15 17 0.12610288 
631 433 21 26 0.12523896 
679 245 10 12 0.12093763 
319 301 14 17 0.11603649 
645 268 14 19 0.113716416 
374 204 16 19 0.113394186 
633 217 8 11 0.11257046 
100 205 17 20 0.11225428 
671 285 12 17 0.10829044 
429 199 8 11 0.1061025 
671 176 7 9 0.100260235 
627 420 23 27 0.09993366 
212 247 10 14 0.09957698 
191 215 9 12 0.09777191 
510 168 12 17 0.0936442 
654 246 11 13 0.09169451 
324 205 14 18 0.08972376 
726 182 7 9 0.08714793 
639 175 9 12 0.08543184 
587 237 11 13 0.08417873 
687 217 7 9 0.08258795 
606 189 9 13 0.08206764 
619 219 10 13 0.08183604 
717 395 15 18 0.08108922 
646 260 13 15 0.0785482 
591 229 11 13 0.077678226 
207 277 13 19 0.076375924 
664 231 9 11 0.07258184 
639 203 9 11 0.07201542 
633 199 10 12 0.06973211 
240 197 9 11 0.06956159 
637 217 9 11 0.068679266 
466 183 9 12 0.068149984 
670 208 7 10 0.06753151 
478 322 23 28 0.06741233 
725 383 16 20 0.06702648 
769 167 7 9 0.06617922 
390 195 13 18 0.06527976 
665 182 7 9 0.06392789 
294 188 8 11 0.063106 
148 287 13 14 0.06297904 
635 236 12 14 0.062463105 
151 262 11 14 0.062372286 
386 201 14 19 0.061009068 
637 180 10 12 0.0609555 
191 231 10 12 0.060914792 
185 217 9 11 0.0593751 
263 292 12 14 0.058948983 
665 236 9 12 0.058843683 
670 181 8 10 0.058831923 
711 206 9 10 0.058213327 
391 189 12 15 0.057474807 
518 258 13 18 0.056352824 
680 253 10 12 0.05614096 
431 204 9 13 0.05539378 
230 228 10 12 0.055308953 
716 313 14 19 0.053792477 
230 216 10 13 0.053752705 
313 204 11 14 0.053009488 
678 222 8 10 0.052438166 
379 519 41 46 0.052160077 
346 243 15 20 0.05215278 
635 228 11 14 0.05156945 
313 189 8 12 0.05104193 
447 198 10 12 0.050869998 
688 221 8 9 0.050651405 
573 419 15 20 0.050351903 
375 549 35 37 0.048633825 
181 252 9 13 0.047883514 
535 196 10 14 0.04719978 
196 330 17 18 0.046974234 
256 239 11 13 0.046854742 
451 205 12 17 0.046350442 
632 274 11 15 0.04573299 
617 205 9 11 0.045617864 
214 228 8 10 0.045346346 
669 238 9 12 0.04533334 
612 305 16 20 0.044987127 
647 198 8 10 0.044974513 
400 202 11 15 0.04484161 
600 234 12 15 0.044334862 
93 208 25 30 0.044238124 
674 223 8 10 0.044181406 
636 324 14 17 0.04349236 
694 247 7 11 0.043246083 
713 189 7 9 0.04319954 
266 299 13 15 0.04220522 
766 328 20 26 0.04208119 
753 173 6 9 0.04201458 
655 224 9 11 0.041935924 
708 467 20 27 0.041904826 
797 184 8 9 0.041730322 
686 239 8 10 0.041144036 
138 266 21 26 0.0409192 
745 300 13 17 0.040516537 
638 190 9 10 0.04016901 
597 228 13 15 0.04004458 
670 191 8 10 0.03962889 
143 282 14 17 0.039246954 
639 270 12 15 0.03914247 
245 294 14 18 0.039125465 
135 270 13 17 0.038791496 
181 294 12 15 0.038549904 
292 244 12 16 0.03842296 
320 184 10 12 0.03808922 
381 199 13 17 0.03783594 
295 310 15 19 0.037775505 
728 199 8 10 0.03754209 
286 305 12 17 0.037482236 
648 168 7 9 0.037387677 
277 355 13 18 0.03733329 
157 267 12 14 0.037304908 
259 285 12 15 0.03691799 
824 206 10 12 0.036890883 
693 263 9 12 0.036572635 
688 260 10 13 0.03644823 
710 184 8 10 0.03636313 
669 230 8 11 0.035855055 
334 320 16 20 0.035307977 
175 297 14 17 0.034993567 
785 143 6 8 0.034134697 
233 235 9 12 0.033716016 
821 116 10 12 0.033410337 
599 184 10 12 0.033303913 
369 203 12 16 0.03312256 
147 267 14 17 0.033061016 
723 177 7 9 0.032960348 
657 182 7 9 0.0327987 
825 526 27 36 0.032564063 
455 199 10 12 0.032541644 
746 231 8 10 0.032404836 
671 214 7 10 0.032386046 
174 277 12 14 0.032302137 
664 191 9 10 0.032225035 
635 410 18 24 0.032134615 
826 291 15 18 0.03209463 
755 333 18 22 0.03153778 
624 258 13 16 0.03152873 
681 241 9 11 0.031465866 
286 215 10 12 0.031450957 
151 204 9 13 0.031309072 
807 111 9 12 0.031273406 
583 188 9 12 0.031171262 
247 188 11 13 0.03114859 
252 186 12 13 0.030933589 
794 166 7 9 0.030863663 
565 316 16 21 0.030363677 
585 322 15 19 0.03006903 
993 148 8 10 0.029919406 
728 206 7 9 0.029802838 
543 190 10 15 0.029629873 
198 379 12 15 0.029603848 
159 372 25 30 0.02959603 
293 349 23 29 0.029524025 
682 217 7 10 0.029426249 
247 207 9 12 0.029377574 
584 230 11 14 0.02933605 
246 256 10 13 0.029052284 
713 200 8 10 0.02881378 
822 418 22 27 0.028690448 
244 197 10 12 0.028656865 
200 223 9 11 0.028584016 
793 160 7 9 0.028444503 
143 289 15 17 0.028419267 
704 182 8 10 0.028317422 
253 291 13 16 0.027993036 
701 466 16 20 0.027967071 
23 394 35 29 0.027876543 
313 197 11 14 0.027861685 
416 204 11 13 0.027848694 
283 345 20 26 0.027817367 
296 225 13 15 0.027797105 
604 231 10 12 0.027731137 
335 244 9 14 0.027676294 
639 260 12 14 0.027587866 
633 191 9 11 0.027519193 
296 420 21 33 0.02742549 
745 174 6 8 0.027323328 
711 246 9 12 0.027295664 
170 376 14 18 0.027082127 
249 183 10 12 0.026578102 
872 135 11 13 0.02652635 
701 176 8 10 0.026339756 
342 156 9 11 0.025931185 
566 326 16 20 0.025885412 
301 203 9 13 0.02572915 
223 247 10 12 0.025367461 
680 291 13 18 0.024922803 
526 295 12 16 0.024542276 
217 294 16 19 0.024536157 
462 221 12 16 0.024453409 
719 206 7 10 0.024347082 
126 260 11 13 0.024291169 
674 244 9 12 0.024216985 
775 168 6 8 0.024205215 
543 176 8 10 0.024147416 
710 399 20 26 0.024117585 
584 242 11 15 0.024034832 
319 312 13 17 0.023916919 
702 313 19 24 0.023891898 
613 188 9 12 0.023847273 
238 233 10 12 0.023839226 
287 198 9 11 0.023824869 
464 188 10 12 0.023775158 
761 168 7 9 0.02368656 
544 179 9 13 0.023604674 
719 198 7 10 0.023602678 
672 256 9 12 0.023544012 
802 200 8 9 0.023524854 
822 246 12 15 0.023430664 
647 342 13 16 0.02318565 
494 182 9 11 0.023059435 
231 274 12 16 0.023047097 
222 325 14 16 0.02299081 
288 268 13 17 0.022968166 
304 319 16 19 0.022950215 
197 213 8 11 0.022853969 
782 322 20 24 0.022787075 
643 329 14 16 0.022768302 
660 245 10 12 0.022765847 
303 190 9 11 0.022623388 
831 117 8 10 0.022617562 
799 188 8 11 0.022469638 
118 221 12 16 0.022399511 
392 183 11 14 0.022396576 
554 200 14 17 0.022309666 
797 461 20 24 0.022205638 
719 191 7 10 0.022042265 
801 175 7 9 0.021902842 
653 236 11 14 0.021882033 
288 204 10 12 0.021647362 
295 214 11 16 0.021573905 
330 302 12 14 0.021570101 
207 271 12 16 0.021497065 
915 142 12 15 0.021470977 
421 204 11 14 0.021466149 
374 199 13 15 0.021308606 
759 174 7 9 0.021281019 
718 461 20 27 0.021228712 
646 174 7 9 0.02113477 
258 348 16 20 0.02111556 
244 284 13 15 0.020998562 
47 329 34 44 0.020975774 
408 228 13 16 0.020973539 
744 158 6 8 0.0209249 
412 220 14 17 0.020854438 
184 231 9 11 0.020732176 
886 125 12 15 0.020726988 
631 241 12 16 0.020410193 
969 120 8 9 0.020328727 
661 253 10 13 0.020305708 
722 166 7 9 0.020279353 
308 301 13 18 0.020150661 
666 177 8 10 0.020131039 
634 176 8 11 0.020126352 
312 386 14 18 0.020092675 
305 225 13 16 0.02003972 
