54_Rescue_rescuepeople_54_711
27
484 308 14 17 0.9648372 
407 374 12 16 0.8713815 
422 318 10 14 0.7138343 
455 353 9 12 0.2006595 
528 364 10 12 0.15642084 
497 324 11 14 0.12490393 
427 323 10 13 0.07460315 
542 288 13 15 0.059432376 
473 356 8 11 0.05740905 
457 303 10 12 0.04968568 
560 281 11 14 0.048784196 
446 372 11 13 0.047239497 
493 340 10 12 0.04703893 
436 356 10 13 0.04342291 
438 351 10 11 0.040439982 
495 333 10 13 0.03979841 
477 388 10 13 0.036326252 
520 309 10 14 0.035049107 
460 307 12 15 0.032710698 
504 300 9 11 0.026295938 
417 315 18 22 0.025671167 
390 405 10 13 0.02560726 
478 381 12 15 0.024291521 
448 334 10 13 0.022025239 
579 284 14 15 0.021166824 
501 318 10 14 0.020980267 
468 309 10 14 0.020126352 
