43_Row_Boat_Canoe_43_458
99
884 427 13 17 0.9654609 
791 428 9 12 0.9406648 
709 422 8 11 0.9074576 
730 421 8 11 0.8559336 
687 418 7 9 0.8360635 
747 421 9 12 0.80594474 
848 427 10 13 0.77697563 
819 427 11 14 0.6949072 
661 408 8 11 0.52901083 
624 418 7 9 0.5145655 
638 412 8 10 0.38841063 
528 405 6 9 0.24576484 
511 373 7 9 0.24452183 
657 415 9 11 0.22905284 
597 404 8 11 0.17311518 
720 436 9 11 0.1658522 
656 421 8 10 0.16049086 
793 468 10 12 0.15699866 
773 431 9 12 0.146528 
836 444 10 12 0.13388914 
613 401 8 10 0.12360161 
581 405 8 11 0.12065869 
764 468 9 12 0.11146715 
614 430 7 10 0.09544201 
757 437 9 11 0.083677806 
506 399 6 9 0.08066429 
640 433 8 10 0.07791912 
782 444 8 10 0.077208705 
10 303 8 11 0.07614655 
542 396 8 11 0.06830513 
545 407 7 9 0.06742149 
611 404 8 11 0.06381829 
634 414 8 11 0.06104161 
586 415 7 9 0.05829621 
557 397 8 9 0.057946425 
710 426 9 12 0.055867907 
806 444 9 13 0.055169225 
571 422 7 9 0.05488098 
93 364 464 617 0.054618157 
579 402 7 9 0.053773314 
775 435 10 12 0.053168766 
737 438 8 11 0.05215351 
729 468 8 10 0.051614854 
665 448 9 10 0.05113014 
776 454 8 11 0.050359078 
745 464 9 11 0.050083674 
777 446 9 11 0.047807883 
745 469 8 10 0.045807026 
624 448 8 10 0.045773566 
608 413 8 10 0.04538432 
787 429 9 11 0.044365097 
525 388 7 9 0.043370903 
589 416 8 9 0.042583935 
568 415 8 10 0.04148063 
674 430 8 11 0.040655825 
506 374 7 9 0.039950825 
611 432 7 9 0.03944539 
590 422 7 9 0.039012972 
551 407 6 9 0.03832043 
545 430 8 11 0.03709333 
677 432 8 11 0.036508296 
666 452 9 11 0.036307946 
683 419 9 12 0.036069784 
600 415 8 9 0.035642542 
561 408 6 9 0.03390034 
660 422 8 10 0.033291668 
496 397 7 9 0.032717895 
701 438 8 10 0.032640357 
480 377 7 8 0.031441875 
509 400 7 9 0.03109584 
618 416 7 9 0.03013187 
650 423 7 10 0.029384345 
586 421 8 10 0.028423598 
734 468 8 11 0.028245298 
518 416 7 9 0.027989767 
689 455 9 10 0.02717174 
760 432 9 12 0.026505487 
727 427 10 13 0.026354913 
617 447 7 10 0.026168894 
522 386 7 9 0.026064076 
538 398 7 9 0.025714444 
816 434 11 14 0.025530864 
825 472 9 12 0.025396345 
608 438 7 10 0.025101373 
748 426 10 13 0.024149861 
377 343 6 8 0.023972996 
549 429 8 10 0.023033107 
449 368 7 9 0.022777626 
367 352 8 10 0.022652859 
705 428 9 12 0.022584148 
646 429 7 11 0.022503672 
630 420 8 10 0.022369143 
618 423 8 9 0.022037556 
649 392 7 9 0.021966143 
749 470 7 10 0.021961166 
848 475 10 12 0.02120702 
583 446 8 10 0.021164024 
600 422 7 9 0.0211462 
555 393 7 10 0.020723905 
