43_Row_Boat_Canoe_43_325
69
990 363 16 21 0.9692245 
692 397 16 20 0.9237546 
798 416 18 23 0.9172379 
190 384 15 19 0.8668877 
918 420 16 21 0.8136096 
323 404 12 17 0.7079663 
576 406 13 15 0.58557856 
601 404 11 13 0.4042383 
495 379 15 18 0.3461958 
454 408 11 13 0.3070288 
501 366 9 11 0.27258667 
449 391 10 13 0.27245206 
421 352 10 12 0.26343748 
468 349 10 12 0.24662578 
545 358 9 11 0.24643375 
688 361 9 11 0.1657829 
226 350 9 12 0.15276667 
147 383 10 13 0.12986256 
789 368 9 12 0.11203503 
204 408 19 20 0.11032273 
388 377 13 20 0.090216555 
385 385 10 15 0.08963196 
247 387 11 17 0.08514835 
579 391 11 14 0.08197087 
596 352 9 11 0.081144735 
580 398 12 15 0.0770846 
315 358 10 12 0.072070956 
613 401 13 16 0.055651106 
404 404 11 14 0.05552859 
438 375 8 12 0.052869376 
500 373 13 17 0.049781386 
129 357 9 11 0.04737125 
135 367 10 14 0.04699785 
343 406 11 15 0.044808008 
606 408 10 14 0.04445712 
375 332 9 11 0.04059705 
278 388 11 14 0.03917734 
619 402 13 15 0.038843833 
604 398 11 16 0.037470616 
704 396 12 17 0.0370613 
449 407 10 12 0.036842745 
657 351 8 11 0.03234926 
139 372 11 13 0.031648986 
157 394 12 15 0.031352684 
385 374 11 16 0.0313418 
594 355 9 13 0.030721487 
769 384 9 12 0.030564746 
185 381 12 18 0.029419793 
569 405 11 14 0.02908665 
348 411 13 18 0.02894851 
441 405 8 11 0.02859967 
24 268 363 387 0.028514773 
912 413 13 18 0.027955733 
330 405 13 16 0.026699528 
476 405 8 12 0.0266652 
279 416 14 17 0.02663633 
415 403 12 14 0.026019897 
491 361 22 26 0.025717769 
458 405 11 14 0.025646484 
253 380 13 18 0.02536616 
440 380 9 12 0.023939785 
619 477 17 22 0.023886645 
491 452 14 18 0.023359094 
566 390 11 14 0.023344122 
692 360 9 11 0.0218326 
454 394 10 13 0.02131492 
904 382 9 12 0.02127004 
423 438 12 13 0.020759242 
558 429 13 15 0.02007121 
