43_Row_Boat_Canoe_43_1048
144
437 282 53 64 0.9997296 
208 217 58 74 0.99954695 
761 226 57 73 0.9994375 
566 250 53 75 0.99937963 
666 266 53 70 0.9991947 
333 240 55 72 0.99912065 
869 138 21 31 0.4941852 
927 397 7 9 0.22552963 
56 402 7 9 0.16449733 
966 398 9 11 0.15538025 
177 408 6 8 0.13160263 
0 356 7 11 0.114014395 
992 397 8 10 0.112111695 
977 450 7 9 0.1051454 
65 391 7 9 0.09939523 
954 423 9 12 0.09866822 
1013 455 9 14 0.08081792 
167 397 8 10 0.076512046 
103 381 7 9 0.074008785 
941 397 7 10 0.066996016 
1008 402 9 12 0.06403453 
60 139 16 20 0.060939286 
944 353 8 10 0.0590963 
911 382 7 10 0.058805082 
937 366 7 9 0.055184707 
6 396 9 12 0.05495196 
3 391 8 11 0.052987516 
79 383 6 9 0.052775618 
121 383 7 8 0.049901564 
946 374 7 8 0.048162714 
928 375 7 9 0.04786228 
967 447 7 9 0.044941515 
56 376 7 9 0.044247136 
936 359 8 10 0.043391302 
910 360 7 10 0.042685695 
48 345 7 8 0.04229329 
50 376 6 9 0.041747786 
112 392 7 9 0.040765718 
921 368 6 8 0.040352274 
91 391 6 8 0.039631054 
110 430 7 9 0.039490256 
984 448 7 10 0.038856443 
950 375 8 9 0.038258865 
185 422 8 11 0.03805387 
962 399 9 11 0.03775922 
80 318 7 9 0.037669268 
957 383 8 9 0.03759707 
66 448 8 10 0.037546396 
909 146 16 21 0.037153337 
80 375 7 9 0.036931004 
167 492 9 11 0.036700007 
41 352 6 8 0.036437992 
976 358 6 9 0.036359422 
949 356 8 10 0.036242034 
65 341 6 9 0.03609192 
104 326 7 9 0.035844225 
969 424 8 9 0.03563831 
64 361 7 8 0.03450792 
121 375 7 9 0.03404216 
40 375 6 8 0.033940826 
102 398 7 9 0.033805136 
146 386 7 9 0.03349207 
953 407 7 8 0.03341818 
991 454 7 9 0.033381347 
953 439 7 9 0.033327315 
65 337 7 9 0.03288236 
994 431 8 10 0.032277863 
23 352 7 9 0.032000426 
961 406 8 9 0.031929128 
1011 367 8 11 0.03192599 
989 448 8 10 0.0317531 
126 408 7 10 0.03144788 
111 328 8 10 0.030857397 
965 404 8 10 0.0305645 
32 367 6 8 0.030523133 
149 439 8 9 0.030283952 
934 351 8 9 0.030197365 
1001 376 7 9 0.030113822 
944 369 7 10 0.029904772 
930 350 7 9 0.029855119 
98 383 7 8 0.029798394 
998 463 8 9 0.029456183 
74 383 7 9 0.029425506 
146 439 7 8 0.029236944 
174 400 7 10 0.02915311 
953 428 9 11 0.028896973 
16 130 10 14 0.028812485 
175 470 7 10 0.028634354 
8 456 9 11 0.028590664 
991 423 7 9 0.028570846 
95 392 6 9 0.027684662 
113 334 7 9 0.027514623 
88 374 6 8 0.027497035 
977 407 7 8 0.027430026 
74 326 8 9 0.027318163 
40 408 8 10 0.027223647 
961 344 7 9 0.026633648 
959 441 7 9 0.026610047 
985 350 7 9 0.026434058 
52 111 28 31 0.02613817 
136 383 7 8 0.026011607 
24 374 7 8 0.02529246 
17 350 6 9 0.025264833 
26 359 6 9 0.025250744 
991 366 8 9 0.02522163 
24 319 6 8 0.025120359 
14 397 8 10 0.025025845 
1013 468 9 13 0.024935173 
999 342 7 9 0.024931256 
89 368 6 9 0.024819076 
143 367 8 9 0.02451788 
162 397 8 10 0.024332155 
150 383 8 10 0.024052981 
981 381 9 13 0.023920285 
40 477 9 12 0.023821536 
74 376 6 8 0.02371156 
984 376 9 12 0.023466231 
993 470 8 10 0.0234614 
41 319 6 8 0.023029946 
80 399 6 9 0.022936033 
959 389 8 11 0.02276893 
31 361 6 9 0.022763653 
57 328 6 8 0.022585222 
145 463 6 9 0.022584384 
127 433 8 9 0.022504214 
967 349 7 9 0.022430897 
55 479 8 11 0.022233455 
24 440 8 10 0.022221787 
838 345 12 16 0.02218103 
986 423 7 9 0.022004899 
912 363 8 10 0.02184349 
950 368 7 10 0.02183393 
79 391 6 8 0.020911526 
74 350 7 9 0.02080407 
8 344 7 9 0.020739902 
993 437 8 10 0.020638363 
1 328 7 10 0.020583881 
929 382 7 9 0.020546809 
41 358 7 9 0.020414876 
58 361 6 8 0.02037333 
911 389 7 10 0.020235274 
0 334 7 9 0.020129893 
79 343 6 9 0.020010613 
122 408 7 10 0.02000064 
