43_Row_Boat_Canoe_43_784
19
351 458 26 31 0.98547965 
206 468 26 31 0.98421615 
222 432 25 29 0.9724901 
657 442 23 25 0.96457267 
401 424 20 25 0.95687866 
183 465 20 27 0.27161977 
654 469 12 16 0.10639594 
138 500 18 20 0.101451255 
193 467 22 29 0.0669931 
433 470 18 25 0.0550749 
391 475 12 16 0.036261708 
1 176 185 279 0.031753562 
24 558 37 35 0.030475581 
364 455 23 30 0.030131187 
317 280 12 13 0.027597269 
310 278 12 13 0.025802998 
217 473 22 30 0.023559565 
23 520 41 46 0.022829596 
61 553 12 19 0.021686459 
