21_Festival_Festival_21_777
51
496 472 17 21 0.96310854 
670 483 17 21 0.8707773 
573 468 18 21 0.8628271 
902 520 16 19 0.8611916 
530 470 13 16 0.401864 
846 524 9 12 0.27093527 
572 498 16 18 0.24977005 
776 571 10 12 0.20078617 
493 450 12 16 0.20039679 
515 470 12 16 0.10317117 
851 544 13 16 0.09182666 
479 478 12 16 0.08469384 
686 467 15 18 0.08263359 
853 525 9 11 0.07923593 
753 494 25 27 0.075016655 
985 542 10 13 0.072319224 
500 447 10 15 0.061822616 
426 391 168 240 0.05519332 
702 514 11 14 0.043756276 
193 240 44 53 0.043453794 
928 509 13 19 0.043114673 
825 596 10 13 0.04152408 
472 443 236 229 0.04064845 
720 592 9 10 0.038819503 
585 472 15 19 0.038759653 
509 469 14 18 0.037109904 
533 450 10 14 0.035812564 
531 486 13 17 0.033721413 
663 482 14 17 0.031120302 
504 474 15 18 0.031076599 
766 568 9 11 0.028516544 
860 602 12 14 0.028278926 
728 561 9 12 0.028192531 
485 477 13 16 0.027670892 
914 378 13 15 0.027200239 
709 596 10 12 0.026215507 
920 493 11 14 0.024487138 
751 589 9 11 0.023203883 
819 487 22 29 0.02310439 
841 520 11 13 0.02255015 
875 447 12 14 0.022454238 
683 482 14 19 0.022453588 
718 261 55 67 0.022330005 
725 590 8 10 0.022281969 
869 567 10 12 0.021995693 
902 374 9 12 0.02157318 
824 603 12 15 0.021455549 
897 521 13 16 0.021034408 
567 505 16 18 0.020921612 
656 478 12 16 0.020824708 
781 491 13 19 0.020748902 
