21_Festival_Festival_21_219
60
564 268 84 125 0.9951637 
798 166 15 18 0.43939364 
942 140 13 17 0.29959744 
66 398 11 14 0.13001473 
827 283 12 15 0.1241556 
53 405 8 11 0.09568876 
13 558 8 10 0.09520725 
80 414 8 10 0.093224324 
977 144 10 12 0.093042456 
963 149 11 12 0.09001648 
191 526 12 15 0.0854903 
52 398 10 13 0.06247811 
799 175 14 17 0.050825495 
52 555 12 13 0.04829941 
733 167 12 13 0.046692654 
317 537 10 11 0.043849837 
316 448 9 12 0.042751458 
560 447 7 8 0.038800184 
889 147 10 14 0.03806094 
144 542 10 12 0.03799596 
159 533 10 12 0.037976444 
166 527 9 11 0.03761445 
303 444 9 11 0.03582895 
585 437 7 9 0.035376184 
63 550 11 12 0.03532941 
901 143 14 19 0.034290552 
37 558 11 12 0.033361495 
965 155 10 13 0.032528404 
76 536 10 13 0.03198994 
861 141 10 12 0.031745672 
111 535 8 11 0.030829048 
871 143 11 14 0.030608993 
775 216 10 12 0.03028174 
209 532 9 13 0.029604813 
25 564 8 10 0.029477265 
92 567 11 14 0.029457875 
216 548 11 14 0.02909977 
824 137 10 13 0.027855242 
227 539 11 14 0.02749715 
54 509 8 10 0.026941553 
62 556 11 12 0.026028024 
144 384 7 9 0.025553884 
160 527 10 13 0.02534015 
128 541 8 10 0.025178421 
543 446 7 9 0.02387059 
782 216 9 11 0.023613095 
45 469 10 13 0.023509108 
671 447 7 9 0.021941055 
33 526 7 9 0.021866105 
838 259 9 12 0.021685768 
69 424 9 10 0.021679055 
958 285 8 10 0.021599405 
18 438 8 10 0.021242797 
822 301 9 13 0.021189677 
967 279 7 9 0.021049697 
768 362 9 12 0.020782014 
959 280 8 10 0.02036332 
887 278 9 11 0.020307852 
65 414 8 9 0.020256672 
912 134 9 12 0.020028586 
