21_Festival_Festival_21_201
108
770 307 31 45 0.99093354 
676 298 23 30 0.9789918 
42 380 25 38 0.95978045 
505 348 22 29 0.9559687 
718 379 23 27 0.9530092 
392 369 24 29 0.93530786 
217 427 22 26 0.8776581 
552 311 21 27 0.82225454 
292 344 15 21 0.79590136 
611 329 17 24 0.66448736 
323 408 23 31 0.6101925 
276 363 15 19 0.60879177 
904 308 18 21 0.52715766 
639 295 18 23 0.4981255 
437 345 16 22 0.44847134 
243 387 14 17 0.40190288 
12 399 14 18 0.3238201 
11 434 14 19 0.31255084 
939 306 21 27 0.3065538 
15 413 11 14 0.23413762 
401 345 16 19 0.19769052 
311 413 22 28 0.186311 
875 326 158 271 0.13976352 
370 337 22 27 0.13889009 
589 376 18 23 0.12854947 
140 428 23 31 0.11761237 
615 270 24 32 0.11752914 
655 442 15 19 0.11350674 
663 314 14 18 0.10279512 
625 312 17 20 0.09755114 
430 328 10 12 0.095521025 
476 328 15 20 0.08521412 
192 347 14 22 0.08331213 
269 392 22 26 0.08207932 
625 361 21 28 0.08187182 
336 409 23 30 0.08098844 
525 320 13 18 0.080257244 
576 338 18 19 0.0745795 
197 384 21 25 0.070444375 
403 331 15 19 0.06619254 
156 359 21 29 0.06606987 
442 338 14 19 0.060181137 
466 295 19 25 0.059531856 
469 325 14 21 0.05898983 
540 66 124 152 0.055819873 
173 445 14 19 0.05378547 
669 285 15 22 0.052026723 
748 287 22 30 0.051972575 
104 383 23 29 0.05033136 
301 374 21 25 0.049188785 
59 346 23 29 0.048879188 
451 330 16 20 0.048747092 
665 307 23 27 0.04830151 
634 408 19 21 0.04783888 
438 336 11 15 0.0473841 
404 368 21 29 0.04721036 
633 420 26 35 0.04527397 
531 316 14 20 0.045157954 
54 382 26 33 0.04429352 
629 286 20 28 0.042414773 
307 404 17 22 0.039961383 
645 429 24 30 0.039137926 
579 320 17 20 0.038362645 
279 393 17 19 0.037444193 
949 309 22 28 0.037401665 
0 425 10 14 0.03715766 
338 361 15 20 0.037096635 
521 318 12 16 0.03493485 
454 319 12 16 0.03423802 
648 326 17 22 0.03313511 
602 351 16 20 0.032877054 
460 324 14 19 0.032807104 
25 489 24 29 0.03219055 
330 369 18 21 0.031059584 
499 421 12 13 0.030162346 
587 323 13 16 0.029451877 
425 370 18 24 0.029358722 
323 307 16 23 0.028086876 
893 274 23 28 0.027388234 
259 399 17 24 0.027354892 
382 291 15 18 0.02676168 
187 387 27 30 0.026746185 
411 333 14 17 0.026573462 
148 366 24 29 0.02646136 
447 333 12 16 0.026180139 
505 295 18 22 0.026130384 
615 367 22 29 0.02589373 
577 296 17 20 0.02578048 
172 421 16 23 0.025704844 
540 310 21 27 0.025594855 
284 348 20 25 0.024793835 
596 321 15 17 0.024326574 
344 258 13 16 0.02410212 
382 336 20 28 0.023956468 
923 278 15 21 0.023933195 
673 291 19 24 0.023644332 
742 298 22 30 0.02354802 
347 269 13 16 0.022410227 
572 342 18 24 0.022360979 
1 128 91 171 0.021886153 
963 316 16 19 0.021555644 
307 394 16 22 0.021534625 
660 420 23 29 0.021429844 
106 425 22 29 0.02133685 
432 337 15 20 0.02081213 
366 341 15 23 0.020716598 
141 375 17 21 0.02041926 
957 320 14 18 0.020100085 
