21_Festival_Festival_21_943
149
112 194 12 16 0.92297703 
806 189 11 14 0.9168488 
294 188 16 18 0.8600232 
761 185 8 11 0.7619003 
103 179 11 14 0.6900976 
352 176 10 13 0.65189976 
739 191 8 11 0.62884223 
938 196 8 11 0.5182821 
832 192 10 13 0.5052914 
711 193 11 15 0.49954233 
185 189 10 14 0.4772617 
211 214 13 17 0.3851722 
385 185 8 9 0.32690397 
544 189 9 11 0.31636852 
170 191 9 12 0.2790007 
256 190 9 12 0.27777323 
189 195 10 13 0.26565188 
136 196 8 11 0.25122496 
154 196 9 11 0.24039304 
887 180 9 13 0.22893237 
638 230 8 10 0.20593989 
488 190 7 9 0.20374224 
261 191 10 13 0.19731663 
213 190 8 10 0.1884208 
944 229 8 11 0.18599123 
86 189 9 11 0.18155466 
226 185 8 11 0.17232576 
494 191 7 9 0.16520444 
518 186 8 10 0.15007599 
326 197 8 11 0.13858198 
871 192 9 12 0.1335437 
135 193 7 10 0.1331507 
68 190 12 14 0.12960249 
303 171 9 11 0.12767175 
549 183 10 13 0.123559155 
694 223 9 12 0.12051043 
229 187 8 11 0.112964705 
168 195 9 12 0.11123256 
559 184 8 11 0.09831289 
239 220 8 12 0.098113745 
826 197 9 12 0.09489657 
401 196 10 13 0.094203554 
573 193 7 10 0.08989061 
935 215 7 9 0.08791989 
280 186 11 14 0.08685615 
238 203 10 13 0.08573222 
82 189 8 12 0.08516775 
399 189 11 14 0.08116425 
141 197 8 11 0.079959854 
764 186 8 12 0.07892939 
793 222 8 11 0.077245556 
321 191 9 12 0.07145801 
54 181 8 11 0.069010265 
209 197 9 11 0.0685485 
286 187 13 17 0.06849374 
419 189 8 12 0.06759041 
78 173 8 10 0.066214964 
65 188 10 13 0.06160291 
618 223 8 10 0.060481198 
390 187 8 12 0.0604509 
653 193 8 9 0.060048815 
854 199 9 11 0.058853738 
639 198 7 9 0.058751825 
977 209 8 10 0.058498397 
866 198 8 10 0.05353332 
483 190 8 10 0.052794766 
767 268 9 12 0.050405554 
229 244 9 11 0.04836696 
197 191 8 11 0.046476662 
890 181 11 14 0.042185266 
882 179 9 13 0.04101238 
689 223 9 12 0.040490802 
214 185 8 11 0.040142845 
741 194 9 12 0.03971551 
169 222 9 12 0.039522685 
727 253 9 12 0.039274957 
813 196 9 11 0.03895427 
570 196 8 10 0.038801767 
257 195 10 13 0.038778137 
745 229 10 12 0.038712412 
95 151 202 208 0.037066516 
143 192 8 10 0.037024975 
704 215 8 11 0.036474533 
514 184 8 10 0.03551905 
649 196 7 10 0.034971766 
156 202 11 14 0.034533188 
638 238 9 11 0.034411002 
131 192 7 11 0.034366168 
866 192 9 11 0.034260895 
109 253 16 18 0.034070704 
251 189 8 11 0.033763953 
640 225 8 10 0.03301766 
876 190 10 12 0.032941893 
254 185 9 12 0.032132216 
169 185 9 11 0.031838845 
107 175 10 13 0.031796157 
400 216 9 12 0.031636234 
238 190 8 11 0.031040488 
188 184 11 13 0.029857121 
179 288 15 17 0.029803772 
55 189 10 12 0.029582795 
105 195 11 15 0.02900932 
704 308 11 14 0.028314281 
702 241 13 15 0.028293692 
727 198 8 11 0.028214991 
792 240 8 11 0.028147481 
215 207 10 13 0.028097073 
392 196 9 12 0.02805247 
621 198 7 10 0.02792794 
404 204 10 12 0.0278909 
196 196 9 12 0.027796138 
250 184 8 11 0.027609529 
617 230 8 10 0.027244728 
505 183 6 9 0.027129995 
865 207 8 11 0.026544064 
210 185 8 10 0.026204903 
52 195 11 14 0.02534195 
737 185 9 11 0.025285905 
2 230 14 19 0.024632327 
866 213 9 11 0.024625326 
578 224 9 11 0.024392512 
222 205 9 12 0.02377661 
742 186 9 11 0.023683153 
927 235 9 12 0.02332945 
646 241 8 11 0.023116427 
744 237 10 13 0.022801202 
824 204 9 12 0.022706835 
450 198 9 12 0.022613501 
754 184 8 10 0.022549259 
308 188 11 14 0.022495845 
565 184 8 11 0.022410078 
796 286 11 13 0.022301652 
111 231 12 13 0.021964287 
544 195 9 11 0.02190053 
535 214 8 11 0.02172548 
856 204 8 11 0.021642182 
869 208 9 11 0.021372318 
767 310 12 15 0.021133441 
849 198 8 11 0.020984616 
104 185 12 15 0.020813748 
767 213 9 12 0.020785525 
66 195 11 14 0.020713916 
695 184 9 11 0.020660283 
93 189 9 12 0.020648364 
706 190 9 13 0.020537 
95 196 10 14 0.020407932 
169 215 11 14 0.020226086 
74 174 8 9 0.02021918 
254 219 9 13 0.020043831 
