21_Festival_Festival_21_395
73
545 125 34 43 0.99096066 
556 397 45 56 0.98949146 
766 412 33 46 0.9877364 
687 265 30 38 0.9838202 
405 261 35 43 0.97337705 
515 275 38 52 0.97228235 
664 500 16 20 0.53098637 
76 482 21 27 0.51839083 
299 256 18 23 0.47858334 
711 456 28 34 0.283289 
749 445 22 31 0.25592434 
421 590 14 19 0.20194735 
463 380 45 56 0.14501826 
564 571 40 65 0.116942994 
731 589 76 90 0.11116838 
175 492 24 31 0.10429769 
210 418 31 39 0.09602135 
3 496 14 20 0.08644123 
615 467 17 22 0.06849798 
977 504 20 25 0.06510857 
755 428 27 39 0.060236715 
837 485 31 42 0.059707426 
917 474 17 20 0.059595156 
660 266 22 33 0.058707807 
158 389 22 29 0.05652513 
59 470 16 20 0.055198934 
898 482 25 27 0.052981272 
19 468 13 15 0.049701475 
62 453 15 19 0.048936725 
304 259 21 29 0.0472079 
605 495 12 15 0.044693764 
93 554 17 22 0.04385726 
960 489 13 19 0.042529028 
916 524 17 23 0.04180015 
290 387 31 36 0.040386245 
79 559 23 27 0.039244305 
111 491 13 17 0.03853903 
133 491 16 21 0.03766302 
538 390 45 58 0.036281776 
240 419 28 36 0.03329542 
28 486 12 16 0.033252496 
486 380 49 62 0.03183826 
36 450 12 15 0.029863972 
12 580 14 20 0.029578097 
309 424 30 39 0.029333306 
225 418 32 37 0.029072633 
489 494 12 15 0.029032199 
655 501 23 28 0.028692316 
217 408 30 34 0.02835393 
907 511 26 33 0.028074216 
89 484 15 18 0.02735181 
650 484 29 33 0.025143787 
189 389 12 17 0.024198929 
661 513 16 23 0.023800956 
5 482 13 16 0.023439562 
157 376 15 20 0.023265058 
199 372 24 28 0.02253495 
63 471 21 26 0.022529656 
101 470 16 19 0.022423487 
645 461 31 38 0.02209997 
910 509 15 20 0.021298418 
718 567 62 93 0.021168428 
13 539 13 18 0.021087252 
393 333 42 52 0.020985743 
583 571 34 54 0.020899195 
1 502 10 19 0.02081958 
557 583 29 51 0.020732585 
314 176 15 18 0.020528015 
458 366 40 49 0.020396346 
1 449 10 18 0.02035277 
672 267 26 34 0.02025694 
40 474 11 16 0.020118399 
343 424 11 14 0.020066626 
