21_Festival_Festival_21_785
38
335 420 262 334 0.9998392 
728 1223 10 12 0.21787696 
752 1214 7 10 0.08225633 
753 1279 8 10 0.071903706 
729 1242 8 10 0.060739875 
751 1209 7 9 0.05696323 
785 1238 8 10 0.054220013 
751 1221 8 10 0.04720352 
688 1272 8 10 0.04276602 
679 1256 8 10 0.041549474 
686 1254 8 10 0.04131595 
792 1275 9 11 0.04055403 
785 1309 8 9 0.03956416 
626 1255 8 10 0.037536353 
673 1261 7 10 0.036050793 
728 1286 8 10 0.03511177 
783 1289 8 10 0.03411447 
751 1239 7 9 0.033579186 
696 1300 8 10 0.030293645 
713 1237 8 11 0.030148601 
718 1239 8 10 0.030083274 
745 1223 8 10 0.029220186 
673 1255 8 10 0.029167756 
631 1263 8 11 0.027893435 
761 1223 7 8 0.027473055 
733 1242 8 9 0.026239578 
678 1285 8 10 0.026180577 
790 1309 7 10 0.025217421 
665 1247 8 10 0.023951441 
746 1239 7 9 0.023381405 
776 1232 8 10 0.023118215 
721 1255 8 11 0.023071915 
808 1302 7 9 0.023028146 
591 1276 8 10 0.02214282 
725 1261 8 10 0.021179428 
777 1237 8 9 0.020998722 
769 1231 7 9 0.020666372 
754 1303 8 11 0.020335505 
