21_Festival_Festival_21_340
350
783 215 94 94 0.9103296 
565 264 10 14 0.8919011 
253 354 15 25 0.890559 
593 256 9 12 0.8562745 
13 347 21 29 0.7963281 
361 264 9 13 0.753766 
482 233 8 10 0.6919985 
222 335 16 22 0.66890776 
463 263 8 11 0.5635739 
516 319 15 21 0.45624876 
416 236 9 11 0.45368162 
100 323 11 13 0.45342463 
708 239 8 9 0.44885004 
446 252 11 14 0.43685225 
124 354 17 19 0.40829098 
474 249 8 11 0.39814255 
238 332 13 17 0.39710176 
295 265 10 12 0.39228526 
142 304 9 12 0.3784671 
381 237 9 11 0.37124404 
660 279 10 12 0.31164566 
119 359 23 28 0.28554913 
736 245 9 11 0.26284578 
656 262 7 9 0.2586214 
97 284 9 12 0.25159022 
243 301 12 15 0.25158635 
166 330 11 15 0.2418909 
429 284 12 15 0.24109647 
391 255 10 12 0.24009936 
59 355 13 18 0.23592846 
456 233 8 10 0.23570803 
76 348 13 17 0.23449378 
170 269 8 10 0.23429494 
310 244 9 11 0.22568522 
623 256 9 10 0.22092298 
177 285 10 13 0.21669674 
623 260 10 13 0.21596816 
376 236 9 12 0.21470636 
128 323 10 13 0.20954566 
337 224 8 9 0.20918447 
136 309 10 12 0.2081376 
537 255 8 12 0.19750495 
134 317 9 13 0.19668205 
702 292 13 15 0.18862697 
289 233 8 11 0.18651633 
350 245 9 12 0.18183847 
69 349 15 20 0.17707162 
184 270 7 9 0.17690307 
378 268 8 12 0.17633635 
193 284 8 11 0.1749992 
88 302 8 10 0.15556575 
60 336 10 12 0.15064986 
335 261 9 11 0.15064138 
455 279 12 15 0.14848736 
171 370 20 26 0.1429815 
52 359 17 22 0.14130633 
480 263 9 11 0.14076157 
57 302 8 10 0.13877362 
111 269 8 11 0.13630946 
584 271 10 12 0.13069403 
441 262 10 12 0.12657753 
503 259 8 11 0.12435209 
124 301 10 12 0.12171582 
164 349 13 16 0.11618496 
138 277 7 10 0.1153912 
352 240 9 11 0.11525027 
125 270 8 10 0.11126214 
659 332 11 15 0.11054872 
405 252 9 12 0.108292095 
73 343 10 13 0.10589631 
381 264 8 11 0.104963094 
400 223 8 10 0.102963835 
142 288 8 11 0.10184061 
458 261 10 12 0.101098895 
208 262 7 8 0.10059996 
400 253 9 12 0.09972321 
327 255 8 11 0.09705224 
222 271 9 12 0.096913226 
370 237 9 12 0.095934905 
112 253 8 10 0.09492733 
697 256 8 9 0.0940916 
169 247 7 9 0.0892869 
401 248 8 10 0.08876983 
141 277 8 11 0.08802553 
172 331 13 16 0.0878962 
719 272 10 12 0.08705916 
119 309 9 13 0.0844765 
200 294 9 11 0.08420766 
264 301 10 14 0.08415739 
142 359 13 16 0.08316469 
161 255 6 9 0.08240174 
121 270 9 11 0.082302585 
26 301 7 11 0.08167749 
279 288 9 12 0.07958399 
710 260 7 10 0.07919356 
552 269 8 11 0.077652946 
182 303 9 11 0.07708392 
197 286 8 10 0.076483764 
278 240 8 10 0.07507806 
337 293 9 12 0.073585965 
27 350 14 23 0.07213958 
138 256 7 10 0.071879 
274 222 7 10 0.071211904 
216 225 7 8 0.07018544 
576 307 11 15 0.06995359 
92 364 11 14 0.06555075 
39 320 8 11 0.06531439 
580 299 14 18 0.0652631 
81 303 7 8 0.063875854 
368 230 9 11 0.06327436 
74 334 9 12 0.06268076 
608 276 8 11 0.06151398 
452 255 9 11 0.061098877 
121 316 9 13 0.060346104 
304 228 8 10 0.059909236 
58 296 8 10 0.059692502 
273 239 8 10 0.059683535 
29 310 9 10 0.05741778 
57 338 10 14 0.056610342 
218 272 8 11 0.05660135 
656 283 10 13 0.055930577 
349 252 9 11 0.055638954 
738 288 8 11 0.055625394 
584 293 15 16 0.055481862 
159 351 13 18 0.05502797 
291 236 9 11 0.054749317 
767 270 10 14 0.053631637 
327 238 8 11 0.053526156 
243 325 13 16 0.052994814 
471 278 10 14 0.05240647 
648 270 10 12 0.05215582 
383 244 9 11 0.05188892 
141 320 9 12 0.051584978 
344 253 9 12 0.05111337 
398 238 8 10 0.051045425 
552 264 9 11 0.05083855 
627 262 10 13 0.04992705 
334 239 8 11 0.04988014 
205 293 9 11 0.049797628 
193 261 7 10 0.04971009 
702 256 8 11 0.048880033 
96 330 11 14 0.048641417 
217 308 10 12 0.048405163 
130 358 21 26 0.04714325 
172 348 14 16 0.04698965 
399 229 9 11 0.046845023 
734 255 10 12 0.046584193 
79 318 9 12 0.046462994 
316 301 11 12 0.04631153 
173 339 13 16 0.04628565 
328 278 9 12 0.045938343 
72 381 22 26 0.04579773 
673 254 7 9 0.045761008 
652 292 9 12 0.045536842 
236 339 15 21 0.045447145 
125 264 7 9 0.044720564 
475 251 10 13 0.044392537 
300 267 10 13 0.044336792 
439 213 7 9 0.044239294 
240 272 7 10 0.04406889 
704 259 9 12 0.043850936 
247 233 7 9 0.043222144 
707 316 12 16 0.04317511 
231 325 12 15 0.042874403 
141 257 7 9 0.042715624 
679 246 7 10 0.042487375 
111 264 8 11 0.041840028 
241 233 7 9 0.041596375 
312 437 9 10 0.0414528 
232 271 7 11 0.04137538 
587 274 10 13 0.0407588 
272 294 9 13 0.040546726 
119 347 16 19 0.040506255 
496 260 11 13 0.0399597 
654 271 9 11 0.039708022 
238 277 8 10 0.039579395 
179 348 12 14 0.039454643 
166 255 8 9 0.03935038 
220 303 10 13 0.039253537 
419 232 9 11 0.039199226 
618 260 9 12 0.03916346 
208 318 10 12 0.03910222 
168 366 12 17 0.039098866 
88 297 8 10 0.038727585 
174 265 8 10 0.038418353 
615 270 8 11 0.037803408 
266 239 6 8 0.03778899 
341 222 8 10 0.037705127 
41 303 8 9 0.03769456 
72 272 7 10 0.03755721 
322 253 8 11 0.03726378 
118 254 8 9 0.037199523 
483 260 12 14 0.036290582 
648 274 11 14 0.03605692 
184 264 7 10 0.035354093 
125 296 9 11 0.035252012 
257 254 7 9 0.035137072 
421 254 10 13 0.034935553 
287 256 8 10 0.034867186 
504 278 11 17 0.034631047 
87 264 8 11 0.034353454 
165 339 14 18 0.03414699 
470 261 9 12 0.033940542 
100 280 9 12 0.033799533 
488 253 10 12 0.033665415 
224 254 7 10 0.033608533 
297 331 11 17 0.033529207 
353 311 9 13 0.033242624 
346 248 8 11 0.03268975 
320 246 8 12 0.032578617 
73 294 7 9 0.03253482 
729 256 9 11 0.03226518 
650 263 8 10 0.03223781 
138 286 9 11 0.03223663 
494 253 10 13 0.032070417 
358 317 10 12 0.031861402 
392 237 8 11 0.031770818 
707 287 11 14 0.031494588 
103 237 7 9 0.03131961 
166 293 8 10 0.030939251 
245 296 11 13 0.03087079 
21 341 14 19 0.03030771 
125 309 12 14 0.030029256 
29 384 14 21 0.030013567 
357 245 9 11 0.029830763 
109 318 10 13 0.02979541 
784 293 8 11 0.029646633 
47 302 7 9 0.029472886 
390 248 10 11 0.029135345 
751 270 8 11 0.029097999 
175 281 9 11 0.028817141 
533 287 10 13 0.028707838 
162 262 7 10 0.028674109 
251 306 12 15 0.02847963 
433 224 8 10 0.028386477 
760 270 10 14 0.027889015 
55 351 12 16 0.027793882 
231 263 7 9 0.02772691 
184 279 8 11 0.027540524 
273 231 7 10 0.0274843 
152 247 7 9 0.027410535 
151 240 7 8 0.027364999 
118 248 7 10 0.02728064 
70 374 14 17 0.027118396 
128 239 6 8 0.026888497 
470 270 10 11 0.026734525 
702 270 9 11 0.026710652 
106 323 10 13 0.026651615 
510 260 8 11 0.026628794 
674 247 7 9 0.026430437 
160 249 7 8 0.026242588 
274 245 8 10 0.026221028 
439 229 8 10 0.025939723 
177 303 9 12 0.025909357 
318 294 11 13 0.025744254 
200 262 6 9 0.025681376 
232 232 7 9 0.025542382 
34 353 13 20 0.02551256 
202 270 7 10 0.025360312 
321 287 9 11 0.025188321 
335 227 9 12 0.02517713 
232 238 7 9 0.025154298 
648 287 11 14 0.025081456 
281 279 8 11 0.024906993 
57 320 8 11 0.02488322 
181 326 11 15 0.02483734 
310 270 8 12 0.024776397 
257 262 8 10 0.024662245 
233 277 8 10 0.024509517 
194 257 6 9 0.024457503 
662 273 10 12 0.024348173 
72 277 8 10 0.024156015 
194 240 6 9 0.024116686 
385 254 9 12 0.024067974 
270 316 13 16 0.024052579 
327 247 8 11 0.024010168 
103 368 10 13 0.023989182 
231 320 10 13 0.023870183 
248 248 8 9 0.023869589 
94 264 8 9 0.023851186 
791 226 44 60 0.02381387 
225 263 8 9 0.023789639 
206 270 8 10 0.023700558 
181 292 8 11 0.023688031 
290 262 9 12 0.023678778 
144 273 7 9 0.023440767 
541 261 9 13 0.02341065 
201 247 7 9 0.023350444 
725 276 9 12 0.02333792 
367 245 9 10 0.023319839 
175 246 7 8 0.023140682 
537 248 8 11 0.023075651 
687 263 8 11 0.022980291 
552 254 8 11 0.02294391 
434 213 8 10 0.022922218 
121 323 11 13 0.022903142 
487 307 12 15 0.022876395 
720 255 7 9 0.022825373 
77 325 9 12 0.022787794 
305 277 9 11 0.022711232 
47 297 8 9 0.022695016 
540 253 9 12 0.022667907 
207 288 8 11 0.02265625 
375 243 10 12 0.022621198 
685 268 9 12 0.022332292 
72 288 8 9 0.022319395 
33 317 8 11 0.022219859 
160 308 8 12 0.022106314 
64 319 8 11 0.022092624 
612 276 9 12 0.022070313 
225 215 7 9 0.021859702 
397 260 10 11 0.02178147 
114 310 9 12 0.021718359 
111 276 9 11 0.02167277 
198 280 8 10 0.021658687 
295 293 9 12 0.021628868 
119 275 9 11 0.02151963 
96 319 19 22 0.021486321 
501 164 7 10 0.021447279 
276 315 16 18 0.021373115 
48 280 7 9 0.021361388 
225 248 7 9 0.021344353 
204 395 14 20 0.021341238 
161 326 12 17 0.021319605 
256 249 8 9 0.021251218 
71 318 9 12 0.021216989 
29 304 8 11 0.021186998 
119 288 8 10 0.021152336 
81 311 7 11 0.021104367 
326 285 9 12 0.020995101 
306 245 9 11 0.020935057 
340 261 9 11 0.020917833 
432 245 8 12 0.020905493 
335 246 8 10 0.020872783 
321 238 9 12 0.020800715 
95 294 8 10 0.020762445 
432 239 8 12 0.020736802 
697 299 10 12 0.020730752 
296 287 9 11 0.020720638 
282 310 15 17 0.020641852 
209 224 7 8 0.020616338 
389 270 10 13 0.020586988 
473 222 7 9 0.02057682 
329 260 9 11 0.020532375 
202 231 7 8 0.020495579 
154 254 7 9 0.020445632 
423 245 9 12 0.020366006 
681 270 9 11 0.02027388 
209 258 7 9 0.020159574 
169 278 8 9 0.020043137 
