21_Festival_Festival_21_562
19
606 117 54 61 0.9982083 
51 241 26 30 0.26325232 
354 290 21 20 0.1733864 
895 426 10 13 0.07889286 
402 271 24 30 0.0547841 
848 398 10 12 0.042319063 
822 395 11 14 0.04193583 
788 372 9 12 0.040837422 
915 222 12 17 0.034366097 
847 435 27 36 0.034175105 
2 339 10 18 0.03298313 
348 294 19 20 0.032184508 
845 418 13 16 0.030623212 
857 383 9 11 0.025943954 
59 239 14 17 0.02549479 
882 378 16 21 0.021899119 
743 361 11 13 0.021875292 
862 405 13 14 0.021524683 
358 280 27 28 0.020578923 
