21_Festival_Festival_21_331
57
740 222 59 73 0.99861634 
352 294 44 55 0.9964045 
151 401 88 108 0.99454147 
262 270 32 41 0.99329376 
60 366 37 45 0.9910715 
236 278 27 33 0.99104357 
519 294 30 36 0.9905625 
162 280 19 25 0.9805635 
142 315 25 31 0.9768486 
990 263 35 47 0.94467074 
659 277 41 49 0.94455457 
874 233 33 50 0.8183019 
303 391 37 42 0.7201448 
461 269 11 15 0.66336477 
619 327 23 32 0.5614068 
622 317 25 29 0.48716792 
693 289 38 44 0.26591086 
501 312 20 28 0.23796575 
478 282 12 16 0.19140266 
498 292 16 19 0.16706939 
119 308 22 27 0.16499057 
575 270 9 10 0.14081597 
420 300 29 38 0.12043925 
474 318 23 26 0.10065395 
0 295 17 37 0.09568904 
707 280 41 54 0.08911506 
613 334 16 22 0.08035546 
125 439 33 38 0.076493226 
482 285 12 15 0.074013755 
726 289 33 46 0.07216366 
860 323 37 47 0.07165797 
850 215 32 41 0.07120765 
507 303 23 31 0.0687124 
473 276 13 15 0.06849626 
488 311 22 28 0.056224402 
958 280 23 30 0.05307067 
497 301 21 29 0.052563693 
859 224 36 49 0.050680686 
639 278 21 32 0.049391508 
86 348 29 38 0.044173695 
482 313 18 23 0.043235824 
486 289 12 14 0.040152438 
469 317 15 20 0.039012197 
466 270 13 15 0.035081726 
493 297 18 22 0.03298776 
493 286 16 19 0.03179055 
423 368 13 17 0.02922148 
1010 237 14 23 0.028665293 
873 299 29 34 0.027620804 
998 302 24 36 0.026640559 
490 304 18 21 0.025358567 
627 345 24 32 0.024581555 
72 357 33 44 0.02392303 
635 360 25 27 0.022751354 
467 301 11 14 0.022521619 
927 269 14 18 0.021280462 
1010 309 14 24 0.020483628 
