21_Festival_Festival_21_100
32
673 94 137 177 0.9989342 
435 450 123 158 0.98886174 
10 240 24 31 0.63058954 
119 323 35 48 0.44281417 
80 180 22 30 0.32875335 
101 170 16 19 0.16209011 
150 207 22 28 0.15518941 
23 289 49 57 0.13995872 
164 157 17 20 0.12743548 
91 176 26 32 0.11553514 
0 201 20 23 0.1094809 
294 279 38 62 0.090642475 
24 238 27 32 0.08849816 
145 275 26 33 0.070829265 
176 194 21 31 0.06681557 
60 226 24 29 0.060820807 
-1 206 27 33 0.048991013 
36 195 17 20 0.04732112 
243 327 11 13 0.040734388 
54 202 24 30 0.039894223 
149 347 15 20 0.038128298 
91 254 24 29 0.034033284 
137 333 29 40 0.029894227 
34 139 12 16 0.027655974 
81 343 26 32 0.026022105 
238 350 50 66 0.025513627 
2 218 29 41 0.025507528 
96 308 45 57 0.025349231 
4 238 44 47 0.02235788 
255 260 73 111 0.020530753 
62 297 48 59 0.020294528 
85 216 23 26 0.020250797 
