21_Festival_Festival_21_97
18
136 602 47 53 0.9942736 
233 31 45 62 0.98551244 
506 579 37 48 0.9850507 
262 609 43 56 0.983805 
669 704 12 16 0.24672534 
632 711 8 10 0.096263826 
898 805 15 19 0.07752444 
796 568 38 63 0.075136274 
608 756 14 19 0.073000416 
617 710 9 12 0.058765914 
606 751 11 14 0.035533067 
69 581 48 65 0.031100377 
630 780 14 21 0.028195444 
622 766 14 19 0.025007645 
654 743 10 12 0.023117287 
612 752 10 13 0.020473296 
574 749 10 14 0.02036313 
380 621 34 33 0.020180918 
