21_Festival_Festival_21_585
240
121 332 23 28 0.97062826 
202 316 16 21 0.90901166 
114 284 16 20 0.90875053 
58 349 19 24 0.9016101 
22 236 13 15 0.85831493 
214 291 15 18 0.84680396 
180 336 22 27 0.8434887 
26 259 14 17 0.8206764 
255 339 18 22 0.78436637 
132 280 14 18 0.78238195 
17 301 15 18 0.7406052 
7 207 10 13 0.72031885 
308 323 15 18 0.71149737 
129 205 8 10 0.6912823 
199 245 12 16 0.68303066 
292 242 11 16 0.66465265 
32 207 10 13 0.6574233 
92 199 8 11 0.64265454 
50 206 10 12 0.63569534 
266 261 12 17 0.6178259 
59 258 13 15 0.60393745 
263 230 9 12 0.5944943 
46 290 14 16 0.55879194 
51 235 12 15 0.5552945 
142 260 12 15 0.5522098 
309 279 14 18 0.53551906 
101 212 9 11 0.49608344 
67 230 10 12 0.4948037 
111 237 11 12 0.48765647 
80 285 12 15 0.47271135 
175 228 10 13 0.45732847 
370 60 22 36 0.45235643 
174 189 9 12 0.4386748 
247 275 15 19 0.4089454 
19 327 19 21 0.39662576 
94 259 13 15 0.3265034 
198 192 8 10 0.316026 
71 200 9 11 0.3036936 
61 279 12 15 0.3011344 
115 198 8 10 0.29465988 
0 395 11 23 0.25651377 
154 195 9 11 0.23304132 
158 241 11 13 0.2323589 
57 313 17 22 0.20100774 
78 221 8 10 0.1910792 
18 355 19 21 0.18782952 
79 242 12 15 0.18454993 
124 283 14 18 0.16338839 
52 286 13 16 0.15101233 
220 243 11 14 0.14627877 
320 262 9 11 0.14385088 
61 182 8 10 0.12750769 
88 174 8 9 0.12663813 
119 192 8 10 0.11902115 
95 229 11 12 0.11806601 
49 231 11 14 0.11592394 
180 255 11 13 0.111366384 
250 308 17 20 0.10896239 
258 312 16 19 0.108468026 
160 178 8 9 0.10669968 
232 238 11 13 0.10592821 
231 246 12 14 0.10526352 
94 166 8 9 0.09583205 
122 165 7 10 0.09578909 
0 347 11 22 0.09130766 
161 213 9 11 0.08997021 
30 183 7 9 0.08744466 
141 199 8 10 0.08489364 
564 51 26 29 0.08428032 
177 259 11 14 0.08361079 
64 234 11 14 0.079361066 
90 167 8 9 0.073284306 
76 279 14 17 0.071024306 
240 228 10 13 0.07086373 
80 215 10 12 0.06970789 
289 531 12 15 0.06855484 
122 161 7 9 0.067445144 
69 277 11 13 0.06721178 
167 182 8 11 0.06439777 
100 255 14 15 0.06383559 
175 185 10 11 0.06357161 
324 307 13 18 0.06272815 
551 270 13 18 0.06270492 
165 253 11 14 0.062317748 
37 197 8 11 0.06229309 
136 199 9 11 0.062073104 
95 236 11 13 0.060771797 
240 222 10 13 0.06074298 
333 321 13 17 0.060572483 
40 182 8 9 0.0598174 
73 223 10 12 0.058339734 
128 176 8 9 0.057625014 
66 198 9 11 0.057186093 
79 172 7 10 0.056201298 
47 222 9 11 0.05597541 
77 205 8 10 0.05541687 
144 237 9 11 0.05528522 
102 244 12 14 0.054607127 
312 227 10 12 0.05442352 
32 191 8 10 0.052476298 
62 190 8 10 0.05241679 
163 244 11 14 0.051879372 
159 249 13 16 0.051100995 
262 255 11 14 0.049545337 
104 174 7 9 0.049490605 
140 244 11 14 0.049129955 
104 238 11 12 0.04899908 
113 207 8 10 0.04767484 
143 205 9 10 0.04708502 
231 182 8 10 0.046617422 
149 230 9 12 0.046413563 
207 371 14 19 0.045127276 
168 166 6 8 0.044506602 
96 161 7 9 0.043798257 
81 184 8 11 0.04369556 
326 312 15 20 0.043388218 
153 244 11 14 0.043354545 
26 183 8 10 0.041481435 
201 160 7 9 0.041242696 
94 204 9 12 0.040915944 
194 195 9 12 0.040592227 
251 592 54 48 0.040460024 
24 191 7 10 0.04043527 
74 173 7 9 0.040363 
38 193 8 10 0.03878975 
270 524 13 18 0.03855114 
18 191 7 9 0.038483966 
85 213 9 12 0.038335893 
87 183 8 10 0.038052265 
186 167 8 10 0.038049065 
72 150 7 9 0.037230607 
159 260 12 13 0.036913823 
58 189 8 11 0.03667794 
271 198 7 9 0.036012843 
128 182 8 10 0.035748683 
106 261 14 14 0.034680497 
268 230 10 13 0.034289446 
323 282 11 14 0.033920847 
209 343 16 19 0.03386825 
95 175 7 9 0.03346789 
96 223 11 13 0.033254497 
34 167 7 9 0.033134244 
104 169 7 9 0.031437524 
145 182 8 9 0.030953808 
570 299 14 17 0.030846244 
101 229 10 12 0.030692931 
76 200 9 11 0.030520884 
313 328 14 17 0.030304166 
236 334 14 20 0.029874537 
758 103 35 40 0.029867591 
52 294 13 16 0.029017955 
240 174 8 10 0.029015942 
39 174 7 10 0.028844392 
270 300 11 15 0.028789317 
136 192 8 9 0.028611856 
105 253 14 15 0.028541956 
125 245 10 13 0.02832503 
109 267 14 15 0.028306656 
257 253 10 12 0.028203677 
189 172 8 10 0.028031649 
182 247 10 13 0.027990961 
25 240 13 16 0.027946463 
72 283 12 16 0.027631994 
241 183 8 10 0.027547214 
119 245 10 13 0.027536966 
48 240 12 16 0.027149063 
96 244 11 13 0.026822107 
206 175 7 9 0.02672668 
111 212 8 11 0.02636955 
100 221 10 13 0.026219618 
200 230 11 12 0.026147652 
276 305 14 18 0.026139049 
151 237 10 12 0.02609388 
746 172 61 84 0.025844816 
38 168 7 9 0.025711048 
181 183 8 10 0.025640693 
174 246 10 12 0.025587816 
52 209 11 13 0.0255811 
348 495 10 13 0.025470875 
259 229 9 12 0.02514304 
112 168 7 9 0.02505047 
134 176 8 10 0.024759628 
78 228 10 13 0.024669 
301 515 11 13 0.024592573 
561 551 7 9 0.024472494 
231 502 11 13 0.024432514 
192 342 17 22 0.024357487 
246 185 8 10 0.02424535 
279 238 9 12 0.024236979 
245 409 22 27 0.024225492 
134 182 8 9 0.02418058 
151 224 8 11 0.024115242 
89 260 12 15 0.023996193 
126 189 8 10 0.023919834 
340 519 10 14 0.023612568 
159 208 9 11 0.023372527 
299 245 10 13 0.0233588 
95 182 8 9 0.023288919 
73 144 7 10 0.023186637 
230 189 8 10 0.023173261 
272 548 12 15 0.023172205 
89 204 9 12 0.023122601 
57 176 7 10 0.023034496 
30 220 11 13 0.02296898 
40 222 9 12 0.022799075 
62 243 11 14 0.022739926 
78 143 7 9 0.022635087 
416 397 8 9 0.02262338 
118 204 9 12 0.02256648 
35 211 10 12 0.02249403 
65 151 7 9 0.022485502 
26 205 9 12 0.022407008 
206 190 8 10 0.022358015 
185 172 9 11 0.022357063 
194 245 10 14 0.022261005 
64 225 10 11 0.022258233 
25 422 17 25 0.022249278 
361 310 10 12 0.022007119 
268 255 13 16 0.021937508 
249 189 8 10 0.021877665 
174 194 9 12 0.02181497 
59 291 12 15 0.021727165 
134 269 14 17 0.021681007 
202 176 7 9 0.02128154 
104 183 8 9 0.021209784 
265 340 15 18 0.02119117 
291 500 23 30 0.02109053 
272 193 7 9 0.021067899 
86 221 9 11 0.020909242 
63 177 7 9 0.020811347 
131 306 15 20 0.020791614 
-1 290 10 17 0.020790525 
203 238 12 15 0.020768043 
252 509 12 15 0.020679876 
559 49 15 22 0.020437935 
109 278 17 20 0.020327888 
87 192 8 10 0.020197775 
115 193 8 10 0.020181527 
206 183 8 10 0.020073222 
-1 258 8 15 0.020044234 
