21_Festival_Festival_21_373
117
78 183 37 50 0.99517304 
935 168 16 20 0.94512117 
398 244 32 29 0.93261707 
872 180 16 20 0.9269999 
833 171 17 21 0.91397005 
399 202 19 24 0.8850563 
747 189 8 11 0.810315 
727 187 8 11 0.7348928 
605 214 12 14 0.7191074 
684 221 12 15 0.5990732 
859 220 21 20 0.5112433 
799 184 11 13 0.47650638 
543 200 11 13 0.35246506 
692 197 9 11 0.35074016 
565 193 10 12 0.32570124 
526 222 10 14 0.32457706 
440 195 11 14 0.2809301 
552 222 10 14 0.2743814 
486 188 9 12 0.274329 
809 249 15 18 0.2603049 
510 205 9 12 0.249974 
597 269 24 27 0.24438275 
582 182 8 9 0.22808583 
467 326 14 21 0.21414669 
645 193 8 11 0.20475009 
647 206 11 15 0.196269 
428 210 11 14 0.17798348 
39 196 9 11 0.16496183 
553 241 12 15 0.14893745 
657 290 10 13 0.14333956 
802 188 11 13 0.14271264 
782 203 12 16 0.13588023 
790 229 10 12 0.1129666 
369 191 10 12 0.11066654 
729 245 9 12 0.104209624 
655 274 10 13 0.10416175 
495 245 14 17 0.098884024 
680 216 10 14 0.089043364 
719 231 8 12 0.0870136 
370 196 11 13 0.0832343 
601 191 8 11 0.08164387 
689 221 13 15 0.078234434 
695 193 7 10 0.07559289 
644 214 13 18 0.06824459 
794 182 9 12 0.0680479 
841 172 15 18 0.06433917 
710 183 7 9 0.063917845 
612 235 14 16 0.061724536 
652 207 9 12 0.059916865 
518 179 8 11 0.059563547 
809 223 11 13 0.05836818 
458 183 8 11 0.05715834 
611 281 14 17 0.051963285 
3 190 6 10 0.05130425 
558 306 18 22 0.05078092 
392 179 9 12 0.049832977 
591 265 21 26 0.0482192 
543 219 14 17 0.046347164 
558 252 14 18 0.046120934 
777 204 11 14 0.045108058 
718 264 11 14 0.043509264 
558 216 9 12 0.042634226 
793 189 9 12 0.03869749 
610 217 12 15 0.03820234 
542 211 12 16 0.03802876 
672 200 8 11 0.036522985 
717 207 10 13 0.035329472 
531 220 11 15 0.03507507 
751 204 9 12 0.034873683 
705 253 9 12 0.03437271 
706 184 8 9 0.034068994 
838 148 10 12 0.033922803 
65 205 12 17 0.03391849 
727 239 10 14 0.033262134 
651 212 11 15 0.032937232 
502 183 9 11 0.032273516 
577 245 10 13 0.031827927 
575 197 10 13 0.03145962 
516 204 11 13 0.031026952 
1010 140 12 15 0.030637685 
473 182 8 11 0.03062744 
703 190 8 9 0.030602308 
714 211 9 13 0.030117394 
492 260 15 18 0.02990077 
790 198 10 14 0.027370889 
633 263 10 14 0.027142419 
360 180 7 11 0.025615593 
600 183 9 10 0.025120925 
792 175 9 11 0.02471712 
555 226 11 15 0.024683388 
850 179 13 17 0.023949096 
603 286 18 19 0.02394256 
713 232 10 12 0.023762636 
487 258 11 16 0.023732586 
759 215 9 11 0.02362294 
514 182 8 11 0.023559207 
1012 125 10 12 0.023187108 
640 202 19 25 0.023057364 
9 202 9 13 0.022963822 
391 207 16 19 0.022799708 
690 193 8 10 0.02276857 
500 325 12 17 0.022631582 
776 212 9 13 0.022622129 
503 332 12 16 0.02226899 
727 251 10 13 0.02209452 
929 170 14 18 0.022007762 
760 198 9 12 0.021553889 
724 232 9 12 0.021336751 
703 126 8 9 0.02131614 
433 197 11 14 0.021286184 
524 246 11 14 0.021173315 
536 199 9 11 0.02096795 
577 205 10 14 0.02054515 
735 95 7 8 0.020524433 
314 278 8 12 0.02042589 
580 204 14 17 0.02041418 
601 217 11 15 0.020024909 
