21_Festival_Festival_21_727
25
591 98 99 122 0.98606074 
367 408 8 10 0.24650298 
456 124 8 11 0.10241175 
427 471 12 14 0.097730435 
422 182 9 10 0.08936571 
461 352 8 11 0.081820235 
431 387 10 13 0.06849123 
454 386 7 10 0.06652624 
358 229 8 11 0.05411029 
335 267 8 13 0.04727282 
464 499 12 17 0.04441809 
352 411 8 11 0.04429011 
393 136 8 10 0.04291328 
462 479 12 15 0.042684358 
416 173 9 11 0.04001377 
416 167 8 10 0.039349854 
495 71 8 9 0.037551638 
384 360 10 12 0.033152767 
468 498 15 19 0.027912151 
254 357 10 13 0.027747262 
520 215 9 10 0.026127731 
382 129 8 9 0.023537437 
439 361 8 10 0.022834204 
679 446 14 21 0.022673376 
201 479 41 50 0.020170173 
