21_Festival_Festival_21_601
20
404 350 24 29 0.9928948 
932 319 25 30 0.98998404 
306 334 24 26 0.9882107 
645 351 16 20 0.9427133 
871 335 18 21 0.9339059 
16 329 17 20 0.9138162 
513 365 16 20 0.86159045 
771 338 15 22 0.63129544 
795 333 13 17 0.07970823 
779 318 12 13 0.04620742 
880 316 10 14 0.041391205 
867 318 11 15 0.031824633 
25 331 14 18 0.027071822 
394 401 14 17 0.025437457 
436 404 13 19 0.023846857 
775 322 13 14 0.021724995 
477 616 33 40 0.021168528 
188 698 55 43 0.021013143 
495 398 14 16 0.02094622 
791 336 20 25 0.020058863 
