21_Festival_Festival_21_22
795
209 490 32 51 0.98929125 
915 398 12 17 0.8753918 
316 492 22 35 0.85859287 
934 419 16 18 0.6887289 
183 465 18 35 0.6872726 
350 378 14 18 0.68226093 
557 371 10 13 0.6671643 
981 409 12 14 0.5829419 
333 438 16 27 0.5517639 
525 352 9 11 0.5483177 
979 434 15 22 0.49974993 
351 444 17 29 0.45082486 
902 336 8 10 0.4220314 
662 329 10 12 0.3770179 
941 440 17 24 0.34940565 
434 476 15 21 0.333925 
256 373 7 10 0.3224755 
712 365 8 11 0.3209606 
790 455 20 30 0.27519527 
806 345 8 10 0.2597924 
356 402 13 20 0.24250972 
114 269 8 11 0.23333909 
199 275 10 12 0.22542584 
295 363 9 13 0.22161548 
648 343 9 11 0.21406025 
624 217 7 9 0.2138834 
160 300 10 12 0.20633276 
753 306 7 9 0.20369148 
689 329 8 9 0.1932023 
765 520 33 35 0.19216456 
606 319 8 10 0.19190662 
339 440 18 30 0.18675087 
944 334 7 10 0.18277441 
745 278 7 8 0.17838588 
501 329 9 11 0.17649885 
886 457 14 21 0.17641571 
269 388 9 12 0.16991596 
696 365 8 10 0.16875674 
617 349 8 11 0.16833769 
945 353 9 10 0.16686368 
325 386 10 14 0.1661772 
400 337 7 10 0.15846239 
530 499 24 29 0.1583451 
801 345 8 10 0.15711658 
736 293 7 9 0.15461905 
815 373 12 16 0.15149595 
353 278 8 9 0.15029177 
886 375 9 12 0.14931531 
486 462 21 28 0.14359169 
604 365 8 12 0.14259763 
864 425 13 20 0.14230713 
578 382 10 12 0.14157894 
646 334 9 10 0.14038181 
383 366 8 11 0.13654782 
451 269 6 9 0.13594422 
728 367 11 13 0.13341646 
323 266 7 8 0.13316464 
767 342 7 10 0.13168037 
941 382 14 16 0.13128145 
69 283 11 13 0.13116875 
853 374 11 16 0.1308773 
688 295 7 8 0.12913722 
705 350 7 9 0.127982 
390 518 27 29 0.12719281 
430 286 7 8 0.12347594 
602 343 7 10 0.12148307 
880 390 10 14 0.12147193 
980 383 13 18 0.12098742 
907 419 13 18 0.12043127 
896 492 19 31 0.11956616 
93 276 9 11 0.11870563 
420 407 9 13 0.11852534 
185 270 7 9 0.11797354 
562 278 7 9 0.113741286 
517 406 11 13 0.11357325 
869 380 10 14 0.11022478 
165 300 10 12 0.1085512 
413 349 8 11 0.10704963 
271 357 8 10 0.1065793 
453 318 8 10 0.10640902 
157 278 9 11 0.10508123 
989 381 12 16 0.104579136 
1013 351 10 14 0.104359105 
379 310 7 9 0.10402862 
125 292 8 11 0.10210294 
825 345 8 11 0.10032022 
38 300 10 12 0.09927054 
553 368 11 14 0.09851859 
489 365 9 11 0.09824819 
644 375 9 11 0.09810759 
722 311 7 8 0.09782219 
697 344 7 9 0.096944205 
553 454 21 26 0.096424416 
381 429 20 28 0.095366314 
562 301 7 9 0.0952639 
684 395 12 18 0.09506073 
537 320 8 10 0.09490339 
304 351 7 9 0.09437915 
275 427 14 20 0.093865596 
242 381 9 12 0.09341845 
844 466 18 21 0.093307056 
934 441 15 22 0.09302904 
607 343 8 11 0.09264004 
519 365 11 14 0.08989166 
902 339 9 12 0.08920465 
410 264 8 9 0.088409856 
408 431 17 19 0.08760705 
918 277 8 11 0.086922295 
751 290 7 8 0.085491605 
639 412 9 12 0.085039206 
711 344 8 10 0.08471035 
337 342 7 10 0.084260195 
345 293 7 10 0.08359428 
679 358 7 10 0.083573885 
149 338 10 16 0.08277451 
985 285 6 9 0.081856996 
431 320 8 10 0.08172682 
672 365 8 10 0.08169905 
383 335 7 10 0.08165802 
742 426 13 18 0.081186876 
681 297 7 8 0.08038367 
716 406 11 14 0.08006456 
668 390 10 13 0.079872854 
743 412 11 13 0.078435495 
640 310 7 9 0.07784331 
897 319 7 9 0.077254765 
800 348 8 11 0.07686247 
947 386 14 17 0.07563845 
138 287 8 11 0.075543456 
330 325 7 10 0.07546946 
440 304 8 10 0.07519344 
783 482 20 28 0.07475811 
920 310 7 9 0.07458387 
345 329 7 9 0.074565485 
897 313 6 8 0.074245565 
687 331 7 10 0.074046604 
153 277 8 12 0.07377074 
801 365 10 14 0.073768795 
497 333 8 10 0.07349217 
337 277 7 9 0.07329159 
397 358 9 12 0.072700165 
1008 334 9 10 0.07239675 
721 351 9 10 0.06984665 
752 352 8 10 0.06939948 
672 345 8 9 0.069020264 
482 317 7 10 0.068584785 
733 365 11 15 0.06836242 
487 319 7 9 0.068339095 
296 272 7 9 0.067424275 
646 329 9 11 0.06718899 
767 350 8 10 0.06718445 
673 359 8 10 0.066512085 
999 342 8 9 0.066322416 
8 318 12 14 0.066173166 
325 363 9 12 0.06599085 
545 302 8 9 0.065614834 
742 311 8 10 0.06489937 
273 374 8 10 0.06456133 
1012 397 12 19 0.06446089 
990 341 9 11 0.064112335 
658 245 9 10 0.06392571 
716 472 20 26 0.063891016 
673 317 7 9 0.06317552 
564 458 18 19 0.063098185 
402 530 15 20 0.06301935 
680 302 7 9 0.06300829 
778 287 7 9 0.06298454 
426 286 8 10 0.06270167 
13 316 11 13 0.06220555 
849 356 9 12 0.062125843 
903 389 11 15 0.06178174 
785 365 9 14 0.061393555 
46 279 8 10 0.061233617 
709 349 8 10 0.06114566 
212 401 15 18 0.060931843 
975 351 9 12 0.0607866 
617 333 8 9 0.060226053 
305 312 7 9 0.059795976 
792 271 8 9 0.059642904 
979 520 24 35 0.05927135 
384 328 7 10 0.05919538 
928 335 7 9 0.058745023 
923 305 6 8 0.0587134 
559 355 11 14 0.058371387 
768 338 7 9 0.057913944 
562 273 8 10 0.05790856 
184 351 11 14 0.05779408 
961 326 7 9 0.05762582 
888 329 7 9 0.057010356 
912 343 7 9 0.056923617 
489 337 7 9 0.056879397 
510 482 16 19 0.05679525 
603 318 7 9 0.056687232 
381 340 8 10 0.056616757 
482 491 14 18 0.056546975 
654 508 24 28 0.05649667 
485 381 12 15 0.056273915 
494 361 8 11 0.055982597 
569 317 7 10 0.055630814 
897 350 7 9 0.055441927 
494 311 7 9 0.054733377 
622 333 7 10 0.054685276 
703 344 8 10 0.05468371 
632 444 13 16 0.054470908 
538 278 7 9 0.05438759 
369 279 8 9 0.054339007 
897 343 8 10 0.05382668 
798 359 9 12 0.053755127 
266 304 6 8 0.053694043 
573 421 10 14 0.05349408 
390 295 7 8 0.05327632 
504 280 7 8 0.05313551 
120 292 10 12 0.05310172 
782 287 7 9 0.05279 
457 302 7 9 0.052466765 
289 320 7 9 0.052436788 
615 329 7 9 0.05223835 
888 311 6 9 0.05216459 
519 458 12 16 0.052036487 
976 496 20 28 0.052001342 
969 311 7 8 0.05199631 
975 429 14 20 0.051931113 
969 287 7 10 0.051685184 
1014 310 7 10 0.051664654 
350 293 8 9 0.05146011 
74 311 42 55 0.0513453 
438 320 8 9 0.05129499 
998 351 8 12 0.0512943 
402 304 6 8 0.05122488 
993 351 9 12 0.05113571 
258 328 8 11 0.051069114 
19 289 13 17 0.050680798 
909 383 11 14 0.05057629 
712 320 8 10 0.05056288 
521 327 9 10 0.05037051 
784 372 11 16 0.05007262 
584 345 8 11 0.049867056 
808 470 28 33 0.049767632 
569 326 8 10 0.04960907 
787 447 17 27 0.049326945 
526 326 8 9 0.0492946 
952 303 7 10 0.049181357 
919 373 9 13 0.049136356 
799 289 7 8 0.048815362 
774 380 11 15 0.04880759 
690 320 7 8 0.0485907 
826 503 27 33 0.048441306 
599 302 7 8 0.048020527 
609 324 8 10 0.04793688 
737 359 9 12 0.04764111 
40 271 8 10 0.047623046 
713 325 7 9 0.047555324 
439 341 9 11 0.047500104 
471 317 7 9 0.047454543 
793 345 8 10 0.047400806 
840 388 12 14 0.047393184 
895 367 10 13 0.047310304 
312 334 8 10 0.047302265 
560 298 7 9 0.047264032 
32 302 11 13 0.0467083 
718 288 7 8 0.046586737 
134 262 7 9 0.046298005 
337 336 8 10 0.046292443 
714 287 7 8 0.046246 
393 271 7 8 0.046227172 
559 329 8 10 0.046156842 
848 379 11 16 0.04613261 
168 279 8 11 0.046122245 
409 358 9 11 0.046074986 
882 373 9 12 0.04604236 
621 345 9 12 0.04600541 
945 499 16 22 0.04590363 
288 341 7 10 0.045879237 
847 312 7 8 0.045639228 
914 326 6 8 0.045332987 
672 422 11 14 0.045262385 
697 304 7 9 0.04525679 
651 398 10 12 0.04507714 
686 413 11 15 0.045038413 
718 325 7 9 0.04486903 
181 283 8 12 0.044666216 
727 294 7 8 0.044650707 
682 329 6 9 0.044584595 
65 247 6 8 0.044407714 
959 304 7 9 0.044358954 
544 263 6 9 0.044162884 
21 316 10 13 0.04415888 
928 304 6 9 0.04414755 
623 329 8 10 0.044128843 
449 531 22 32 0.044059984 
591 359 10 12 0.04402728 
711 296 7 8 0.04396649 
104 278 8 10 0.043890186 
956 357 12 15 0.04386965 
950 334 7 9 0.04383967 
698 310 6 9 0.043834966 
798 321 8 9 0.0438136 
156 332 10 17 0.04360617 
719 320 8 9 0.04359342 
714 396 12 14 0.043566983 
795 403 16 18 0.043337747 
77 271 8 12 0.043201767 
173 301 8 11 0.04318706 
294 317 7 9 0.043177433 
609 288 6 7 0.043017026 
887 497 22 33 0.042974416 
914 320 6 8 0.042744085 
689 345 7 8 0.042682324 
415 365 9 12 0.042632688 
585 295 7 9 0.042425178 
774 371 10 17 0.042418003 
361 358 10 14 0.042405397 
888 304 8 9 0.042351406 
991 319 7 9 0.04234458 
368 380 10 14 0.04234067 
863 378 12 17 0.042326 
519 333 9 11 0.04209857 
514 403 10 14 0.042068575 
902 414 15 18 0.04191272 
998 356 9 12 0.04170034 
792 358 9 12 0.041590612 
542 381 9 11 0.04142572 
362 303 8 11 0.041414864 
322 269 7 9 0.04141227 
52 285 9 11 0.04118675 
793 484 24 31 0.041163385 
177 279 8 12 0.041042734 
103 288 9 11 0.040709913 
619 428 12 17 0.04066677 
666 351 7 9 0.040495083 
157 272 9 11 0.040482175 
293 372 10 12 0.040481467 
937 343 7 9 0.04045945 
993 296 7 9 0.040428754 
1 277 9 14 0.040110465 
586 327 7 9 0.040015366 
658 333 9 12 0.03997177 
658 303 7 9 0.039938364 
721 293 7 9 0.039628386 
680 411 9 12 0.039531223 
37 316 11 14 0.03949252 
330 321 7 9 0.03939174 
847 294 6 9 0.039387546 
402 418 16 17 0.039331026 
526 279 7 10 0.039097384 
553 287 7 8 0.03906071 
591 471 25 29 0.03887009 
869 399 11 15 0.0386825 
624 207 8 10 0.03857859 
575 312 7 9 0.03851437 
322 294 7 9 0.03839342 
160 500 29 41 0.038291797 
375 381 10 13 0.038187474 
311 278 7 9 0.038082212 
1015 317 7 10 0.03804741 
967 320 7 9 0.037892714 
979 400 13 17 0.037871294 
896 394 11 14 0.03776965 
938 336 7 10 0.037688214 
42 277 8 11 0.037686646 
364 363 9 12 0.037469365 
933 402 12 15 0.03721713 
704 303 7 9 0.037205063 
143 278 7 10 0.03707036 
4 282 12 18 0.03702372 
801 501 28 31 0.037017222 
1014 344 9 13 0.036846064 
899 274 8 10 0.036792118 
919 318 6 9 0.03676312 
665 286 7 9 0.036749173 
963 434 16 21 0.036747113 
429 501 23 28 0.036647633 
360 335 7 11 0.03660758 
617 296 6 8 0.036448006 
968 335 7 9 0.03644313 
342 289 8 11 0.03639736 
543 279 6 9 0.036295176 
90 272 8 12 0.036226504 
809 310 7 9 0.036220707 
393 351 8 11 0.036176324 
936 304 6 8 0.036168613 
953 321 6 8 0.036099322 
753 355 9 13 0.03602499 
423 294 7 9 0.035738874 
402 285 8 10 0.035728112 
816 296 6 9 0.035603862 
391 431 20 24 0.035577517 
935 309 7 9 0.035556626 
327 444 16 22 0.035439484 
322 360 9 12 0.03538593 
962 321 7 8 0.035369888 
266 358 7 10 0.035331365 
575 334 8 9 0.0352751 
551 354 11 13 0.035221115 
607 361 9 11 0.035042588 
485 399 11 16 0.03503117 
896 486 12 18 0.034968253 
885 513 21 31 0.034906 
264 368 8 10 0.034774844 
497 295 7 9 0.03476316 
920 350 9 10 0.03459784 
949 355 11 14 0.034587696 
1009 356 10 12 0.0343669 
882 311 7 9 0.034343753 
294 336 7 9 0.03430257 
670 349 8 10 0.034191884 
374 278 7 9 0.03413272 
721 305 8 9 0.03408935 
537 341 9 11 0.03405581 
352 288 8 10 0.033944085 
959 287 7 8 0.03384296 
277 375 8 10 0.03372059 
377 305 7 9 0.033663295 
590 329 7 9 0.03363625 
343 313 7 9 0.033570793 
919 274 8 10 0.03355298 
592 295 7 9 0.033499613 
944 329 8 10 0.033461038 
168 297 9 11 0.03345794 
537 264 7 9 0.03341588 
490 312 6 9 0.03337155 
952 327 7 9 0.033359267 
564 358 11 13 0.03323377 
383 373 8 10 0.03315107 
647 296 7 9 0.033121295 
887 333 7 10 0.033022486 
982 428 21 31 0.03285068 
729 389 10 13 0.032780293 
880 381 11 15 0.032764785 
777 295 7 9 0.032755278 
575 496 25 32 0.03268264 
386 245 7 9 0.032572806 
399 264 7 9 0.032555636 
702 365 9 12 0.032537423 
714 262 7 9 0.03253491 
152 284 9 12 0.03246075 
921 335 7 10 0.032215104 
653 343 8 11 0.032176606 
656 278 8 9 0.032106265 
991 312 7 9 0.03210009 
750 384 12 14 0.03206618 
274 328 6 8 0.0320422 
425 321 8 10 0.03199164 
661 445 16 19 0.031727206 
486 501 20 33 0.031699654 
887 444 22 28 0.031685356 
1014 366 8 12 0.031669192 
285 405 15 19 0.03161453 
653 350 8 10 0.031613924 
740 364 10 14 0.031585965 
842 311 6 9 0.031553466 
311 343 7 10 0.03148437 
357 278 8 10 0.031459585 
353 342 7 9 0.031356 
453 265 8 10 0.03132816 
648 287 7 9 0.031328 
448 313 8 10 0.031322967 
730 327 7 9 0.031296387 
654 318 7 9 0.031249711 
273 335 6 8 0.031240115 
773 387 10 14 0.031193178 
481 314 6 8 0.031149233 
766 366 10 15 0.030990759 
270 306 6 9 0.030965125 
648 312 7 9 0.030849902 
662 301 7 11 0.030817192 
288 325 7 9 0.030583603 
919 344 7 9 0.030521065 
410 270 7 9 0.030427443 
343 333 7 10 0.030409435 
233 374 10 13 0.030391248 
334 326 7 10 0.030384809 
680 312 6 9 0.030168297 
985 311 7 8 0.030101368 
0 288 12 19 0.03006198 
311 350 7 10 0.03003825 
381 382 8 12 0.029938772 
286 496 25 33 0.02980459 
688 367 8 11 0.029706664 
320 312 8 10 0.029705249 
263 334 6 9 0.02961955 
481 357 8 11 0.029500062 
365 310 8 10 0.029455515 
688 373 9 11 0.029425379 
273 415 20 27 0.029416524 
757 451 16 19 0.02933374 
342 278 7 9 0.029293854 
382 360 10 13 0.029087592 
574 328 7 10 0.02903837 
1014 390 9 13 0.028996602 
455 297 7 8 0.028926173 
737 303 7 10 0.028923836 
481 301 6 9 0.028906997 
975 287 8 9 0.028902499 
301 365 9 11 0.028896574 
704 310 6 9 0.028882569 
46 354 12 19 0.02885595 
961 334 7 9 0.028852075 
841 272 7 8 0.028773598 
415 345 7 10 0.028738769 
140 291 9 12 0.028682617 
416 410 12 16 0.02854882 
326 268 7 9 0.028541703 
816 326 8 10 0.028509518 
968 293 7 9 0.028464923 
873 288 6 9 0.028459216 
651 524 28 40 0.028441658 
885 368 10 12 0.028421072 
196 310 12 14 0.02841701 
725 310 7 10 0.028324164 
206 396 16 18 0.028316908 
245 458 13 21 0.028292868 
726 304 7 10 0.028194321 
720 357 8 10 0.028158678 
524 364 9 13 0.02815574 
856 311 8 9 0.028133888 
693 327 7 9 0.0280818 
420 372 11 17 0.028063158 
598 369 12 14 0.028058881 
802 487 30 33 0.028007766 
400 510 22 33 0.027910683 
948 438 18 25 0.027762618 
831 310 6 9 0.027749503 
290 367 8 11 0.027686702 
397 364 8 11 0.027573735 
712 312 6 8 0.02757096 
927 356 8 12 0.02753977 
746 327 7 10 0.027521452 
711 302 6 9 0.02748588 
299 495 25 30 0.027482284 
840 334 8 10 0.027416632 
518 265 6 8 0.027385972 
281 336 7 10 0.027354248 
493 375 9 12 0.027299184 
399 318 7 9 0.027055126 
950 412 14 17 0.02703598 
826 311 6 9 0.026972359 
850 279 7 8 0.026967928 
927 352 8 10 0.026961047 
429 324 8 11 0.026902515 
23 335 10 13 0.026832959 
679 366 8 10 0.026801134 
56 295 10 13 0.0267724 
511 255 8 9 0.02676558 
542 350 8 11 0.026716871 
418 295 7 8 0.02670188 
393 366 7 10 0.026654152 
584 302 7 9 0.026641928 
950 392 13 17 0.026613109 
763 343 7 9 0.026568761 
402 294 7 9 0.026561996 
758 363 11 16 0.026510686 
479 385 12 16 0.02645613 
489 326 6 9 0.02640974 
575 358 10 13 0.02634907 
706 321 7 8 0.026348513 
145 332 20 28 0.026342288 
830 349 7 10 0.026326466 
864 289 6 8 0.026236946 
522 357 10 13 0.026228832 
806 361 9 11 0.026179234 
593 313 8 10 0.026175404 
764 455 14 22 0.026151754 
655 312 7 9 0.026148308 
159 220 8 10 0.026139714 
65 280 10 12 0.026124222 
693 428 13 20 0.026113912 
394 319 6 8 0.026102401 
976 337 7 8 0.026086416 
541 319 7 10 0.026067644 
434 302 7 10 0.026043868 
311 273 7 9 0.026033333 
734 327 7 9 0.025964651 
649 359 8 11 0.025939403 
506 344 8 10 0.02591558 
745 292 7 10 0.025914546 
943 343 7 9 0.025806284 
782 416 14 20 0.025744732 
818 320 6 9 0.025740592 
280 327 6 8 0.025719894 
705 326 7 9 0.025703669 
295 295 7 9 0.025703084 
617 398 10 12 0.025671707 
265 352 7 10 0.025597459 
872 325 8 10 0.025591383 
392 328 7 9 0.025587067 
655 406 11 13 0.025568398 
820 377 12 17 0.025561811 
0 247 7 11 0.025497591 
832 320 7 9 0.025456617 
799 460 22 27 0.025451045 
46 272 7 10 0.025434133 
367 286 7 9 0.025402617 
744 317 7 9 0.025352964 
377 399 9 13 0.025332205 
808 371 11 14 0.025300086 
895 303 7 9 0.025203044 
282 341 7 9 0.025167445 
295 342 7 9 0.025090408 
439 280 7 9 0.025084702 
777 302 7 10 0.025069421 
930 328 6 9 0.025036294 
32 317 11 14 0.025030069 
588 446 21 28 0.025024746 
297 276 7 10 0.025018737 
296 314 7 9 0.02496472 
870 384 12 16 0.02494754 
723 452 14 17 0.024943335 
406 303 7 9 0.024887817 
552 398 10 13 0.024880037 
541 375 9 11 0.024831355 
694 372 9 12 0.024732532 
32 309 10 12 0.024686584 
878 395 11 15 0.02466478 
881 304 7 8 0.024653448 
906 302 6 9 0.024609609 
941 414 20 25 0.024578542 
985 340 9 11 0.024554566 
432 282 7 9 0.024475453 
793 287 7 10 0.024425749 
929 320 7 9 0.02441019 
769 389 10 12 0.024390204 
480 476 23 27 0.024364375 
654 358 7 10 0.024318691 
939 404 13 15 0.024274873 
503 286 7 8 0.024248306 
470 328 8 11 0.02414163 
76 276 9 13 0.02408587 
6 329 13 17 0.02406607 
743 305 7 9 0.024044147 
777 281 8 9 0.024017021 
305 288 6 8 0.023985108 
338 313 6 8 0.023893742 
839 460 42 46 0.023839533 
495 396 12 16 0.023777107 
327 312 6 9 0.023763094 
965 325 9 11 0.023742024 
732 383 12 16 0.023735095 
648 392 11 14 0.023734376 
344 318 7 8 0.023717443 
780 468 24 31 0.023711327 
634 224 7 9 0.02358752 
694 320 7 9 0.023541927 
710 390 12 15 0.023498379 
757 358 11 14 0.023491587 
455 312 8 10 0.023440482 
704 335 7 9 0.023430957 
813 350 8 10 0.02339836 
664 345 8 9 0.023350965 
848 333 8 11 0.023250142 
410 364 8 11 0.023225646 
45 349 21 34 0.023217505 
782 280 7 9 0.023190895 
939 395 15 17 0.023155915 
13 333 10 13 0.023151018 
720 454 22 27 0.023131268 
141 304 10 13 0.023131188 
1000 365 10 12 0.023128422 
378 317 7 10 0.02309078 
604 530 24 31 0.023082111 
24 256 7 9 0.023080489 
739 311 7 10 0.02306357 
993 302 6 8 0.02303967 
865 232 7 9 0.023039363 
264 287 6 9 0.023025202 
783 295 7 9 0.022991637 
303 359 8 10 0.022959515 
439 285 7 10 0.022907337 
717 365 9 11 0.022876065 
902 350 8 10 0.022875879 
433 229 7 9 0.022867925 
793 319 8 11 0.02286152 
161 216 8 10 0.022861024 
781 303 7 9 0.022800775 
354 383 14 19 0.022779165 
785 360 9 12 0.022757469 
72 247 7 9 0.022752166 
496 303 7 9 0.02273967 
678 352 8 11 0.022734186 
523 409 11 15 0.022733524 
564 350 12 13 0.022716133 
387 295 6 9 0.022705965 
672 414 10 13 0.02269047 
750 318 8 10 0.022671752 
674 301 6 10 0.022652224 
521 319 7 9 0.022635099 
73 262 7 11 0.02260617 
847 365 10 14 0.022572123 
382 319 7 9 0.022558648 
800 294 7 9 0.022540953 
378 335 9 11 0.022466702 
885 357 8 11 0.02246057 
157 283 10 12 0.022446137 
401 255 7 8 0.022426868 
514 264 7 9 0.022367164 
318 334 7 9 0.022329187 
342 360 9 11 0.022314206 
855 321 7 8 0.022311524 
661 382 10 13 0.022303635 
465 311 7 9 0.022288658 
562 372 10 13 0.022276763 
760 350 8 11 0.02222333 
16 285 13 16 0.022222314 
553 328 8 10 0.022216253 
392 287 6 9 0.02219297 
638 247 7 9 0.022187514 
961 343 8 9 0.022141563 
391 216 7 9 0.022114754 
338 293 7 10 0.022092296 
386 240 8 11 0.022087641 
423 303 6 10 0.022054879 
729 335 7 9 0.022042567 
495 318 8 10 0.022016233 
593 301 7 10 0.02200971 
914 421 13 17 0.021963371 
423 254 7 9 0.021955304 
879 328 8 10 0.021938369 
162 341 30 32 0.021933489 
769 280 7 9 0.02190557 
753 363 11 14 0.02189527 
952 362 12 14 0.021854438 
32 256 7 9 0.021843558 
187 476 22 37 0.021823982 
928 342 7 9 0.021800512 
698 456 16 18 0.021781549 
647 302 7 10 0.021720534 
641 304 6 9 0.021680228 
719 281 7 9 0.021679683 
742 428 21 25 0.021565543 
1008 341 9 11 0.021559551 
592 363 11 13 0.021541879 
630 428 11 14 0.021540482 
401 312 7 8 0.021532547 
676 425 10 14 0.021532182 
984 325 8 9 0.021516742 
849 327 7 9 0.021503048 
505 303 6 8 0.021499418 
780 442 18 22 0.021463154 
649 318 8 9 0.021384433 
276 403 14 18 0.021383476 
773 412 14 20 0.021379622 
577 460 24 31 0.021365276 
198 292 9 12 0.0212803 
269 535 29 37 0.02127218 
270 367 8 10 0.021269428 
335 319 7 9 0.021263763 
802 400 16 20 0.021226076 
137 256 7 9 0.021215426 
889 319 7 9 0.021173986 
600 287 7 9 0.021141844 
287 350 8 10 0.021118868 
464 532 25 33 0.021101758 
276 358 9 11 0.021100929 
663 279 8 10 0.02104964 
325 494 26 35 0.02103657 
647 366 8 10 0.021029698 
641 327 8 11 0.02102527 
360 287 8 10 0.02102151 
405 295 7 9 0.021006312 
592 317 7 10 0.020998795 
606 313 8 10 0.020931577 
167 285 8 11 0.020887308 
854 342 8 11 0.02087093 
789 410 15 21 0.020865425 
407 342 7 10 0.020865278 
518 389 9 13 0.020860218 
592 333 7 9 0.020811437 
552 281 7 9 0.020804849 
478 271 7 9 0.020794451 
262 372 8 11 0.020725783 
920 367 11 13 0.02072 
544 326 7 9 0.020705886 
625 240 6 8 0.02065984 
633 295 6 8 0.02064747 
392 279 7 9 0.020631986 
479 398 13 19 0.020610847 
566 272 8 10 0.02060841 
854 334 9 12 0.020595875 
772 528 33 42 0.020572739 
653 459 15 18 0.020566972 
766 356 9 12 0.020505672 
352 319 7 9 0.02049467 
632 326 7 10 0.020491324 
191 271 7 9 0.020347858 
843 294 6 9 0.02031511 
687 350 7 9 0.020291807 
967 342 8 10 0.020169873 
976 324 8 10 0.020149214 
799 272 7 9 0.020120936 
663 419 12 15 0.020114616 
759 303 7 10 0.020113522 
671 508 20 29 0.020101963 
609 295 6 9 0.020086255 
359 294 8 10 0.020082468 
320 317 7 9 0.02001143 
