21_Festival_Festival_21_605
49
178 114 62 77 0.99906915 
312 64 72 95 0.99863845 
632 56 69 94 0.99852705 
804 78 66 84 0.99763405 
443 29 88 118 0.99707305 
937 259 31 39 0.9951407 
5 246 17 27 0.9741818 
985 184 19 25 0.9658157 
758 161 21 30 0.96282995 
934 207 16 21 0.95730174 
56 237 22 29 0.911851 
88 267 17 27 0.89423335 
993 267 26 30 0.8817849 
30 231 16 19 0.85544425 
49 275 17 24 0.40017778 
43 261 12 15 0.35136116 
78 160 11 13 0.32071707 
149 194 10 13 0.27075958 
959 196 14 16 0.1784758 
45 265 15 21 0.090874694 
86 314 11 16 0.068320245 
0 231 10 14 0.05312731 
63 220 14 17 0.049362604 
50 249 21 27 0.043462712 
1000 303 9 12 0.041948475 
892 177 17 21 0.040915098 
133 200 10 13 0.040489208 
43 128 7 10 0.04034006 
45 194 9 12 0.04007459 
964 225 13 17 0.039865587 
14 109 8 10 0.038279593 
4 221 11 13 0.037065517 
66 182 8 11 0.03670778 
3 227 13 16 0.03411442 
881 181 27 34 0.033726856 
62 228 14 19 0.030015633 
128 203 11 13 0.030004611 
56 193 8 9 0.029876802 
992 269 15 20 0.028927136 
69 181 9 11 0.028233483 
43 252 15 21 0.027803818 
1005 297 12 16 0.02755152 
951 197 13 15 0.027519375 
38 231 21 25 0.026820939 
81 231 14 19 0.02491392 
116 267 14 19 0.023783864 
127 191 8 11 0.022699017 
997 283 24 36 0.021406554 
6 163 8 12 0.020357061 
