21_Festival_Festival_21_193
441
203 438 36 46 0.98531586 
630 439 21 36 0.85048807 
378 407 15 23 0.76718026 
170 392 15 25 0.7484895 
712 453 23 42 0.66716254 
740 403 12 20 0.5960281 
48 507 44 57 0.59401995 
207 381 15 23 0.539564 
686 567 46 83 0.5203888 
255 481 45 54 0.43916282 
375 367 11 14 0.43527406 
987 406 16 21 0.42104766 
261 365 10 14 0.41621426 
393 455 20 39 0.39651468 
238 413 16 24 0.35154086 
817 429 17 26 0.33281833 
51 421 22 39 0.33177686 
958 439 28 34 0.3312421 
959 356 11 13 0.31640556 
359 372 13 16 0.292729 
659 374 8 12 0.29258958 
28 500 33 48 0.26846594 
686 481 19 27 0.2665139 
279 379 12 15 0.24655457 
857 426 17 30 0.2355083 
342 365 9 12 0.2204083 
818 374 8 10 0.21539356 
446 361 8 10 0.21522963 
327 343 8 10 0.21355464 
542 413 14 18 0.20395975 
201 336 7 9 0.20322677 
966 329 8 10 0.19823451 
455 396 10 14 0.18234885 
530 404 15 18 0.17935035 
814 397 12 15 0.1740459 
131 379 12 16 0.17334074 
277 350 8 10 0.17260012 
677 397 11 13 0.16687463 
808 351 8 11 0.16447663 
927 382 10 12 0.16201551 
400 365 10 12 0.15324238 
440 358 8 10 0.15087306 
497 384 8 11 0.15040703 
211 326 7 9 0.14702646 
457 371 10 13 0.14357184 
266 390 13 17 0.13490503 
103 376 12 15 0.13360561 
855 392 10 12 0.13224615 
121 323 10 12 0.13012703 
599 365 8 10 0.1289434 
390 349 8 10 0.1287081 
861 394 11 13 0.12504382 
262 344 8 10 0.11958275 
344 350 7 9 0.116233215 
201 340 8 11 0.11546566 
735 360 8 9 0.114734985 
471 350 7 9 0.114260584 
798 350 9 10 0.11176371 
40 352 9 12 0.11101371 
560 387 14 16 0.11026429 
180 343 8 11 0.106170855 
158 326 8 10 0.106084 
124 61 16 21 0.1055041 
14 511 33 46 0.10305455 
648 408 12 19 0.10148356 
4 360 14 17 0.10137572 
36 379 18 20 0.10051972 
767 381 9 12 0.099272564 
191 352 9 10 0.09830219 
463 361 7 9 0.09687484 
234 327 8 10 0.09424893 
798 411 14 17 0.09292589 
1014 343 8 12 0.09241017 
290 343 7 10 0.091873676 
792 384 8 11 0.091342404 
949 452 45 56 0.09105858 
468 378 12 16 0.09047351 
961 316 7 10 0.090143114 
503 396 9 12 0.089696474 
329 405 23 28 0.087299556 
558 361 7 10 0.08599714 
271 328 9 11 0.085966215 
311 334 8 9 0.08581894 
697 382 8 10 0.085347965 
935 510 23 44 0.08516532 
155 326 7 9 0.08507015 
942 383 12 14 0.08362721 
746 373 8 11 0.08350945 
686 364 8 10 0.08135429 
379 370 11 14 0.08099338 
626 590 44 65 0.08087484 
712 390 11 14 0.080500245 
312 342 9 11 0.0774577 
44 374 15 18 0.075218596 
460 366 10 11 0.074784756 
405 365 9 11 0.074003525 
376 388 11 13 0.07400172 
727 377 9 10 0.073812164 
917 402 14 16 0.07307481 
585 383 9 12 0.072438 
919 333 8 9 0.07033578 
234 396 15 20 0.07029635 
807 356 9 11 0.07002328 
729 380 9 12 0.06928301 
682 365 7 9 0.06873007 
650 456 20 28 0.0678534 
44 351 10 13 0.06636284 
174 360 8 11 0.06513367 
256 370 11 14 0.06509438 
947 412 14 18 0.06453821 
672 382 10 12 0.06416357 
711 374 8 10 0.06309272 
422 389 11 13 0.062702544 
256 349 8 11 0.062372997 
644 380 9 12 0.062243227 
572 373 10 13 0.061976776 
434 358 7 10 0.06146245 
80 350 10 14 0.061459742 
880 394 10 14 0.061425623 
421 351 8 10 0.061245628 
103 359 9 10 0.061027184 
399 371 11 13 0.06050191 
318 378 11 14 0.06048738 
666 425 15 22 0.059394997 
325 380 10 13 0.059297055 
759 360 7 9 0.059280135 
935 388 10 14 0.059040558 
850 432 19 30 0.058883104 
487 405 11 15 0.057982776 
191 329 7 8 0.05759941 
726 342 6 9 0.057117756 
672 366 7 9 0.054640323 
106 349 8 11 0.053700183 
417 357 8 10 0.053183533 
201 208 606 596 0.052836783 
11 312 25 37 0.052826427 
542 499 22 37 0.051367115 
760 365 7 9 0.051253367 
781 411 11 16 0.051162273 
580 426 16 21 0.050886914 
685 397 11 13 0.050558474 
717 396 10 16 0.050162718 
614 375 9 13 0.04996982 
294 343 8 10 0.049813967 
933 383 10 13 0.04936038 
413 396 14 17 0.049224366 
407 390 10 13 0.04890531 
482 342 6 9 0.048823707 
421 357 8 11 0.048687965 
138 366 9 12 0.048419148 
903 419 12 17 0.047438774 
694 398 9 12 0.047430072 
706 351 6 8 0.047364168 
219 379 12 17 0.047142673 
87 324 12 16 0.047131855 
368 352 8 9 0.046792224 
571 389 12 14 0.046508223 
338 350 7 9 0.046387125 
673 374 9 11 0.04630185 
873 375 9 11 0.046162497 
232 350 8 10 0.04610037 
56 364 12 15 0.045219924 
424 367 8 10 0.04521277 
391 366 8 10 0.045089055 
679 376 9 11 0.044896033 
934 329 8 10 0.044742227 
438 375 10 12 0.044697054 
990 350 7 10 0.044167332 
320 343 8 10 0.04411102 
648 366 7 9 0.04371663 
750 368 9 10 0.043555643 
766 387 10 12 0.04340419 
590 402 13 17 0.043276154 
706 442 21 43 0.043058604 
303 364 9 12 0.04281432 
660 379 9 13 0.04279709 
720 366 8 9 0.04260406 
361 359 9 10 0.042402238 
539 420 19 21 0.042338114 
745 381 9 12 0.041718177 
213 364 9 12 0.04160994 
723 343 6 8 0.040922277 
974 349 7 9 0.040864512 
696 366 7 9 0.040756606 
912 398 11 16 0.040747248 
181 380 13 19 0.040708907 
341 465 19 20 0.040634226 
752 358 8 9 0.04048967 
633 411 17 19 0.04042112 
807 368 8 9 0.040321585 
719 404 12 18 0.03998683 
176 350 8 10 0.039911304 
876 380 10 12 0.03990708 
185 334 7 9 0.039630547 
346 411 12 18 0.03955901 
350 350 8 9 0.039482992 
935 395 12 16 0.039104212 
889 382 8 11 0.039055843 
703 375 8 10 0.03893239 
936 333 8 10 0.038907498 
156 365 10 13 0.0388009 
494 357 8 10 0.038571265 
249 359 9 12 0.038299434 
446 380 9 12 0.037946124 
957 415 14 19 0.037867017 
238 332 8 11 0.037752114 
290 349 8 10 0.037710544 
965 396 11 14 0.037672684 
160 340 8 11 0.037557103 
369 334 7 9 0.037520126 
313 329 7 9 0.037150614 
697 376 8 10 0.036879465 
142 380 12 15 0.036836084 
466 349 8 10 0.03676391 
414 389 12 15 0.036743905 
712 384 9 12 0.036638245 
439 352 8 9 0.036383063 
679 380 10 14 0.036306962 
845 374 9 10 0.03624146 
71 345 12 16 0.036123287 
295 350 7 9 0.036102746 
540 405 15 20 0.03607124 
485 368 9 11 0.03600225 
592 366 9 11 0.035775322 
672 390 10 13 0.035376605 
790 367 8 10 0.03517213 
968 349 8 11 0.034916356 
1008 349 8 10 0.03488397 
863 417 19 28 0.03481768 
833 358 8 10 0.034312017 
661 577 46 74 0.03430104 
215 322 8 10 0.034224454 
187 329 7 9 0.034223616 
419 395 13 15 0.034176193 
486 425 13 22 0.0341399 
239 358 8 11 0.034004953 
641 376 9 12 0.033812333 
797 345 9 10 0.033787467 
481 366 9 11 0.03375282 
58 359 13 16 0.033740904 
364 379 10 13 0.033694115 
769 359 7 9 0.033554967 
574 382 10 13 0.03347873 
399 380 11 14 0.033447966 
664 369 7 9 0.033228323 
796 383 10 12 0.033091728 
340 369 12 15 0.032771237 
365 357 8 10 0.032550953 
720 374 8 10 0.03249085 
258 344 8 10 0.032354552 
600 350 7 9 0.032050002 
753 353 6 8 0.032040864 
624 375 10 13 0.03187786 
922 383 8 11 0.031781368 
963 329 7 10 0.03143679 
807 395 13 17 0.03133388 
775 337 7 8 0.031216046 
986 356 9 11 0.031200636 
501 391 9 14 0.031037506 
741 343 8 9 0.030939208 
351 344 8 10 0.030844636 
34 352 9 13 0.030839989 
876 417 13 18 0.030769875 
488 385 8 11 0.030762224 
85 366 10 13 0.030697491 
551 374 8 11 0.03063883 
448 350 8 10 0.030559523 
802 367 7 9 0.03042503 
238 351 8 10 0.030263806 
198 356 9 11 0.03008834 
454 349 7 9 0.030064996 
361 336 7 9 0.03000879 
527 397 13 18 0.029980099 
383 442 26 44 0.02991645 
226 342 7 10 0.029750276 
633 358 7 9 0.02974681 
127 383 13 17 0.029738938 
379 383 11 13 0.029692903 
355 455 16 24 0.02947698 
344 345 9 11 0.029337352 
385 345 9 11 0.029327214 
547 402 13 21 0.029307494 
169 351 7 9 0.029155465 
608 381 9 13 0.028901218 
314 349 7 10 0.028897982 
350 364 9 11 0.028759148 
328 387 10 16 0.028753264 
804 405 13 18 0.028695794 
423 343 7 9 0.028638711 
301 316 10 13 0.028448917 
554 364 9 12 0.028366597 
248 364 9 12 0.028295005 
868 395 10 12 0.028230926 
762 381 9 11 0.028210651 
493 352 8 10 0.028153671 
768 377 8 11 0.02813044 
215 350 8 10 0.028052345 
46 340 12 15 0.027996935 
986 351 8 10 0.027977977 
276 149 8 11 0.027971728 
490 358 8 9 0.02776799 
799 357 8 10 0.027723264 
991 345 8 9 0.027655913 
808 372 9 11 0.02764072 
318 351 7 9 0.02746627 
280 332 8 10 0.027411886 
773 381 8 11 0.027364992 
925 398 13 17 0.027330715 
568 351 6 8 0.02733013 
225 350 8 10 0.02730928 
789 444 20 33 0.027278272 
731 359 7 10 0.027204586 
727 366 8 10 0.027124325 
617 417 15 19 0.027104376 
303 351 7 9 0.026922295 
254 358 10 13 0.02690315 
315 387 13 16 0.026886828 
529 366 8 11 0.026823891 
659 405 15 18 0.026539244 
711 359 7 9 0.026512993 
798 389 10 12 0.026509425 
654 357 7 10 0.026502922 
490 352 7 10 0.02611861 
710 350 7 9 0.026116015 
629 376 8 11 0.026047686 
650 359 7 10 0.02602217 
10 361 15 19 0.02596394 
236 383 15 16 0.02590666 
407 395 13 18 0.025893006 
144 360 8 10 0.025800632 
666 358 7 9 0.02579397 
53 371 11 15 0.025775664 
903 395 9 13 0.025630558 
87 315 12 17 0.025603276 
954 356 9 12 0.025598433 
939 403 17 20 0.025563195 
744 358 7 9 0.025486706 
695 588 60 77 0.02547882 
432 343 7 9 0.025447084 
712 367 7 9 0.025445808 
865 366 7 10 0.02542738 
301 388 11 15 0.02526482 
608 364 8 11 0.025217816 
78 366 11 14 0.025171991 
593 264 7 10 0.025026359 
250 404 22 33 0.024944741 
225 335 7 10 0.024893414 
942 344 8 10 0.02477534 
433 373 10 12 0.024760367 
314 372 10 13 0.024644595 
415 367 7 11 0.024490561 
761 376 9 11 0.024425432 
790 409 15 18 0.024403147 
625 357 7 9 0.024397586 
500 383 9 12 0.02434465 
469 398 14 17 0.024311993 
895 429 11 17 0.024287596 
638 359 7 9 0.024278684 
63 342 11 13 0.02422849 
927 344 8 9 0.024164097 
441 472 28 36 0.024119763 
233 332 8 11 0.024023114 
373 333 8 9 0.023924686 
816 370 8 10 0.023663785 
223 359 8 11 0.023643162 
318 367 10 14 0.023632621 
441 364 9 12 0.023528432 
410 320 7 10 0.023476582 
260 392 20 26 0.023441765 
645 390 12 14 0.023366505 
374 350 8 10 0.023311066 
704 366 8 9 0.023277197 
287 336 8 9 0.023233762 
77 323 13 16 0.023186048 
749 436 23 32 0.023164153 
361 352 8 9 0.023149215 
587 426 15 20 0.023148756 
5 368 17 20 0.023091715 
229 343 8 11 0.022986524 
478 426 15 22 0.02298401 
434 352 7 9 0.02296853 
312 366 9 12 0.022877168 
631 367 8 9 0.022874897 
774 358 7 9 0.022805784 
399 349 8 9 0.022706315 
631 327 6 8 0.022560997 
526 382 9 13 0.022502573 
798 396 13 16 0.022483181 
894 328 8 10 0.022386879 
959 391 11 15 0.022379886 
685 382 9 13 0.022301078 
669 403 12 16 0.022300329 
182 348 8 11 0.02205176 
215 360 9 11 0.021940956 
199 381 15 20 0.021931076 
893 382 9 12 0.021825675 
510 343 7 9 0.021815093 
964 445 33 38 0.02177007 
243 382 13 17 0.021752093 
313 255 8 10 0.021712758 
302 405 17 29 0.021711932 
609 351 7 8 0.02168478 
718 361 8 9 0.021629255 
303 343 8 10 0.021524046 
912 335 8 9 0.02144118 
336 318 7 9 0.021419574 
737 351 7 9 0.021370104 
334 345 9 10 0.021335179 
929 328 8 10 0.021329017 
697 360 7 9 0.02132386 
542 365 8 11 0.021296438 
366 367 10 14 0.021289572 
329 348 8 10 0.021251868 
810 325 7 10 0.02122261 
353 373 10 14 0.0211193 
705 358 7 10 0.021078987 
351 334 7 9 0.021065304 
746 401 12 21 0.021058787 
665 352 6 9 0.021001475 
191 332 7 9 0.020900866 
808 8 47 55 0.020798458 
479 372 10 12 0.020791885 
785 383 8 11 0.020733468 
212 375 14 19 0.020650696 
126 339 9 13 0.020642411 
818 334 7 9 0.02061672 
642 345 6 8 0.020587852 
231 388 14 18 0.02054931 
506 344 7 8 0.020538291 
151 360 9 12 0.020468563 
527 389 10 14 0.020464128 
476 382 11 14 0.020412924 
769 352 8 9 0.020409087 
814 327 8 10 0.020329399 
542 359 7 9 0.020272145 
294 336 8 10 0.020266796 
743 351 7 9 0.020262992 
313 381 10 14 0.020189615 
397 403 13 17 0.020066597 
568 366 8 11 0.020051194 
946 445 34 39 0.02002215 
