21_Festival_Festival_21_275
168
966 329 16 20 0.9654629 
686 231 11 12 0.939201 
257 265 30 55 0.89022017 
998 347 16 20 0.84706634 
920 349 8 12 0.8408052 
752 229 9 11 0.8081594 
883 344 7 9 0.64638156 
134 207 22 36 0.5812421 
568 341 25 25 0.53295636 
741 339 10 13 0.5061853 
790 97 8 11 0.46339288 
687 107 9 11 0.38027537 
705 238 10 12 0.37518957 
903 349 8 11 0.35844803 
863 343 10 13 0.34104225 
-2 193 41 90 0.2508791 
625 335 18 21 0.1614231 
808 96 8 10 0.15886118 
314 340 14 15 0.15627368 
994 405 16 17 0.13251916 
707 199 11 13 0.1299325 
743 231 9 12 0.1183511 
765 344 8 11 0.11438292 
834 351 8 11 0.11411465 
352 293 25 45 0.11065991 
662 420 9 13 0.101041876 
127 280 30 49 0.10038593 
765 309 9 12 0.08980107 
729 306 10 13 0.08570345 
755 197 10 12 0.08160766 
766 400 8 11 0.08138476 
859 344 8 10 0.08090413 
739 196 10 12 0.07936277 
720 232 10 12 0.07846668 
873 360 8 9 0.07778209 
691 198 10 13 0.0768745 
114 202 41 57 0.07530231 
704 455 9 12 0.07207187 
874 332 8 10 0.07167755 
634 336 14 18 0.06882669 
241 269 33 44 0.06846206 
805 194 11 15 0.068166375 
954 232 8 10 0.065841116 
770 197 11 13 0.063248046 
878 334 7 10 0.062650815 
640 222 9 12 0.06260672 
563 329 25 30 0.062213328 
737 231 9 12 0.06188004 
722 432 9 12 0.061222453 
916 404 9 11 0.060587436 
726 126 7 9 0.058582675 
657 96 7 10 0.057967696 
761 260 9 11 0.05776542 
685 271 9 13 0.055988666 
641 117 8 12 0.055913813 
675 460 10 14 0.05307548 
965 208 8 11 0.052678723 
711 113 8 10 0.052070778 
1000 268 8 10 0.051652774 
824 359 7 10 0.050847027 
657 422 10 12 0.049989514 
309 337 26 30 0.04937182 
869 348 9 11 0.046991892 
564 320 16 21 0.046618134 
736 236 9 12 0.046201613 
455 317 22 34 0.044979334 
725 199 9 10 0.043592248 
382 132 11 12 0.04188664 
459 336 18 26 0.04188436 
762 404 8 11 0.04172771 
768 230 10 12 0.04171798 
737 438 7 9 0.04113044 
822 228 10 14 0.041054424 
384 143 10 12 0.040368263 
911 349 9 11 0.04003939 
749 121 8 10 0.039929114 
822 340 8 11 0.038922444 
703 468 10 12 0.037249 
760 287 8 10 0.036198594 
717 336 10 12 0.03593063 
735 119 8 10 0.034079418 
798 144 9 10 0.033812225 
725 238 11 12 0.033800893 
658 120 7 9 0.0336862 
945 350 9 12 0.03334605 
893 334 9 10 0.033168882 
726 436 8 10 0.03271069 
725 230 10 12 0.03225175 
669 316 9 12 0.031819593 
751 342 8 10 0.031421166 
815 382 8 11 0.031304166 
776 383 7 9 0.031133734 
647 167 8 11 0.031101547 
661 199 9 11 0.0310936 
662 119 7 9 0.031076688 
704 112 8 10 0.030747702 
516 324 15 24 0.03073638 
670 104 8 10 0.03032826 
898 387 9 13 0.029913995 
831 356 8 11 0.02963494 
713 336 10 12 0.029617071 
685 423 9 11 0.029191557 
538 332 12 16 0.029161368 
710 94 7 9 0.028686319 
401 137 9 11 0.028591527 
963 397 10 12 0.028091615 
750 102 7 9 0.028034462 
712 364 10 12 0.027809436 
746 125 8 10 0.027085887 
811 190 12 14 0.02704507 
823 406 8 10 0.027014786 
728 121 7 10 0.027011171 
647 315 12 14 0.026739942 
737 222 8 10 0.026715618 
533 305 24 33 0.026634004 
665 150 7 9 0.02661154 
676 196 9 11 0.026518729 
783 311 8 11 0.02651641 
656 101 6 9 0.026250029 
854 390 7 9 0.026222587 
801 103 7 9 0.026125725 
18 202 54 79 0.026111614 
934 398 9 11 0.025843682 
453 313 15 22 0.025547544 
924 344 9 11 0.024923543 
727 214 10 13 0.024698723 
816 358 8 9 0.024622371 
622 286 8 10 0.024384558 
858 348 7 11 0.024322953 
792 134 9 11 0.024262033 
678 209 8 11 0.024185926 
777 311 7 10 0.023959715 
814 376 8 10 0.023845974 
621 412 14 17 0.023782905 
848 349 7 10 0.023561208 
888 336 8 11 0.023374552 
557 338 17 21 0.02334568 
848 344 8 10 0.023022832 
672 196 9 12 0.022932816 
743 111 8 9 0.022911655 
638 149 8 11 0.022846134 
628 413 13 16 0.022800893 
735 215 9 11 0.022723505 
824 87 8 11 0.022706898 
845 376 7 9 0.022653753 
641 111 9 13 0.022605281 
672 334 11 15 0.02251451 
443 313 23 31 0.022486204 
735 88 10 12 0.022354832 
705 449 8 10 0.022247443 
677 332 12 16 0.022151649 
736 94 9 12 0.022007989 
709 232 11 14 0.02200425 
673 237 8 10 0.021908682 
933 405 8 10 0.021800842 
754 438 8 10 0.021608181 
704 103 7 9 0.02157297 
899 349 8 10 0.021447234 
877 360 8 10 0.021357832 
768 286 9 12 0.021329325 
623 259 9 12 0.021111157 
670 109 8 11 0.021080058 
312 321 39 52 0.020907572 
712 254 8 10 0.020810774 
516 310 24 35 0.020439016 
375 141 9 12 0.020259375 
745 270 9 12 0.02025187 
136 285 39 53 0.0202386 
