21_Festival_Festival_21_42
2014
773 1317 16 19 0.97914565 
638 1258 14 18 0.9632679 
753 1316 15 18 0.96277595 
669 1288 14 17 0.9626204 
764 1196 13 17 0.9572413 
773 1222 14 19 0.9572059 
703 1291 14 18 0.9494602 
917 1134 11 15 0.94402754 
141 1277 15 19 0.94354314 
875 1329 14 17 0.9434308 
684 1269 12 15 0.93149436 
727 1275 13 16 0.9249849 
159 1268 13 16 0.9237682 
4 1187 13 17 0.90952516 
206 981 9 12 0.9060749 
902 1326 14 20 0.9028066 
898 1205 14 20 0.90067387 
594 1162 14 18 0.8976681 
79 1326 12 16 0.89662576 
601 1267 13 16 0.8893145 
800 1285 14 19 0.88645726 
743 1193 11 14 0.87899214 
626 1334 13 17 0.87875736 
38 1280 15 20 0.86850154 
592 1206 12 15 0.86495584 
76 1274 14 17 0.86004925 
661 1327 13 16 0.85697263 
18 1165 13 17 0.8558991 
449 1006 9 12 0.85192645 
697 1318 15 19 0.8361173 
539 1284 13 17 0.83194995 
629 1233 14 17 0.8304999 
81 1227 12 15 0.8289502 
839 1056 9 11 0.8270325 
574 1202 10 13 0.8239504 
48 1211 13 16 0.80889934 
666 940 8 12 0.7955722 
98 1166 13 17 0.79221123 
103 1331 17 21 0.78758574 
58 1265 13 19 0.7792483 
159 1086 9 12 0.7789924 
645 1149 12 16 0.77823937 
312 837 8 10 0.76473075 
721 1126 9 11 0.7586178 
167 1202 13 16 0.75835794 
700 1191 13 15 0.7543572 
654 1193 11 14 0.74392825 
776 902 8 9 0.7407078 
872 902 9 12 0.73858035 
229 1055 10 12 0.73667455 
641 1174 11 14 0.7332631 
729 1178 11 15 0.7260034 
859 1225 12 16 0.7183893 
141 1173 12 15 0.717926 
748 950 8 10 0.71780413 
321 1168 9 11 0.7172108 
328 829 7 10 0.70197535 
701 1077 10 12 0.6965407 
63 1227 13 17 0.6938038 
542 863 8 10 0.690185 
770 1278 13 17 0.6844617 
944 1157 10 13 0.67836154 
157 1241 14 16 0.662996 
688 1102 8 11 0.6550555 
801 873 6 8 0.650066 
618 937 7 9 0.649684 
709 1215 12 16 0.6470297 
609 1078 8 11 0.64179444 
672 1228 12 17 0.64159954 
61 965 10 12 0.63769263 
608 990 8 10 0.6347055 
794 1016 8 10 0.6268465 
184 854 8 10 0.6200974 
120 924 8 11 0.6075208 
172 1037 11 13 0.6033671 
867 1173 12 15 0.590619 
247 1144 8 11 0.5904517 
48 1235 12 14 0.5825437 
147 1151 12 14 0.5661669 
19 1103 12 15 0.5650461 
829 1000 10 13 0.5630492 
632 926 7 10 0.5517367 
254 984 10 12 0.5503787 
643 940 8 10 0.54691297 
144 868 7 10 0.54292995 
165 1053 9 11 0.53661716 
724 1342 14 18 0.5352184 
261 1029 11 14 0.53471214 
384 1297 12 15 0.5336207 
702 1344 16 20 0.5321937 
150 1116 11 14 0.526742 
742 900 9 12 0.5266801 
39 1099 11 13 0.52295965 
887 1028 9 11 0.52270645 
821 944 10 11 0.5213645 
476 1015 7 10 0.5182819 
201 1086 9 12 0.5158864 
277 852 8 11 0.5157166 
255 916 8 11 0.51204765 
204 1281 11 15 0.5118699 
70 957 10 13 0.5019388 
647 997 8 10 0.498686 
177 982 7 10 0.4981599 
121 1046 10 13 0.4944298 
111 1258 12 15 0.49063224 
974 1051 9 12 0.49051467 
770 939 9 11 0.48596838 
63 847 7 9 0.48377857 
208 1061 11 13 0.47960243 
624 1196 10 12 0.4795139 
689 1052 10 12 0.47753707 
838 1094 9 12 0.46992332 
128 1071 9 11 0.46644995 
179 1014 10 13 0.45322302 
254 1324 11 14 0.45263943 
110 1116 10 13 0.4475655 
828 1087 11 13 0.44510013 
93 1349 17 19 0.44142056 
557 1139 10 12 0.43496016 
567 1068 9 12 0.4288768 
272 950 8 10 0.42690375 
100 992 10 13 0.4263152 
813 1013 8 11 0.42374712 
591 1080 8 10 0.41898006 
879 1001 8 10 0.41733795 
94 1070 10 13 0.41663 
124 881 9 10 0.4106796 
53 1060 9 11 0.4096598 
689 999 9 12 0.40572897 
99 1290 13 16 0.40163732 
201 1125 11 14 0.39973414 
175 1220 12 15 0.39742315 
750 1264 9 12 0.39660287 
649 888 7 9 0.394931 
220 1122 9 13 0.39300025 
655 1307 14 15 0.3877239 
988 1166 10 14 0.38302466 
44 1338 11 14 0.38024634 
183 996 8 10 0.37974262 
794 1347 19 19 0.37231466 
438 1302 11 13 0.3573931 
268 1003 10 12 0.35534763 
93 1094 9 12 0.35454506 
71 1025 9 11 0.3537271 
440 965 9 11 0.34932026 
241 999 10 12 0.34515297 
127 1228 10 12 0.34356195 
200 796 8 10 0.3390451 
702 1105 9 10 0.33718702 
602 949 8 10 0.3337625 
255 852 8 10 0.33116627 
287 870 9 11 0.32998753 
846 958 7 10 0.32855368 
332 1181 10 13 0.32623053 
664 1260 12 15 0.32619473 
319 1239 11 14 0.32385135 
21 1044 10 13 0.32001308 
277 831 8 10 0.3187234 
113 1233 12 15 0.31628644 
711 1156 9 11 0.31551442 
611 1229 12 14 0.31402946 
298 713 7 9 0.309277 
294 839 8 9 0.30805618 
158 1326 10 13 0.30688465 
670 1140 9 11 0.30660895 
616 958 7 9 0.30623612 
573 866 7 9 0.30482614 
45 972 8 11 0.3027831 
364 992 10 14 0.30161133 
99 1242 12 16 0.30108726 
224 821 8 10 0.29439348 
702 1011 8 11 0.29360902 
684 1076 11 13 0.2924181 
647 1047 10 13 0.2862057 
823 1063 7 10 0.28477547 
193 1067 10 12 0.28369018 
38 1269 14 16 0.2832867 
108 1209 12 16 0.2807592 
126 1096 10 12 0.27819997 
190 1151 10 13 0.27560797 
752 917 8 11 0.2754495 
574 1021 8 11 0.27541718 
177 1062 8 10 0.27527156 
310 930 8 11 0.2738774 
658 1063 8 11 0.27025256 
618 976 7 10 0.26962778 
277 1187 9 13 0.26875532 
734 1156 10 12 0.26801842 
229 805 7 9 0.26531777 
110 1056 9 11 0.26061007 
253 943 10 12 0.2594636 
768 955 7 10 0.257721 
504 535 7 9 0.2573456 
605 1003 8 11 0.25667968 
122 1162 13 16 0.25349736 
109 917 8 10 0.25271255 
830 948 9 11 0.25244713 
102 951 9 11 0.2517716 
586 1001 8 11 0.24907999 
232 976 8 9 0.24820298 
192 957 8 10 0.24589646 
230 840 7 9 0.24057154 
343 1222 10 13 0.23936723 
254 1008 9 10 0.23596783 
262 962 8 10 0.2347401 
800 968 7 10 0.23439835 
4 1252 11 14 0.23430794 
164 1069 8 11 0.2331462 
102 1016 9 10 0.23270592 
37 1072 11 12 0.23216368 
286 1023 8 10 0.23141485 
162 1047 8 10 0.2304332 
637 985 8 9 0.23013113 
703 1265 13 14 0.22975716 
613 910 7 9 0.2271615 
589 1057 8 10 0.22497554 
286 897 7 10 0.22430636 
118 1014 8 10 0.22329979 
680 1206 9 13 0.2217831 
712 884 8 10 0.21948917 
599 1247 10 13 0.21906243 
178 1136 10 14 0.21899523 
634 869 7 8 0.2175475 
79 1252 11 13 0.21714172 
226 934 7 10 0.2165562 
343 1043 9 12 0.21424954 
341 1140 9 11 0.21410948 
290 918 6 9 0.21251069 
233 1028 8 11 0.21109162 
628 1214 9 12 0.20825002 
126 1000 8 10 0.20776847 
690 792 7 10 0.20299597 
97 877 7 9 0.20283714 
577 983 8 10 0.20264362 
538 1023 9 13 0.20246185 
722 1166 9 12 0.2018436 
733 877 8 10 0.20159209 
396 1147 10 12 0.20017266 
693 1022 8 11 0.19928975 
383 1223 9 12 0.19848903 
440 601 7 9 0.19839126 
126 1005 8 10 0.19781294 
326 998 10 13 0.19754843 
672 850 7 9 0.1974787 
346 696 7 9 0.19738413 
305 1221 9 12 0.19723544 
632 897 7 9 0.19606972 
581 846 9 12 0.19456553 
737 1104 9 12 0.19448474 
752 1095 10 12 0.19378717 
96 1076 8 10 0.19318943 
640 828 8 9 0.1922934 
199 967 8 10 0.19022736 
337 712 8 10 0.18899699 
569 968 7 9 0.18885154 
239 964 9 11 0.18712005 
466 719 7 8 0.18711133 
183 1244 12 14 0.18660545 
725 1144 10 12 0.18593636 
37 1260 13 16 0.18568529 
596 1297 13 15 0.1855547 
694 880 8 9 0.18499361 
266 887 8 10 0.18371938 
249 820 7 9 0.18092324 
213 1005 9 10 0.18060145 
638 842 7 8 0.17915644 
589 866 7 9 0.17864776 
200 856 7 9 0.17671251 
598 988 8 10 0.17594104 
640 720 6 8 0.17565352 
408 1008 10 13 0.1755168 
314 736 8 10 0.17515807 
752 894 7 9 0.17372839 
582 881 8 10 0.1737145 
606 1127 9 12 0.17351422 
231 885 8 10 0.17307703 
621 977 8 11 0.17121318 
1 1328 11 17 0.17041975 
685 1206 11 14 0.16980529 
609 888 7 9 0.1696047 
602 1063 8 10 0.16928464 
395 696 7 10 0.16915207 
528 999 8 11 0.16798498 
632 790 7 9 0.16770217 
728 894 7 10 0.16604353 
167 1115 9 11 0.16583408 
655 927 8 10 0.16483976 
712 1095 9 12 0.1646887 
609 1044 8 10 0.16446035 
277 1220 10 13 0.16419758 
270 886 8 10 0.16370608 
321 1314 11 15 0.16248241 
49 1056 9 12 0.16237772 
428 1311 10 13 0.16049306 
825 866 7 8 0.16043311 
216 768 7 9 0.16032608 
523 1127 10 12 0.15976599 
157 1188 10 13 0.15956822 
198 1007 9 11 0.15888742 
592 826 7 9 0.15888399 
184 768 8 11 0.15874471 
241 933 7 10 0.1586177 
272 943 9 11 0.15836927 
207 1019 9 10 0.15778561 
441 1235 9 12 0.15741163 
321 712 6 8 0.15675987 
176 1163 12 14 0.15468934 
331 775 6 8 0.15384288 
440 1143 9 13 0.15254317 
241 1016 7 9 0.15246007 
526 1063 9 11 0.15081899 
101 902 8 11 0.15063825 
535 910 7 9 0.14995217 
846 975 8 10 0.14975557 
330 733 7 10 0.14967775 
190 1035 10 12 0.14947481 
231 758 7 9 0.14934102 
170 1031 8 11 0.14863014 
289 824 7 9 0.14783071 
219 975 8 10 0.14737396 
300 1148 10 12 0.14727807 
199 1048 9 11 0.14632712 
602 735 7 10 0.1459623 
274 849 9 11 0.14593287 
6 1054 8 10 0.14550328 
93 1202 10 13 0.14523363 
0 1268 8 12 0.14417885 
659 822 7 9 0.14359064 
41 968 9 12 0.14350358 
93 1052 8 10 0.14319238 
610 872 7 8 0.14221129 
136 1099 9 11 0.14050473 
328 729 8 10 0.14049293 
120 895 6 8 0.13961124 
202 934 8 10 0.13956513 
657 1165 9 12 0.13927835 
237 1029 8 11 0.13882017 
206 929 8 9 0.13832474 
71 1061 8 10 0.13829692 
696 841 7 8 0.13776629 
593 885 7 8 0.13718314 
365 1031 9 11 0.13712832 
257 837 7 9 0.13618803 
655 920 7 9 0.13579658 
234 742 5 8 0.13486901 
724 1214 13 15 0.1337127 
215 786 7 9 0.13350454 
632 1005 8 10 0.13346438 
89 1047 10 12 0.13336363 
232 904 8 10 0.13296376 
510 806 7 10 0.13294263 
259 869 7 10 0.13275646 
312 1255 9 12 0.1324675 
494 1208 9 11 0.13243882 
114 982 8 10 0.13226396 
367 721 7 9 0.13186613 
209 1036 8 10 0.13127492 
790 946 7 10 0.13124728 
120 1190 11 13 0.13116784 
318 1190 9 11 0.1309341 
1 1100 7 10 0.13062754 
55 1038 8 10 0.13052756 
179 822 6 9 0.13009991 
277 881 8 10 0.12987919 
283 807 7 9 0.12962267 
165 1182 10 13 0.1295396 
698 1014 8 11 0.12663436 
841 1017 8 9 0.12615803 
362 774 6 9 0.12614001 
55 885 8 9 0.124716505 
53 1134 11 14 0.12426794 
923 990 7 10 0.1242104 
644 936 9 11 0.124132395 
664 839 6 7 0.123965554 
649 928 7 10 0.122660466 
352 1020 8 11 0.122512765 
208 1004 9 11 0.1219924 
6 877 8 11 0.12181104 
23 1052 10 13 0.121308304 
662 1190 10 13 0.12110451 
527 1312 10 13 0.1207175 
291 840 7 9 0.12012491 
289 877 8 10 0.11887202 
600 1131 9 12 0.118554294 
626 726 7 8 0.11831538 
680 935 8 10 0.11787138 
399 679 6 8 0.11745306 
692 1244 13 15 0.117319494 
493 808 7 9 0.11699623 
222 1039 8 10 0.11684746 
574 897 8 10 0.11667167 
303 849 8 10 0.116436355 
433 1300 11 15 0.1163849 
609 927 7 9 0.116025604 
122 886 8 10 0.115907684 
215 1037 8 10 0.115839064 
506 802 7 9 0.115690626 
750 914 8 10 0.11519446 
782 1029 8 10 0.114888415 
517 1144 10 12 0.11421488 
553 1330 11 15 0.11391537 
224 991 9 11 0.1137054 
832 1090 11 14 0.11285067 
621 1166 10 11 0.11240166 
202 911 7 9 0.112382434 
101 895 7 10 0.11207143 
432 1056 8 11 0.11143525 
37 1229 12 14 0.11126292 
263 928 8 10 0.11097675 
648 775 7 9 0.11045763 
145 917 8 10 0.11032587 
249 838 6 9 0.110152155 
275 790 7 9 0.10993631 
217 913 7 8 0.10862781 
686 1120 9 12 0.10856929 
558 977 9 10 0.107679985 
718 1213 12 15 0.10739512 
705 966 8 10 0.10638583 
626 913 7 9 0.10631382 
785 999 8 10 0.10625496 
654 848 6 8 0.10574791 
620 1312 10 12 0.10562855 
695 1121 8 11 0.105527796 
691 797 7 9 0.105525635 
569 719 7 8 0.1055191 
127 1132 11 13 0.10546035 
651 846 6 9 0.10535063 
790 961 7 10 0.10511204 
594 988 8 10 0.104760244 
274 880 8 10 0.10449334 
608 863 7 8 0.10386883 
784 1093 10 12 0.103777505 
695 1103 9 12 0.10340718 
366 695 7 9 0.10331155 
251 1347 14 16 0.10323562 
600 873 7 9 0.10309979 
581 953 8 10 0.102804966 
706 702 7 9 0.10263647 
630 1028 7 10 0.102213785 
617 817 6 8 0.101215646 
306 863 7 9 0.101038836 
334 681 8 10 0.10087706 
533 1148 9 11 0.10065346 
445 1143 9 12 0.10034124 
301 806 7 9 0.10025051 
559 558 7 8 0.100141324 
614 1023 8 10 0.10003859 
844 1285 10 13 0.09935341 
271 983 9 10 0.099048756 
713 861 7 9 0.098917805 
536 1047 9 10 0.09831651 
757 1096 9 11 0.09813219 
278 991 9 11 0.09772575 
129 952 6 8 0.0975996 
706 897 7 9 0.097434 
120 1007 8 10 0.09693346 
178 1070 9 10 0.09680539 
396 1206 9 11 0.095857486 
594 757 6 9 0.095607385 
226 929 7 9 0.09554379 
525 1260 10 13 0.095431015 
266 903 7 9 0.09529728 
279 920 7 9 0.095242575 
584 767 6 8 0.09518413 
432 1135 10 12 0.09517263 
578 957 7 9 0.09512607 
530 702 7 8 0.09498964 
248 784 7 8 0.09493501 
400 719 7 9 0.094097696 
190 913 7 9 0.09349925 
149 912 9 12 0.09303418 
614 1029 7 9 0.092890024 
370 710 6 9 0.09251665 
32 825 7 10 0.092474185 
256 806 7 9 0.0923066 
664 1135 10 11 0.09196001 
230 934 7 10 0.09158565 
17 1062 8 10 0.091269396 
690 880 7 9 0.091152646 
83 1214 12 14 0.090652175 
577 672 7 9 0.090565 
282 814 6 9 0.090553544 
343 831 6 8 0.0902844 
281 1022 9 11 0.08987889 
232 783 6 7 0.08986138 
288 1227 11 13 0.0897403 
458 1337 14 18 0.089204095 
117 942 8 10 0.088769615 
175 1110 9 12 0.08850039 
242 785 6 7 0.0883926 
582 841 8 10 0.0878187 
569 679 7 8 0.08740764 
431 631 8 9 0.08731736 
184 1121 8 10 0.08723685 
117 1212 12 14 0.086485706 
159 981 7 9 0.08636602 
745 1089 8 10 0.08596049 
664 766 6 8 0.08594867 
642 809 7 8 0.08587797 
32 1227 11 14 0.08584792 
559 678 6 8 0.08573641 
637 1112 9 11 0.08560008 
627 696 7 10 0.08550988 
529 805 6 9 0.08498948 
686 864 7 8 0.08485507 
173 1116 9 11 0.08467461 
189 854 8 11 0.08423481 
233 861 7 9 0.08373528 
292 1159 10 11 0.08355678 
727 830 6 8 0.08325711 
641 741 7 9 0.083241984 
694 1141 8 11 0.08312942 
425 997 8 10 0.08295221 
598 1040 8 10 0.08274729 
369 632 7 8 0.08273847 
641 768 7 8 0.08236672 
85 1197 10 12 0.081801616 
671 742 6 8 0.08176791 
231 951 9 10 0.081710346 
174 1243 12 15 0.081688955 
558 822 7 9 0.08124567 
584 1073 8 10 0.08088143 
719 864 7 10 0.080850825 
519 1131 11 12 0.080763586 
266 822 7 9 0.08054231 
607 837 7 10 0.08046273 
273 1184 9 12 0.08034277 
568 991 7 10 0.08020128 
133 1149 10 13 0.080134146 
214 1016 10 12 0.080099106 
102 942 9 11 0.08000701 
72 1056 9 10 0.079937965 
658 791 7 9 0.07958397 
351 782 7 9 0.07937182 
329 798 6 8 0.079281025 
630 920 8 10 0.078537196 
938 1042 7 9 0.07838571 
413 1229 9 12 0.07836284 
345 700 7 10 0.07819162 
541 1027 8 12 0.0780362 
815 1010 8 10 0.077870145 
646 1123 10 13 0.07770115 
261 865 8 10 0.07725609 
497 726 6 9 0.07720266 
430 698 7 9 0.07711632 
581 853 8 10 0.077080525 
457 728 6 8 0.07695071 
727 919 8 11 0.07676935 
128 991 8 10 0.07673834 
238 1047 9 11 0.07662469 
215 847 7 10 0.076503165 
224 753 8 10 0.076180585 
261 832 8 11 0.076143764 
589 1142 10 13 0.07597024 
248 1045 9 11 0.07577278 
710 897 7 9 0.07575682 
463 1102 8 10 0.07568283 
625 895 7 9 0.07559248 
278 1061 8 10 0.07531928 
535 880 10 11 0.075209625 
744 897 9 11 0.074957594 
711 1142 8 10 0.074915044 
344 632 7 8 0.074901156 
433 608 7 9 0.07485709 
200 1175 9 11 0.074806444 
21 1060 8 11 0.07422173 
338 716 8 11 0.07399188 
576 678 7 8 0.07385428 
184 968 8 10 0.07378231 
280 997 8 10 0.0737412 
157 1116 9 12 0.073621474 
322 718 7 9 0.0732748 
440 648 8 9 0.07306881 
149 1221 12 15 0.07300358 
465 685 7 9 0.07297152 
270 1142 9 12 0.07288413 
534 1313 14 20 0.072804034 
241 856 8 9 0.072757795 
592 1229 9 12 0.07270245 
621 1127 8 11 0.072560385 
338 1222 10 11 0.07255199 
689 841 7 8 0.072513565 
598 1310 13 16 0.07250108 
612 1211 9 12 0.07237733 
257 762 6 7 0.072375685 
-1 1083 7 11 0.072224654 
307 1317 12 18 0.07215698 
230 845 7 9 0.07212736 
638 1070 10 12 0.072103366 
114 896 7 8 0.07164265 
295 886 6 9 0.071602404 
720 1182 9 12 0.0715513 
303 777 7 8 0.07146453 
631 809 6 9 0.07143552 
625 1014 7 9 0.07133252 
896 901 9 11 0.07124026 
304 817 7 9 0.071048714 
592 710 6 9 0.07090727 
27 1340 13 17 0.07089764 
138 869 8 10 0.07037751 
238 974 8 10 0.07036996 
666 1348 13 14 0.07007682 
178 817 8 9 0.070037 
333 919 9 11 0.06991129 
79 1054 7 10 0.06974965 
536 884 11 13 0.06970084 
322 1005 9 11 0.069680095 
609 905 8 10 0.06958835 
274 921 7 9 0.06956535 
400 1009 8 10 0.069071904 
314 902 7 9 0.06896406 
705 1156 9 12 0.06887738 
689 958 8 10 0.06876987 
570 897 8 10 0.06870047 
646 814 6 8 0.067978434 
744 1166 10 11 0.06785464 
255 784 6 8 0.067835316 
616 854 7 9 0.06771805 
478 703 7 9 0.06766898 
254 1143 9 12 0.06765077 
49 1047 8 10 0.06737728 
938 1156 10 13 0.06731448 
161 1183 10 13 0.067257605 
559 965 7 9 0.06725263 
718 1158 9 11 0.06721501 
606 792 7 9 0.06711138 
368 704 7 9 0.067027934 
293 917 8 10 0.0669896 
290 729 7 8 0.066878326 
91 1068 9 12 0.06676682 
329 1188 10 13 0.06658565 
607 893 7 9 0.06630361 
248 854 7 10 0.06618974 
604 1243 12 14 0.06598204 
826 1004 8 11 0.06595627 
343 639 6 9 0.06590601 
78 1310 12 15 0.06581657 
446 1203 10 11 0.0657547 
600 671 8 9 0.06573017 
149 862 8 10 0.06543288 
723 1109 7 10 0.06502942 
214 999 8 11 0.06500487 
231 909 7 10 0.06481617 
719 1253 12 15 0.064601 
394 679 7 9 0.06452662 
310 863 7 8 0.064311646 
144 992 7 9 0.06428685 
695 825 6 8 0.06417283 
87 1203 11 14 0.06378794 
819 1062 7 10 0.0637807 
616 760 7 8 0.06346018 
45 1324 12 15 0.06319096 
667 808 5 8 0.063156165 
297 853 7 9 0.06312469 
568 998 8 9 0.06286071 
125 1052 8 10 0.06271704 
599 934 7 9 0.06262752 
547 542 6 9 0.06262652 
318 790 8 9 0.062593296 
297 790 7 9 0.062454846 
278 1056 9 10 0.062448468 
567 913 8 10 0.06224545 
686 1237 14 17 0.062215146 
210 870 7 10 0.062206835 
106 1054 9 12 0.062053207 
103 936 8 10 0.06170139 
720 1149 9 12 0.06151109 
135 1064 8 10 0.061470788 
239 1022 8 11 0.06126859 
497 720 7 8 0.061220765 
247 1039 9 12 0.06102813 
311 718 6 8 0.060994804 
714 857 7 9 0.06086428 
330 815 7 9 0.060686905 
287 815 7 9 0.060648806 
806 1047 7 10 0.060499653 
662 791 7 9 0.060485687 
674 886 7 9 0.060287375 
655 1055 8 11 0.060237404 
232 958 10 12 0.060152393 
233 1007 8 9 0.06010521 
682 1118 9 12 0.060073335 
0 1062 8 11 0.060066916 
698 871 7 10 0.06002261 
681 808 6 8 0.059811417 
197 1064 10 12 0.05956272 
312 917 7 10 0.059555087 
28 1346 16 18 0.059484005 
150 1020 8 11 0.059366126 
34 793 7 9 0.05934863 
86 975 8 12 0.05933399 
69 963 10 12 0.059308026 
217 854 8 10 0.059278954 
15 1053 10 13 0.05923257 
693 1207 10 14 0.059172098 
79 1014 7 9 0.05909842 
287 735 7 9 0.05885799 
271 822 7 9 0.058832992 
845 1021 8 10 0.05878257 
675 824 6 8 0.05864788 
150 1105 10 12 0.05858546 
113 1013 8 10 0.058544844 
681 940 9 11 0.058522057 
686 941 8 11 0.058502655 
650 791 6 8 0.058139026 
246 1003 9 12 0.058112953 
31 1109 9 11 0.058086183 
232 964 10 11 0.05807005 
614 965 9 11 0.058031496 
104 955 9 11 0.057629883 
670 1157 9 12 0.057583313 
592 952 7 9 0.05716933 
610 1030 7 9 0.057093054 
206 1141 8 11 0.057033837 
768 1315 13 18 0.056851767 
791 964 8 11 0.05665709 
318 1158 9 11 0.056563564 
256 765 7 8 0.05652921 
845 856 8 10 0.05622893 
195 1008 8 10 0.056210432 
211 1055 10 12 0.056140076 
577 663 7 9 0.056130044 
466 957 7 10 0.05598355 
251 917 7 10 0.055903494 
265 894 8 10 0.055709224 
269 903 7 9 0.055665568 
306 821 6 9 0.0556599 
600 855 7 9 0.055596136 
278 925 8 10 0.055555128 
511 1237 12 18 0.055231944 
681 855 6 9 0.055229455 
488 711 6 8 0.055121012 
632 1079 8 10 0.05506645 
614 694 7 9 0.054941054 
252 982 8 10 0.05468997 
179 1216 11 13 0.054654956 
346 743 6 8 0.054570276 
626 1025 7 10 0.05445811 
704 960 8 10 0.054437537 
606 1235 12 15 0.054433238 
641 887 7 9 0.054377746 
182 815 7 9 0.054330897 
616 821 7 9 0.054318283 
360 678 6 8 0.054230466 
134 1013 7 9 0.054133818 
592 1133 9 12 0.05409239 
175 1057 8 11 0.053979963 
633 1071 8 10 0.053901657 
587 1076 8 11 0.05389017 
744 909 9 11 0.05388187 
135 1116 8 11 0.053666286 
120 1079 8 11 0.05361178 
348 1222 8 11 0.05360537 
56 960 12 14 0.05359698 
378 1223 9 12 0.05358734 
317 783 9 10 0.053570103 
180 1157 11 13 0.05350473 
486 1251 11 13 0.05313604 
525 1321 10 16 0.052963 
273 988 9 11 0.052959383 
785 1006 7 10 0.052923445 
102 975 7 9 0.052858237 
585 829 7 10 0.052802805 
737 1237 15 20 0.052738078 
416 525 7 9 0.052625038 
239 929 8 10 0.052596252 
669 1149 11 13 0.052565664 
683 864 6 8 0.052509166 
426 728 7 8 0.05247943 
727 864 7 9 0.05238812 
260 987 9 12 0.052109096 
763 952 7 10 0.052050702 
702 870 7 9 0.052024413 
230 929 8 9 0.051998425 
231 981 9 10 0.05198382 
336 703 7 9 0.051916912 
141 1099 9 12 0.051719036 
542 1053 8 10 0.051709823 
514 574 6 8 0.051589075 
678 881 8 9 0.051495943 
573 969 7 9 0.05148444 
83 1190 11 14 0.051381737 
529 1037 8 10 0.051358446 
246 1022 8 10 0.05134234 
88 903 7 9 0.051273957 
322 705 6 8 0.051223375 
600 654 6 8 0.051177286 
263 800 7 9 0.051105212 
258 1070 8 10 0.051034663 
666 1326 13 15 0.05087113 
289 830 7 9 0.050820574 
592 869 7 8 0.050818488 
232 1048 10 13 0.05072547 
761 958 7 9 0.050628275 
328 702 7 9 0.050513867 
627 1191 11 13 0.050352927 
15 881 7 9 0.050252937 
132 1069 9 12 0.05022773 
368 1208 8 13 0.050193023 
137 926 7 10 0.050064795 
97 887 8 10 0.049964167 
558 961 8 9 0.049952026 
16 754 7 9 0.049923204 
397 700 8 10 0.04983843 
575 1088 8 11 0.049795024 
258 1036 9 12 0.049738273 
227 756 7 10 0.049663935 
728 889 7 9 0.049572673 
758 925 7 9 0.049561583 
225 1023 8 10 0.049544457 
694 958 8 10 0.04935455 
679 886 6 9 0.04920135 
634 775 6 8 0.049195316 
197 1036 9 11 0.049165882 
554 960 8 10 0.049106445 
783 1099 10 12 0.049027473 
615 887 7 9 0.048963178 
282 870 9 10 0.048898652 
600 904 7 10 0.048852675 
728 1158 10 12 0.04883879 
627 809 6 9 0.048676293 
138 888 7 9 0.048656967 
144 974 8 11 0.048629347 
511 1128 8 11 0.04862809 
547 696 6 8 0.048622753 
241 847 7 9 0.04855401 
427 718 7 9 0.048490174 
270 894 8 10 0.048467007 
616 727 6 8 0.04841774 
502 1209 8 11 0.04826788 
624 743 7 9 0.048248477 
135 1009 8 10 0.048239965 
32 753 7 9 0.0481838 
0 1117 5 10 0.048126522 
287 1086 8 10 0.048063096 
471 1255 10 15 0.04799062 
293 1164 10 12 0.04797936 
626 700 7 10 0.04796117 
136 992 7 9 0.04794788 
585 720 7 9 0.04788298 
577 746 6 8 0.047820713 
397 1261 16 23 0.047761187 
919 1046 7 10 0.047688585 
350 743 7 8 0.047683865 
789 1230 10 13 0.047678526 
830 1070 8 9 0.047520872 
855 910 7 10 0.04751984 
702 813 7 9 0.047493406 
400 712 6 9 0.04749084 
297 817 7 9 0.047341414 
216 878 7 9 0.047305424 
375 710 7 8 0.047262616 
253 817 8 10 0.047252238 
635 989 7 9 0.047242075 
593 1045 8 10 0.047237456 
825 1067 8 11 0.047219448 
166 1062 9 12 0.047216613 
608 1120 9 11 0.047081906 
110 1047 10 12 0.046965215 
256 901 8 9 0.046800375 
81 1156 9 12 0.046740975 
416 1133 8 10 0.046710737 
565 1075 9 12 0.046581652 
818 948 8 11 0.046412025 
321 751 7 10 0.046403088 
610 680 6 8 0.0462987 
122 1099 9 12 0.046294283 
67 1025 8 10 0.046260417 
105 912 8 11 0.045942962 
263 1142 9 12 0.04590953 
592 1236 10 12 0.0458431 
239 1038 9 10 0.045691237 
70 1270 15 18 0.04566242 
650 752 6 8 0.045657262 
296 846 9 11 0.04564851 
833 1109 8 11 0.045583993 
282 754 6 8 0.0455697 
455 1267 10 15 0.04555807 
687 679 7 10 0.045542467 
754 923 8 11 0.045476113 
197 958 10 11 0.045450065 
188 1199 10 12 0.045417927 
151 1063 8 10 0.04538209 
610 694 6 9 0.045365345 
206 960 8 11 0.04531925 
329 697 7 9 0.045310237 
318 776 7 9 0.045259923 
637 869 7 9 0.04524475 
602 839 7 9 0.045217626 
497 559 8 10 0.045158934 
574 974 8 10 0.044975147 
273 1060 9 11 0.044946317 
222 1044 10 11 0.044844307 
192 966 9 12 0.04483409 
617 745 7 8 0.044817988 
630 912 7 9 0.044794578 
146 824 6 8 0.04468732 
729 855 7 8 0.044581823 
120 1041 9 11 0.044579774 
656 1067 10 12 0.04457173 
271 956 9 11 0.044535402 
686 686 8 10 0.04435345 
313 1153 8 10 0.044282604 
33 1074 10 13 0.044279274 
160 1040 8 11 0.044213515 
305 838 8 10 0.044179253 
625 790 7 8 0.043994457 
615 1016 7 10 0.043904256 
120 1070 7 9 0.04387234 
193 1048 8 10 0.04386928 
726 1105 9 11 0.043852802 
178 769 8 10 0.043852802 
657 717 7 9 0.04378357 
264 911 7 9 0.04373782 
608 688 7 9 0.04373371 
359 1015 7 10 0.043712456 
771 1271 12 16 0.04364301 
294 728 6 9 0.043524317 
192 1133 9 10 0.04348156 
165 1250 12 15 0.043373663 
646 809 7 8 0.043353632 
633 1109 9 11 0.043326095 
642 998 8 10 0.043321263 
687 857 6 8 0.043228317 
54 1164 10 14 0.043138206 
490 814 7 10 0.043102916 
614 872 6 8 0.043097466 
686 870 7 9 0.04302215 
297 801 7 9 0.043016706 
169 952 9 10 0.04299552 
599 728 8 9 0.042916283 
656 991 8 10 0.042903185 
297 752 6 8 0.042890653 
247 1029 8 11 0.04275864 
455 665 7 8 0.042754877 
138 920 7 8 0.042746797 
657 839 7 9 0.04272469 
511 999 9 10 0.042683702 
721 1143 9 12 0.04263845 
719 1172 10 12 0.042621966 
699 814 6 9 0.042573795 
896 895 9 12 0.04254429 
333 925 9 11 0.04253864 
290 1265 10 15 0.042500164 
870 879 7 8 0.042493686 
592 678 7 8 0.042485982 
883 1202 10 14 0.042475324 
159 912 7 9 0.042418215 
200 878 7 10 0.042412892 
122 999 9 11 0.042297713 
590 919 7 9 0.04226986 
590 1029 7 9 0.042261694 
600 709 6 9 0.04224189 
136 1355 11 12 0.042149175 
538 576 6 9 0.042139005 
635 840 7 9 0.04208221 
619 784 6 8 0.04195409 
286 1047 8 11 0.041917756 
177 1104 10 12 0.041908056 
257 897 6 9 0.04188712 
343 728 7 8 0.041872766 
191 1143 10 13 0.041842237 
656 1170 10 13 0.041684836 
537 682 6 8 0.041682433 
297 1145 9 12 0.041640658 
161 1014 8 10 0.041624643 
71 1342 12 14 0.041615378 
610 760 6 8 0.041595314 
657 799 6 8 0.04157737 
294 997 8 11 0.04148527 
534 1040 8 10 0.041455034 
624 775 6 8 0.041390583 
647 912 7 9 0.041369095 
623 784 7 9 0.041325755 
690 1142 8 11 0.04130596 
289 1027 9 12 0.041279837 
288 926 7 9 0.041255668 
560 765 7 9 0.041130353 
640 1115 9 12 0.041077595 
624 813 7 10 0.041042373 
725 934 7 10 0.040984105 
586 789 7 9 0.040860225 
64 877 9 11 0.04084689 
192 775 7 8 0.04079648 
98 1021 8 10 0.040788103 
633 752 6 8 0.04072712 
612 1243 11 14 0.040704194 
449 983 8 11 0.040606912 
166 1175 10 13 0.040569115 
200 973 9 10 0.040567603 
617 980 7 10 0.040560346 
249 848 8 10 0.04048913 
602 741 7 9 0.040438943 
562 1069 10 13 0.040405795 
576 918 7 10 0.04039434 
736 887 7 9 0.040350165 
633 785 6 9 0.04034195 
650 918 7 9 0.040338684 
866 878 7 9 0.040279493 
335 728 7 9 0.04016484 
385 736 7 8 0.040084403 
182 974 7 9 0.040078845 
114 902 6 9 0.039963223 
722 920 7 9 0.039949052 
225 958 8 11 0.039936453 
703 841 6 8 0.039912887 
360 674 7 8 0.039898682 
622 1171 9 12 0.039888162 
362 727 6 9 0.039864924 
222 1015 8 9 0.0396746 
673 815 6 8 0.039664343 
672 919 7 10 0.039656572 
304 757 7 9 0.039651606 
489 768 7 9 0.039645668 
94 1088 9 12 0.039607067 
682 686 8 9 0.03959488 
236 1053 10 11 0.039583184 
382 718 7 9 0.039529853 
641 1093 9 12 0.039476298 
599 910 7 9 0.039425682 
177 977 8 10 0.039424624 
290 886 8 9 0.039363418 
608 934 7 9 0.039261095 
894 880 7 9 0.03923453 
200 1012 8 11 0.03919986 
647 758 6 9 0.03908497 
664 1184 10 12 0.039074004 
664 1078 9 10 0.038991198 
246 934 9 10 0.03896987 
780 902 8 10 0.03889066 
670 1078 8 10 0.038867686 
177 1086 9 12 0.03870831 
193 1012 8 10 0.038627323 
130 966 7 9 0.03862344 
623 1158 10 13 0.038600434 
179 854 7 9 0.038496803 
267 733 6 9 0.03846706 
40 1233 14 15 0.03844073 
490 1206 9 12 0.038243454 
450 719 6 8 0.038141403 
97 926 7 9 0.03813574 
649 783 7 9 0.038031377 
279 836 8 10 0.037980523 
810 1009 8 11 0.037979804 
534 702 6 8 0.03797601 
401 551 7 9 0.03795424 
208 1103 8 11 0.03793965 
941 1041 8 10 0.03793812 
30 1335 12 16 0.03788266 
204 1132 10 12 0.037879687 
721 1104 8 10 0.037870478 
749 901 8 10 0.037864555 
294 880 6 9 0.037809517 
293 1031 9 11 0.037795402 
550 695 7 9 0.037789665 
250 807 6 8 0.03773441 
346 781 7 10 0.03768103 
582 672 7 9 0.037675742 
605 737 7 9 0.037637748 
335 829 8 10 0.037565418 
752 1109 10 12 0.03742459 
609 921 7 9 0.037343323 
98 1015 8 11 0.037310634 
134 1142 9 12 0.037294533 
630 726 6 9 0.03723184 
597 1236 12 15 0.03717085 
330 742 7 9 0.03707747 
696 808 6 9 0.037045483 
158 1111 9 12 0.037029713 
72 1047 9 11 0.036962647 
292 1223 10 13 0.036960118 
226 831 8 9 0.03693713 
255 1148 9 11 0.036878243 
294 1037 8 10 0.036834665 
215 980 8 12 0.03679236 
376 727 7 9 0.03678499 
158 1196 12 15 0.036774736 
463 727 6 8 0.036745258 
116 1117 10 12 0.03673688 
230 831 7 10 0.036716864 
686 1247 13 17 0.036673967 
151 1070 8 9 0.036673933 
199 1179 11 14 0.036664955 
599 877 7 9 0.03666018 
143 887 7 10 0.03665139 
480 663 8 9 0.036632393 
206 912 7 8 0.03656862 
796 1020 9 11 0.03653181 
394 719 7 9 0.036528587 
726 925 8 11 0.036507074 
500 1329 13 18 0.036499098 
345 777 7 9 0.03647806 
617 750 6 8 0.036359817 
401 736 6 9 0.03633969 
609 775 6 9 0.036339235 
310 759 7 9 0.036298178 
294 822 7 9 0.03627164 
100 1158 13 16 0.03626327 
638 1077 9 10 0.036226016 
142 982 8 10 0.03612287 
128 1235 11 12 0.03610169 
653 888 7 9 0.036092613 
90 910 7 10 0.03607984 
543 866 9 11 0.036068402 
598 758 6 8 0.036027655 
6 1279 10 13 0.035923615 
242 872 7 9 0.03589943 
77 1029 8 11 0.03583245 
375 670 7 9 0.035831142 
673 927 7 8 0.03582515 
682 871 7 8 0.03581872 
590 719 7 9 0.0357258 
376 720 8 10 0.035675842 
740 1158 10 13 0.035651 
616 1132 9 11 0.035623264 
614 928 8 9 0.035619464 
752 889 7 9 0.035609648 
318 646 8 11 0.03560632 
172 1181 11 12 0.035541262 
602 689 7 8 0.035537124 
845 995 10 12 0.035532564 
225 904 8 10 0.035524573 
478 657 8 9 0.03548023 
558 952 7 9 0.03547769 
744 886 7 8 0.035455793 
320 870 6 9 0.035450604 
694 1061 8 10 0.035411835 
617 671 7 9 0.035392053 
120 991 7 9 0.035370555 
129 1014 8 10 0.035357535 
113 1079 8 10 0.035327513 
529 1004 8 10 0.035274852 
752 879 6 8 0.035273917 
719 1246 12 15 0.035265386 
600 847 7 9 0.03519992 
688 808 7 9 0.035160076 
246 871 7 10 0.035155907 
328 1039 7 10 0.03513867 
753 963 9 12 0.03507298 
281 799 7 9 0.035068493 
388 1223 9 12 0.03505942 
857 1055 10 12 0.035038546 
279 775 6 9 0.034893554 
205 1047 10 11 0.034885023 
844 1219 10 14 0.034866955 
497 565 8 10 0.03486594 
496 997 7 10 0.03484637 
239 862 7 9 0.034832016 
149 1144 11 12 0.034823187 
476 1166 10 12 0.03478686 
301 712 7 10 0.034781985 
655 750 6 8 0.034699406 
641 774 6 9 0.034618583 
74 1348 13 16 0.034595173 
846 860 8 10 0.03459266 
703 1039 9 11 0.034588836 
529 559 8 9 0.034588177 
605 945 8 11 0.034526877 
78 1009 8 10 0.034524646 
229 824 8 10 0.034517184 
545 592 6 8 0.034483343 
217 928 7 9 0.034444492 
302 783 7 10 0.034402 
184 809 7 9 0.03435668 
528 1333 11 15 0.034338642 
102 889 7 9 0.03431167 
174 958 7 9 0.034280717 
110 1246 13 15 0.034268264 
246 1016 9 10 0.034236714 
671 808 6 7 0.034228295 
674 1205 9 12 0.03422144 
246 1342 14 17 0.034217797 
653 1158 9 13 0.034207672 
0 1249 10 15 0.03419417 
252 1046 9 12 0.034122624 
555 678 6 8 0.034115333 
610 958 8 10 0.034063708 
418 736 6 8 0.034031846 
114 1008 7 10 0.03401707 
277 983 9 11 0.034013476 
95 920 7 9 0.033953693 
726 824 7 10 0.033937536 
159 967 6 9 0.03393301 
514 606 6 8 0.033918235 
36 1354 13 13 0.033904858 
392 664 6 8 0.033861466 
231 919 7 9 0.03384136 
440 654 8 10 0.033799797 
427 502 7 9 0.033783816 
530 698 7 9 0.03376795 
338 1136 9 12 0.033744775 
404 885 9 11 0.033705212 
223 982 8 10 0.03369847 
385 741 7 9 0.033696875 
481 727 6 8 0.03367168 
494 813 9 11 0.033647954 
304 1226 9 13 0.0336404 
325 719 8 10 0.033579912 
528 1031 9 11 0.0335686 
409 1208 8 10 0.033542063 
719 902 7 8 0.03351477 
142 894 8 10 0.03350212 
311 822 7 9 0.03349871 
608 878 7 9 0.033497054 
746 881 6 9 0.033483777 
105 1047 8 10 0.03341613 
118 977 7 9 0.03339811 
741 1107 9 12 0.033373136 
160 1064 9 12 0.033348735 
216 917 7 9 0.03334549 
833 1101 10 13 0.033319637 
430 719 7 9 0.033309255 
33 1101 10 13 0.033300035 
97 975 8 11 0.03328775 
224 1030 8 10 0.033286013 
850 911 7 10 0.033259716 
287 753 6 8 0.033249542 
101 1100 8 11 0.033240225 
674 881 7 9 0.033214446 
807 968 7 9 0.03316481 
337 847 8 10 0.033143304 
312 800 7 9 0.033131775 
229 990 8 11 0.03307924 
143 998 7 10 0.033048302 
666 855 7 10 0.033027343 
311 817 7 9 0.033005938 
584 680 6 8 0.032997888 
522 1317 11 15 0.0329473 
623 760 6 8 0.032921363 
215 772 8 10 0.032919545 
639 903 7 8 0.03291138 
298 785 7 9 0.032910496 
578 880 9 10 0.03289459 
545 1117 8 11 0.032889016 
224 862 7 9 0.032811 
199 839 7 9 0.032804344 
53 1044 9 11 0.03278584 
585 917 7 10 0.03274214 
314 790 7 9 0.032707736 
315 1157 7 10 0.032611065 
78 997 8 11 0.032550387 
54 1127 10 14 0.032533716 
384 713 7 8 0.032473136 
191 1127 8 11 0.032472283 
431 727 6 8 0.032470725 
121 951 7 8 0.03246593 
894 1120 8 11 0.032462772 
639 896 6 9 0.032426007 
518 693 6 9 0.03241446 
607 743 7 9 0.032399967 
889 880 7 9 0.03237086 
530 941 8 11 0.032349944 
184 1038 9 12 0.032344803 
360 662 6 8 0.032337688 
639 799 6 8 0.032331128 
152 975 6 9 0.032283913 
49 1139 11 13 0.03227862 
758 1123 10 14 0.032268826 
514 990 7 10 0.03226613 
585 825 7 9 0.03219156 
705 901 7 9 0.032188278 
592 705 7 9 0.03214439 
538 1318 15 20 0.03214344 
705 846 6 8 0.032141287 
179 997 8 10 0.032137457 
272 937 9 11 0.03213675 
510 1330 15 19 0.032125533 
136 998 7 9 0.032109603 
727 815 7 9 0.032042094 
573 1007 8 9 0.03203786 
551 1054 7 10 0.03203769 
323 1243 10 13 0.032026652 
673 831 6 8 0.032018047 
728 992 7 10 0.032009907 
81 968 8 9 0.03200775 
429 712 8 10 0.031990875 
585 704 6 8 0.031852517 
616 894 7 9 0.03180039 
639 865 7 9 0.03179538 
717 1094 8 11 0.031778928 
721 869 7 9 0.031778168 
682 1072 9 12 0.031769145 
770 1197 11 14 0.031706575 
697 1007 9 11 0.03170006 
706 1189 12 15 0.031669397 
144 1069 8 10 0.031654894 
551 1117 8 10 0.031649675 
326 1031 8 10 0.031623304 
586 870 7 9 0.031618785 
95 911 8 9 0.03161393 
583 517 6 9 0.031568807 
697 863 6 9 0.031520087 
472 1030 8 11 0.031475086 
615 689 7 8 0.031456217 
55 1032 8 10 0.03144406 
178 784 7 9 0.0314397 
559 818 7 9 0.031411227 
689 845 7 9 0.03139433 
632 943 7 9 0.03134178 
328 854 8 9 0.031336844 
271 1021 9 11 0.03132504 
756 1285 11 15 0.031269524 
150 869 7 10 0.03125328 
455 1200 9 12 0.031244013 
586 913 6 8 0.031234602 
839 997 9 13 0.031161256 
737 824 6 8 0.031138953 
608 856 7 9 0.031129275 
313 805 7 9 0.031128697 
610 1023 8 10 0.031097583 
806 1062 8 11 0.031091249 
206 798 7 9 0.031085296 
105 1259 12 15 0.031085096 
133 1155 10 13 0.031038253 
597 1230 10 14 0.03103652 
449 662 7 9 0.031028591 
79 991 8 11 0.031027082 
210 847 7 9 0.031018905 
616 775 7 8 0.031013453 
80 1061 7 10 0.030998241 
50 1040 8 10 0.030984152 
54 870 8 9 0.030983714 
223 909 8 11 0.030943802 
585 687 6 8 0.030943502 
241 840 7 9 0.030917617 
158 896 7 9 0.030913161 
360 614 6 9 0.030730495 
667 1265 12 15 0.030717272 
534 698 7 8 0.030655684 
113 1071 8 10 0.030634264 
616 712 6 8 0.030574912 
577 823 7 9 0.03056974 
216 943 8 11 0.030560894 
728 902 7 9 0.030521803 
690 824 7 9 0.030490661 
328 836 9 10 0.030485589 
846 965 9 11 0.030478701 
627 918 7 9 0.030457651 
809 1019 8 11 0.030456064 
638 976 8 10 0.030450638 
597 1355 13 13 0.03034446 
263 805 6 9 0.03033357 
816 1103 7 10 0.030333128 
329 926 9 11 0.03030097 
366 774 7 9 0.030296138 
705 1141 8 10 0.030280476 
360 814 9 12 0.03025144 
713 1087 8 10 0.030248081 
273 836 8 10 0.030235074 
278 862 8 10 0.03022093 
839 871 7 9 0.030210674 
607 799 7 8 0.030193593 
207 791 7 10 0.030166727 
279 824 8 10 0.030152896 
653 997 9 11 0.030146295 
546 538 6 8 0.03010969 
601 706 6 8 0.030100271 
314 688 7 9 0.030091597 
824 1058 8 10 0.030072257 
727 1184 12 15 0.03006992 
710 1164 10 11 0.030052096 
921 952 8 11 0.030030463 
696 1157 10 12 0.029975537 
655 933 8 9 0.029972339 
178 773 7 9 0.02995225 
688 952 8 11 0.029948125 
105 968 7 10 0.029939113 
146 829 6 9 0.029933028 
200 832 7 9 0.029926632 
358 1095 9 10 0.02989095 
210 785 7 9 0.029872857 
255 935 10 11 0.029870825 
584 1024 7 10 0.029811596 
614 679 6 8 0.029809091 
578 816 7 8 0.029798953 
183 849 8 10 0.029796505 
590 1224 10 12 0.029790523 
590 789 7 9 0.029778052 
529 1145 9 12 0.02972678 
614 1070 9 11 0.029724246 
717 885 8 9 0.029693788 
577 703 6 8 0.029682523 
40 1325 12 16 0.02967476 
658 1314 15 19 0.02964816 
632 743 6 9 0.029631944 
289 967 7 10 0.029630173 
560 554 7 9 0.02956832 
334 814 7 9 0.029557036 
465 602 7 8 0.029540882 
344 863 7 10 0.029480632 
111 998 8 9 0.02946562 
159 977 7 9 0.029463675 
407 551 7 9 0.029462347 
608 1072 10 13 0.029443383 
88 1065 9 11 0.029442767 
150 824 6 7 0.029425764 
445 1189 11 13 0.02939207 
436 1134 10 12 0.02938856 
320 694 6 9 0.029345516 
521 673 7 8 0.029343558 
642 911 7 9 0.02931592 
262 917 8 11 0.029308759 
630 1014 7 10 0.029307792 
198 1241 10 13 0.029289927 
633 759 6 8 0.02922999 
607 783 6 9 0.029227417 
427 697 6 8 0.029200343 
318 895 7 10 0.029190268 
52 1230 12 17 0.029151589 
626 1008 8 10 0.029139254 
682 975 7 10 0.029132862 
161 1202 13 16 0.029119665 
831 1080 8 11 0.02910229 
634 799 7 9 0.029091671 
296 833 7 9 0.02908094 
630 854 7 9 0.02906172 
123 1350 12 14 0.029060831 
42 1262 14 17 0.029058397 
602 799 6 9 0.029038735 
597 1149 11 15 0.029037526 
497 944 7 9 0.028957712 
657 903 7 8 0.02895272 
322 848 7 9 0.028880892 
217 862 7 10 0.028817905 
685 1349 14 15 0.028802693 
158 878 7 9 0.02867091 
582 1158 10 14 0.028663183 
590 1073 9 11 0.02861878 
694 1347 16 18 0.028610231 
295 696 7 9 0.02857859 
496 703 5 8 0.028563976 
322 1072 8 12 0.028555056 
441 1199 10 13 0.028539265 
202 928 8 11 0.028488966 
551 1207 8 10 0.028478524 
633 712 6 8 0.028447434 
317 1153 9 10 0.028438756 
664 815 7 9 0.028432824 
294 1173 10 13 0.02843187 
317 838 7 10 0.028421307 
718 1186 10 14 0.028381243 
175 1173 10 13 0.028374603 
335 742 7 9 0.028361332 
296 1063 7 10 0.028357647 
336 855 8 10 0.028352786 
185 1031 9 11 0.028334202 
213 872 8 10 0.028251642 
6 1061 9 11 0.028225092 
591 785 6 9 0.028211474 
430 503 7 9 0.028195603 
183 1046 8 9 0.028195184 
786 948 8 10 0.028187448 
280 1006 9 11 0.028182553 
218 750 7 9 0.028171813 
600 1068 8 10 0.028166512 
471 713 7 9 0.02816185 
40 861 7 9 0.02814201 
45 1071 9 11 0.028091649 
0 1070 6 11 0.028084287 
351 750 7 10 0.028046835 
1015 1077 8 14 0.028045606 
321 829 9 12 0.028039925 
583 663 7 9 0.028031649 
74 1008 7 9 0.028008986 
760 903 7 10 0.028003382 
288 865 8 11 0.027965097 
580 1258 10 14 0.02795926 
592 956 7 10 0.027888525 
656 853 6 9 0.027885187 
632 1085 8 10 0.027882203 
723 824 7 9 0.027853161 
641 725 6 8 0.027850373 
298 758 7 8 0.0278457 
648 743 6 8 0.027796188 
671 671 7 9 0.027782606 
248 833 6 9 0.02776721 
271 1015 9 11 0.027752347 
257 801 7 9 0.027745979 
200 940 8 10 0.027701396 
336 862 8 9 0.027678374 
689 1016 9 12 0.027658323 
815 967 8 9 0.027658284 
363 721 6 8 0.02763193 
216 1141 8 11 0.027631817 
698 727 9 11 0.02762587 
174 1252 12 16 0.027584694 
181 785 7 8 0.027580127 
642 760 6 8 0.027571417 
362 703 7 9 0.027570678 
559 830 8 9 0.027558882 
632 933 8 10 0.027551303 
241 878 7 10 0.027515026 
108 1293 11 14 0.027489735 
343 825 7 8 0.027464826 
4 1342 11 14 0.027456872 
711 1030 7 10 0.027455842 
314 897 7 9 0.027454378 
615 833 7 9 0.027453503 
6 1101 9 11 0.027394567 
402 789 8 10 0.027389487 
607 631 7 8 0.027383752 
177 988 9 11 0.027361017 
101 1139 12 16 0.027359696 
170 958 7 9 0.02733455 
303 753 7 8 0.027310582 
526 536 6 8 0.027307635 
823 959 8 10 0.027304295 
331 997 10 14 0.027289057 
129 958 7 9 0.027288841 
601 678 6 8 0.027263498 
843 973 8 10 0.027223028 
731 1281 12 16 0.027146356 
583 725 7 9 0.027112853 
657 1133 9 11 0.027110046 
330 808 7 9 0.027100096 
279 1226 12 13 0.027099112 
560 1008 7 10 0.027095199 
411 582 6 8 0.027078662 
527 543 6 8 0.027007308 
688 918 7 10 0.026973672 
615 850 7 8 0.026972359 
76 1339 12 15 0.026934547 
344 1086 9 12 0.02692613 
560 1014 8 11 0.026915025 
778 1029 8 10 0.026904762 
71 1356 13 13 0.026871406 
630 1103 10 13 0.026843112 
833 1055 9 12 0.026743295 
81 894 8 10 0.026733998 
86 896 7 9 0.026713546 
736 894 8 10 0.026709568 
191 916 7 10 0.02658874 
258 1329 12 16 0.026566371 
601 665 8 8 0.02654432 
800 1341 18 19 0.026490683 
594 935 7 9 0.026488796 
111 960 7 9 0.026487159 
637 1007 7 9 0.026470115 
73 1251 12 14 0.026410537 
101 878 7 10 0.026401034 
543 582 6 8 0.026396435 
416 575 7 9 0.026383344 
519 1325 11 15 0.026377374 
134 1078 8 10 0.02637092 
385 599 7 9 0.026330061 
402 567 6 8 0.026299445 
752 959 9 11 0.026293717 
662 1126 10 13 0.02627568 
418 742 6 8 0.02624723 
640 713 7 8 0.026199056 
215 801 7 9 0.026174955 
249 800 7 9 0.026166735 
456 609 7 9 0.026147895 
725 1132 10 12 0.026117643 
353 712 7 8 0.026110401 
672 1240 11 15 0.026083836 
616 879 7 9 0.026072001 
664 762 6 8 0.026067266 
696 677 7 9 0.026017522 
248 790 6 9 0.025978135 
245 960 8 11 0.025945641 
200 1000 9 11 0.025932815 
289 943 7 9 0.025887622 
599 753 6 9 0.025884025 
625 712 6 7 0.025882483 
232 998 9 11 0.02584426 
602 792 7 9 0.0258378 
641 1125 9 12 0.02582811 
303 790 7 9 0.025820594 
592 848 7 9 0.025802884 
223 1204 9 12 0.025770208 
634 672 6 8 0.025759134 
289 1038 9 10 0.025754685 
599 887 7 9 0.025740102 
318 1304 12 15 0.025734436 
312 768 7 8 0.025727993 
616 703 7 8 0.025718147 
448 695 7 9 0.02570447 
790 1099 9 12 0.0256626 
813 1319 17 20 0.025643319 
326 848 9 11 0.02562988 
226 846 8 10 0.025608573 
328 793 7 9 0.025571961 
800 951 7 9 0.02554111 
30 769 7 9 0.025539795 
208 896 8 11 0.0255153 
440 720 7 9 0.025501322 
544 895 8 10 0.025456583 
346 688 7 10 0.025455043 
623 664 6 8 0.025432726 
553 711 7 8 0.025429165 
297 895 6 9 0.025411371 
724 1252 12 16 0.025398055 
232 1037 8 11 0.025388606 
248 976 9 10 0.025388446 
334 809 8 9 0.025376325 
227 801 7 10 0.025374187 
665 1158 9 12 0.0253725 
4 1257 12 17 0.025367066 
538 647 6 9 0.025361078 
639 1088 9 11 0.025356824 
678 1150 10 12 0.025339417 
335 825 7 9 0.025339397 
736 807 6 8 0.025336685 
633 720 7 9 0.025326665 
562 743 7 9 0.025319064 
911 902 7 9 0.025316674 
326 752 7 9 0.025295481 
316 1253 10 14 0.025287364 
844 1355 11 12 0.025253814 
810 1103 7 9 0.025249202 
230 1165 7 11 0.0252196 
334 697 7 9 0.025207767 
366 815 9 11 0.025180958 
760 1191 11 15 0.025170878 
623 1230 12 17 0.025122758 
502 1150 9 13 0.025106303 
119 1221 11 14 0.025092553 
462 775 6 8 0.025012132 
150 858 8 9 0.025010515 
645 1077 8 10 0.024944631 
618 736 6 8 0.02492599 
257 791 6 8 0.024916667 
624 888 7 9 0.024916451 
128 985 7 8 0.024915405 
95 1039 8 10 0.024909236 
384 728 7 9 0.02488376 
69 877 8 10 0.02487496 
118 935 9 11 0.024841959 
24 1088 7 10 0.024811726 
345 750 7 9 0.024808148 
151 992 7 9 0.024798634 
232 1015 8 8 0.024787912 
737 907 8 11 0.024781374 
704 1136 8 10 0.024768537 
313 753 6 9 0.024759397 
786 965 9 10 0.024748825 
376 1024 8 10 0.024736162 
481 1149 8 10 0.0247164 
20 1096 11 13 0.024708549 
161 1009 8 9 0.024701886 
318 742 7 9 0.024689503 
240 1335 9 13 0.024678767 
681 669 7 10 0.02463542 
738 863 6 9 0.024634227 
145 968 7 10 0.024624215 
393 712 7 9 0.024621425 
440 727 7 9 0.024614405 
655 746 6 8 0.024599612 
407 743 7 8 0.02459861 
242 752 6 8 0.024594309 
319 887 7 9 0.024571773 
586 1060 9 11 0.024567053 
287 743 7 9 0.024551185 
533 1000 8 11 0.024548195 
706 886 7 9 0.024522781 
2 1346 10 15 0.024510588 
466 1255 9 13 0.024505595 
545 935 8 10 0.024484495 
639 1169 10 13 0.024480907 
350 702 7 8 0.02447978 
677 1243 12 15 0.024471218 
597 1142 10 13 0.024455491 
546 1285 10 14 0.024455193 
183 878 8 11 0.024448609 
289 792 7 8 0.024416659 
721 847 7 8 0.024416545 
591 912 7 8 0.024407143 
119 903 6 8 0.024375042 
711 901 7 9 0.024370622 
578 768 6 8 0.024358453 
455 720 7 8 0.024338227 
288 997 9 11 0.024337737 
56 1015 8 10 0.024304707 
655 832 7 8 0.024298461 
385 696 6 8 0.024298359 
528 680 7 8 0.024289593 
682 1101 8 11 0.024283564 
479 697 7 10 0.024277942 
594 1041 8 10 0.024259973 
442 592 6 8 0.0242469 
522 536 7 9 0.024244776 
154 982 7 9 0.024230564 
318 688 7 9 0.024214033 
730 872 8 10 0.024189482 
632 950 7 9 0.024186624 
273 785 7 9 0.024184877 
302 802 8 9 0.024102092 
138 983 7 9 0.024101425 
241 790 7 9 0.024098307 
193 1053 9 10 0.024095671 
841 967 8 10 0.02406435 
102 1250 13 17 0.024045328 
536 671 6 8 0.024016809 
278 936 8 10 0.024006953 
105 1061 8 11 0.024004204 
537 685 6 9 0.02400245 
202 1021 7 10 0.023973323 
375 665 6 8 0.023971735 
594 673 6 9 0.023947285 
313 713 7 9 0.023917241 
215 1181 10 13 0.02389946 
625 854 6 9 0.023896273 
217 1046 9 11 0.023885582 
760 879 7 8 0.023884326 
494 993 8 10 0.023866927 
935 1153 9 12 0.023865467 
552 567 6 8 0.023863152 
569 1007 8 9 0.02385925 
466 1095 8 10 0.023806326 
373 1213 8 11 0.023757342 
281 1047 9 11 0.023747252 
703 1228 11 15 0.023717005 
665 862 7 9 0.023688894 
414 537 7 9 0.023681236 
613 1040 9 11 0.023679217 
247 864 7 8 0.023660637 
603 1297 14 16 0.02364925 
540 880 10 13 0.023633454 
594 1129 8 10 0.023626931 
328 933 8 10 0.023617087 
601 1057 8 10 0.02360797 
136 1087 8 10 0.023601973 
503 714 6 8 0.02356572 
663 799 6 9 0.02355861 
479 1126 8 10 0.023557503 
596 1079 9 11 0.023549424 
63 852 8 9 0.023545418 
237 902 7 10 0.023515971 
640 1053 8 11 0.02349285 
690 1354 15 15 0.023486977 
584 656 8 9 0.023459949 
874 1173 11 15 0.023449717 
602 783 6 8 0.02344131 
689 695 7 9 0.023434903 
103 1039 8 10 0.02343288 
848 979 9 10 0.023432728 
618 665 7 8 0.02342061 
632 887 8 10 0.023402633 
94 1159 14 17 0.023391023 
518 576 7 8 0.023344712 
601 919 7 9 0.023318384 
54 983 8 11 0.023312494 
390 1096 8 9 0.02330337 
503 520 7 8 0.023299873 
223 965 9 12 0.023290748 
22 1072 8 11 0.023266567 
615 1171 10 13 0.023257898 
385 768 7 9 0.023248626 
392 535 6 8 0.023219207 
639 1065 9 11 0.023200976 
705 880 7 10 0.023185626 
887 1032 11 14 0.023159662 
680 814 7 9 0.023154931 
423 735 7 9 0.023154132 
232 738 7 9 0.023136798 
514 1146 10 14 0.02312433 
240 1063 9 10 0.02310842 
903 902 8 10 0.023105895 
608 847 7 9 0.023099698 
578 885 8 10 0.023094567 
329 632 6 8 0.02308785 
632 1053 9 10 0.023074865 
607 1223 10 12 0.023071133 
594 727 6 9 0.02306888 
137 831 6 8 0.023039429 
603 895 7 9 0.023007438 
649 841 7 9 0.022983123 
272 807 6 8 0.02294531 
551 703 7 9 0.022941215 
711 1079 8 10 0.022935798 
554 952 8 10 0.022934098 
533 1005 7 10 0.022933256 
153 1330 12 15 0.022930225 
582 647 7 8 0.022890449 
191 814 7 9 0.022874173 
647 830 7 8 0.022850651 
90 1098 9 13 0.022849226 
634 975 7 9 0.022843894 
698 927 7 9 0.022841923 
43 1095 11 14 0.0228325 
718 855 7 9 0.022832144 
664 920 6 9 0.02282931 
273 817 6 9 0.02282869 
609 711 6 9 0.022825897 
493 1199 10 12 0.022822956 
127 1117 10 12 0.022821225 
375 706 7 9 0.022806339 
62 1332 10 13 0.02277144 
283 901 7 9 0.022763949 
563 543 6 9 0.022762539 
703 918 7 10 0.02275757 
882 1027 10 13 0.022754496 
560 662 7 8 0.022742854 
126 1087 9 11 0.022736141 
699 1244 11 14 0.022726838 
194 1086 9 12 0.0227223 
273 872 7 9 0.022699308 
623 736 7 9 0.022694705 
477 1009 9 12 0.022682166 
680 830 6 8 0.022671765 
668 1189 9 12 0.022670936 
389 592 7 9 0.022649089 
333 735 7 9 0.022635529 
465 990 8 10 0.02262424 
497 551 7 10 0.022617834 
559 674 7 9 0.022609975 
586 711 7 9 0.02257192 
736 1163 10 12 0.022567902 
724 1244 12 15 0.022556216 
614 920 8 9 0.02255028 
726 1120 9 12 0.022546157 
823 880 8 10 0.022517353 
185 1204 10 13 0.022469439 
656 728 6 9 0.022465179 
368 1254 10 16 0.022444528 
522 639 6 8 0.022433951 
464 1045 8 10 0.022426037 
721 990 8 10 0.022415083 
445 1231 9 13 0.02241317 
287 984 8 11 0.022405732 
390 529 7 8 0.022396347 
552 855 9 11 0.022386858 
690 830 6 9 0.02234271 
403 1253 12 15 0.022328861 
440 703 7 9 0.022323199 
5 1095 9 11 0.022322165 
671 1165 10 12 0.02231923 
110 1218 12 15 0.02231898 
137 840 6 8 0.022317741 
530 936 7 10 0.022314668 
504 999 7 9 0.022314286 
118 1063 8 10 0.02224685 
89 1289 12 16 0.022234958 
626 721 7 10 0.022224844 
486 759 7 8 0.022223193 
312 1244 11 14 0.022220163 
695 935 8 11 0.022196064 
633 847 7 9 0.022172222 
573 999 8 10 0.022147188 
82 973 9 11 0.022120858 
56 758 7 9 0.022112299 
696 830 6 9 0.022088706 
288 1064 8 9 0.022086723 
638 792 7 8 0.022084406 
584 976 7 10 0.022070033 
289 844 8 10 0.022051958 
575 988 8 11 0.022009252 
208 807 7 9 0.0220064 
626 926 8 10 0.021995606 
503 695 6 8 0.02197309 
51 1332 12 16 0.021961091 
240 759 5 8 0.021953082 
692 1049 10 12 0.02193224 
586 1030 7 9 0.02192903 
703 810 7 8 0.021877628 
873 1266 15 18 0.021869207 
670 936 8 11 0.02186414 
817 959 7 9 0.021847451 
513 654 7 9 0.021827117 
495 767 7 9 0.02181283 
664 775 6 8 0.021787705 
345 815 7 9 0.02178658 
680 664 8 11 0.02178292 
503 600 7 9 0.021770744 
530 567 7 8 0.021767927 
193 1075 10 12 0.021764496 
680 896 7 8 0.021752594 
416 542 6 8 0.021747416 
367 821 7 9 0.021744587 
527 639 6 8 0.021739412 
345 737 6 8 0.021736123 
673 767 7 9 0.02172464 
704 1030 9 10 0.02170789 
227 886 7 9 0.021707712 
103 1086 7 10 0.021699999 
312 879 7 8 0.021692112 
697 1085 9 11 0.021681515 
154 967 7 10 0.021660788 
415 1208 7 9 0.021629637 
247 878 7 9 0.021606985 
400 727 7 9 0.021596918 
275 950 9 11 0.021524983 
662 990 7 9 0.021524388 
639 738 7 9 0.021492071 
178 847 7 9 0.021491332 
679 929 7 9 0.021482753 
826 855 7 9 0.021469314 
747 917 7 10 0.0214296 
192 808 6 9 0.021427026 
743 864 6 8 0.02142205 
856 904 8 10 0.021398254 
207 902 7 9 0.021392614 
457 703 7 9 0.02137792 
495 1351 12 14 0.021364097 
103 1009 8 9 0.021353785 
152 1055 8 10 0.021342728 
276 941 9 11 0.02133572 
535 893 9 11 0.021313563 
656 950 7 9 0.021297088 
602 831 7 9 0.021294 
567 639 6 8 0.021262854 
360 822 8 9 0.021261387 
226 1059 9 11 0.02124766 
688 993 9 12 0.021245344 
51 1216 13 17 0.021244148 
646 824 7 10 0.02124413 
289 784 6 8 0.021222781 
200 448 7 9 0.021215009 
497 1077 8 10 0.021198425 
80 1205 11 14 0.021182515 
695 904 7 8 0.02117591 
687 814 6 8 0.021172075 
528 550 8 10 0.02116795 
402 560 6 8 0.021132668 
404 1247 10 13 0.021113038 
649 727 6 8 0.02110913 
261 1148 9 11 0.021085795 
338 1227 10 13 0.021082994 
599 768 7 8 0.021064622 
289 950 8 10 0.021046912 
510 1342 14 19 0.021045877 
310 846 8 10 0.021040775 
664 968 7 10 0.021027578 
640 950 8 10 0.021026919 
256 1158 9 11 0.021012612 
16 1340 12 15 0.021000305 
472 737 7 9 0.020979209 
657 784 7 9 0.020978602 
257 926 9 10 0.020971239 
829 1062 9 11 0.02095428 
97 1031 7 10 0.020906948 
287 1080 9 11 0.020892356 
717 1087 8 11 0.02086219 
449 519 6 8 0.02086001 
181 1108 9 12 0.020844122 
310 1309 13 18 0.02084145 
711 1024 8 10 0.020837573 
687 911 7 10 0.02083608 
401 742 7 9 0.020820389 
734 1259 12 13 0.020802947 
466 714 7 9 0.020795261 
392 727 7 9 0.020786807 
624 768 6 8 0.020759175 
134 1235 9 13 0.020744078 
231 1343 10 13 0.020702979 
502 717 7 9 0.020689985 
385 607 6 9 0.020685093 
121 1021 8 9 0.020670831 
322 727 7 9 0.020637874 
563 640 6 8 0.020605756 
132 1230 10 13 0.02060312 
887 869 7 9 0.020588739 
205 1081 8 11 0.020588115 
522 678 6 8 0.020585021 
307 933 8 10 0.020563949 
352 678 7 8 0.020563062 
624 750 7 9 0.020555245 
490 773 7 9 0.020554295 
169 935 8 10 0.020550685 
537 655 6 8 0.020545311 
391 869 9 12 0.020538447 
679 918 8 9 0.020526983 
650 800 6 8 0.020524208 
38 753 7 9 0.020517297 
257 1349 14 15 0.020489307 
608 703 6 9 0.020485042 
295 942 7 9 0.020471442 
610 966 8 10 0.02046463 
25 753 7 9 0.020444294 
146 857 7 8 0.020443177 
103 926 8 9 0.020420525 
232 766 7 8 0.02037886 
61 884 9 10 0.020378431 
351 689 6 8 0.020359926 
62 842 8 10 0.020359581 
550 888 8 10 0.020353232 
911 952 8 10 0.02035227 
217 991 8 11 0.020344192 
126 895 7 9 0.020331338 
682 840 6 8 0.020322848 
329 770 7 9 0.020308645 
239 897 7 9 0.02030328 
335 934 8 10 0.020299867 
597 1322 13 17 0.020295992 
225 783 7 8 0.02029361 
542 648 7 8 0.020278702 
101 872 7 9 0.020267138 
521 1311 10 13 0.020251859 
728 911 7 10 0.02024898 
805 871 7 9 0.020247024 
247 1054 10 12 0.020240152 
557 1336 14 15 0.020215992 
358 1020 8 11 0.020215657 
473 656 8 10 0.020148097 
149 1259 12 16 0.020141602 
481 670 8 10 0.020130215 
223 856 7 9 0.020119572 
79 1070 8 11 0.02011633 
502 728 7 9 0.020112786 
439 1127 9 11 0.020107817 
296 1007 8 10 0.020102566 
623 1041 8 10 0.020101108 
183 859 9 11 0.020087114 
482 758 6 8 0.020077115 
724 1224 13 16 0.020051785 
279 784 7 9 0.020050902 
248 744 6 8 0.020042107 
916 1284 10 13 0.020037087 
661 1170 10 14 0.020036712 
257 1023 10 12 0.020031434 
146 1021 8 10 0.020022519 
584 895 7 10 0.020012908 
406 719 7 9 0.020007685 
