21_Festival_Festival_21_526
98
623 630 14 19 0.8266894 
647 636 13 20 0.63620263 
465 773 12 17 0.5596141 
45 525 12 19 0.24507177 
260 676 13 16 0.19692829 
576 608 11 15 0.13041385 
52 559 17 19 0.10900028 
255 657 9 10 0.09894832 
722 666 17 19 0.080472045 
536 760 9 12 0.073852606 
987 621 14 16 0.07340984 
736 597 12 17 0.07318926 
932 739 16 21 0.06699623 
951 556 9 14 0.065032326 
822 630 17 22 0.064393304 
562 598 15 22 0.061349872 
986 561 13 17 0.06060057 
895 752 22 27 0.057856817 
46 556 16 18 0.056447327 
684 692 16 22 0.05159873 
924 656 15 20 0.05038374 
865 558 8 10 0.047465052 
470 542 10 12 0.046206214 
728 508 9 11 0.045517217 
47 745 43 57 0.045084376 
755 680 13 17 0.044770774 
903 569 8 10 0.04346752 
163 755 21 31 0.04317856 
646 741 13 21 0.04308097 
232 565 8 10 0.042582836 
572 668 24 34 0.041662224 
215 583 11 15 0.041218776 
63 594 24 31 0.040480457 
949 634 14 20 0.039873693 
227 638 10 13 0.03837229 
459 551 10 13 0.037695076 
756 592 17 21 0.036246922 
796 654 22 31 0.036214262 
2 493 8 12 0.036117807 
828 570 12 16 0.035722192 
447 543 9 11 0.035232637 
988 674 15 18 0.035068545 
735 704 30 38 0.03470169 
241 675 10 13 0.034233496 
451 810 13 13 0.03331642 
915 620 13 16 0.032228652 
712 643 12 16 0.03212341 
229 644 10 12 0.03186636 
214 630 10 13 0.031590614 
424 675 9 13 0.031558856 
865 565 11 14 0.03152634 
876 644 21 30 0.03145044 
79 598 22 30 0.03130061 
118 631 15 20 0.031098913 
930 563 9 12 0.03092696 
15 483 11 14 0.03004494 
47 509 10 11 0.028860237 
911 581 12 17 0.028702032 
461 590 11 13 0.028249927 
976 716 22 31 0.02816347 
461 601 11 15 0.028002216 
248 655 9 12 0.027583543 
921 745 26 29 0.027354067 
176 534 10 12 0.02687024 
601 692 11 14 0.02658022 
240 503 13 18 0.026042894 
228 579 10 13 0.025212618 
967 595 12 17 0.024953905 
769 757 22 34 0.024895139 
624 528 10 12 0.02483168 
916 652 17 22 0.024759127 
453 566 10 13 0.024643322 
27 635 39 49 0.024088647 
797 527 9 12 0.023990287 
224 659 12 17 0.023923714 
647 707 12 15 0.023896758 
660 613 11 14 0.023790646 
404 679 17 20 0.023726903 
920 715 16 19 0.023253554 
620 717 12 16 0.023152834 
640 639 14 19 0.022863556 
568 600 19 25 0.022797091 
433 549 9 13 0.022381024 
472 559 11 13 0.022150801 
725 709 24 35 0.022008145 
583 589 12 17 0.022001669 
448 789 9 12 0.0217756 
420 556 9 12 0.021248605 
512 629 14 16 0.021205742 
917 754 14 17 0.02117538 
929 526 8 10 0.021149892 
257 576 8 11 0.021032955 
772 598 12 17 0.02090161 
723 621 15 21 0.020802842 
921 543 8 10 0.0205503 
902 743 42 47 0.020530168 
748 665 23 27 0.020381417 
720 646 23 28 0.02011959 
