21_Festival_Festival_21_797
45
641 131 105 132 0.9998466 
419 217 50 64 0.9993418 
315 320 52 65 0.9989311 
501 256 53 70 0.9987128 
84 240 50 63 0.9969229 
292 235 51 60 0.9946346 
287 199 26 38 0.9940754 
781 280 48 66 0.99196213 
100 332 47 60 0.99159896 
835 163 40 48 0.9893791 
169 293 48 50 0.9887567 
184 78 23 37 0.9645675 
25 183 36 48 0.9626249 
662 66 37 45 0.9584426 
742 219 30 43 0.6868513 
766 57 24 38 0.5323451 
504 192 43 48 0.3763338 
965 147 32 45 0.3686385 
270 300 39 48 0.35484156 
137 70 28 33 0.11661539 
899 174 25 36 0.10053001 
808 435 43 37 0.088717625 
393 195 26 42 0.086264074 
278 282 44 56 0.07636906 
799 76 13 16 0.07328152 
474 1076 512 472 0.05444361 
532 157 17 21 0.052529566 
925 143 34 41 0.050654434 
300 315 47 59 0.04013412 
40 291 36 47 0.038013812 
587 95 11 13 0.035132553 
121 262 28 38 0.03419136 
695 13 31 40 0.033982575 
502 211 51 66 0.031388164 
133 450 19 20 0.030727286 
957 164 34 45 0.030503266 
143 114 32 39 0.028223243 
932 22 10 11 0.026781408 
436 375 48 50 0.026554361 
777 70 15 23 0.02646197 
742 45 21 24 0.024555719 
785 66 24 31 0.023788098 
931 205 14 18 0.022153385 
934 148 42 54 0.021489456 
395 200 16 26 0.02076944 
