21_Festival_Festival_21_414
75
286 345 23 38 0.82179517 
290 277 47 58 0.20609544 
406 335 29 47 0.16039845 
35 299 25 31 0.15946412 
148 234 17 20 0.14684558 
510 85 51 65 0.13607259 
479 382 9 12 0.11031732 
447 390 9 11 0.102985434 
587 363 52 86 0.09819247 
984 364 13 16 0.09222692 
123 414 33 43 0.0817415 
913 371 20 41 0.07813347 
741 399 38 46 0.07605626 
817 352 16 24 0.062307224 
395 310 40 61 0.06013433 
195 299 28 40 0.05575896 
595 334 56 87 0.054939467 
149 346 17 25 0.05412259 
975 320 11 13 0.051855158 
957 420 47 71 0.05054529 
494 368 27 50 0.04806062 
792 407 9 12 0.046686135 
568 371 43 76 0.046004865 
438 358 10 13 0.045995794 
130 280 25 30 0.045765985 
671 234 47 56 0.04552499 
13 267 15 21 0.04492585 
185 288 43 67 0.04446092 
592 346 34 58 0.042725276 
799 343 8 11 0.042274814 
436 397 10 14 0.041803073 
231 442 32 52 0.039926473 
127 421 44 58 0.03930228 
984 335 11 13 0.03830912 
166 234 10 14 0.0381552 
3 278 17 24 0.037738252 
789 348 9 13 0.035622027 
198 257 12 17 0.035419267 
304 343 21 32 0.03515743 
515 359 41 60 0.034095824 
785 350 9 12 0.03403797 
547 365 30 59 0.033545036 
831 284 50 79 0.03327072 
262 308 30 33 0.030720595 
115 245 21 28 0.029400118 
108 259 13 16 0.02916691 
428 354 12 17 0.028955227 
783 251 208 248 0.028654773 
419 351 15 24 0.028164927 
456 380 10 13 0.027588377 
202 300 17 22 0.027456395 
223 120 12 14 0.027361792 
812 327 10 12 0.027238447 
835 292 29 48 0.02628682 
784 343 8 11 0.025858764 
313 351 16 22 0.025726957 
456 374 10 13 0.025138857 
232 310 12 16 0.025055014 
61 294 15 21 0.024576975 
292 446 44 62 0.024140513 
4 297 16 20 0.024049908 
137 334 28 37 0.02403618 
150 465 47 69 0.023981214 
100 277 22 28 0.023389649 
98 402 31 33 0.022836162 
34 338 17 20 0.022830287 
156 261 81 108 0.022090863 
591 368 29 60 0.021594165 
519 327 8 11 0.021465598 
836 267 88 150 0.021286413 
688 360 75 107 0.02114572 
143 240 14 17 0.020672273 
792 345 8 11 0.02062594 
830 335 12 14 0.020261273 
212 313 16 23 0.02016077 
