21_Festival_Festival_21_513
19
213 112 74 109 0.9931457 
510 95 76 106 0.98481977 
62 165 33 45 0.97825843 
367 146 24 36 0.73826915 
979 365 22 27 0.4014267 
644 210 34 42 0.14317957 
633 218 47 65 0.0897615 
988 203 10 13 0.067144 
160 182 42 55 0.056827344 
463 421 14 17 0.05174952 
926 344 26 35 0.047869038 
756 116 49 80 0.042862184 
653 178 31 36 0.031442333 
1006 206 10 13 0.028986428 
673 182 31 35 0.027984072 
979 217 12 16 0.025970949 
340 106 31 36 0.023905577 
719 50 30 40 0.021604998 
969 239 20 19 0.021016244 
