21_Festival_Festival_21_976
23
535 273 56 66 0.99878305 
148 45 25 31 0.9963148 
359 68 30 37 0.9934337 
472 32 25 28 0.9898295 
815 101 35 49 0.9885648 
763 43 22 29 0.986733 
321 15 20 26 0.9772958 
525 9 21 24 0.94935393 
161 3 17 21 0.940055 
364 2 15 21 0.92944086 
880 14 21 28 0.92045325 
948 1 22 27 0.877596 
22 19 18 22 0.87191284 
841 0 15 18 0.5653464 
717 37 14 15 0.049422488 
796 59 22 28 0.040516485 
978 -1 16 13 0.03130059 
981 17 24 26 0.027636034 
149 2 15 19 0.02469631 
875 116 11 14 0.023839576 
798 53 16 18 0.02354203 
903 54 14 20 0.022153558 
889 12 17 23 0.02068813 
