21_Festival_Festival_21_378
385
636 241 21 26 0.9553715 
192 211 9 13 0.91884327 
913 230 11 14 0.9114016 
47 214 9 11 0.9100988 
628 219 11 14 0.8873867 
743 214 11 15 0.87823665 
335 206 9 11 0.86143327 
446 213 8 11 0.8332116 
968 215 11 13 0.7953667 
821 220 10 13 0.77059263 
681 224 9 12 0.7611279 
546 228 9 12 0.7242372 
88 269 13 17 0.7063553 
908 276 15 19 0.699391 
596 225 8 11 0.6890862 
859 220 9 12 0.6821213 
839 273 9 11 0.6425495 
234 223 8 10 0.60941756 
352 216 7 9 0.6056218 
719 216 10 13 0.5931185 
897 223 10 13 0.5706279 
480 217 9 11 0.55996644 
366 220 8 10 0.55259585 
120 207 8 10 0.54281884 
285 204 9 12 0.54125875 
382 221 8 10 0.5304342 
81 213 8 11 0.5126489 
30 210 10 13 0.5076568 
873 224 10 13 0.48369545 
765 291 10 14 0.48077914 
780 215 10 13 0.45442548 
136 209 9 10 0.435066 
542 217 8 10 0.43438998 
582 216 9 11 0.41728142 
839 229 8 10 0.38757625 
521 217 9 11 0.3851847 
126 230 9 12 0.38490826 
373 245 8 10 0.37250936 
968 238 10 13 0.37117493 
693 212 9 10 0.3632454 
172 214 9 11 0.34777996 
256 205 8 10 0.33401275 
209 204 8 10 0.31412366 
947 223 8 10 0.3130148 
423 277 8 10 0.30947667 
620 237 12 17 0.30103114 
259 220 8 11 0.30036992 
710 222 8 11 0.26654497 
804 222 11 13 0.26446265 
376 207 8 9 0.25953445 
694 247 8 11 0.23708597 
224 208 7 9 0.22717366 
996 236 10 13 0.22321475 
302 206 8 11 0.22061218 
864 247 9 11 0.20982566 
304 215 9 11 0.20135807 
5 195 9 11 0.2011692 
501 237 8 11 0.19559386 
543 221 10 12 0.18872102 
141 245 9 11 0.1886218 
942 238 11 14 0.18064107 
113 222 8 11 0.17634444 
62 207 7 10 0.16909668 
402 213 13 15 0.16683236 
759 221 8 10 0.16358016 
399 222 8 10 0.16276477 
466 221 7 10 0.16061898 
485 217 9 11 0.15377428 
289 213 8 11 0.15207307 
464 217 7 9 0.15078972 
761 245 8 11 0.1436605 
1012 261 10 15 0.14353733 
320 208 7 9 0.13834104 
885 252 8 12 0.12978418 
362 206 8 9 0.12765554 
425 274 8 10 0.12686343 
511 223 8 10 0.11995091 
983 235 10 14 0.119338736 
198 237 7 9 0.11594363 
262 205 8 10 0.10890845 
869 245 9 11 0.10234684 
930 230 9 11 0.10212727 
1 222 9 11 0.1017659 
405 220 10 11 0.101765245 
668 247 9 12 0.101605594 
250 205 7 10 0.09961387 
239 206 7 9 0.099199004 
121 230 9 11 0.09714518 
5 222 9 11 0.096662976 
213 206 8 10 0.096152626 
95 207 8 9 0.09588899 
282 203 8 9 0.094739184 
478 311 10 13 0.09370764 
464 253 8 10 0.092892855 
727 244 7 10 0.08938247 
567 224 8 9 0.088419154 
61 286 10 13 0.08608069 
120 254 7 10 0.08420645 
381 207 8 9 0.08328521 
134 305 8 10 0.082119495 
424 222 7 10 0.081338875 
502 263 8 11 0.08032178 
130 305 8 10 0.07801466 
330 207 9 11 0.07788505 
16 198 7 9 0.077276416 
502 233 8 10 0.075260386 
662 220 7 11 0.075126685 
31 256 8 11 0.07410711 
152 208 7 8 0.07403827 
230 280 8 9 0.07401049 
293 214 9 10 0.07377646 
359 247 7 9 0.07270581 
150 215 7 9 0.072532125 
772 311 9 11 0.07187139 
577 232 7 9 0.071021006 
469 222 8 10 0.07034372 
275 185 8 10 0.069652215 
109 300 9 10 0.067412086 
577 220 8 11 0.0667347 
419 278 7 10 0.06644975 
566 228 9 11 0.06602573 
495 216 7 10 0.06450241 
945 227 10 12 0.06255355 
393 221 7 10 0.060988937 
900 272 13 17 0.06024293 
825 296 8 9 0.05949445 
429 271 7 10 0.05824124 
832 245 8 10 0.058176935 
858 248 8 10 0.057647556 
42 213 9 12 0.057468403 
856 255 7 9 0.057290584 
26 211 9 11 0.056816317 
886 319 9 12 0.05665056 
850 261 8 10 0.05651941 
947 237 11 14 0.055790238 
838 238 8 11 0.054672398 
889 304 8 10 0.054273818 
165 254 8 10 0.05335993 
1014 236 8 13 0.053177416 
263 199 8 10 0.052396018 
900 228 10 12 0.051107846 
313 206 7 9 0.050819837 
174 222 8 11 0.04973938 
104 207 7 10 0.04951474 
935 224 7 10 0.048841894 
114 207 7 10 0.048567466 
312 232 7 9 0.04840258 
583 237 7 9 0.047807816 
711 216 9 12 0.04685856 
789 253 8 11 0.04678393 
55 272 8 11 0.04674088 
843 271 9 12 0.046714846 
647 224 9 11 0.046627354 
424 216 7 9 0.046447873 
112 215 9 10 0.046244822 
404 207 12 14 0.046204 
511 216 7 10 0.04585852 
669 231 9 11 0.045615703 
690 209 9 10 0.045184802 
361 216 9 11 0.044694044 
899 239 8 11 0.044608805 
414 272 8 10 0.044167474 
151 190 8 9 0.043971654 
309 216 8 10 0.04348982 
137 239 8 11 0.04339441 
113 227 9 12 0.043291144 
166 262 7 10 0.042945556 
865 241 8 10 0.04260532 
209 277 8 11 0.04190604 
95 215 7 9 0.041846644 
141 208 9 11 0.041662443 
799 229 9 10 0.04157853 
431 214 7 9 0.041436374 
321 214 7 8 0.041287225 
120 250 7 9 0.041216176 
274 215 7 10 0.04108155 
897 255 9 12 0.040985886 
514 240 8 10 0.040985025 
1010 236 8 12 0.04092383 
44 271 11 15 0.04071899 
142 230 8 10 0.04066121 
278 215 9 11 0.040132742 
792 285 8 12 0.040061943 
561 229 9 11 0.03968101 
881 287 8 11 0.039399195 
126 225 9 11 0.03934553 
310 263 8 10 0.039262295 
506 223 8 9 0.03925147 
429 295 8 11 0.039239332 
505 215 7 9 0.039148845 
232 206 8 9 0.039027236 
1007 331 13 17 0.038943235 
706 215 7 10 0.03887262 
582 232 8 10 0.038672503 
524 220 9 11 0.03863147 
9 182 7 10 0.038624212 
432 253 8 10 0.03833758 
16 224 8 11 0.03814169 
377 214 8 11 0.038122132 
237 229 8 11 0.037967425 
389 238 7 10 0.03789764 
862 251 9 11 0.037793186 
834 278 8 10 0.037587482 
305 220 8 10 0.037380334 
830 296 8 10 0.03731431 
144 223 8 10 0.037014652 
233 200 7 9 0.03698472 
166 249 7 9 0.036884893 
18 228 8 11 0.036856852 
566 245 8 10 0.036591563 
63 222 9 11 0.03652479 
1 228 9 11 0.036490798 
793 231 8 10 0.035971936 
473 217 7 10 0.035964817 
104 214 7 9 0.03540766 
351 208 8 10 0.0352707 
335 289 9 12 0.034950685 
696 241 8 11 0.034904964 
247 239 8 10 0.03443276 
833 240 9 11 0.034326572 
703 229 8 11 0.03429851 
143 213 9 10 0.034194943 
936 236 10 15 0.034098763 
806 217 9 10 0.034087863 
173 210 8 10 0.034038913 
498 233 8 11 0.033825055 
817 239 9 11 0.033811927 
161 263 8 10 0.033260923 
457 215 7 9 0.033099934 
1016 223 7 11 0.03306044 
261 192 9 10 0.032978192 
657 221 9 11 0.03282558 
829 317 10 12 0.032739647 
958 254 10 14 0.03262553 
562 293 8 11 0.03259078 
792 236 7 10 0.03257865 
943 253 12 16 0.032141406 
992 222 7 9 0.03209522 
209 255 7 9 0.031711653 
159 208 7 8 0.03161663 
88 246 8 10 0.03159148 
561 223 8 10 0.031459413 
821 239 9 11 0.0311756 
125 255 8 10 0.031131098 
681 235 9 12 0.030978078 
328 224 7 10 0.030893033 
880 240 7 9 0.03079719 
53 213 8 11 0.030649964 
793 223 8 9 0.030554837 
502 268 8 10 0.030431628 
448 220 8 10 0.030338107 
949 254 12 16 0.030313151 
492 523 71 47 0.030072203 
62 270 8 10 0.030064508 
289 221 8 9 0.030004703 
74 213 8 10 0.029899318 
127 207 7 10 0.02986844 
960 231 8 10 0.029644648 
902 255 9 12 0.02957082 
426 292 8 11 0.029432688 
760 253 8 11 0.029122168 
929 235 9 13 0.028866818 
135 232 8 10 0.028782211 
893 303 8 11 0.028760694 
117 224 9 11 0.02875594 
735 279 9 13 0.02860081 
769 233 7 9 0.028541084 
710 229 9 10 0.028485306 
631 243 15 19 0.028460283 
896 214 9 11 0.028435111 
669 236 9 12 0.028332151 
327 214 8 9 0.028290037 
991 261 9 11 0.028127518 
503 244 8 10 0.028064499 
288 239 8 8 0.028061766 
504 279 8 11 0.027945878 
724 215 9 12 0.027554486 
86 219 9 11 0.027346332 
888 207 7 10 0.02727079 
6 217 9 11 0.027206263 
305 269 8 10 0.02707199 
87 239 9 11 0.027026638 
170 222 8 10 0.026666686 
160 223 7 9 0.026615681 
658 216 8 11 0.026574537 
115 255 7 9 0.026514025 
567 241 8 10 0.026459686 
5 228 9 11 0.026421629 
945 217 7 10 0.026170153 
880 247 9 12 0.02615809 
258 191 8 10 0.026029138 
678 215 8 11 0.025953898 
415 287 7 9 0.02591117 
511 229 7 11 0.025842521 
271 238 7 9 0.02581376 
673 215 8 9 0.025577784 
469 253 8 10 0.025511658 
832 287 7 10 0.025501572 
258 246 7 9 0.025359591 
271 207 7 9 0.025327357 
410 264 7 10 0.025154006 
1000 254 8 12 0.024933841 
288 232 7 9 0.024860771 
240 237 8 10 0.024740936 
483 308 12 16 0.024654217 
377 184 8 10 0.024586793 
948 243 11 14 0.024546452 
888 309 8 10 0.024387265 
62 212 9 11 0.024347141 
972 241 11 14 0.024290027 
192 248 7 9 0.024260458 
408 249 7 10 0.024238022 
329 229 8 10 0.024199199 
847 295 8 10 0.02414268 
77 302 9 11 0.023931907 
840 315 9 13 0.023928013 
277 188 8 10 0.023926685 
902 244 9 11 0.023864258 
128 189 7 9 0.023791466 
512 245 8 9 0.023602687 
719 229 9 11 0.023592087 
871 241 8 11 0.023539849 
102 245 8 10 0.023498736 
306 265 7 9 0.023360047 
888 230 8 10 0.02332936 
280 249 6 8 0.023307135 
153 232 7 10 0.023179876 
21 288 8 11 0.022847675 
456 208 7 9 0.022824023 
806 240 9 11 0.022734374 
538 220 8 10 0.022725243 
997 244 10 13 0.022719568 
442 209 8 11 0.022599256 
343 222 8 10 0.02258938 
868 252 11 13 0.022530867 
628 236 13 18 0.02251971 
401 231 7 9 0.022418555 
804 245 10 11 0.022382237 
738 214 11 14 0.022282518 
25 165 8 10 0.022200687 
508 308 9 12 0.022193104 
782 232 9 10 0.022178467 
992 242 10 14 0.022163477 
58 208 8 10 0.022056064 
263 238 8 10 0.02204113 
72 281 8 11 0.02200467 
217 240 7 9 0.021995194 
992 232 10 14 0.02187898 
162 214 6 9 0.021678489 
176 199 7 9 0.021675251 
719 239 9 11 0.021641485 
411 270 7 10 0.02159279 
911 214 8 10 0.02148618 
22 225 8 11 0.021435574 
344 190 8 10 0.021426808 
146 191 6 8 0.021401567 
897 274 21 26 0.021272335 
241 270 8 10 0.02118332 
313 201 7 10 0.021128733 
162 249 7 9 0.021034272 
371 240 8 11 0.02103001 
936 243 11 14 0.021018388 
416 221 8 10 0.021013223 
549 224 9 12 0.02100452 
392 206 8 10 0.020965122 
41 275 10 13 0.020937197 
816 229 9 12 0.020892866 
486 304 10 12 0.020850876 
152 238 7 10 0.020807322 
766 297 11 13 0.020804305 
345 214 8 10 0.020755906 
962 216 8 10 0.020745404 
102 240 8 11 0.020745277 
695 222 9 10 0.020686338 
393 199 7 10 0.020670222 
456 222 7 9 0.02065612 
495 221 7 9 0.02056001 
302 202 9 10 0.020554295 
415 215 8 11 0.020483607 
1000 326 10 15 0.020449376 
76 286 9 11 0.02022122 
262 246 7 9 0.020191364 
637 222 9 12 0.020170834 
813 308 9 12 0.020132672 
722 245 8 11 0.020037519 
