21_Festival_Festival_21_254
19
493 229 104 136 0.99968064 
224 367 50 71 0.9924159 
216 493 26 34 0.9021362 
46 509 21 25 0.7815566 
0 518 13 24 0.4594701 
717 502 17 24 0.12153802 
91 278 29 41 0.0788031 
961 330 47 59 0.06817128 
213 492 17 20 0.05122591 
341 428 10 13 0.049722843 
789 535 10 12 0.041498654 
29 508 27 32 0.025390312 
226 505 18 26 0.025354242 
716 514 16 23 0.024032842 
180 491 16 23 0.023712808 
755 514 12 14 0.022763917 
155 486 16 27 0.022629041 
684 534 10 13 0.02113008 
627 555 23 32 0.020753765 
