21_Festival_Festival_21_107
96
596 184 48 61 0.8880973 
465 199 48 65 0.8878622 
919 183 21 27 0.8847742 
787 197 29 41 0.72697943 
843 187 18 24 0.70538497 
998 186 22 26 0.70379645 
687 217 39 52 0.6954491 
782 173 15 18 0.33698577 
183 217 57 73 0.24731478 
300 126 13 17 0.22187257 
559 131 29 34 0.20494659 
498 194 28 42 0.15690441 
639 120 30 40 0.13183373 
78 247 80 103 0.13164915 
337 130 24 31 0.12240098 
778 147 17 23 0.109376386 
864 156 14 16 0.10779033 
724 222 29 40 0.095400184 
803 165 12 15 0.088502474 
87 133 11 15 0.08198097 
839 258 22 25 0.0777734 
556 193 40 54 0.07257729 
835 210 19 19 0.069975376 
148 138 15 18 0.06876707 
900 150 17 20 0.06559475 
917 240 15 18 0.06337074 
606 243 43 51 0.060862407 
704 215 37 51 0.060496476 
924 278 12 15 0.054771446 
836 194 22 27 0.05471809 
971 218 12 15 0.05260295 
658 282 30 37 0.05055868 
964 196 12 14 0.04886848 
553 139 39 50 0.04864514 
92 125 12 16 0.048089273 
319 114 14 16 0.04503897 
72 4 9 11 0.04455897 
908 300 13 14 0.042305626 
489 205 31 45 0.042066433 
230 132 13 14 0.04178136 
957 270 12 15 0.04142306 
947 264 15 19 0.040965855 
947 187 14 19 0.03916666 
679 361 42 47 0.039155222 
898 133 25 28 0.038715925 
345 213 40 54 0.03860887 
508 181 42 53 0.03679389 
720 237 27 34 0.034982935 
53 -17 462 506 0.034120955 
798 168 14 19 0.033997968 
924 211 15 16 0.033355676 
964 272 10 13 0.033179816 
930 169 17 18 0.03216657 
867 161 14 16 0.03216415 
846 241 15 17 0.031478424 
832 367 12 17 0.030489782 
647 88 10 12 0.030213512 
871 171 13 15 0.030000297 
860 220 12 15 0.029638328 
350 137 20 29 0.029479127 
907 129 18 21 0.028953636 
388 215 21 27 0.028856417 
933 269 12 17 0.028700517 
458 157 19 22 0.02860568 
230 144 15 18 0.02729843 
722 92 13 17 0.026978238 
831 291 12 18 0.026881354 
806 174 15 19 0.026835786 
836 178 14 18 0.025101526 
279 140 9 12 0.024686093 
536 142 42 55 0.024507558 
271 163 12 15 0.02412771 
32 19 9 13 0.023827253 
751 161 24 29 0.023627032 
407 253 10 13 0.02326052 
587 140 17 22 0.02312768 
927 260 13 16 0.022974448 
830 152 20 24 0.022672689 
784 186 27 36 0.02258475 
723 252 18 22 0.022133637 
798 160 13 16 0.021876581 
62 147 12 17 0.021855645 
699 326 26 28 0.021648291 
454 216 38 48 0.021589244 
959 162 13 16 0.021525826 
764 223 24 34 0.021253837 
364 141 14 23 0.020787584 
312 146 489 497 0.020762885 
982 161 16 20 0.020684212 
485 187 31 40 0.020532073 
822 187 14 18 0.020357033 
508 209 17 27 0.020313213 
94 118 13 18 0.020305626 
934 227 17 20 0.020248674 
305 128 15 20 0.020207591 
345 153 17 20 0.020179454 
