21_Festival_Festival_21_218
33
101 153 40 59 0.9895001 
949 142 39 48 0.98265266 
542 211 30 43 0.9823996 
572 193 31 50 0.97901535 
856 115 40 52 0.97303087 
305 117 33 52 0.97201914 
312 190 36 41 0.9502277 
636 167 36 41 0.9408339 
528 245 23 34 0.68174744 
397 227 31 36 0.36341184 
560 197 32 52 0.23481958 
355 223 29 35 0.14667553 
429 256 24 26 0.13383186 
7 449 21 32 0.07411132 
146 194 18 20 0.06314223 
0 305 29 38 0.063078746 
412 239 27 32 0.04921598 
143 188 14 19 0.043115105 
847 237 98 123 0.03263352 
635 186 31 48 0.031231092 
531 232 26 34 0.03121392 
368 219 30 36 0.030976392 
689 197 20 24 0.030252654 
27 369 52 57 0.029597795 
819 260 26 31 0.028602375 
388 217 28 38 0.028455675 
531 366 10 14 0.02729156 
199 115 20 31 0.025338067 
353 237 20 23 0.023843374 
532 237 16 21 0.023524428 
427 355 13 15 0.02163311 
446 343 12 14 0.021113608 
523 274 17 24 0.020586729 
