21_Festival_Festival_21_290
24
467 301 61 82 0.9988011 
556 285 59 74 0.9979243 
101 206 91 132 0.9934953 
300 222 69 111 0.99065924 
811 304 58 100 0.9896259 
991 265 13 16 0.7386369 
130 334 25 30 0.33174756 
643 565 18 23 0.06471451 
182 362 29 36 0.0497453 
630 715 13 17 0.046923526 
399 318 21 24 0.045005087 
405 284 11 13 0.041273836 
560 662 11 13 0.037299275 
946 334 28 68 0.035414584 
568 856 33 30 0.033560265 
958 335 42 75 0.031268258 
592 685 13 15 0.029554589 
66 384 16 19 0.028253501 
596 689 13 15 0.027540397 
639 588 11 13 0.026297463 
398 281 12 16 0.026148187 
998 283 10 13 0.024420476 
984 262 13 17 0.021076359 
35 356 12 16 0.020195138 
