21_Festival_Festival_21_140
76
520 494 41 52 0.95963234 
346 481 23 25 0.9049017 
430 459 20 28 0.8597676 
113 599 16 20 0.25355372 
642 478 17 24 0.16338022 
304 448 13 18 0.14181279 
949 448 9 11 0.12336276 
341 473 15 21 0.10902297 
692 469 17 20 0.09937581 
629 672 15 22 0.098623976 
791 492 9 12 0.078439005 
799 468 11 13 0.076743536 
124 637 15 17 0.062236924 
148 707 11 15 0.059166383 
214 764 12 21 0.059120607 
697 722 37 47 0.0578576 
648 462 18 22 0.053598512 
138 703 9 13 0.05297795 
1011 521 14 25 0.049619697 
741 478 8 10 0.048582744 
141 707 12 15 0.048257463 
615 476 14 18 0.047161583 
621 404 14 16 0.044483755 
975 436 11 12 0.043541305 
236 431 10 12 0.043101467 
84 642 10 14 0.042118013 
879 557 12 14 0.04202057 
364 473 16 21 0.041457932 
121 725 9 13 0.041214515 
648 474 19 24 0.03923277 
294 524 15 21 0.038501482 
429 419 17 18 0.03844649 
803 555 15 17 0.037877966 
831 480 10 12 0.037288267 
968 452 24 28 0.03692204 
206 767 22 34 0.03562137 
241 707 19 22 0.03524825 
101 720 15 19 0.034989018 
931 539 14 19 0.034987617 
389 415 13 14 0.031720225 
477 423 14 17 0.030527245 
844 425 11 15 0.029785987 
301 470 10 13 0.029348431 
441 522 25 33 0.028452992 
466 404 14 16 0.028127903 
112 730 12 15 0.028049082 
46 651 14 19 0.02720294 
745 558 9 11 0.02711037 
108 724 13 16 0.026556436 
595 486 13 18 0.026052127 
425 340 24 25 0.02543798 
422 422 12 15 0.025270563 
332 509 14 18 0.025024312 
718 475 11 14 0.024732586 
624 476 20 27 0.02470788 
287 806 12 15 0.024458846 
534 1298 36 37 0.024177857 
756 486 12 14 0.023938242 
893 417 10 12 0.023585245 
421 345 17 22 0.02336997 
636 680 16 19 0.022777086 
285 594 12 16 0.02264417 
465 409 17 21 0.022539085 
677 667 12 16 0.022404106 
687 473 15 18 0.022340972 
393 419 14 17 0.022261284 
953 473 12 17 0.02206102 
126 732 10 14 0.021728868 
276 783 9 13 0.021722626 
713 476 10 13 0.021433178 
48 379 12 15 0.021134268 
102 694 12 16 0.0210347 
427 445 25 31 0.020991044 
308 599 9 12 0.0209512 
466 418 18 22 0.02092969 
86 717 10 14 0.02034846 
