21_Festival_Festival_21_604
1185
205 623 24 28 0.97114235 
10 543 17 22 0.968493 
163 626 21 25 0.9543687 
71 590 18 23 0.8878755 
27 497 11 15 0.86132616 
57 562 15 20 0.8532304 
102 539 11 14 0.8475826 
274 625 14 19 0.7930567 
926 534 12 15 0.78426975 
764 555 13 21 0.7796587 
207 436 8 11 0.77694553 
211 595 14 20 0.71368855 
200 540 13 15 0.7100086 
894 658 18 18 0.6896323 
250 579 14 19 0.65739256 
135 549 12 16 0.65497273 
8 478 10 14 0.6341232 
135 586 13 18 0.6323859 
158 556 13 20 0.61400235 
898 462 7 8 0.6137932 
687 503 12 15 0.6008336 
344 469 7 9 0.58614546 
996 400 8 10 0.5704769 
295 496 9 12 0.5661611 
53 509 11 13 0.5620182 
862 512 10 12 0.55211747 
716 581 12 16 0.5463525 
18 628 16 23 0.54464996 
686 459 9 12 0.50586534 
377 469 9 11 0.49350458 
200 497 12 15 0.49015144 
695 576 14 19 0.46894073 
236 532 13 15 0.46700394 
61 505 10 15 0.4643916 
968 485 8 11 0.44794294 
223 424 7 9 0.4157245 
732 586 13 17 0.39183605 
93 527 10 12 0.37221107 
312 447 7 9 0.37088567 
958 642 14 23 0.36880353 
294 472 8 10 0.36734447 
946 463 10 13 0.34714314 
990 474 8 10 0.3418668 
290 560 14 20 0.33331874 
41 479 10 13 0.32824624 
218 454 8 11 0.32308942 
283 597 16 20 0.32026726 
77 523 11 15 0.31052494 
175 493 11 14 0.31015685 
189 512 10 13 0.30782688 
656 493 9 11 0.3064054 
508 439 9 12 0.30628487 
241 448 9 11 0.30221778 
811 542 8 11 0.29953468 
62 431 7 10 0.29905134 
178 453 7 9 0.29830453 
65 477 8 10 0.2979245 
139 473 8 11 0.29463327 
769 471 8 11 0.2946274 
216 478 9 11 0.2892897 
850 484 7 10 0.28119615 
751 484 9 11 0.28095865 
1007 482 10 13 0.27925426 
966 527 11 13 0.2617881 
703 477 8 11 0.2550027 
882 417 8 10 0.25005582 
663 454 9 11 0.249915 
656 473 8 11 0.23984016 
949 507 10 13 0.23953573 
710 552 10 12 0.23874883 
888 527 9 12 0.23779011 
72 508 10 12 0.2355394 
629 444 9 11 0.23537542 
904 438 9 11 0.23415448 
805 513 8 11 0.23303291 
125 616 13 16 0.22815363 
705 552 8 12 0.22719264 
264 491 9 12 0.22635955 
740 503 11 13 0.22516513 
831 416 8 10 0.22025456 
221 510 9 13 0.21972755 
88 558 12 15 0.21738873 
47 469 9 10 0.21655588 
129 414 7 9 0.21000029 
223 502 8 10 0.2082522 
240 429 7 9 0.20782727 
720 479 8 12 0.20570529 
873 463 7 10 0.20418927 
33 569 12 18 0.20266534 
398 446 7 10 0.2004377 
30 470 8 10 0.19852045 
418 445 6 9 0.19797951 
95 409 7 10 0.1966222 
112 410 7 9 0.19406825 
974 468 9 11 0.19197764 
952 525 9 11 0.1916987 
72 493 10 12 0.19132793 
319 559 12 14 0.19115552 
825 446 6 9 0.18409823 
310 480 8 11 0.18398426 
810 415 7 8 0.18185693 
158 453 8 10 0.18181449 
264 455 8 10 0.18143217 
921 453 8 10 0.17931654 
946 417 6 8 0.17914852 
814 615 11 14 0.17749687 
854 543 10 13 0.17585029 
831 541 8 11 0.17550343 
247 464 8 10 0.1742124 
766 517 9 11 0.17365044 
386 517 7 10 0.17324886 
438 445 7 10 0.17273253 
148 501 12 15 0.17231482 
430 416 7 9 0.16916116 
329 429 6 8 0.16756636 
359 453 8 11 0.16692537 
256 487 9 11 0.16529973 
207 563 13 15 0.16498575 
866 495 7 10 0.1640357 
944 539 10 11 0.16247611 
200 473 7 10 0.16234456 
288 438 6 9 0.16077738 
294 528 9 12 0.16056693 
737 421 7 9 0.1600914 
374 531 9 11 0.15889125 
63 471 8 11 0.15855841 
96 518 12 15 0.15755624 
808 480 9 11 0.15736245 
1014 543 9 13 0.1571253 
102 440 9 11 0.15370876 
994 456 7 10 0.15326819 
144 493 10 12 0.15263538 
716 508 9 11 0.1524284 
762 445 7 10 0.1512076 
98 447 7 9 0.15065178 
102 445 7 10 0.14990634 
751 464 9 11 0.14741121 
758 484 8 11 0.14652699 
88 414 8 10 0.14500089 
342 494 7 9 0.1442697 
847 543 10 13 0.14200352 
108 477 9 11 0.14074925 
287 511 9 12 0.14014547 
79 415 7 9 0.138378 
399 478 10 13 0.13748132 
151 560 14 20 0.13684453 
80 472 9 11 0.13570474 
952 519 9 12 0.13438666 
988 532 11 13 0.13432688 
665 424 7 9 0.13340366 
272 455 7 10 0.13299614 
992 431 6 8 0.13236637 
376 548 9 12 0.13080493 
770 557 13 16 0.12973839 
840 543 9 11 0.12884048 
359 511 8 11 0.12801573 
975 503 9 12 0.12799682 
90 530 10 14 0.12760034 
864 428 8 11 0.12671919 
247 503 9 11 0.12641503 
720 448 8 10 0.12609679 
829 535 9 11 0.12520748 
143 449 7 9 0.12402244 
191 432 7 9 0.122351855 
678 518 9 11 0.121729165 
678 537 9 11 0.120348684 
145 429 9 12 0.11972792 
4 412 8 10 0.11933188 
215 515 10 13 0.11635868 
929 425 7 8 0.11601518 
306 481 8 10 0.114711605 
72 392 7 9 0.11470948 
26 469 8 10 0.1146279 
766 446 6 9 0.11455813 
395 623 10 12 0.11299055 
317 534 9 13 0.11145891 
761 516 10 13 0.11144974 
694 424 6 8 0.11102995 
647 533 9 11 0.11034361 
58 464 8 11 0.10921182 
101 499 11 14 0.1088102 
222 541 9 13 0.10708345 
674 541 9 12 0.1059272 
135 397 6 9 0.102221176 
45 382 7 10 0.10150037 
718 577 11 14 0.101489 
203 438 7 9 0.10105106 
74 415 7 10 0.10037278 
820 562 11 14 0.10011782 
320 502 8 11 0.09981377 
115 382 6 9 0.09975355 
466 476 8 11 0.09960725 
178 421 7 9 0.09932801 
945 632 17 22 0.09908837 
249 605 11 15 0.09866539 
38 512 9 12 0.098366424 
793 455 7 9 0.0979569 
737 507 11 13 0.09601184 
145 423 8 9 0.0956722 
105 366 7 9 0.095240995 
984 414 7 10 0.09443015 
691 581 15 20 0.0944035 
905 488 7 9 0.094314106 
303 596 12 17 0.09415116 
193 448 7 8 0.09403723 
102 485 11 14 0.09387533 
748 543 13 17 0.093296885 
904 391 6 8 0.09257264 
475 563 14 18 0.09238709 
153 453 8 10 0.092316516 
929 470 8 11 0.092310086 
255 492 9 12 0.09213456 
394 529 8 10 0.092040755 
169 374 6 9 0.091663316 
393 430 6 9 0.09153735 
981 541 10 12 0.09108744 
246 560 11 16 0.0907275 
506 443 9 12 0.09060739 
865 594 11 16 0.09051424 
838 510 7 9 0.089778714 
774 518 7 10 0.08961196 
343 557 9 11 0.08959825 
960 445 8 10 0.089339696 
871 484 8 10 0.08852882 
360 503 7 9 0.08841799 
796 650 19 21 0.08779844 
261 548 13 16 0.08777668 
110 472 7 9 0.087422065 
904 446 8 9 0.08727219 
886 544 9 11 0.087175936 
289 500 10 12 0.08695407 
321 407 7 9 0.086337395 
748 642 14 21 0.08526518 
879 463 7 9 0.08516717 
534 472 8 11 0.08504327 
158 478 8 11 0.084276654 
164 559 12 17 0.08424547 
56 358 7 9 0.08392068 
210 573 14 17 0.08389979 
647 471 8 10 0.08375134 
912 465 7 9 0.08362943 
118 554 13 16 0.08346364 
289 350 6 9 0.08270277 
185 391 7 8 0.08254273 
366 542 9 10 0.08221328 
903 518 8 11 0.08196732 
47 413 8 10 0.081168525 
5 634 17 18 0.080970906 
241 481 8 11 0.08088411 
352 557 8 11 0.080099545 
882 390 6 8 0.07968684 
415 463 8 11 0.07968242 
866 486 7 9 0.07962949 
470 471 9 12 0.079419285 
887 431 7 9 0.07892798 
25 433 7 10 0.07850232 
910 487 8 10 0.0785022 
208 399 7 8 0.078079775 
106 558 9 13 0.07783091 
790 551 9 11 0.07715426 
256 515 10 12 0.076744124 
804 525 8 10 0.07568052 
1014 468 8 11 0.075237475 
192 362 6 8 0.07517108 
49 409 7 9 0.0751118 
660 493 9 12 0.074985966 
282 440 6 8 0.07415683 
742 643 13 19 0.07366168 
504 551 9 12 0.07363849 
784 439 7 8 0.07339022 
962 415 6 8 0.07319522 
168 540 13 15 0.07314091 
1010 390 6 8 0.072713025 
800 456 6 9 0.07261735 
869 496 8 10 0.07233282 
42 424 7 9 0.07233106 
236 632 17 21 0.071951196 
257 456 8 10 0.07146289 
440 441 7 9 0.07128272 
842 480 6 9 0.071134895 
895 486 7 9 0.07106441 
257 480 8 9 0.070608124 
790 492 9 11 0.070338756 
25 664 21 19 0.07026992 
78 445 7 10 0.070219755 
921 408 8 9 0.070172034 
947 505 8 11 0.06994081 
968 399 7 10 0.06986799 
233 486 8 11 0.06958668 
410 462 8 10 0.06952007 
824 519 7 9 0.069511205 
288 455 8 10 0.06923187 
105 472 8 9 0.06894414 
1013 533 8 12 0.06840492 
410 584 9 12 0.06761839 
975 366 6 8 0.067563884 
257 441 6 9 0.06749566 
950 542 10 12 0.06709657 
79 351 6 8 0.066914506 
708 601 10 15 0.0668437 
1007 431 7 9 0.066726126 
645 486 8 11 0.06664395 
808 497 7 9 0.0666373 
254 462 8 10 0.06636616 
245 508 9 12 0.06615575 
427 416 6 9 0.06611979 
750 454 9 10 0.06580828 
87 383 7 9 0.06574956 
139 590 13 18 0.065656096 
126 549 13 15 0.065230735 
753 598 9 13 0.064895846 
366 481 8 10 0.0648848 
750 447 9 10 0.06479711 
138 358 7 8 0.0647313 
856 471 7 9 0.06472234 
38 445 8 9 0.06458922 
832 464 7 8 0.06430972 
835 512 6 9 0.06405649 
280 493 9 12 0.06397718 
731 398 5 8 0.06373663 
997 507 8 12 0.063365325 
968 406 7 9 0.063269965 
919 425 8 9 0.063228786 
958 544 9 12 0.06277264 
848 449 6 9 0.0626972 
633 460 9 11 0.06266731 
351 448 7 9 0.062463768 
149 433 8 10 0.062346887 
226 407 6 8 0.062253997 
337 558 9 11 0.0620011 
170 370 6 8 0.061941616 
329 543 8 10 0.06150385 
748 534 12 15 0.06132339 
305 463 7 9 0.061093204 
926 448 8 10 0.06098277 
246 484 9 11 0.060900062 
313 455 7 9 0.060704354 
242 464 8 11 0.06065734 
265 406 7 10 0.060512006 
386 502 7 9 0.060408853 
954 548 9 12 0.060222384 
122 477 9 11 0.060138915 
362 541 8 10 0.05997782 
224 496 8 10 0.059859928 
871 525 8 10 0.0598387 
980 579 12 16 0.059381273 
991 383 6 8 0.05919728 
220 423 7 9 0.059184574 
295 631 14 19 0.05916575 
705 440 8 9 0.05905042 
46 425 7 9 0.058956787 
1000 455 7 11 0.05878492 
660 472 9 11 0.058695067 
271 514 11 14 0.058569066 
463 405 7 9 0.05800524 
920 383 6 8 0.05794028 
745 484 9 11 0.057863124 
89 485 9 12 0.057607856 
904 433 8 10 0.057519022 
768 476 8 11 0.057393465 
8 454 8 9 0.057111364 
806 437 7 9 0.056891285 
138 455 7 9 0.05661416 
876 565 10 14 0.056545082 
339 469 8 10 0.056505855 
806 558 9 12 0.056239635 
885 421 9 10 0.056092754 
111 366 6 8 0.055829905 
95 484 10 13 0.055524915 
792 449 7 9 0.05549959 
663 531 9 13 0.055317204 
903 523 8 11 0.054986056 
191 400 7 8 0.054740727 
1006 455 7 10 0.054654825 
191 438 7 9 0.054604817 
943 439 8 11 0.054591473 
889 405 6 9 0.054512102 
230 536 15 17 0.054466795 
358 376 6 8 0.054202933 
368 534 9 10 0.054049823 
23 455 7 9 0.05392838 
74 445 7 10 0.05381032 
168 485 11 13 0.053512875 
435 447 7 9 0.053453688 
150 463 8 9 0.053432517 
825 400 6 8 0.053312626 
279 479 7 9 0.053281806 
720 464 8 10 0.05316272 
377 448 7 9 0.05297985 
930 429 6 9 0.052712068 
754 401 7 10 0.052534986 
681 447 8 10 0.05227362 
1007 462 8 10 0.052219726 
824 442 7 9 0.052111056 
328 481 7 10 0.05207636 
715 555 10 13 0.052071802 
913 424 8 10 0.051863145 
847 464 7 9 0.05171643 
225 383 7 9 0.051630918 
264 471 8 9 0.051599044 
728 635 11 19 0.051502727 
134 414 7 10 0.05133463 
748 612 11 14 0.051314536 
174 470 9 11 0.05109513 
258 408 6 8 0.05107649 
24 406 7 9 0.051006462 
741 610 12 17 0.050755303 
727 583 11 15 0.050621152 
776 511 8 10 0.050422266 
954 432 6 8 0.050329305 
46 631 12 19 0.050286356 
841 449 6 9 0.050281655 
824 454 7 9 0.05025769 
166 398 7 9 0.050201982 
337 439 6 9 0.050127957 
135 408 7 10 0.04984635 
775 502 9 12 0.04978096 
847 453 7 9 0.049745042 
151 421 7 10 0.049356535 
70 342 7 9 0.049312312 
463 400 8 10 0.049110208 
908 439 7 9 0.049019374 
898 589 13 15 0.048923984 
885 548 9 13 0.048846412 
958 564 13 17 0.048567716 
177 384 7 8 0.048499912 
853 630 17 23 0.0484716 
324 579 12 15 0.048241135 
848 430 7 9 0.048231307 
390 503 8 10 0.04816584 
240 558 11 15 0.048147976 
319 580 12 16 0.04803597 
319 480 7 9 0.047996044 
649 638 11 14 0.04791884 
832 447 6 9 0.047490206 
786 416 7 9 0.047487788 
446 389 7 10 0.047484957 
354 422 6 8 0.047397055 
463 417 6 8 0.047224887 
169 493 11 13 0.047095172 
191 366 6 8 0.046879314 
960 526 9 13 0.0467784 
597 476 9 12 0.04660313 
711 462 8 10 0.04658428 
712 390 6 8 0.046524867 
904 493 7 9 0.046514645 
1011 385 6 8 0.046237368 
768 501 9 11 0.04623411 
963 647 21 26 0.046202257 
928 407 7 9 0.046153698 
193 406 7 9 0.045976475 
733 531 9 13 0.04575525 
1001 461 8 10 0.045576017 
305 400 7 8 0.04551512 
984 400 7 8 0.04542787 
986 473 8 11 0.0453969 
399 441 6 9 0.04533576 
681 455 10 12 0.045227613 
465 453 7 10 0.045222037 
968 446 7 9 0.04509006 
881 512 8 10 0.045029018 
110 454 7 9 0.04496869 
103 385 6 9 0.04489915 
33 661 19 20 0.044848826 
422 446 6 8 0.044406112 
950 416 6 9 0.04433583 
267 548 12 15 0.04430066 
370 361 6 7 0.044296693 
270 366 6 9 0.04423198 
970 463 8 12 0.044201024 
943 485 8 10 0.04397848 
45 497 8 11 0.043858062 
664 458 10 13 0.043850046 
857 407 7 8 0.043822944 
314 502 7 9 0.04381897 
809 410 7 9 0.043799482 
49 448 8 10 0.043757074 
168 469 8 11 0.04374532 
34 445 7 9 0.04366903 
389 517 8 11 0.043617427 
74 441 6 9 0.04361643 
314 472 8 10 0.04357567 
88 424 7 9 0.04347138 
729 433 7 8 0.04335549 
953 384 6 7 0.04320891 
496 455 9 12 0.042981543 
479 464 8 10 0.042966615 
23 437 8 10 0.04288743 
56 414 7 9 0.042822868 
369 469 8 10 0.04280292 
39 534 13 15 0.042753566 
870 429 7 10 0.0427093 
935 406 6 8 0.042691924 
355 378 6 7 0.04265389 
79 555 11 15 0.04258782 
278 456 8 11 0.04250784 
713 502 9 12 0.04244758 
987 385 6 8 0.04244664 
887 440 7 9 0.042339783 
181 417 8 9 0.042317495 
431 470 8 9 0.04230165 
953 407 6 8 0.04223911 
138 447 8 10 0.042162083 
992 460 9 10 0.042144395 
976 447 7 9 0.042062722 
946 421 6 9 0.041845843 
934 424 7 9 0.04171921 
254 470 8 10 0.04167387 
121 447 7 8 0.04163193 
318 526 8 12 0.041590277 
754 406 6 8 0.04158613 
734 655 13 18 0.04154001 
911 454 7 9 0.041513585 
254 546 13 18 0.041500967 
823 527 8 10 0.04141771 
710 477 8 11 0.04139869 
103 389 7 9 0.041392893 
354 453 8 10 0.0411565 
307 445 8 10 0.0411324 
33 440 7 9 0.04097933 
242 408 6 8 0.040940214 
679 422 6 9 0.04078236 
971 485 9 12 0.04065784 
182 449 7 10 0.040643785 
22 447 7 9 0.040641405 
338 376 6 8 0.040534917 
151 417 7 9 0.04052846 
433 385 6 8 0.04045295 
103 431 8 10 0.040340252 
257 444 7 10 0.04029127 
334 430 6 9 0.04022478 
246 597 12 16 0.040211387 
145 463 8 10 0.040182542 
748 527 10 11 0.040173024 
163 398 6 9 0.039991725 
247 430 7 9 0.039955013 
368 448 7 9 0.039818186 
187 367 6 8 0.03973494 
866 481 7 10 0.039564975 
938 383 6 8 0.039411116 
593 385 6 8 0.03938603 
361 449 7 10 0.03930131 
106 454 7 10 0.039233815 
865 414 7 8 0.039153382 
337 488 8 11 0.039105646 
745 463 9 10 0.03892485 
849 398 6 8 0.038814746 
942 444 8 10 0.038757466 
47 430 7 8 0.038686015 
841 464 7 9 0.038675394 
168 465 7 9 0.03863544 
976 391 6 9 0.038582247 
244 453 9 11 0.038561195 
38 630 14 19 0.03855585 
360 432 7 9 0.038478203 
799 461 7 10 0.03847188 
150 398 6 9 0.038342293 
120 472 9 11 0.03834142 
137 494 9 12 0.038219336 
67 345 6 8 0.038066808 
873 447 6 8 0.0380637 
625 439 10 12 0.038054798 
54 408 8 9 0.03798432 
970 368 6 8 0.037915856 
177 358 7 8 0.037892442 
78 441 7 9 0.037863925 
91 408 8 11 0.03785735 
774 431 8 9 0.03777365 
177 353 7 9 0.037700795 
949 533 10 12 0.0376056 
0 440 7 10 0.037516583 
991 448 7 8 0.03729246 
114 391 6 9 0.037255775 
890 487 7 9 0.037092783 
152 449 8 10 0.037055787 
1010 408 7 10 0.037055586 
1014 382 7 9 0.03700908 
201 376 6 8 0.03699718 
925 475 9 11 0.036765918 
950 400 7 8 0.036750022 
429 545 8 10 0.036603805 
951 423 7 9 0.036566988 
745 526 8 11 0.036563978 
25 367 6 8 0.036562525 
1002 433 7 9 0.036560625 
543 484 9 11 0.036490567 
841 431 7 9 0.036445417 
965 415 7 9 0.03630159 
160 472 8 10 0.036253344 
985 408 6 9 0.03622995 
174 478 11 11 0.036122505 
274 461 8 10 0.036035568 
146 400 6 8 0.035966717 
0 445 7 10 0.035917856 
375 453 7 9 0.035880603 
125 618 20 25 0.035819184 
694 406 7 8 0.035746757 
82 375 5 7 0.035723466 
87 477 9 11 0.03567728 
812 479 8 11 0.035436932 
62 494 10 12 0.03542813 
72 422 6 9 0.035212412 
641 469 8 10 0.035103694 
903 564 13 16 0.03508233 
263 447 8 10 0.03504328 
333 580 14 16 0.03501079 
1000 422 6 9 0.034988366 
882 541 9 12 0.034865692 
87 390 7 9 0.034851428 
323 430 6 8 0.034811568 
632 341 8 10 0.03469094 
119 392 7 9 0.034681093 
831 517 7 9 0.03461106 
849 439 7 8 0.034600087 
296 454 7 9 0.034595914 
903 512 9 12 0.0345713 
40 455 8 9 0.03455029 
860 564 11 16 0.03454911 
299 617 14 17 0.034401618 
775 485 8 10 0.034328897 
18 391 6 9 0.034313045 
150 437 8 9 0.034276042 
705 445 7 10 0.03423414 
130 398 6 8 0.034055002 
65 376 6 7 0.034045104 
984 446 7 9 0.03395202 
712 422 6 8 0.033940744 
422 462 7 10 0.033861205 
77 503 9 13 0.033832498 
921 494 9 10 0.03382188 
712 447 7 9 0.03378734 
347 448 6 9 0.033778235 
71 502 11 13 0.033727527 
896 417 7 9 0.033722006 
162 432 6 8 0.03372133 
855 400 6 8 0.033709187 
482 555 16 18 0.033688724 
201 351 7 9 0.03366999 
360 438 7 9 0.03356755 
298 422 7 9 0.033481844 
785 472 7 10 0.033376813 
258 334 6 9 0.033376068 
120 619 12 18 0.03334842 
811 586 13 15 0.033341665 
85 551 11 15 0.033325747 
729 437 7 9 0.033294432 
813 414 7 9 0.033197563 
993 439 7 9 0.033137906 
223 439 7 9 0.033116333 
831 494 8 9 0.03307146 
446 421 7 9 0.033037152 
241 374 6 9 0.033021025 
376 476 9 11 0.032995317 
719 470 8 10 0.0329365 
698 476 9 12 0.032816555 
903 456 7 9 0.032786705 
727 532 11 14 0.0327513 
670 422 7 9 0.032687332 
404 479 9 11 0.03265997 
816 496 6 9 0.0325358 
30 432 8 9 0.032500744 
146 417 7 9 0.03240346 
767 416 7 8 0.03237463 
809 548 9 11 0.03234882 
253 556 12 17 0.032281015 
863 373 7 10 0.032273285 
897 439 8 10 0.032243986 
288 346 7 8 0.032231934 
144 438 8 9 0.032132722 
947 368 6 8 0.032130264 
297 401 6 8 0.032106604 
167 431 7 9 0.03210646 
705 462 8 11 0.03209046 
161 391 7 8 0.03206489 
198 448 7 10 0.031910595 
-2 511 8 14 0.031896573 
911 469 6 9 0.031886384 
106 414 7 9 0.031846255 
289 375 7 9 0.03176883 
881 457 7 9 0.03170769 
633 568 8 11 0.031691223 
17 416 7 9 0.03166171 
63 437 7 9 0.031609975 
265 375 7 9 0.031561542 
922 414 7 9 0.031539015 
901 594 13 18 0.031499248 
18 438 7 10 0.03148293 
207 367 6 8 0.031333257 
314 498 6 8 0.031275798 
376 374 6 8 0.031251665 
848 425 7 8 0.031199856 
726 463 8 10 0.031186504 
1013 526 10 14 0.031172508 
272 334 7 9 0.031150674 
186 438 7 10 0.031146316 
609 382 7 8 0.031039283 
989 564 15 17 0.031002993 
95 452 8 10 0.030983418 
904 406 6 9 0.03095211 
231 416 6 9 0.030919874 
121 367 5 7 0.030915951 
72 396 7 10 0.030890953 
119 378 7 8 0.030884637 
183 468 9 11 0.0308299 
173 535 12 16 0.030828224 
782 504 8 10 0.030818688 
410 430 5 8 0.030817237 
198 317 7 10 0.030804109 
618 431 8 10 0.030803993 
221 460 8 10 0.030777266 
966 374 6 9 0.030711355 
49 514 10 13 0.030665327 
167 509 10 14 0.030636366 
40 496 10 13 0.030546447 
674 520 9 11 0.030539555 
465 431 7 9 0.030523397 
311 398 6 8 0.030489858 
247 424 7 9 0.030405387 
256 431 6 8 0.030399732 
137 440 7 9 0.030399494 
1000 437 7 9 0.03028947 
40 470 9 11 0.030182578 
287 408 6 8 0.030039735 
971 533 12 13 0.029999051 
712 439 6 9 0.029981319 
263 440 8 9 0.029941075 
688 383 7 8 0.029931046 
726 478 9 13 0.029885033 
887 456 7 10 0.029874852 
966 538 10 13 0.02987265 
848 526 8 10 0.02986451 
864 409 7 8 0.029826032 
457 374 6 8 0.02982592 
215 401 7 9 0.02981167 
98 367 6 8 0.029808832 
156 566 13 19 0.029796146 
722 406 7 9 0.02978913 
231 557 12 15 0.029785175 
1008 501 10 13 0.029759802 
913 429 7 10 0.029751977 
669 503 8 10 0.029731132 
25 359 6 8 0.029704753 
158 501 10 13 0.029618263 
226 350 7 9 0.02961818 
1017 440 8 10 0.029558683 
39 464 8 9 0.029536365 
895 422 6 8 0.029490016 
949 485 8 10 0.02945576 
322 426 7 8 0.029440932 
800 472 6 9 0.029425243 
127 472 7 10 0.02942459 
669 460 8 11 0.029402703 
986 431 7 9 0.029359225 
120 543 12 15 0.029315222 
48 453 7 9 0.029293615 
726 453 9 11 0.029240362 
847 520 7 9 0.029193787 
362 485 7 10 0.029176455 
168 439 8 10 0.029150164 
993 424 7 9 0.029076122 
692 597 12 16 0.029062985 
208 416 6 8 0.029018749 
783 455 7 10 0.029010044 
767 485 8 10 0.028999561 
881 516 8 11 0.02894085 
263 423 7 9 0.028921597 
654 377 7 9 0.028868638 
45 660 16 19 0.028840551 
119 623 21 32 0.028824745 
906 599 14 18 0.028722914 
1003 484 8 12 0.02870047 
390 511 8 11 0.028650772 
799 422 7 9 0.028628433 
962 374 6 9 0.028613955 
950 368 7 8 0.028602466 
317 586 13 18 0.028588256 
319 382 6 8 0.028509825 
215 438 7 10 0.028502254 
943 382 6 8 0.02846514 
816 430 7 9 0.028420648 
43 538 12 15 0.028346725 
1001 479 9 11 0.02827676 
321 401 7 8 0.028263813 
302 422 7 9 0.028195249 
225 375 6 9 0.02818075 
663 429 7 10 0.02815757 
794 535 8 12 0.028152073 
127 447 6 8 0.02807145 
225 416 7 9 0.028067058 
990 550 12 13 0.028022794 
187 432 7 9 0.028020283 
152 351 6 9 0.027998434 
127 484 8 11 0.027958946 
962 423 6 9 0.027930774 
753 416 5 7 0.027930437 
57 487 9 12 0.027929459 
423 549 8 11 0.027923226 
311 415 7 9 0.027904667 
200 561 12 16 0.027898537 
200 423 6 8 0.02789827 
329 359 6 8 0.02788648 
168 423 7 9 0.027717158 
151 486 8 11 0.027713915 
658 453 8 10 0.027690006 
768 497 8 9 0.027656224 
733 478 10 12 0.02761158 
336 536 8 10 0.027533283 
696 440 7 9 0.027503412 
757 539 9 14 0.027479904 
122 415 7 8 0.02746638 
190 393 6 9 0.027441425 
384 423 6 9 0.027409596 
956 519 10 12 0.02737292 
164 550 12 18 0.027313381 
938 485 7 11 0.027287053 
382 446 7 9 0.027282542 
63 415 7 9 0.027247654 
344 414 7 9 0.027216408 
193 479 9 10 0.027167311 
402 391 6 8 0.027131774 
64 350 6 8 0.027127307 
732 631 11 17 0.027125971 
342 510 7 9 0.027116157 
872 664 17 17 0.027090227 
937 333 7 10 0.02697778 
184 408 7 8 0.026973609 
318 447 7 9 0.026959365 
242 532 12 15 0.026949465 
300 495 8 11 0.026945902 
231 423 7 9 0.026897574 
856 440 7 9 0.026807286 
130 394 6 8 0.0267932 
662 398 7 9 0.026780477 
711 472 8 10 0.026769258 
111 351 7 8 0.02674893 
919 488 9 11 0.026739148 
807 454 7 9 0.026695594 
407 409 6 7 0.026677296 
367 453 8 10 0.026660016 
273 478 8 10 0.02664367 
871 414 7 9 0.026633102 
711 417 7 9 0.026582852 
127 456 7 9 0.026582444 
161 384 6 8 0.02656968 
850 367 6 8 0.026519997 
279 630 17 25 0.026514053 
126 587 13 19 0.026507836 
785 447 7 9 0.026486149 
727 407 6 9 0.026471574 
110 527 11 13 0.026462985 
818 440 6 9 0.026456047 
336 407 7 8 0.026436917 
98 389 7 9 0.026399156 
778 455 7 9 0.026379678 
159 484 9 11 0.026378041 
790 440 7 9 0.026371757 
926 489 8 10 0.02634734 
180 501 11 14 0.026265068 
672 484 10 12 0.026254933 
223 535 12 15 0.026229188 
242 342 6 8 0.02620817 
380 645 25 31 0.02613436 
57 493 9 11 0.026121976 
70 471 8 11 0.026116803 
314 383 6 8 0.026060443 
663 501 8 12 0.026031984 
839 485 8 10 0.026029345 
121 441 7 8 0.026019748 
271 415 7 8 0.02598457 
210 517 9 12 0.02595023 
425 367 7 8 0.025944242 
198 453 8 10 0.025934042 
207 375 6 8 0.025931293 
247 540 12 17 0.025929986 
558 477 8 10 0.025910413 
80 430 7 9 0.025825538 
910 493 9 10 0.025796844 
291 393 6 7 0.025775619 
161 438 8 9 0.025736168 
946 398 7 8 0.025729008 
31 422 8 9 0.025721502 
154 366 6 9 0.02564705 
334 542 8 10 0.025618704 
183 384 7 10 0.025608178 
319 497 9 10 0.025581058 
230 408 7 8 0.025567126 
967 423 7 8 0.025535136 
840 385 7 8 0.025532933 
854 480 8 10 0.025502421 
154 361 6 8 0.025481459 
712 456 8 10 0.02543208 
818 448 6 8 0.025431242 
31 465 9 11 0.025428567 
96 425 7 9 0.025408989 
261 478 8 10 0.025408596 
840 390 7 9 0.025401369 
892 525 10 13 0.025394242 
735 542 10 13 0.02539345 
680 470 10 11 0.025383009 
800 485 8 10 0.02536485 
231 350 7 9 0.025338104 
248 415 7 8 0.025332205 
128 462 8 9 0.025269497 
1014 506 9 14 0.025258752 
801 479 8 10 0.025250252 
352 519 8 10 0.025234776 
937 444 8 11 0.02517699 
866 399 6 8 0.025167631 
689 587 11 16 0.025154958 
336 509 8 10 0.02513365 
704 456 7 10 0.025083326 
295 375 7 8 0.025079759 
952 376 6 8 0.025070563 
986 390 6 9 0.025010763 
121 485 9 12 0.024994314 
154 479 8 10 0.024974478 
52 627 15 21 0.024959324 
848 393 6 9 0.024884583 
770 430 7 10 0.024858737 
672 535 10 13 0.024837604 
110 551 11 14 0.024822388 
918 504 9 10 0.024809249 
839 506 8 10 0.024800716 
54 448 7 9 0.024766633 
656 499 10 13 0.024739308 
774 422 8 10 0.024700297 
14 316 10 12 0.024675865 
477 468 9 10 0.024625415 
655 382 7 9 0.024600308 
105 362 6 8 0.024559563 
914 383 6 8 0.02453807 
642 333 8 10 0.024517328 
725 448 8 10 0.024498187 
145 376 6 8 0.024488715 
1015 429 7 10 0.024483109 
685 446 8 11 0.02445598 
289 475 9 12 0.024442563 
242 336 6 9 0.024388906 
289 434 7 9 0.024386216 
24 464 8 10 0.024345776 
419 417 5 7 0.024329262 
936 391 6 9 0.024301296 
880 440 7 9 0.024284603 
32 476 9 11 0.024266006 
671 440 6 9 0.024260374 
55 455 7 8 0.024219569 
257 424 6 9 0.024189742 
406 493 8 10 0.024188127 
253 500 9 11 0.02413962 
152 393 6 8 0.024133863 
31 400 7 9 0.024104636 
855 448 7 9 0.024093917 
224 390 6 9 0.024037082 
979 501 10 13 0.024026714 
932 538 10 13 0.024025438 
200 416 6 8 0.024018329 
856 497 7 9 0.023975782 
899 391 6 9 0.023949645 
144 406 7 9 0.023913765 
260 512 10 12 0.023871457 
970 507 9 12 0.023870125 
832 439 6 9 0.023866422 
338 383 6 8 0.023848701 
79 409 7 9 0.023846803 
334 425 7 9 0.023819966 
250 495 9 11 0.023813102 
817 454 6 8 0.0237943 
757 470 8 9 0.023794 
944 376 6 8 0.023737239 
918 462 8 9 0.023725428 
562 406 8 10 0.023689741 
643 398 6 9 0.02365408 
346 525 8 11 0.0236475 
216 383 7 9 0.023640636 
120 408 7 9 0.023582939 
249 441 7 9 0.023579692 
735 483 10 12 0.023532331 
425 456 8 10 0.023521004 
654 508 9 12 0.023500292 
344 366 7 9 0.023452574 
832 456 7 8 0.02344862 
729 394 6 8 0.023432028 
399 472 8 9 0.023404693 
789 415 8 9 0.023401983 
975 572 13 18 0.023389041 
110 361 7 9 0.02335251 
982 462 8 10 0.02330908 
922 477 8 10 0.023302743 
873 456 7 10 0.023295928 
888 446 7 10 0.023292217 
143 353 7 9 0.023261206 
777 400 7 8 0.02325573 
280 486 8 11 0.023204219 
129 368 6 8 0.023186944 
311 525 12 15 0.023175132 
74 351 7 10 0.023134543 
178 390 7 9 0.023130078 
270 408 6 9 0.023118377 
904 400 6 8 0.023103906 
777 439 6 8 0.02310324 
272 438 7 9 0.02309377 
160 423 6 9 0.02306672 
100 507 12 15 0.02305375 
989 557 14 16 0.02304956 
42 369 5 7 0.023007749 
158 526 11 14 0.022997031 
879 446 7 9 0.022932237 
769 422 8 10 0.022924425 
41 430 7 9 0.02291719 
234 430 7 9 0.022902308 
913 376 7 9 0.022874478 
808 376 7 8 0.022849232 
825 486 6 9 0.022829194 
913 408 6 8 0.022824468 
47 377 6 9 0.02282213 
136 376 6 8 0.022803884 
394 484 9 11 0.022758711 
832 487 7 9 0.02274259 
216 360 7 9 0.02269067 
703 518 9 12 0.022685586 
694 428 8 10 0.02265076 
336 447 6 9 0.022642892 
447 437 7 10 0.022618495 
664 509 8 11 0.022610197 
801 432 8 10 0.022602396 
728 470 7 9 0.022591965 
415 430 6 9 0.022584336 
82 344 6 9 0.022543723 
122 455 7 9 0.022536326 
830 529 8 10 0.022530073 
959 471 8 10 0.02247099 
96 401 6 9 0.02246831 
826 540 9 12 0.022462297 
896 481 7 9 0.022454772 
352 398 7 8 0.022446798 
712 401 6 8 0.02239973 
841 519 7 9 0.02239798 
409 457 8 9 0.022385277 
181 487 10 12 0.022365525 
17 359 6 8 0.02234145 
792 541 9 11 0.022337355 
767 442 7 9 0.022301428 
32 455 8 9 0.022291338 
367 399 7 9 0.02224173 
981 564 12 16 0.02223481 
97 429 7 9 0.02219053 
370 375 6 8 0.022188831 
32 417 7 9 0.022176951 
42 376 7 8 0.022133896 
465 438 7 10 0.022125851 
201 345 7 9 0.022112686 
672 480 9 11 0.022051392 
263 461 7 10 0.0220364 
18 446 8 10 0.022008354 
196 517 11 13 0.021966042 
552 478 8 11 0.021965334 
934 429 7 9 0.021956649 
174 369 6 8 0.021950414 
89 453 8 10 0.02193638 
98 361 6 8 0.021914849 
151 376 7 9 0.021912578 
789 369 7 8 0.021892127 
865 449 6 8 0.021862956 
847 511 7 10 0.021823242 
390 385 7 8 0.021787424 
832 374 6 8 0.021768441 
182 479 9 10 0.021768108 
99 441 8 10 0.02176468 
895 406 7 9 0.021758232 
320 463 7 9 0.02171745 
858 415 6 8 0.021704929 
617 423 8 10 0.021680946 
646 477 8 12 0.021638226 
306 441 6 9 0.021579795 
313 423 6 9 0.021533625 
976 455 8 10 0.02152484 
127 440 8 9 0.021513682 
697 518 9 10 0.021494132 
202 367 6 9 0.021492893 
198 408 7 9 0.021457667 
568 386 7 7 0.021446405 
1015 376 7 11 0.02144504 
192 469 9 11 0.02142662 
831 469 7 9 0.021414805 
72 515 12 17 0.021363582 
740 73 10 11 0.021347467 
209 382 7 9 0.021318458 
217 367 7 8 0.021293 
328 463 7 8 0.021269685 
949 480 9 11 0.021261677 
311 461 7 9 0.021256376 
638 456 7 11 0.021256268 
857 502 7 10 0.02125084 
913 503 8 11 0.021220136 
281 376 6 8 0.02120436 
80 464 8 10 0.021195326 
191 464 8 10 0.021190854 
975 398 7 9 0.021161824 
871 399 6 8 0.02114992 
892 619 13 17 0.021144437 
88 447 8 10 0.021142943 
292 552 14 18 0.021142859 
298 406 7 8 0.021112058 
395 439 7 9 0.021110466 
357 557 9 13 0.021108808 
1008 527 11 15 0.021097692 
401 376 6 7 0.021061134 
343 439 6 8 0.021029059 
131 375 5 8 0.02102862 
458 406 7 9 0.021028278 
264 390 7 8 0.021018608 
64 425 7 10 0.02101799 
73 463 7 10 0.020997893 
295 439 6 8 0.020992268 
961 409 7 8 0.02098711 
777 463 8 9 0.020986477 
291 509 11 13 0.020984098 
842 471 7 9 0.020948512 
975 477 9 12 0.020921854 
721 401 6 7 0.020903705 
847 470 7 9 0.02089873 
1014 390 7 10 0.020873861 
345 520 8 10 0.020833613 
95 511 12 14 0.020799195 
25 401 7 9 0.020789478 
665 439 7 9 0.02078937 
735 438 6 9 0.020787466 
685 468 10 12 0.020785434 
664 448 8 10 0.020769674 
507 622 17 22 0.020710278 
161 407 6 9 0.02071013 
289 414 6 9 0.020663206 
202 399 6 8 0.020612318 
107 409 6 8 0.020578193 
165 572 12 16 0.020531768 
962 532 8 12 0.020530578 
66 565 13 18 0.020502051 
1008 448 7 10 0.020495968 
236 580 13 17 0.0204862 
689 430 7 9 0.020461658 
289 462 8 9 0.020458546 
209 407 7 9 0.020451453 
469 453 7 10 0.020427493 
174 508 10 13 0.020425804 
111 464 7 9 0.020423362 
609 414 8 9 0.020417579 
249 368 6 8 0.020416614 
326 503 8 10 0.020414343 
998 418 7 8 0.020411717 
856 534 9 11 0.020409754 
302 470 8 10 0.020406866 
104 424 6 8 0.020371597 
817 383 7 9 0.02035924 
17 399 6 8 0.020355588 
217 541 10 13 0.020352812 
734 471 8 10 0.020340338 
338 464 8 10 0.020335866 
318 471 7 9 0.020320503 
919 366 7 8 0.020294074 
213 523 11 14 0.020288063 
866 464 7 9 0.020253541 
1010 477 12 15 0.0202343 
842 454 7 9 0.020220937 
393 426 6 9 0.020216364 
108 483 10 13 0.020211963 
343 503 7 10 0.020206438 
857 424 7 9 0.02020425 
681 431 6 8 0.020187143 
926 588 12 17 0.020176925 
42 415 7 9 0.020156104 
441 464 7 9 0.02015399 
304 416 7 10 0.020151379 
87 377 6 7 0.020131148 
86 517 11 14 0.02011119 
808 399 7 8 0.020101437 
696 454 8 10 0.020097421 
229 502 8 11 0.020066246 
854 528 8 10 0.020065786 
694 417 7 9 0.020064324 
443 422 6 9 0.020051448 
1016 397 7 10 0.02005114 
50 360 6 7 0.020047596 
854 659 13 17 0.020046536 
888 401 7 9 0.02003324 
794 461 8 9 0.020021461 
