13_Interview_Interview_Sequences_13_2
32
636 238 56 76 0.99794537 
266 189 54 68 0.9978452 
492 170 51 65 0.99743915 
655 27 36 44 0.9968273 
325 29 32 41 0.995453 
123 266 55 67 0.99457055 
945 18 50 56 0.9940679 
746 290 76 95 0.9927919 
568 30 40 45 0.99138945 
918 220 36 46 0.99075425 
549 201 29 42 0.9897211 
644 148 28 38 0.98852056 
236 29 38 43 0.98815686 
0 24 23 43 0.98565084 
314 137 27 35 0.9794078 
227 189 26 41 0.9520094 
11 241 22 27 0.9260096 
0 135 15 33 0.30026597 
120 0 33 20 0.21953751 
450 -1 32 21 0.16095273 
240 185 44 57 0.15724437 
327 236 28 34 0.06639542 
52 203 22 32 0.057855956 
426 654 31 25 0.04283579 
51 170 24 30 0.040716954 
452 7 31 32 0.032013383 
677 170 27 33 0.031609546 
121 6 31 30 0.025579566 
51 147 19 24 0.024199253 
806 -1 35 31 0.02370671 
20 152 25 32 0.021975242 
2 223 25 32 0.020240124 
