13_Interview_Interview_Sequences_13_7
30
253 204 38 48 0.99711835 
105 246 24 28 0.9947836 
475 246 28 32 0.99409974 
636 191 39 50 0.9934424 
383 263 23 26 0.9790989 
863 242 22 27 0.9485843 
915 254 22 24 0.8805477 
768 297 11 14 0.44285002 
783 278 11 15 0.4172038 
777 313 9 12 0.11477921 
956 223 10 13 0.080160536 
769 333 11 14 0.07167883 
736 309 11 13 0.053478606 
972 230 12 14 0.040938586 
289 172 8 10 0.039524455 
845 272 17 19 0.037622403 
910 252 16 18 0.036970887 
967 230 11 14 0.03343164 
885 251 15 19 0.033016015 
932 250 14 17 0.031379655 
940 250 13 16 0.02701257 
931 289 19 22 0.026134718 
624 630 25 27 0.025968539 
780 275 19 23 0.02470571 
877 280 14 17 0.024608599 
909 247 11 15 0.023320878 
434 294 13 14 0.02316225 
891 285 29 33 0.022611234 
360 403 11 13 0.021264713 
951 251 12 15 0.020825839 
