13_Interview_Interview_2_People_Visible_13_252
61
107 551 49 62 0.99849486 
323 557 47 59 0.9984908 
618 30 63 80 0.9982242 
864 524 33 40 0.9974982 
31 29 51 64 0.997349 
872 11 64 82 0.9971885 
577 510 33 41 0.99682707 
804 274 34 41 0.99183345 
84 288 27 32 0.9907749 
227 18 29 34 0.98745304 
436 16 22 26 0.9700613 
502 282 26 30 0.95719236 
19 260 28 32 0.91396475 
273 264 25 29 0.8721471 
407 256 29 42 0.5123684 
282 298 25 32 0.45858455 
548 348 14 16 0.4127367 
345 368 20 24 0.3045694 
911 361 14 17 0.2716165 
368 302 16 22 0.13531497 
413 306 18 21 0.11670481 
461 288 17 21 0.08668432 
620 305 23 27 0.08590457 
991 324 11 15 0.08507612 
927 364 10 14 0.07699316 
298 360 28 35 0.07494308 
28 336 19 19 0.06889018 
383 296 16 23 0.05826681 
216 138 15 21 0.056940068 
577 301 16 17 0.055346787 
463 388 9 12 0.05094649 
606 293 14 16 0.048848208 
877 340 10 15 0.04520875 
339 313 13 18 0.042279504 
549 376 13 17 0.039130766 
981 397 23 27 0.038195696 
985 332 11 16 0.037436448 
473 260 10 14 0.03702103 
985 370 14 17 0.03667092 
199 274 15 18 0.033855192 
625 320 16 21 0.032917894 
246 340 15 19 0.031396024 
546 354 19 24 0.027961448 
748 304 10 13 0.026870009 
419 368 17 23 0.026162544 
968 304 11 13 0.026057139 
189 180 12 15 0.02560844 
985 326 11 15 0.024992011 
581 56 14 17 0.024604158 
247 254 14 18 0.02308243 
403 258 17 26 0.022925125 
543 323 15 19 0.02271903 
308 372 16 22 0.022365814 
392 34 15 20 0.021957757 
608 294 21 27 0.021944564 
696 565 18 26 0.021747863 
414 365 12 18 0.020601511 
617 314 21 31 0.020576464 
279 314 44 49 0.020556793 
613 302 38 47 0.020388972 
367 365 25 30 0.020009808 
