13_Interview_Interview_On_Location_13_138
48
51 334 41 50 0.95888084 
98 261 16 20 0.93721706 
495 246 20 23 0.9118254 
672 278 18 20 0.86654615 
334 229 15 18 0.7877571 
414 246 10 14 0.45856506 
163 137 23 27 0.17125548 
410 244 10 13 0.12301126 
193 112 26 30 0.11961932 
385 262 8 11 0.07710039 
214 176 11 13 0.07615758 
237 165 13 16 0.07471493 
436 291 21 28 0.07108396 
232 158 24 27 0.06996627 
623 293 10 12 0.06753092 
727 317 8 12 0.06640588 
646 269 10 12 0.0648173 
244 170 11 14 0.052475747 
303 155 11 14 0.04831471 
196 166 15 20 0.043871164 
639 283 12 13 0.043249387 
358 272 9 12 0.04286222 
450 284 29 33 0.038628113 
171 146 17 24 0.037877075 
221 183 11 13 0.036522664 
641 272 11 12 0.030337695 
713 267 10 13 0.030113941 
389 262 9 13 0.02817536 
407 252 12 14 0.028167041 
605 277 12 15 0.02814198 
365 302 24 38 0.027544107 
723 -15 192 249 0.026577843 
237 146 26 31 0.025848506 
615 322 15 17 0.024818754 
287 269 11 13 0.024006942 
595 276 14 16 0.023567766 
334 284 13 14 0.02341037 
206 172 12 15 0.0231268 
736 271 11 14 0.023087753 
385 266 10 14 0.022292573 
252 148 12 16 0.02203961 
639 292 13 16 0.02199627 
613 284 10 13 0.021680966 
314 315 22 28 0.021676833 
370 310 15 22 0.021205368 
629 285 11 12 0.021157676 
559 279 9 12 0.02103312 
741 273 11 15 0.020454854 
