13_Interview_Interview_Sequences_13_867
94
381 249 242 345 0.9996458 
285 402 36 48 0.99145985 
880 427 23 31 0.96944034 
996 369 17 21 0.93251187 
10 438 17 24 0.92457175 
173 418 20 29 0.92348355 
242 415 18 24 0.8782298 
219 455 17 25 0.8619193 
23 461 19 24 0.8453994 
628 41 9 11 0.69708997 
882 329 17 18 0.6633522 
598 63 10 13 0.54071313 
61 471 15 18 0.4772907 
575 72 9 11 0.4111324 
665 31 10 14 0.3848122 
557 72 8 10 0.3800154 
718 23 13 15 0.25304854 
648 39 10 13 0.25006285 
942 405 16 24 0.2207724 
681 29 11 12 0.19929084 
556 118 8 10 0.1624648 
124 85 16 16 0.1485578 
769 1 16 16 0.12558736 
860 395 15 17 0.12240288 
943 363 15 19 0.12199295 
0 421 10 12 0.1181331 
12 444 24 29 0.10390267 
708 36 9 12 0.09972278 
249 422 18 24 0.09682294 
806 2 11 11 0.08911042 
97 427 15 20 0.08014304 
746 22 10 12 0.074282646 
970 385 16 19 0.07250477 
923 465 16 19 0.072454184 
574 116 10 13 0.07153087 
228 428 16 22 0.07144232 
254 425 23 28 0.07128678 
893 395 12 13 0.056178894 
771 67 13 15 0.05488364 
978 361 15 19 0.054535512 
1002 366 16 20 0.054051682 
123 452 13 16 0.05192172 
802 304 18 22 0.048488412 
877 472 13 16 0.04744867 
592 109 8 11 0.04657585 
640 37 10 13 0.046393793 
54 467 16 21 0.046166666 
829 6 12 12 0.04507892 
237 419 17 25 0.04470025 
648 21 10 11 0.04460803 
685 25 10 12 0.04152919 
531 70 12 15 0.0395013 
754 5 12 14 0.039468236 
784 422 10 13 0.0387444 
188 213 16 17 0.03795866 
709 31 11 13 0.03746585 
167 574 7 9 0.034319103 
631 62 9 12 0.034278363 
983 435 11 14 0.03422347 
645 31 12 14 0.03341593 
525 69 13 15 0.033200122 
652 14 10 12 0.031902175 
936 433 12 16 0.030487899 
956 386 13 16 0.03003937 
1013 365 11 16 0.02943995 
958 306 32 43 0.029364647 
92 422 14 19 0.028626537 
518 69 11 14 0.028080534 
680 34 13 16 0.027884694 
975 355 15 16 0.027363984 
61 461 14 19 0.027092082 
30 414 14 16 0.027067957 
100 449 13 16 0.026587961 
88 420 11 16 0.026582556 
987 354 12 16 0.026051113 
826 434 15 18 0.025898257 
734 19 9 12 0.025895508 
1 389 10 14 0.025056677 
648 15 10 12 0.024783116 
23 420 11 13 0.024524353 
23 286 10 12 0.024275564 
644 127 11 14 0.023842307 
640 30 10 13 0.023828477 
95 450 12 15 0.023688417 
262 416 23 32 0.023004083 
874 67 12 14 0.022822088 
651 42 11 13 0.022071142 
488 96 8 11 0.021701792 
234 377 6 9 0.021618398 
520 63 11 13 0.021564012 
49 400 10 14 0.021504404 
880 395 11 14 0.021225488 
15 420 9 11 0.020691121 
469 97 9 11 0.020059397 
