13_Interview_Interview_2_People_Visible_13_189
23
171 214 59 69 0.999035 
252 222 46 57 0.99853516 
513 216 46 63 0.9984499 
396 216 47 62 0.9983292 
754 241 36 47 0.9962205 
816 251 42 55 0.9957853 
676 240 41 57 0.9939599 
920 247 45 53 0.9912164 
571 184 38 52 0.9889169 
296 253 31 38 0.28901967 
217 222 28 45 0.13800715 
696 102 12 14 0.10863254 
353 262 14 16 0.04031193 
592 88 8 10 0.039805412 
572 80 10 13 0.03724038 
619 104 12 15 0.03680947 
683 126 16 26 0.03187726 
590 375 15 16 0.025805714 
224 235 31 49 0.024682198 
732 234 23 38 0.024002021 
695 96 11 15 0.021194944 
425 82 11 15 0.021053992 
653 87 8 10 0.020720454 
