13_Interview_Interview_Sequences_13_495
32
536 68 46 55 0.986822 
431 142 31 36 0.984672 
494 120 31 36 0.98230875 
408 140 25 33 0.975653 
351 127 26 32 0.80443054 
0 120 21 40 0.5817755 
404 127 26 34 0.5003664 
304 136 26 28 0.37781316 
400 117 23 32 0.27771065 
112 126 17 21 0.22880909 
342 119 26 35 0.20075373 
589 98 15 20 0.14998001 
668 111 14 20 0.14777164 
585 130 28 33 0.1349364 
380 175 27 31 0.06948391 
109 39 14 18 0.059351213 
191 139 13 19 0.057653043 
581 91 23 33 0.056527764 
182 134 11 15 0.050460335 
442 136 30 36 0.049629245 
93 155 26 31 0.04816117 
331 121 22 32 0.042626858 
70 91 13 17 0.037265964 
105 151 18 26 0.03471898 
314 127 23 31 0.030156307 
370 82 16 18 0.027509075 
565 84 33 41 0.026099496 
52 90 15 18 0.02279207 
396 113 17 23 0.022692287 
367 85 22 26 0.022246573 
176 139 13 17 0.020374943 
593 124 18 23 0.020248022 
