13_Interview_Interview_On_Location_13_921
37
752 391 29 35 0.9980856 
660 388 26 33 0.9980573 
200 390 21 26 0.9742656 
935 384 20 32 0.95960724 
961 331 16 21 0.2630787 
95 387 11 14 0.18067257 
545 405 8 11 0.12952812 
545 381 9 12 0.10708243 
70 377 9 11 0.09619794 
622 374 9 14 0.07290535 
640 397 12 14 0.07172696 
647 371 13 15 0.0655452 
972 331 12 16 0.058224764 
584 360 10 12 0.05331339 
593 388 9 12 0.05306742 
847 377 9 11 0.04884085 
79 379 10 13 0.047059797 
138 384 8 12 0.04460224 
788 409 16 18 0.04295337 
502 387 10 14 0.04262312 
153 374 9 11 0.041909017 
89 413 11 16 0.04027584 
60 399 12 16 0.03771956 
532 381 8 12 0.034511246 
149 398 10 13 0.03310441 
812 327 10 11 0.032289498 
113 390 8 11 0.030559495 
157 374 8 11 0.027106248 
545 386 9 13 0.024472529 
183 397 13 17 0.022671903 
530 376 8 11 0.021602599 
312 375 10 12 0.021571776 
508 387 10 14 0.021365816 
189 395 13 18 0.02117551 
596 384 9 11 0.02105159 
66 380 9 12 0.02064664 
459 419 11 14 0.020483416 
