13_Interview_Interview_Sequences_13_868
44
286 87 35 44 0.9968573 
404 293 10 11 0.25528926 
573 548 10 12 0.11122716 
903 546 13 16 0.10312152 
931 547 12 14 0.094712675 
691 39 13 17 0.06565069 
773 251 13 13 0.0625994 
543 564 9 12 0.056890793 
841 484 9 11 0.05000382 
555 551 12 14 0.049768917 
930 554 17 21 0.04683175 
887 526 10 13 0.041852206 
736 549 10 11 0.04099437 
868 489 12 15 0.040564265 
885 44 9 12 0.03992735 
662 62 8 10 0.03927476 
929 545 10 12 0.036250465 
863 301 10 12 0.0361681 
580 264 9 11 0.035123523 
688 50 9 13 0.034575805 
726 54 11 13 0.03282672 
551 565 9 11 0.03268608 
703 45 8 11 0.03247606 
363 38 13 18 0.030624388 
779 248 12 12 0.030007256 
709 62 9 11 0.029163526 
815 61 10 13 0.027790368 
638 59 10 12 0.02729046 
881 525 9 13 0.02679722 
768 261 11 15 0.026463062 
545 43 12 15 0.026412394 
910 54 9 10 0.02548904 
934 299 8 11 0.025000796 
417 36 33 36 0.024272572 
905 541 13 15 0.02424888 
871 27 10 13 0.023451153 
694 304 8 9 0.023274861 
797 508 9 12 0.022997025 
551 54 10 12 0.022720663 
734 68 9 10 0.022255795 
948 309 10 13 0.021153333 
1012 483 10 14 0.021081608 
967 510 8 10 0.021081317 
558 563 10 12 0.020044327 
