13_Interview_Interview_2_People_Visible_13_668
83
598 469 15 19 0.8481856 
291 468 14 16 0.6211604 
124 715 13 16 0.5289684 
936 455 18 22 0.49028108 
222 708 15 21 0.4767301 
6 684 13 18 0.34305528 
84 686 12 16 0.29549596 
109 695 9 12 0.2841728 
71 732 12 17 0.2792721 
719 628 12 15 0.27114242 
422 495 13 17 0.23632848 
420 472 9 12 0.20597248 
150 709 16 20 0.1292679 
91 735 14 18 0.12743662 
292 744 13 18 0.107179165 
340 739 15 19 0.10581065 
435 527 16 20 0.10344556 
16 590 9 11 0.09671997 
31 688 12 13 0.09664463 
523 490 15 17 0.0959906 
28 554 11 14 0.08125963 
60 695 11 16 0.07812764 
253 746 14 17 0.077675626 
158 701 11 13 0.06687709 
29 670 12 15 0.06607246 
180 719 13 16 0.061152693 
500 530 11 15 0.060872495 
46 583 9 11 0.057230912 
260 722 13 15 0.056467395 
252 733 14 16 0.052818485 
56 693 11 14 0.050745066 
291 476 16 21 0.050507944 
528 471 10 13 0.046387743 
174 722 15 17 0.046376567 
519 485 13 15 0.04629887 
254 724 14 15 0.045871872 
514 495 19 21 0.04460182 
481 554 12 18 0.040555377 
320 750 12 15 0.039371267 
391 742 12 15 0.038934294 
21 724 13 16 0.038888816 
199 701 10 13 0.037965734 
496 485 10 12 0.03788283 
611 469 12 17 0.037214734 
205 710 13 17 0.036590762 
55 688 9 12 0.034471 
129 661 9 11 0.034142863 
119 710 14 18 0.033291493 
423 541 12 20 0.032708254 
421 487 13 15 0.0326479 
711 634 12 15 0.03257019 
221 716 17 25 0.031480387 
24 692 12 14 0.031429064 
163 716 12 17 0.031321384 
35 691 11 14 0.030623509 
118 718 17 21 0.030620152 
409 477 9 12 0.03044846 
136 700 10 13 0.030119764 
47 699 13 14 0.02990748 
703 631 10 13 0.029832227 
172 731 15 18 0.029566025 
62 730 15 17 0.029086743 
520 479 10 13 0.028948436 
62 703 13 18 0.028843349 
698 481 26 32 0.027713982 
143 714 12 17 0.027690606 
29 744 17 20 0.026562944 
176 647 9 11 0.026522756 
333 742 17 19 0.026104927 
227 728 12 19 0.025974892 
39 721 13 17 0.025739038 
55 724 14 18 0.025228824 
707 481 16 20 0.025079595 
931 492 25 25 0.024466177 
510 493 15 17 0.024384594 
215 708 15 20 0.024113907 
532 471 11 14 0.022749892 
35 670 10 13 0.021846814 
132 710 12 16 0.020845719 
163 521 25 33 0.020696366 
687 551 21 28 0.020507712 
152 702 12 15 0.02005245 
66 700 12 15 0.02002411 
