13_Interview_Interview_Sequences_13_717
35
302 168 169 225 0.9972784 
628 157 77 102 0.9797196 
132 307 18 23 0.9658224 
72 310 18 21 0.9353325 
845 280 19 24 0.9010482 
681 448 16 24 0.8920329 
603 406 22 29 0.8430184 
650 466 20 30 0.8063248 
164 420 16 22 0.7571402 
388 414 22 25 0.70371395 
832 460 26 37 0.67812157 
808 408 19 25 0.34286642 
257 449 16 21 0.23009245 
388 406 18 23 0.193997 
472 442 40 63 0.15362172 
905 309 15 17 0.10976088 
498 385 24 29 0.10784029 
62 305 19 24 0.098000474 
902 324 16 18 0.078989305 
156 108 25 30 0.073866494 
171 374 24 27 0.07315203 
157 492 13 16 0.057774946 
903 313 19 23 0.036570903 
260 525 26 33 0.035626173 
164 402 13 17 0.03305768 
247 451 26 31 0.032814093 
688 449 16 22 0.025267415 
157 506 14 17 0.024161939 
207 313 18 19 0.022972507 
231 381 22 33 0.022237994 
169 414 16 22 0.022070074 
56 306 15 20 0.021356156 
245 442 24 27 0.020902224 
784 503 29 27 0.020545004 
345 473 28 34 0.020013945 
