13_Interview_Interview_2_People_Visible_13_325
52
290 123 39 52 0.9850123 
366 634 35 38 0.90441436 
498 581 14 16 0.8255402 
227 519 12 15 0.79545736 
456 574 11 14 0.7800946 
158 526 9 11 0.73376817 
88 505 8 11 0.6858364 
423 573 9 11 0.6447425 
101 523 9 12 0.53135186 
178 526 10 13 0.4580939 
139 526 8 11 0.4377422 
112 512 8 10 0.25353214 
286 554 7 8 0.19727838 
195 532 8 11 0.17688812 
71 488 10 13 0.1361561 
198 528 8 11 0.12383612 
150 80 36 37 0.09373653 
111 516 8 11 0.070474744 
64 495 10 13 0.06911394 
438 572 7 10 0.053738434 
457 670 11 14 0.052391637 
428 573 10 11 0.0512868 
410 613 16 18 0.050803844 
473 612 9 11 0.049165938 
256 76 35 35 0.046842847 
118 511 8 10 0.043566965 
56 495 9 11 0.04209713 
297 543 7 9 0.041775223 
177 521 9 11 0.040609587 
159 531 9 11 0.038650174 
239 5 26 31 0.036912687 
491 581 8 12 0.03583019 
431 630 8 12 0.03385143 
92 507 8 12 0.031067891 
231 602 11 14 0.030049065 
137 520 9 11 0.029693622 
487 599 10 12 0.028346682 
142 521 7 10 0.028282564 
128 511 7 9 0.027374608 
121 549 7 10 0.026798937 
119 529 8 11 0.026475666 
76 488 9 12 0.02304469 
64 486 10 13 0.022134064 
206 526 8 10 0.02178798 
460 568 11 14 0.021727405 
128 526 8 11 0.021475594 
272 550 7 9 0.021265864 
450 580 9 13 0.021239122 
135 512 7 10 0.021110082 
137 531 9 11 0.020564005 
49 511 10 12 0.020214722 
72 477 9 12 0.02009061 
