13_Interview_Interview_On_Location_13_313
76
452 497 27 36 0.997698 
262 355 24 30 0.9968765 
773 333 24 31 0.99661833 
296 476 26 32 0.9964407 
829 335 26 34 0.996123 
801 362 25 34 0.9959293 
560 364 23 28 0.9957296 
598 370 25 35 0.9954857 
877 318 27 35 0.9950618 
658 338 27 31 0.9948949 
307 346 22 31 0.9948704 
176 370 25 31 0.9943006 
624 339 22 32 0.99415743 
960 350 25 32 0.9940177 
219 446 27 33 0.99255836 
115 348 24 28 0.9923815 
929 344 26 32 0.99224997 
805 321 24 30 0.9907161 
657 475 25 33 0.98839134 
38 354 25 34 0.9869071 
494 362 25 29 0.9868917 
590 474 24 36 0.98478854 
413 366 22 27 0.9847632 
738 332 23 30 0.9828687 
364 349 22 28 0.98078096 
153 354 23 29 0.9792908 
212 363 20 27 0.9671728 
518 359 18 28 0.9149385 
637 322 23 28 0.8239327 
205 344 22 27 0.7687117 
442 360 21 26 0.7369284 
391 360 19 25 0.6041839 
61 357 23 30 0.5715816 
196 346 21 26 0.32073557 
216 344 20 24 0.20136762 
93 329 16 22 0.19113284 
702 329 14 21 0.12980802 
448 356 16 19 0.0954991 
717 335 24 32 0.0842921 
191 348 16 19 0.08409964 
728 302 13 15 0.08360521 
30 339 17 19 0.074104466 
88 336 21 28 0.06469396 
377 356 22 29 0.056712598 
977 378 17 23 0.056658056 
779 614 15 18 0.05241926 
435 376 17 24 0.052192263 
0 332 14 21 0.052096497 
70 372 15 21 0.05153476 
350 370 16 20 0.0504913 
709 334 20 27 0.05010957 
162 358 22 29 0.04709757 
337 365 14 17 0.04222588 
35 335 12 16 0.038386542 
72 354 17 20 0.038260087 
692 559 10 12 0.03800979 
0 344 12 21 0.036236014 
216 393 23 29 0.035128284 
462 344 10 13 0.035071746 
438 367 17 23 0.03410289 
453 386 16 19 0.033427022 
453 350 13 16 0.0326496 
50 331 16 17 0.03238177 
97 334 17 23 0.028930629 
640 338 24 32 0.027896332 
289 337 16 20 0.026343133 
775 618 15 19 0.024145389 
708 346 24 30 0.023898426 
863 565 8 11 0.023734508 
43 354 37 46 0.022340912 
198 327 9 12 0.022191618 
458 361 15 21 0.021855922 
237 325 18 22 0.021372048 
593 303 8 12 0.021138161 
34 348 18 21 0.020508246 
857 567 9 11 0.020091161 
