13_Interview_Interview_2_People_Visible_13_1001
46
814 314 26 33 0.98725104 
475 351 17 24 0.9702496 
124 367 17 22 0.96620697 
187 353 18 24 0.96129566 
957 334 17 21 0.9496786 
577 339 17 26 0.9230031 
627 325 20 25 0.91669476 
297 358 18 24 0.9064306 
214 147 16 21 0.8431831 
725 342 15 20 0.8207261 
294 144 17 20 0.8187515 
213 368 13 19 0.524604 
662 333 14 20 0.3951829 
326 165 12 15 0.28124067 
376 149 13 18 0.2667839 
463 141 13 17 0.26150334 
241 147 11 15 0.25039786 
347 301 18 25 0.13713063 
93 339 10 15 0.12125102 
157 378 14 18 0.12108733 
412 148 9 12 0.084154435 
663 383 15 20 0.07758901 
501 158 10 12 0.06017341 
219 376 14 16 0.05716397 
208 186 11 14 0.055218186 
198 199 15 20 0.04324688 
656 336 16 21 0.042713653 
145 333 11 14 0.04213419 
408 144 10 12 0.039936636 
917 279 12 15 0.038695287 
642 283 13 20 0.03690011 
291 195 17 20 0.035868052 
375 177 15 21 0.0354894 
278 170 13 16 0.030102437 
152 373 12 19 0.029368658 
200 172 10 13 0.02899146 
204 330 12 16 0.028735224 
674 381 14 18 0.02606159 
290 176 23 26 0.02422263 
229 146 13 17 0.023722313 
277 195 14 18 0.023250109 
982 400 16 19 0.023182634 
392 185 13 17 0.022535797 
220 143 14 19 0.02253518 
395 173 13 16 0.021921847 
440 170 10 13 0.020790985 
