13_Interview_Interview_2_People_Visible_13_223
30
571 106 31 38 0.99464345 
120 42 43 54 0.9929264 
119 313 43 53 0.99176264 
277 104 35 41 0.9906573 
823 106 32 38 0.99012136 
292 373 31 38 0.99005204 
455 374 32 37 0.9850316 
863 319 40 47 0.9844118 
651 317 40 47 0.98440486 
418 48 41 51 0.9799708 
694 61 44 53 0.9660994 
546 349 24 32 0.22785227 
327 399 22 27 0.15208906 
1 60 12 18 0.10943654 
786 292 33 47 0.07835724 
57 290 30 41 0.060255744 
57 18 30 45 0.035233136 
577 294 25 36 0.034887437 
541 154 15 20 0.03443848 
244 417 17 20 0.031550113 
551 334 27 37 0.03150162 
304 352 9 11 0.030995121 
403 78 17 21 0.028392697 
529 329 11 16 0.024527777 
15 51 10 12 0.021860998 
723 40 30 41 0.021775514 
908 86 11 14 0.021530285 
418 362 14 17 0.021146087 
405 156 18 20 0.020760342 
810 334 18 20 0.020067137 
