35_Basketball_basketballgame_ball_35_709
599
221 1008 36 42 0.9972562 
524 407 69 64 0.99710566 
768 998 31 42 0.996438 
64 988 31 38 0.9962274 
882 1010 31 39 0.995869 
4 1004 35 46 0.9938465 
182 983 34 42 0.9934935 
348 966 28 35 0.9932492 
289 994 32 39 0.9924264 
172 940 23 30 0.9911471 
896 980 27 33 0.9890541 
136 959 26 33 0.9880459 
850 919 23 29 0.9873526 
36 987 27 37 0.9866427 
2 966 24 30 0.98354685 
940 981 22 28 0.97854006 
864 975 22 30 0.97778153 
788 976 22 31 0.9732122 
909 955 22 26 0.9727112 
1002 999 23 35 0.9699755 
394 868 23 30 0.9683778 
931 904 21 27 0.96575224 
247 930 24 29 0.963875 
635 594 107 74 0.961781 
994 930 21 28 0.961698 
948 685 17 22 0.95782155 
904 925 22 27 0.95747554 
496 993 26 36 0.95198435 
55 961 23 27 0.9479122 
869 860 19 26 0.94445086 
974 608 14 18 0.94206107 
17 857 22 27 0.9358044 
106 828 22 27 0.9305815 
26 773 21 28 0.9301159 
29 829 23 27 0.92952436 
914 866 19 24 0.92622125 
854 894 22 27 0.92598814 
242 734 16 23 0.92581695 
97 931 23 27 0.9250093 
972 833 21 26 0.9236066 
265 957 29 35 0.9211422 
307 805 19 25 0.9165001 
323 777 21 28 0.9156015 
782 714 17 22 0.9147129 
411 550 17 21 0.91444635 
219 758 19 22 0.9137834 
860 811 17 22 0.91111535 
924 806 20 27 0.9065661 
108 644 16 21 0.90540195 
267 987 26 34 0.9047254 
798 808 21 25 0.90071166 
414 755 21 26 0.898834 
898 675 16 20 0.8974624 
292 626 15 19 0.8966956 
52 804 22 26 0.8965047 
218 603 16 21 0.89631295 
983 780 20 23 0.8942016 
181 563 16 20 0.89234 
964 969 20 25 0.88514566 
925 735 17 20 0.8850154 
355 834 20 27 0.8848751 
229 686 18 21 0.88244736 
970 907 22 28 0.87860155 
997 812 20 26 0.8770014 
296 686 19 23 0.8709456 
323 704 19 24 0.87082326 
261 775 21 27 0.8665611 
354 753 20 23 0.8617796 
993 977 27 37 0.85754883 
390 582 16 21 0.8543003 
506 937 21 28 0.854167 
269 706 17 21 0.84042525 
276 754 18 22 0.8384535 
440 702 17 24 0.837585 
751 966 21 27 0.83687204 
945 655 18 22 0.83604014 
419 600 16 18 0.83542603 
828 720 19 24 0.83091384 
331 646 15 19 0.8285776 
82 568 15 20 0.8104756 
834 776 14 19 0.80842036 
137 823 24 32 0.8050847 
356 556 15 19 0.7945751 
373 668 16 19 0.79206914 
0 885 20 29 0.7870989 
147 673 16 21 0.78476757 
204 792 17 23 0.7782124 
95 978 23 30 0.7766504 
243 550 18 21 0.7748102 
984 719 17 21 0.7646946 
302 555 17 20 0.76271665 
421 640 20 26 0.7534536 
155 710 19 24 0.74689543 
888 468 11 16 0.7467264 
882 737 15 21 0.74670213 
390 630 17 21 0.73000556 
61 594 16 21 0.7193019 
181 616 15 19 0.71445334 
975 759 19 22 0.714184 
14 620 17 21 0.7012749 
974 582 13 16 0.6977722 
11 558 15 17 0.6858578 
187 711 17 20 0.6798201 
908 836 19 22 0.66354084 
260 581 16 21 0.65584475 
81 859 20 25 0.6504454 
805 780 17 22 0.6456171 
875 789 16 19 0.6445291 
868 773 14 17 0.6441382 
792 644 17 21 0.6382913 
262 661 16 19 0.6229739 
422 476 14 18 0.6220824 
48 632 23 28 0.61617804 
245 626 16 21 0.615963 
924 766 19 21 0.6125963 
163 591 14 19 0.6117597 
192 663 17 20 0.6112548 
770 927 17 22 0.57601887 
861 846 17 22 0.5721093 
101 589 14 17 0.5588425 
842 677 14 16 0.5529077 
23 586 14 17 0.5493599 
186 733 18 24 0.5372431 
976 866 17 21 0.5288084 
980 698 15 19 0.5172211 
0 931 22 27 0.5120466 
371 647 16 20 0.5038288 
388 789 20 23 0.49869612 
-1 812 13 22 0.49263722 
185 688 18 21 0.49151677 
888 705 16 19 0.4828409 
896 636 17 20 0.47829577 
108 961 25 30 0.47091255 
162 994 21 32 0.46474418 
301 731 20 25 0.45898962 
294 430 13 16 0.44179383 
360 604 16 18 0.43075842 
839 651 13 17 0.42813617 
955 484 11 14 0.41426703 
763 741 14 17 0.3997054 
364 723 17 20 0.3916029 
774 692 13 16 0.38471103 
127 422 13 16 0.36788416 
1004 719 14 18 0.36043224 
132 625 15 19 0.3542189 
257 612 14 16 0.35348496 
742 703 15 18 0.3500063 
925 581 17 22 0.34567526 
851 620 17 20 0.3436332 
429 1022 18 23 0.33875924 
210 970 21 29 0.33622524 
997 748 14 18 0.3313786 
356 690 18 20 0.33042297 
882 581 14 17 0.32921866 
248 323 12 16 0.31915033 
926 786 17 20 0.31714213 
808 670 13 16 0.31683493 
509 362 12 15 0.31221095 
228 485 16 18 0.29918563 
215 451 14 18 0.2849331 
793 836 17 21 0.28452083 
232 414 12 15 0.2513277 
166 375 13 15 0.24864954 
895 654 12 14 0.24295698 
399 687 16 20 0.24041705 
750 492 13 18 0.23836152 
198 943 21 27 0.23563415 
312 388 11 13 0.23510687 
403 452 12 15 0.23435377 
144 646 14 16 0.23321299 
306 599 16 19 0.23289867 
959 605 14 16 0.23081322 
318 533 13 17 0.22680743 
374 818 18 20 0.22599056 
188 385 13 15 0.21876514 
183 474 14 18 0.21411514 
957 501 13 16 0.21130459 
760 723 12 15 0.20617595 
348 489 15 21 0.20449346 
74 522 16 18 0.19570673 
875 500 12 15 0.19228601 
884 813 15 19 0.18735588 
367 710 20 25 0.1862391 
157 777 18 19 0.18440491 
828 493 12 15 0.17859638 
848 447 11 14 0.1735853 
225 367 11 14 0.1711311 
821 698 16 19 0.16956596 
925 777 17 20 0.16768052 
205 374 14 16 0.16083121 
318 667 15 18 0.15863793 
358 418 11 14 0.15716131 
194 534 14 16 0.15681106 
103 521 14 17 0.15607393 
38 470 13 15 0.15374967 
354 652 15 19 0.14943011 
148 356 12 14 0.14892268 
1013 604 11 20 0.14789297 
795 621 13 16 0.1473105 
779 669 14 17 0.14701656 
224 891 24 27 0.14669102 
195 307 11 14 0.1465365 
1002 680 16 19 0.14638473 
793 516 11 14 0.14066198 
965 502 13 15 0.13153425 
526 268 11 15 0.12846687 
372 382 10 13 0.12685867 
145 609 15 18 0.12666386 
0 752 12 24 0.12375807 
860 670 13 18 0.12164425 
830 437 11 14 0.12144279 
387 467 11 13 0.121057175 
168 425 11 14 0.120492525 
317 1015 20 29 0.118760705 
868 443 9 12 0.11829878 
853 735 15 18 0.11632397 
315 868 18 24 0.11251351 
856 468 11 14 0.1104363 
139 502 14 17 0.11043332 
435 580 12 17 0.10959279 
120 594 18 22 0.10941205 
262 465 13 17 0.10822163 
411 409 13 16 0.10773003 
806 604 16 17 0.107480675 
765 470 15 18 0.10616806 
263 427 12 15 0.10415763 
85 493 11 13 0.10404888 
147 556 14 18 0.10310292 
249 614 21 25 0.102912515 
379 711 18 21 0.1027515 
926 474 12 15 0.10232481 
997 720 15 19 0.102197036 
64 433 12 15 0.101010315 
277 483 11 14 0.10053509 
382 469 12 14 0.10042224 
737 450 10 14 0.099370465 
128 784 18 23 0.094430305 
173 502 12 14 0.09393079 
232 384 10 13 0.09307331 
299 403 11 14 0.09221879 
389 398 11 14 0.09220363 
800 548 18 22 0.09209695 
791 434 14 16 0.09182706 
929 592 15 22 0.09077125 
76 616 14 20 0.09057712 
221 431 9 13 0.090453476 
968 863 19 26 0.09012353 
378 474 13 15 0.08929125 
139 540 14 18 0.08824538 
372 657 16 20 0.08750024 
229 294 10 13 0.08717045 
262 368 13 16 0.0867563 
965 479 10 12 0.08553733 
77 981 28 36 0.08481112 
67 463 12 15 0.08449897 
0 478 11 19 0.08410898 
674 570 18 22 0.083051816 
803 867 16 20 0.08218045 
895 445 11 14 0.08106916 
1006 478 10 11 0.080629855 
828 442 11 14 0.080525085 
811 872 15 18 0.08022665 
836 1007 20 29 0.078950085 
203 562 13 16 0.07880455 
939 445 12 16 0.07826887 
763 415 16 21 0.07811593 
111 442 12 14 0.07777423 
76 413 10 13 0.076344885 
826 1007 21 30 0.07615946 
338 626 14 17 0.07593314 
21 846 25 29 0.07440418 
152 391 11 13 0.07405432 
109 408 14 17 0.07377755 
813 537 13 16 0.07310488 
3 603 17 19 0.072950244 
564 934 28 40 0.071528636 
7 610 21 27 0.07118139 
134 506 15 18 0.06968287 
797 429 14 17 0.06867842 
206 332 11 13 0.06863443 
799 366 12 15 0.06851484 
108 360 13 17 0.06827737 
911 309 9 12 0.066219464 
299 1003 29 37 0.06621838 
764 814 16 20 0.06613477 
373 507 14 16 0.06560339 
393 371 11 14 0.06554637 
293 584 15 17 0.0655436 
220 578 14 17 0.06443488 
684 436 10 12 0.064070955 
199 956 24 31 0.06359858 
789 311 12 15 0.06292604 
852 403 11 14 0.06263111 
55 500 14 17 0.060203012 
294 324 12 14 0.059239477 
103 562 15 18 0.058829233 
228 577 16 19 0.058490045 
931 468 11 14 0.057837512 
337 474 11 15 0.0578274 
246 356 10 13 0.057113517 
87 392 14 20 0.057095062 
802 294 12 14 0.056738574 
253 508 11 13 0.056320548 
813 1007 22 28 0.056305774 
198 544 14 20 0.056211147 
907 502 11 14 0.0555748 
45 424 12 15 0.05521443 
814 413 11 14 0.0550652 
0 942 24 30 0.054988384 
837 430 10 12 0.05486852 
57 626 19 24 0.053869184 
191 428 12 18 0.053326957 
236 229 10 13 0.052971687 
964 603 17 21 0.052693497 
251 402 13 15 0.052467145 
787 403 13 16 0.052256398 
171 357 12 14 0.051819757 
325 439 12 15 0.051563457 
289 378 12 14 0.051499277 
270 761 23 29 0.05143307 
431 316 9 11 0.051155433 
855 675 12 16 0.05066354 
821 571 13 16 0.050571144 
48 911 17 21 0.050385896 
538 367 15 20 0.0500606 
79 489 13 17 0.049999036 
124 505 12 16 0.049898785 
2 419 10 13 0.049791936 
976 458 10 13 0.049739722 
217 408 9 11 0.04955469 
133 515 14 16 0.048759393 
918 637 13 17 0.048576146 
699 394 15 20 0.048521176 
232 452 13 15 0.048514925 
989 524 12 14 0.048446625 
553 989 37 50 0.048243765 
97 452 9 12 0.048107434 
396 654 15 17 0.04792289 
989 493 12 17 0.047438774 
66 742 19 24 0.047369808 
174 520 15 18 0.04707287 
883 593 12 18 0.04612443 
831 516 14 16 0.046105966 
403 481 12 16 0.045866977 
269 314 12 15 0.04562364 
805 478 11 13 0.04544156 
431 632 19 28 0.045423508 
233 477 14 17 0.045406885 
870 778 20 23 0.045375306 
910 485 11 12 0.04515073 
939 872 17 20 0.044937618 
727 377 12 14 0.044838343 
873 462 11 14 0.04461296 
924 898 20 26 0.04407135 
574 461 26 40 0.044021197 
629 365 10 12 0.043957517 
871 416 12 14 0.04375491 
139 842 19 25 0.04313378 
4 447 12 15 0.04298779 
415 385 9 11 0.042594608 
739 302 10 13 0.041913092 
545 895 48 73 0.041806098 
213 481 14 18 0.041723557 
303 459 13 17 0.0415178 
317 419 10 13 0.04132415 
860 461 10 13 0.041300297 
857 351 10 12 0.041176863 
383 719 15 19 0.040804315 
869 338 10 13 0.04053525 
200 553 14 20 0.04051349 
988 437 10 12 0.04032189 
774 324 11 13 0.03976728 
7 524 15 17 0.03962579 
54 352 11 16 0.039576687 
842 645 14 18 0.03956103 
870 494 13 18 0.03947411 
106 591 13 19 0.039419923 
984 752 19 24 0.03936676 
789 484 13 16 0.039288472 
365 831 21 28 0.03927881 
364 359 14 16 0.03882347 
510 336 9 11 0.038762517 
813 451 10 13 0.038504712 
28 605 13 17 0.038149793 
587 223 11 13 0.037960105 
757 389 14 15 0.037924875 
794 987 21 35 0.037547175 
502 324 8 10 0.03742677 
341 402 10 14 0.037323307 
155 469 12 15 0.037283123 
612 230 11 14 0.037066326 
273 205 9 13 0.036952518 
270 436 13 15 0.03695068 
955 491 13 16 0.03685141 
886 903 14 18 0.03663026 
889 947 15 20 0.036603298 
367 452 12 15 0.036483906 
496 356 10 11 0.03640673 
270 629 13 19 0.03633639 
318 468 13 16 0.03623401 
361 695 17 21 0.036227 
223 342 10 13 0.036133025 
134 401 12 15 0.036070824 
266 972 21 25 0.03604633 
269 340 10 13 0.035966385 
862 777 15 19 0.03582253 
26 431 12 15 0.03565926 
237 444 14 17 0.03543344 
179 286 16 19 0.03510929 
324 346 14 18 0.03495025 
952 353 9 12 0.034751978 
226 884 19 22 0.03469792 
0 925 14 22 0.03452777 
577 907 22 33 0.03438078 
77 337 9 12 0.03421802 
16 461 14 17 0.034208428 
260 497 13 16 0.034183048 
661 239 10 12 0.033906277 
138 620 16 22 0.03386896 
525 352 13 18 0.03354491 
275 415 13 14 0.03328113 
1012 578 10 15 0.033168633 
570 383 34 40 0.03311373 
237 311 10 13 0.03304007 
324 659 17 22 0.03276422 
835 434 12 15 0.03269078 
814 469 10 14 0.03256739 
430 210 12 15 0.032292515 
825 702 18 20 0.032176383 
762 921 19 26 0.032172758 
200 274 14 18 0.03211517 
712 431 11 17 0.03203792 
120 502 12 15 0.03200784 
741 247 11 14 0.0319998 
805 540 16 18 0.031853106 
727 428 13 15 0.03177072 
119 999 25 32 0.031568434 
394 1080 24 30 0.031416353 
950 502 15 18 0.03136172 
295 518 12 15 0.03126883 
308 464 15 18 0.031013593 
94 429 11 13 0.030728417 
765 459 16 19 0.030673461 
307 708 13 17 0.030565834 
284 518 12 15 0.030512977 
1001 478 10 12 0.030499097 
1005 725 16 21 0.03045171 
270 420 14 15 0.030381259 
58 969 26 33 0.030194942 
381 541 15 18 0.030055111 
256 372 13 16 0.03001455 
254 302 8 10 0.029818498 
883 806 14 17 0.029679868 
326 446 13 18 0.029671129 
280 360 12 16 0.029589674 
312 595 16 20 0.029251859 
891 461 12 17 0.029176889 
180 870 16 22 0.02915677 
239 332 10 12 0.029018084 
399 418 13 14 0.028736101 
879 467 11 14 0.028726561 
853 644 13 17 0.02847855 
882 724 15 21 0.028443344 
104 972 26 33 0.028407604 
350 588 14 18 0.028238634 
864 805 18 22 0.028106237 
39 534 11 14 0.027893243 
67 468 15 19 0.027801873 
70 359 12 15 0.027695566 
107 462 13 17 0.027653668 
148 319 10 13 0.027536387 
66 626 14 19 0.027442984 
20 613 15 20 0.027299043 
75 707 18 21 0.027277084 
371 527 14 17 0.02726564 
905 460 11 15 0.027191574 
727 463 12 14 0.02715924 
379 835 16 22 0.026979497 
148 618 15 19 0.026890723 
202 816 15 19 0.026795728 
919 525 14 18 0.026757998 
848 326 9 11 0.02673906 
630 391 15 18 0.026661934 
832 390 12 14 0.026657665 
385 914 23 27 0.026516587 
798 557 16 20 0.02651423 
434 409 48 70 0.026495019 
415 324 10 13 0.026366612 
758 727 16 20 0.026344638 
502 358 13 16 0.02629558 
164 310 13 16 0.02620077 
834 522 18 20 0.026185537 
953 653 17 21 0.026071325 
906 636 15 19 0.026007676 
814 350 10 12 0.025878288 
847 368 10 13 0.0257562 
647 572 15 18 0.025692137 
799 235 9 12 0.025669646 
204 279 15 18 0.025626294 
150 461 13 16 0.025495151 
565 354 13 16 0.025435688 
341 482 17 21 0.025421223 
631 249 10 12 0.025414968 
711 352 12 15 0.025261596 
589 294 11 14 0.025248984 
870 424 11 14 0.025167176 
42 474 12 15 0.025002528 
319 338 13 15 0.02475672 
889 451 11 12 0.024630208 
834 493 12 14 0.024608944 
382 481 13 16 0.024463456 
348 462 12 15 0.02434425 
998 689 15 19 0.02427561 
741 486 14 17 0.024221716 
195 501 13 15 0.02419538 
981 438 12 14 0.023985865 
310 510 15 19 0.023934994 
585 460 22 30 0.023914749 
893 411 10 12 0.02383293 
789 602 12 15 0.023777576 
530 868 55 80 0.02372482 
81 619 15 20 0.023610074 
163 582 16 21 0.02351774 
63 809 16 21 0.023505392 
150 626 14 18 0.02329927 
584 301 11 15 0.023211937 
997 698 14 17 0.023126744 
155 627 15 18 0.023126453 
387 837 14 19 0.023063153 
851 632 17 21 0.023015391 
782 347 13 15 0.022953816 
359 704 21 27 0.022925505 
802 435 12 14 0.022732593 
518 303 10 11 0.022724543 
870 524 15 18 0.022645192 
80 666 15 20 0.022608286 
318 479 15 19 0.022599079 
999 734 21 25 0.022443188 
223 826 14 17 0.022355275 
515 893 23 32 0.02231748 
1006 448 13 16 0.022129385 
2 911 16 22 0.022066629 
331 637 16 19 0.02206143 
152 453 12 14 0.022046478 
1014 545 11 15 0.022006758 
573 298 10 13 0.021991901 
762 756 14 18 0.021979555 
663 574 36 42 0.021974478 
604 340 12 15 0.021911507 
463 201 13 15 0.0219019 
1012 707 11 17 0.021839658 
295 340 11 14 0.021784734 
125 306 10 13 0.021755163 
88 306 10 13 0.021753108 
979 934 20 26 0.021750007 
255 243 10 12 0.021737996 
150 411 11 12 0.021657515 
878 800 15 20 0.021621518 
163 709 21 27 0.02159689 
140 545 21 25 0.021551454 
167 397 11 15 0.021528415 
804 582 17 20 0.02152663 
797 482 13 16 0.021480586 
260 376 13 16 0.021443754 
197 346 12 14 0.021434233 
764 900 15 21 0.021322927 
230 436 13 15 0.021254646 
1008 571 13 17 0.021197908 
671 431 10 14 0.021187976 
614 278 11 14 0.02115831 
550 339 11 13 0.021119956 
0 611 14 19 0.021082152 
352 389 11 13 0.021018857 
137 257 11 14 0.020967694 
949 428 10 14 0.020869195 
425 470 14 19 0.020827651 
188 373 11 14 0.020775575 
1000 660 11 14 0.020743683 
253 778 17 22 0.020721782 
87 446 8 10 0.020612277 
736 333 11 15 0.020601666 
1013 588 12 19 0.020569181 
860 784 13 18 0.020517554 
919 896 16 21 0.02048274 
298 491 16 18 0.020446924 
991 487 11 14 0.020380354 
148 472 15 17 0.020325541 
72 484 12 17 0.020307949 
963 861 16 23 0.020265054 
68 375 13 17 0.02026143 
991 814 16 22 0.020224536 
140 649 21 25 0.020192767 
27 617 14 19 0.020191776 
50 699 14 14 0.020160891 
431 514 13 17 0.020152831 
193 685 15 18 0.020145189 
845 429 10 11 0.0201243 
818 539 12 16 0.020087644 
731 459 12 16 0.020050231 
