35_Basketball_basketballgame_ball_35_662
74
798 124 53 67 0.9979031 
596 47 50 66 0.99779296 
757 1 29 35 0.9970456 
244 67 34 41 0.9970396 
478 79 54 72 0.99701655 
111 66 30 37 0.996709 
287 134 34 39 0.99638844 
170 0 31 35 0.996357 
115 111 32 38 0.9955532 
307 96 32 39 0.99447 
362 137 34 40 0.99396014 
62 40 28 35 0.99391925 
208 147 43 54 0.9936215 
379 71 29 34 0.9932899 
556 33 26 32 0.9914914 
66 104 42 53 0.99120104 
428 11 30 39 0.99106675 
684 123 49 57 0.9885986 
684 50 32 36 0.9881024 
280 0 31 30 0.9873564 
739 128 37 44 0.9862271 
710 81 31 40 0.9857355 
36 114 27 31 0.9832808 
805 39 31 35 0.9814486 
228 122 34 40 0.9592154 
661 2 26 33 0.9555047 
843 140 29 43 0.95535856 
0 172 25 33 0.8653796 
518 59 36 45 0.7810794 
197 91 24 27 0.557116 
-1 -1 17 26 0.49394867 
493 0 27 21 0.30269447 
449 15 27 38 0.29685515 
435 83 32 45 0.18507583 
824 134 42 57 0.17387566 
225 141 34 47 0.14368024 
330 129 25 34 0.13894169 
266 3 30 34 0.13725154 
676 2 23 31 0.12925239 
346 116 25 32 0.10405665 
691 102 44 50 0.08675407 
625 1 18 21 0.08389167 
583 0 21 21 0.0777456 
359 -3 34 35 0.07476566 
865 62 19 22 0.06273958 
618 41 35 50 0.051246334 
630 -1 24 26 0.049730096 
339 2 19 21 0.04686144 
641 -2 19 22 0.044788793 
752 141 34 41 0.040204104 
634 56 24 36 0.03995338 
58 -1 29 30 0.03723396 
381 53 27 33 0.037011813 
529 0 25 31 0.03597795 
525 1 16 19 0.03372807 
309 131 28 35 0.032780163 
409 145 34 45 0.03226973 
500 69 48 62 0.031045163 
320 -1 19 20 0.030936535 
142 56 24 32 0.029939909 
649 122 48 63 0.028795186 
848 69 27 32 0.027880024 
981 146 29 41 0.027459918 
404 10 23 32 0.026557164 
353 131 29 36 0.026545133 
61 78 26 34 0.025784258 
785 20 16 22 0.024457967 
459 84 45 62 0.023579951 
928 -1 33 40 0.02276489 
787 0 24 25 0.02220727 
797 7 24 29 0.022081811 
312 112 27 39 0.021925032 
25 54 26 37 0.02146738 
405 0 27 27 0.021103492 
