35_Basketball_basketballgame_ball_35_216
427
47 448 9 12 0.79134065 
294 392 11 15 0.72041094 
640 419 8 11 0.70218927 
482 207 16 20 0.6989608 
708 406 8 11 0.5601904 
66 416 7 10 0.35379764 
25 397 6 9 0.2743133 
638 489 8 11 0.2351931 
96 413 7 9 0.22511433 
103 393 7 9 0.20250127 
97 462 10 14 0.18377146 
117 432 8 10 0.16491458 
229 416 8 10 0.164169 
310 409 8 9 0.15473433 
928 430 8 9 0.15263218 
105 396 7 10 0.14997238 
195 431 6 8 0.1451902 
717 487 9 11 0.14091597 
736 463 9 11 0.1388 
42 389 7 10 0.12650912 
24 424 8 10 0.12350794 
575 374 8 10 0.12141317 
136 422 6 9 0.116629265 
354 406 6 9 0.11660601 
46 409 7 9 0.116384715 
345 393 8 10 0.114915736 
375 430 7 10 0.112020366 
122 390 5 7 0.10643289 
574 401 8 10 0.10631492 
103 415 8 10 0.098182715 
863 480 7 10 0.097598664 
142 326 8 10 0.09673874 
176 423 6 8 0.09653491 
591 479 9 12 0.09006118 
914 478 7 10 0.08971872 
46 383 7 9 0.08781788 
242 440 6 8 0.08550018 
631 375 7 9 0.085395075 
663 412 8 11 0.08480118 
508 386 12 14 0.084069654 
479 368 9 11 0.08348565 
198 431 6 8 0.082875445 
177 417 6 7 0.08198575 
155 432 6 8 0.08132132 
278 416 8 11 0.081290536 
79 376 6 8 0.08106451 
170 445 7 10 0.08092841 
272 448 7 10 0.08031906 
1010 432 9 12 0.07967217 
785 479 7 10 0.07920415 
272 422 7 9 0.07887092 
240 391 7 8 0.07825203 
64 409 7 8 0.07643195 
664 407 8 11 0.07609279 
937 453 8 10 0.074930534 
338 349 15 17 0.07416194 
131 436 7 10 0.07398739 
862 513 8 10 0.07395043 
71 420 7 11 0.072531305 
55 342 6 9 0.07053048 
655 497 8 10 0.069878094 
193 416 6 8 0.068808 
384 398 7 9 0.06843847 
302 376 8 10 0.0684308 
2 368 7 10 0.068190694 
736 468 8 10 0.06760503 
553 481 9 10 0.06747193 
933 463 7 9 0.06635857 
941 453 8 10 0.06403733 
41 413 7 10 0.062396284 
94 377 7 8 0.061358042 
919 401 7 9 0.060910862 
178 431 6 8 0.060686313 
278 367 9 11 0.05966208 
344 421 7 9 0.05913531 
176 346 7 9 0.059057575 
118 342 6 8 0.058678694 
74 375 6 8 0.0581929 
889 361 7 10 0.058071766 
768 397 7 10 0.057957996 
552 389 8 10 0.057872236 
880 480 7 9 0.057357084 
30 353 7 10 0.057068907 
320 457 7 10 0.05703756 
358 405 7 9 0.05664881 
601 350 8 10 0.056437958 
679 373 8 9 0.05641526 
112 408 7 9 0.055951897 
257 398 7 10 0.055398047 
854 374 7 10 0.05507435 
158 432 7 9 0.05394674 
88 433 7 9 0.053811394 
656 389 7 10 0.053318158 
218 445 6 9 0.053212572 
366 390 6 9 0.052937873 
527 390 9 11 0.052421056 
943 376 6 9 0.051997636 
929 374 7 9 0.0519198 
393 452 8 11 0.05169715 
624 502 9 12 0.051590495 
605 470 8 11 0.05134897 
134 433 7 9 0.051228017 
869 416 7 9 0.050796356 
286 488 9 11 0.050768707 
527 478 7 10 0.049932506 
199 415 6 8 0.0498446 
534 408 7 9 0.04981726 
43 409 7 9 0.04970366 
686 390 7 9 0.049683154 
115 343 6 8 0.04946699 
577 469 7 10 0.04881587 
854 356 7 9 0.04826733 
903 479 8 10 0.047896583 
380 364 9 12 0.04788662 
144 399 6 8 0.047582686 
477 466 11 13 0.04749893 
725 423 7 9 0.046923563 
160 390 6 8 0.046113078 
464 374 9 12 0.045625437 
682 390 7 10 0.04545335 
116 437 7 10 0.045227982 
65 374 6 8 0.044680268 
825 439 8 10 0.044656977 
813 479 7 10 0.044599477 
169 441 7 9 0.04439193 
879 384 7 9 0.043423872 
785 365 8 10 0.043030754 
105 421 7 9 0.042966414 
609 494 9 12 0.042739715 
57 337 6 8 0.04273316 
549 398 10 13 0.042690355 
385 439 6 8 0.042623106 
7 359 7 10 0.04208492 
553 470 8 9 0.041989006 
216 442 6 8 0.041793965 
185 439 6 9 0.041429766 
375 426 8 9 0.04142855 
951 358 6 9 0.041418176 
97 456 8 10 0.041269608 
66 353 7 9 0.041258547 
43 385 7 9 0.041220848 
10 392 7 9 0.040857494 
1009 502 7 10 0.0407501 
175 382 6 9 0.04056532 
277 392 8 10 0.04055252 
498 174 22 41 0.040095374 
83 358 6 9 0.040072784 
553 503 10 13 0.04006659 
614 398 7 10 0.039747693 
317 372 9 11 0.03966766 
34 333 6 9 0.039661627 
449 383 7 10 0.03965467 
977 471 9 11 0.039647825 
902 441 7 9 0.03938916 
120 325 7 10 0.039327312 
484 194 22 30 0.039269492 
870 420 7 10 0.03914451 
200 471 8 10 0.03900144 
151 382 7 9 0.03892625 
42 359 7 8 0.03884881 
917 448 8 11 0.038719006 
681 369 8 9 0.038676925 
174 446 7 9 0.037898544 
224 398 7 9 0.03780701 
160 422 6 9 0.037745386 
87 358 6 9 0.037528805 
247 439 6 10 0.03726782 
918 454 9 11 0.037085954 
318 428 8 10 0.037072957 
233 390 7 9 0.03676548 
561 448 7 10 0.036633737 
767 456 8 10 0.036605734 
58 305 7 8 0.0365618 
121 464 7 9 0.036544487 
533 391 8 10 0.03636758 
590 446 7 10 0.03616701 
616 462 7 10 0.036064822 
267 421 6 9 0.03568336 
168 367 7 8 0.03542557 
274 431 6 8 0.03525235 
672 399 7 9 0.034828994 
249 422 6 8 0.03461715 
138 407 6 8 0.034593254 
178 456 7 9 0.03454653 
79 422 7 9 0.03439679 
336 417 7 10 0.034212746 
293 430 12 14 0.034139235 
234 374 7 9 0.03408465 
850 374 7 10 0.034080576 
183 432 7 8 0.0337989 
855 382 7 9 0.03371166 
313 371 9 11 0.03359327 
15 423 7 10 0.0335495 
558 425 8 10 0.033336807 
128 454 7 9 0.033332966 
265 418 7 8 0.033272345 
505 382 12 14 0.033264328 
143 358 7 8 0.033179946 
573 463 8 11 0.03310906 
886 341 8 9 0.032930158 
944 397 7 9 0.032562695 
719 384 8 9 0.03247778 
670 511 8 10 0.032443 
514 480 8 11 0.03241334 
753 365 8 10 0.032377392 
110 413 8 10 0.032306213 
136 453 7 9 0.032218855 
98 438 7 9 0.0321704 
272 374 7 9 0.032130018 
880 398 7 9 0.032030746 
905 407 7 9 0.031982336 
370 438 8 10 0.031806868 
88 353 6 8 0.031651884 
159 418 6 8 0.031541232 
222 461 7 10 0.03152984 
919 460 7 10 0.03127955 
135 416 7 9 0.03127429 
369 446 8 9 0.031264063 
981 471 10 14 0.031095292 
32 383 6 7 0.031088505 
48 337 6 8 0.031072855 
193 408 7 8 0.031017406 
702 494 7 10 0.030328877 
591 439 7 10 0.030327687 
665 472 9 11 0.030310174 
394 415 7 8 0.030309666 
871 471 8 9 0.030164022 
201 374 6 8 0.030143982 
50 342 7 9 0.03012759 
70 353 7 10 0.030117188 
7 445 12 16 0.029975982 
689 480 7 9 0.029945608 
258 391 7 10 0.029875219 
574 455 7 10 0.029796258 
728 438 7 10 0.029783323 
346 456 7 9 0.02963592 
138 401 6 7 0.029333226 
695 502 8 10 0.02918075 
837 496 10 12 0.028712332 
263 359 7 9 0.028663268 
984 381 7 9 0.02851518 
120 338 7 8 0.02836498 
842 445 8 10 0.028353097 
279 431 6 9 0.028348558 
14 392 6 8 0.028297039 
91 376 7 9 0.028283326 
887 438 7 9 0.028210947 
1012 383 9 13 0.02807011 
100 392 7 8 0.027965933 
632 408 7 9 0.02786649 
153 344 6 8 0.027860666 
750 445 9 11 0.027756909 
224 457 6 9 0.0277295 
898 441 7 9 0.027696282 
143 448 6 8 0.027647559 
626 375 8 10 0.027595343 
78 454 7 10 0.027529387 
223 446 6 8 0.027516346 
118 469 7 10 0.027504534 
881 447 7 8 0.027455075 
880 391 7 9 0.027448408 
167 329 7 9 0.027439607 
241 368 7 8 0.027394883 
97 382 7 9 0.027261995 
864 473 8 9 0.027191749 
352 423 7 9 0.027173769 
743 376 7 8 0.02715757 
828 417 8 10 0.027071387 
829 455 8 11 0.02700152 
62 304 7 8 0.026974302 
319 398 7 10 0.026925316 
586 390 8 10 0.0267716 
681 495 7 10 0.026750479 
176 390 6 9 0.026720874 
23 370 7 8 0.026699737 
361 401 7 10 0.026694052 
742 416 8 9 0.026684292 
903 473 8 10 0.026606617 
98 447 7 9 0.026580704 
40 301 6 8 0.026541783 
865 328 8 9 0.026316172 
277 447 8 11 0.026266074 
825 456 9 11 0.026093455 
373 436 8 10 0.025974855 
894 470 7 9 0.025934424 
14 303 8 9 0.025910502 
642 367 6 9 0.025828535 
368 462 7 9 0.025747027 
146 381 8 9 0.025688672 
530 366 8 10 0.025576945 
96 433 7 9 0.025527574 
114 471 7 10 0.025526304 
151 376 8 10 0.025432719 
890 470 8 10 0.025418535 
374 408 7 10 0.025381228 
692 439 9 11 0.02526845 
597 476 9 12 0.025251936 
130 417 6 9 0.02524591 
989 475 8 11 0.025231639 
590 432 8 10 0.025200794 
590 502 11 13 0.02517984 
550 463 8 9 0.025168918 
518 480 8 10 0.025141733 
966 368 7 9 0.024994707 
738 423 7 10 0.024981452 
910 320 9 10 0.024871115 
554 423 8 10 0.024837717 
677 436 8 11 0.024819143 
601 416 7 10 0.024729796 
271 472 8 11 0.02468706 
785 408 9 11 0.024686845 
698 496 7 9 0.024659071 
745 389 8 10 0.024637269 
750 441 9 10 0.024617683 
240 445 7 9 0.02460797 
242 399 6 8 0.024576094 
138 449 7 9 0.024474705 
934 480 7 9 0.024317866 
130 421 6 9 0.02429595 
880 512 9 12 0.024288937 
663 494 7 10 0.024194974 
80 382 7 9 0.02418782 
121 386 6 8 0.024180232 
422 456 7 10 0.024135938 
65 335 6 8 0.024127906 
64 445 8 10 0.024127621 
665 401 7 9 0.024029452 
101 439 7 9 0.024009435 
610 398 8 10 0.02389715 
882 342 7 10 0.023880871 
146 352 6 9 0.02386514 
247 399 7 9 0.023697978 
431 470 7 9 0.023687836 
105 359 6 8 0.02368177 
342 471 7 10 0.023667524 
154 407 6 8 0.023661377 
397 451 10 12 0.02365903 
737 334 7 9 0.023616953 
102 447 7 9 0.023579525 
418 456 7 10 0.02357312 
26 356 7 10 0.023466662 
634 491 9 11 0.023451757 
505 421 7 10 0.02344452 
426 471 7 10 0.023416886 
57 401 6 9 0.023358226 
889 408 7 9 0.023322405 
425 392 9 11 0.023242759 
832 511 10 13 0.023184167 
248 417 6 8 0.023124862 
742 422 7 10 0.023115749 
553 384 7 10 0.023108246 
688 384 7 9 0.023074264 
520 390 9 11 0.023051638 
144 415 6 8 0.02289464 
946 487 9 11 0.022814102 
193 424 6 8 0.02280335 
640 399 7 9 0.022801436 
851 357 7 9 0.022769896 
721 365 6 9 0.022740148 
169 333 6 8 0.02270302 
571 373 8 10 0.022702888 
832 472 7 10 0.02268195 
809 471 7 10 0.022670334 
48 272 7 9 0.022665976 
581 471 8 9 0.022663157 
154 456 8 10 0.022656037 
626 430 7 9 0.02260934 
248 446 6 8 0.022475133 
345 462 8 10 0.022457378 
96 358 6 9 0.022424426 
895 388 7 10 0.022360293 
549 456 8 10 0.022348884 
281 493 7 9 0.022320043 
160 437 7 9 0.022318015 
625 396 8 10 0.022254974 
819 353 6 8 0.022215167 
520 428 7 10 0.022214271 
569 454 8 10 0.022153972 
557 484 8 10 0.022146516 
914 350 6 9 0.022088546 
703 352 7 9 0.022033395 
854 414 8 9 0.02201912 
919 474 7 10 0.022015464 
319 391 7 10 0.021959957 
55 422 8 9 0.021947559 
91 413 6 10 0.021913784 
543 358 7 8 0.021848429 
373 413 8 9 0.021783996 
184 415 6 9 0.021713367 
210 441 6 8 0.021665726 
474 469 9 11 0.021543961 
336 470 8 12 0.02131245 
886 479 8 11 0.021265576 
218 461 8 10 0.021248009 
91 409 7 9 0.02120616 
960 333 8 10 0.021105884 
278 373 9 10 0.021061754 
170 423 6 8 0.021034105 
785 440 8 10 0.021026652 
429 372 9 11 0.021018302 
144 394 6 8 0.02094855 
570 404 9 11 0.020931352 
479 213 15 20 0.020924319 
362 390 8 10 0.020662848 
28 398 8 10 0.020592168 
57 310 7 8 0.020591829 
217 392 6 8 0.020572722 
330 416 8 10 0.02054802 
890 413 7 9 0.020512827 
397 415 8 9 0.020510951 
671 342 7 8 0.020489465 
359 446 7 9 0.020416087 
937 376 8 10 0.020394197 
376 344 9 10 0.020350816 
182 461 8 11 0.020342642 
979 483 10 13 0.020324348 
226 420 7 9 0.020306634 
295 485 9 11 0.02025795 
746 446 9 11 0.020236341 
181 456 8 11 0.020224366 
657 407 8 10 0.02019654 
576 486 9 12 0.020176316 
929 479 8 10 0.020134008 
576 421 7 10 0.020125896 
313 424 10 12 0.020111686 
558 357 7 9 0.020064281 
573 369 8 11 0.020051662 
