35_Basketball_Basketball_35_361
38
699 117 26 31 0.9981981 
909 130 31 41 0.997175 
70 163 28 33 0.9970709 
652 252 26 34 0.99655837 
517 244 25 33 0.9963601 
870 238 30 34 0.9958325 
477 117 25 32 0.995786 
364 130 25 33 0.99520516 
164 250 27 35 0.99500364 
162 127 26 33 0.9928542 
596 120 25 32 0.99273515 
405 248 25 31 0.9924695 
777 240 27 35 0.9917114 
263 126 24 32 0.9872773 
300 251 25 34 0.98721576 
825 115 26 31 0.9742294 
485 465 16 18 0.41210368 
505 462 16 17 0.28899887 
384 446 13 15 0.22554332 
382 472 17 21 0.2240649 
564 459 15 18 0.2088248 
403 469 16 19 0.15165119 
618 445 12 15 0.12842359 
468 470 11 14 0.072116 
581 466 15 16 0.042431 
500 443 11 14 0.04164245 
580 443 10 12 0.038906366 
264 161 18 20 0.037782036 
308 477 17 19 0.0351372 
329 395 18 20 0.03312233 
167 222 13 14 0.029013382 
45 163 17 21 0.02838399 
480 466 14 17 0.025783332 
453 444 15 17 0.024371805 
594 428 9 12 0.024360431 
0 135 10 18 0.024351751 
739 115 21 23 0.023294555 
40 280 17 23 0.020894084 
