35_Basketball_basketballgame_ball_35_309
21
778 69 173 230 0.99914217 
224 0 68 69 0.9969791 
132 55 75 101 0.9957391 
395 73 79 104 0.99337405 
-8 510 69 158 0.91210634 
954 65 23 30 0.40680948 
678 67 30 40 0.22760497 
632 177 47 64 0.2141618 
986 92 23 30 0.041591786 
668 197 47 64 0.035862852 
986 3 18 21 0.029151248 
116 -5 58 57 0.028453156 
716 44 16 21 0.028315846 
683 66 20 24 0.028247403 
145 -1 42 41 0.028189821 
675 118 26 36 0.025386432 
990 0 26 35 0.024562936 
755 0 20 20 0.024340017 
707 165 32 43 0.024048302 
915 6 19 22 0.023842447 
944 50 30 39 0.022263806 
