35_Basketball_basketballgame_ball_35_998
135
681 63 52 72 0.99658597 
339 98 53 75 0.9959014 
912 280 47 62 0.9955041 
64 280 33 40 0.99520075 
0 310 24 42 0.98797554 
353 316 39 56 0.9861043 
36 202 33 46 0.9856597 
41 391 42 49 0.9849584 
122 286 32 47 0.9748632 
444 141 31 41 0.938474 
513 49 26 33 0.91819364 
461 101 29 39 0.8437566 
816 315 36 58 0.8190133 
909 204 36 44 0.75688165 
827 94 28 41 0.75448465 
391 104 38 51 0.7496662 
431 44 26 34 0.7479179 
868 301 28 44 0.7232176 
587 53 25 33 0.71598077 
651 101 27 34 0.7065661 
111 111 25 31 0.6794562 
448 0 22 22 0.63342476 
496 21 24 30 0.6264932 
95 72 20 24 0.6164001 
596 15 25 30 0.6025262 
406 11 25 34 0.594411 
268 82 30 42 0.5439372 
322 407 31 47 0.5214317 
571 147 27 35 0.5187071 
931 11 28 36 0.48469356 
475 230 27 33 0.41957605 
246 51 26 36 0.41696766 
649 37 24 34 0.4152852 
175 118 26 33 0.41255292 
518 38 27 34 0.38377634 
334 20 22 29 0.36347443 
392 181 32 45 0.36194354 
837 218 30 41 0.36133412 
64 139 27 34 0.29024717 
569 131 30 37 0.28815266 
508 340 26 33 0.25977984 
321 -1 20 19 0.25570363 
523 28 25 31 0.24991697 
176 359 36 41 0.24300931 
24 65 24 32 0.21540953 
178 130 28 36 0.18136583 
876 298 17 21 0.167394 
191 134 27 35 0.16149674 
158 2 25 29 0.14926258 
155 28 29 34 0.14212355 
129 44 23 30 0.14010336 
827 306 41 58 0.13346209 
474 81 32 39 0.12879248 
313 48 24 32 0.11474162 
507 22 27 31 0.109160244 
504 36 26 34 0.09315917 
286 5 23 28 0.09252894 
833 84 29 38 0.089484535 
684 8 23 27 0.08845994 
999 320 25 49 0.08771194 
762 43 39 52 0.08418946 
242 0 26 25 0.08282171 
930 77 29 38 0.07451719 
699 0 21 20 0.071424045 
-1 250 16 32 0.06682122 
223 121 26 32 0.066324584 
513 0 19 18 0.066068925 
324 9 26 32 0.061653607 
138 185 25 33 0.05942321 
851 279 23 28 0.055906713 
465 436 24 28 0.054348785 
26 207 29 38 0.053370625 
17 122 25 32 0.052327182 
136 156 22 28 0.051717605 
85 13 22 27 0.05122081 
844 79 27 33 0.04891104 
300 0 28 31 0.04808833 
527 17 24 29 0.04338869 
115 365 18 23 0.042285237 
782 103 26 36 0.0419919 
875 70 27 36 0.03880584 
211 82 26 33 0.037857622 
879 59 27 34 0.03780456 
410 4 19 21 0.037107732 
271 23 26 30 0.0368496 
500 12 26 29 0.0367179 
589 38 26 33 0.036498148 
852 306 33 42 0.03536837 
867 86 27 33 0.034990996 
9 210 24 32 0.03480613 
753 28 40 51 0.034346316 
520 -1 21 18 0.032701556 
671 89 27 46 0.032416523 
523 347 33 32 0.032401633 
980 194 27 37 0.030898357 
201 130 27 33 0.030129753 
856 274 17 20 0.029466853 
124 367 19 21 0.027617622 
815 74 43 55 0.027571637 
377 88 42 59 0.027061393 
454 232 40 48 0.026822276 
683 405 17 20 0.026492523 
249 37 38 47 0.02636999 
1001 203 21 37 0.024998588 
880 304 28 42 0.02489955 
233 -1 21 20 0.024826774 
502 348 15 18 0.024564186 
581 0 28 30 0.024207212 
170 141 26 32 0.023837168 
882 44 25 32 0.02372701 
904 64 26 40 0.023433177 
474 1 23 25 0.023297245 
705 146 38 38 0.023113647 
395 90 33 40 0.023023503 
970 -1 16 14 0.022997601 
888 284 41 58 0.022906087 
268 154 30 38 0.022827575 
4 408 27 38 0.022633571 
850 67 26 34 0.022523075 
139 40 28 32 0.022315731 
44 107 23 29 0.021886777 
883 294 14 17 0.021644171 
464 1 17 20 0.021577388 
649 29 21 25 0.021381656 
522 10 25 26 0.021365484 
195 11 25 30 0.021334516 
164 20 29 35 0.020988604 
27 83 19 24 0.020942241 
480 14 24 28 0.020842893 
295 12 20 25 0.02077791 
343 9 27 32 0.02065323 
893 192 29 36 0.0206092 
993 56 29 37 0.020265063 
74 5 23 28 0.020067496 
854 287 26 35 0.020038147 
