35_Basketball_playingbasketball_35_405
19
827 295 14 23 0.87558156 
357 314 14 20 0.4579515 
581 313 15 21 0.3332793 
347 415 17 18 0.20709267 
343 323 13 18 0.115303665 
808 307 11 14 0.09074507 
546 301 16 24 0.064914055 
326 321 14 20 0.05037208 
348 319 14 21 0.04962315 
812 300 14 19 0.039761774 
574 315 17 24 0.039003182 
356 318 19 29 0.035880063 
360 308 15 20 0.033740662 
356 377 11 16 0.029106317 
331 327 16 20 0.026103128 
586 437 22 29 0.02408014 
834 302 14 20 0.023353972 
357 332 16 24 0.021093061 
559 272 13 17 0.020609645 
