35_Basketball_Basketball_35_457
342
604 144 41 44 0.96082866 
378 329 7 10 0.7654127 
940 319 12 15 0.71062577 
409 337 7 9 0.5088091 
248 391 6 8 0.40659302 
304 365 8 9 0.27087286 
152 351 7 9 0.26890364 
193 370 7 9 0.24898604 
82 309 6 9 0.2380664 
360 320 8 9 0.23074421 
50 380 8 10 0.21359813 
886 361 8 11 0.1979433 
80 346 7 9 0.18884653 
234 350 6 8 0.1677502 
23 246 7 10 0.15308516 
81 255 7 10 0.14863028 
290 329 6 7 0.14777541 
158 371 7 9 0.13964406 
2 198 7 9 0.13617843 
214 403 9 11 0.13572429 
358 326 8 10 0.12682936 
368 342 7 9 0.123914845 
41 221 8 11 0.11979921 
64 181 7 9 0.11843903 
184 359 7 9 0.107432716 
426 349 7 10 0.10652123 
37 191 8 9 0.10583439 
272 311 5 8 0.10275018 
153 297 6 8 0.09853764 
184 353 7 9 0.09793665 
288 335 7 9 0.09716397 
11 357 7 10 0.09510423 
214 358 6 9 0.09312852 
65 278 7 9 0.09257444 
168 389 7 9 0.092433855 
129 271 7 9 0.08904128 
190 255 6 8 0.087100044 
87 359 7 9 0.08168575 
337 311 6 9 0.07813438 
70 272 6 9 0.07799913 
377 367 7 9 0.07735671 
954 302 8 10 0.077114485 
927 397 8 10 0.075457916 
57 260 8 10 0.07538327 
57 223 7 8 0.07402272 
255 329 7 8 0.0730774 
281 377 6 8 0.0730374 
64 304 7 9 0.072908744 
48 240 7 9 0.072369084 
88 280 7 8 0.07200055 
50 246 7 9 0.07194799 
378 351 7 9 0.071566224 
173 404 8 11 0.07105313 
383 368 7 9 0.07090769 
19 274 14 17 0.07031734 
511 361 7 8 0.06927068 
41 351 8 10 0.06654028 
210 296 6 8 0.06470202 
513 384 6 8 0.064655475 
6 243 7 11 0.06397177 
320 335 7 9 0.06357053 
391 357 7 9 0.06342178 
255 335 7 9 0.063345075 
439 328 7 10 0.06147944 
22 285 12 15 0.060873806 
448 383 6 8 0.05976298 
121 302 7 9 0.059564464 
262 376 7 9 0.059349187 
114 335 6 8 0.058586307 
104 262 6 9 0.05773261 
272 361 6 8 0.056509316 
394 353 7 10 0.055975966 
54 246 7 9 0.05570872 
113 229 6 9 0.05565946 
263 279 6 7 0.05526989 
177 296 6 8 0.05490382 
311 320 6 8 0.054530118 
88 286 7 9 0.054318476 
19 198 6 9 0.053513654 
401 320 7 9 0.05314827 
289 375 7 10 0.05311591 
-1 350 7 10 0.05287929 
46 222 7 10 0.052848548 
81 206 7 8 0.052673355 
168 318 6 8 0.052264027 
207 384 7 9 0.05218397 
72 383 8 10 0.05157329 
265 310 7 9 0.050844178 
166 272 6 9 0.05010781 
288 341 7 9 0.049515855 
138 287 6 8 0.049469847 
129 253 6 8 0.048969965 
41 256 7 9 0.04865081 
0 331 7 11 0.048078112 
425 346 7 8 0.047172606 
381 352 8 10 0.046839964 
192 279 5 7 0.046476074 
283 288 6 8 0.046024326 
528 396 8 11 0.04596117 
871 344 8 11 0.04587365 
143 335 6 8 0.045607917 
199 374 6 9 0.045555785 
206 389 7 10 0.044654455 
313 335 6 8 0.044337545 
25 208 7 9 0.043920353 
161 341 7 10 0.043808404 
414 335 7 10 0.042062912 
201 265 6 8 0.0418419 
97 270 7 9 0.04183783 
184 367 7 9 0.041834753 
304 342 6 8 0.041022465 
38 302 7 9 0.04059747 
400 311 7 8 0.0405728 
870 349 7 10 0.04041819 
113 225 6 8 0.040275086 
210 421 7 10 0.040078845 
398 351 7 9 0.039948273 
423 310 6 8 0.039783474 
280 361 7 9 0.039656054 
113 264 6 8 0.039432906 
344 310 7 9 0.039239276 
435 329 6 9 0.03875527 
361 365 8 11 0.038568366 
202 383 7 9 0.03840164 
183 375 7 10 0.038248744 
949 336 9 12 0.038029023 
322 311 7 8 0.03786641 
232 312 6 8 0.037818093 
201 269 7 9 0.03774797 
322 304 6 8 0.037386816 
392 320 7 8 0.037301537 
82 261 7 9 0.03677651 
313 328 7 9 0.036714785 
25 174 7 9 0.036680214 
199 304 7 9 0.036584917 
86 272 7 8 0.036506124 
456 335 5 8 0.03643738 
256 343 7 8 0.036410928 
368 366 7 9 0.036297455 
366 318 7 9 0.03579616 
66 207 6 9 0.035451386 
354 319 7 9 0.034614153 
193 229 7 9 0.03457225 
214 296 6 9 0.034359097 
106 206 6 8 0.034276787 
57 217 7 9 0.033611212 
176 429 10 13 0.033415537 
472 319 6 8 0.033353392 
37 320 8 9 0.03332475 
55 318 8 11 0.033160836 
214 422 7 9 0.033060644 
422 375 7 8 0.032857317 
65 201 6 8 0.032833688 
240 318 7 9 0.032822132 
175 254 7 9 0.0326849 
402 343 7 9 0.03261585 
39 198 7 9 0.032586347 
344 305 6 9 0.03228828 
98 265 7 8 0.031695213 
183 214 8 10 0.031457063 
209 314 6 8 0.031419136 
336 367 10 13 0.031344805 
327 312 6 9 0.031292383 
177 336 6 9 0.031052135 
376 304 6 8 0.031038037 
96 215 7 9 0.031033004 
3 239 8 12 0.031029629 
439 333 6 9 0.03096199 
65 214 7 10 0.030819003 
450 335 6 8 0.030799985 
259 377 6 9 0.030798001 
393 327 6 8 0.03061921 
248 319 6 9 0.030564243 
394 311 6 8 0.030563155 
74 345 8 10 0.03037437 
127 303 7 8 0.03036978 
256 359 7 9 0.030337641 
338 305 7 9 0.030270042 
30 174 7 8 0.030263856 
31 246 7 8 0.030083206 
478 383 6 9 0.030075777 
178 376 7 9 0.02997361 
94 382 7 8 0.0299223 
435 333 6 10 0.02990085 
207 317 7 9 0.029893143 
519 389 7 10 0.029833063 
951 374 7 10 0.029827507 
224 312 7 9 0.02979596 
361 342 8 10 0.029603042 
119 336 7 10 0.029602865 
17 176 7 9 0.029472424 
449 328 6 8 0.029294217 
438 398 7 9 0.029278656 
870 384 7 8 0.029211525 
249 343 6 8 0.029031523 
233 294 7 9 0.028924396 
39 327 7 9 0.02881431 
239 350 7 9 0.02873224 
40 356 7 10 0.028666819 
35 186 7 9 0.028643653 
280 295 6 9 0.028534329 
49 207 6 8 0.028312393 
200 287 6 7 0.02829894 
385 357 7 10 0.02798144 
312 294 6 8 0.02797199 
305 337 6 8 0.027902087 
320 278 6 8 0.027826717 
329 377 8 10 0.027820172 
155 223 6 9 0.027807325 
7 193 7 9 0.027774282 
322 319 7 9 0.027652208 
242 303 6 8 0.027483495 
359 332 8 11 0.02748124 
419 310 6 8 0.027363243 
465 351 6 7 0.027349122 
217 318 7 8 0.027310649 
247 280 6 8 0.027236843 
24 241 8 11 0.027205989 
98 224 7 9 0.027016493 
19 246 8 10 0.026853792 
32 261 7 10 0.02679005 
138 247 6 8 0.026717786 
487 365 7 9 0.026621599 
85 309 7 10 0.026564522 
475 385 6 7 0.02649471 
515 389 6 9 0.026467778 
216 374 7 10 0.026357993 
177 382 7 9 0.02634109 
47 216 7 9 0.026242161 
430 350 6 9 0.02623171 
240 312 6 9 0.026219683 
86 263 7 9 0.026217693 
368 336 8 10 0.026116071 
264 345 6 8 0.026092887 
272 304 7 9 0.026058592 
139 336 6 8 0.025956886 
259 280 5 8 0.02591115 
45 351 7 10 0.025909754 
232 415 8 10 0.025871992 
55 241 7 9 0.025772598 
160 247 6 8 0.025736049 
234 318 6 8 0.025716627 
290 296 6 8 0.025712762 
376 381 9 12 0.025687288 
87 207 6 9 0.0256182 
215 367 7 10 0.025469163 
866 350 8 10 0.025425173 
145 287 6 8 0.025376134 
352 311 6 8 0.025302483 
866 383 7 10 0.02519491 
265 304 7 9 0.025156809 
48 305 7 10 0.02514539 
458 344 5 8 0.02511014 
466 368 6 8 0.025085459 
63 223 7 8 0.025075527 
226 303 6 8 0.025026824 
182 381 7 9 0.024976144 
294 327 7 9 0.02481389 
441 359 6 8 0.024705237 
81 249 7 10 0.024697125 
370 304 7 8 0.024587305 
61 261 7 10 0.024579123 
559 350 8 11 0.024570767 
185 311 6 8 0.024470378 
244 390 7 9 0.024404952 
160 337 8 10 0.024309432 
69 277 8 10 0.024286548 
1015 310 8 12 0.024281535 
506 341 6 8 0.024217613 
97 310 6 9 0.024210803 
321 342 7 9 0.024181806 
370 289 6 8 0.024148725 
127 370 7 9 0.024145896 
185 262 6 8 0.024055902 
392 336 6 8 0.024015723 
16 392 8 10 0.023859004 
401 325 6 9 0.023812134 
82 360 8 10 0.023786798 
523 335 6 8 0.023762207 
98 230 6 8 0.023677325 
238 413 7 10 0.023615 
184 304 6 9 0.023368774 
31 240 7 10 0.023356598 
105 258 7 8 0.023282142 
327 335 6 9 0.023107432 
112 350 6 9 0.023019586 
217 279 5 8 0.022958329 
320 351 7 9 0.02291728 
848 317 7 9 0.022897158 
208 375 7 10 0.022868818 
176 248 6 8 0.022858515 
257 310 7 9 0.022796065 
224 374 7 9 0.02276142 
535 383 6 8 0.022575315 
82 278 7 9 0.02253011 
507 359 6 8 0.022450242 
345 336 7 9 0.02243004 
889 398 6 9 0.022416422 
17 194 6 8 0.022382548 
425 327 6 8 0.022375925 
426 320 7 8 0.022333749 
314 312 6 8 0.02218084 
234 289 6 8 0.022133803 
368 312 6 8 0.022057055 
82 273 7 8 0.022017589 
70 215 7 9 0.021906462 
143 247 6 8 0.021811632 
160 302 6 8 0.021587979 
103 202 7 8 0.02137161 
507 382 6 9 0.021325264 
194 311 6 9 0.02125916 
96 378 7 9 0.021147223 
177 263 6 8 0.021122271 
112 215 6 8 0.021113757 
424 383 6 9 0.021021737 
56 398 8 10 0.020935986 
449 377 7 8 0.02086021 
40 230 8 10 0.020821063 
215 383 7 9 0.02077087 
165 342 7 10 0.020729117 
431 345 6 9 0.02062183 
95 193 7 8 0.020618191 
449 320 6 7 0.020578902 
352 334 8 10 0.020563763 
864 318 6 8 0.020527836 
162 318 6 8 0.02050991 
160 240 6 8 0.020398002 
134 385 8 10 0.020384924 
339 372 10 15 0.020382773 
98 199 6 8 0.020371275 
354 326 8 11 0.020361075 
503 353 6 8 0.020351429 
257 256 6 8 0.02033024 
307 320 6 8 0.020244379 
34 327 8 9 0.020235255 
178 287 6 8 0.020210465 
345 342 7 10 0.020175429 
81 288 8 10 0.020154074 
85 343 7 9 0.020114038 
70 207 7 9 0.020090772 
298 280 7 8 0.020070877 
197 369 7 9 0.020041766 
