35_Basketball_playingbasketball_35_794
34
750 87 44 58 0.99732614 
284 174 28 38 0.99661875 
512 135 31 39 0.9962555 
99 159 29 35 0.99379444 
0 168 23 44 0.9933587 
555 125 33 38 0.9906984 
424 174 21 28 0.98529434 
834 141 32 41 0.96798587 
186 161 17 29 0.9196709 
267 146 16 27 0.890426 
442 199 19 30 0.8442985 
324 163 19 23 0.78441167 
390 145 20 26 0.7738058 
243 182 19 30 0.7273615 
380 171 19 23 0.5955744 
384 199 21 28 0.35445997 
155 183 25 27 0.11388511 
384 153 23 29 0.10627728 
380 180 22 29 0.0761025 
145 28 19 22 0.06430648 
247 111 9 10 0.050589785 
70 199 11 14 0.034781802 
270 149 23 29 0.033910394 
379 193 19 26 0.032112934 
397 148 24 30 0.031353164 
112 28 28 32 0.03127062 
401 462 10 13 0.028240997 
1012 454 11 17 0.027161485 
601 173 21 24 0.026452908 
892 56 30 41 0.024870854 
143 134 14 18 0.02437912 
237 180 16 24 0.024125567 
569 451 12 16 0.02265725 
395 197 14 20 0.020328572 
