35_Basketball_basketballgame_ball_35_478
407
128 412 69 100 0.9982948 
721 319 9 12 0.8247249 
620 111 8 10 0.44552577 
400 392 7 10 0.41973752 
406 161 8 10 0.31763643 
463 151 9 12 0.31414118 
406 260 8 11 0.28839904 
430 148 9 11 0.28834522 
342 149 8 9 0.26020125 
498 65 8 11 0.24641958 
735 166 9 11 0.23044398 
193 109 7 9 0.22393167 
682 208 7 10 0.2194724 
311 272 20 23 0.21281557 
814 342 9 13 0.19356239 
401 160 9 11 0.1911931 
704 334 7 10 0.1784758 
304 167 8 9 0.17204645 
497 104 9 11 0.17047007 
636 52 7 11 0.16021536 
493 165 9 12 0.15851434 
415 125 8 11 0.14459446 
612 71 8 11 0.13893165 
660 158 11 14 0.13714941 
770 36 8 10 0.12865688 
697 168 8 10 0.12807184 
512 90 8 9 0.12399185 
806 336 10 12 0.12310196 
297 39 6 8 0.120920956 
280 37 8 10 0.11990897 
353 196 8 11 0.118191786 
494 143 8 10 0.11483846 
288 24 7 9 0.113115735 
721 56 7 9 0.11004561 
280 70 8 10 0.10921149 
393 159 7 9 0.107407965 
485 79 8 10 0.10638102 
681 22 8 10 0.10586367 
655 137 9 10 0.10481868 
632 87 8 10 0.104314886 
473 169 9 10 0.099412724 
83 92 7 10 0.09929331 
445 153 8 10 0.09455361 
656 197 8 9 0.09416554 
485 53 8 10 0.09316878 
286 174 7 9 0.09188677 
341 245 8 10 0.09172114 
464 112 7 9 0.08831662 
599 162 8 10 0.0871915 
330 182 8 10 0.08702206 
786 70 8 10 0.08571295 
745 36 7 10 0.08516662 
642 72 7 10 0.08413044 
323 70 7 9 0.07816333 
512 39 8 9 0.07794512 
295 72 7 8 0.07744407 
319 118 7 9 0.077205114 
381 150 8 10 0.07640819 
334 182 8 11 0.07635926 
320 151 8 10 0.07573555 
862 276 7 10 0.07534661 
362 167 8 10 0.07370604 
314 157 7 10 0.07363919 
623 77 9 11 0.07335669 
374 40 9 11 0.073342524 
496 89 8 9 0.07216423 
718 169 8 10 0.07089801 
639 166 7 9 0.070619 
714 72 7 9 0.06867094 
273 148 7 9 0.0684299 
289 150 7 9 0.067918785 
625 160 8 9 0.06782816 
498 38 7 9 0.06756963 
490 119 7 10 0.067508556 
613 177 8 11 0.06750128 
203 62 8 11 0.06590208 
470 54 7 9 0.065269925 
561 159 8 9 0.065089636 
224 175 7 9 0.0630873 
566 159 7 10 0.062723994 
518 158 8 10 0.062582396 
624 192 7 9 0.06209954 
591 109 7 9 0.061526675 
363 78 6 9 0.06118264 
360 47 7 9 0.061089646 
470 70 7 10 0.060697507 
730 153 7 9 0.06028112 
326 149 7 9 0.06002676 
222 45 8 11 0.05934524 
662 205 8 11 0.059229326 
271 87 8 10 0.05900513 
631 161 8 10 0.058531914 
478 129 8 10 0.058216937 
270 95 8 11 0.058195498 
577 103 8 10 0.057911735 
490 142 8 10 0.057505913 
584 101 8 11 0.057244133 
457 96 7 10 0.057164602 
334 161 8 10 0.05672311 
733 111 8 10 0.056691833 
314 86 7 9 0.056339286 
202 126 7 10 0.05624242 
479 151 8 9 0.05621227 
501 68 8 11 0.056112822 
797 87 9 11 0.055728365 
310 38 7 9 0.05514157 
553 85 9 10 0.055066343 
332 457 9 11 0.054836873 
685 207 8 11 0.054511324 
137 86 8 10 0.054377813 
333 165 9 11 0.0532122 
687 182 9 11 0.052614007 
272 189 6 9 0.052443124 
745 96 7 9 0.05224235 
190 65 7 9 0.052058965 
626 72 8 10 0.051530346 
695 48 7 9 0.050787825 
442 135 7 10 0.050698765 
745 198 6 8 0.050565537 
530 109 8 10 0.050147902 
610 180 8 11 0.04929137 
232 150 10 13 0.04920787 
706 25 7 9 0.04883675 
377 160 8 9 0.048808433 
498 31 7 9 0.04825302 
626 142 7 10 0.047798347 
695 62 8 10 0.047675457 
337 72 7 10 0.04755926 
630 143 7 9 0.04741732 
446 54 7 9 0.047363166 
720 26 7 8 0.047284387 
207 110 10 12 0.04689608 
271 101 7 10 0.046884995 
322 38 7 9 0.046063356 
383 159 8 10 0.046036728 
367 25 7 9 0.045307923 
271 185 6 9 0.045207255 
487 87 7 10 0.045062806 
321 113 7 8 0.045008 
871 105 7 9 0.04494679 
337 77 7 9 0.0441715 
649 102 7 9 0.044093385 
742 79 8 10 0.044017367 
879 132 8 10 0.043876626 
206 115 9 12 0.04367913 
343 182 7 10 0.0435779 
359 152 7 9 0.043258443 
489 95 7 9 0.04317717 
729 39 6 9 0.04232066 
937 299 11 14 0.04217754 
442 157 8 9 0.041992746 
214 25 7 10 0.0419765 
752 61 7 9 0.041948937 
631 198 7 9 0.04193265 
377 165 7 10 0.0417741 
697 38 7 9 0.04177367 
382 262 8 10 0.041556213 
552 71 10 12 0.041279808 
424 135 7 9 0.04085646 
529 69 7 10 0.04053705 
631 93 8 10 0.040504582 
615 76 9 11 0.0405006 
638 161 8 9 0.039604362 
638 111 7 9 0.03943023 
433 38 7 9 0.03934806 
701 168 8 10 0.038838126 
551 77 11 13 0.038820174 
329 54 6 8 0.03876309 
493 119 8 12 0.038559835 
408 143 7 9 0.038087413 
649 96 7 10 0.0379888 
487 38 7 9 0.037987124 
714 169 8 10 0.037842028 
451 86 6 9 0.037783507 
422 89 7 9 0.03767526 
427 143 8 10 0.037399948 
761 29 7 10 0.037284642 
223 165 7 10 0.037249602 
807 245 9 10 0.037134912 
288 87 8 10 0.037027135 
353 181 7 9 0.036791917 
328 199 8 10 0.036355007 
629 24 8 10 0.036176782 
359 193 7 10 0.036063846 
337 39 6 8 0.036016397 
366 78 7 10 0.03590882 
813 336 10 12 0.035903282 
606 86 7 11 0.035845973 
844 197 10 12 0.035807643 
488 137 7 9 0.035793256 
367 160 7 9 0.035349187 
217 174 7 9 0.03532842 
527 89 8 9 0.035302483 
393 176 9 10 0.0351275 
802 340 10 13 0.035021555 
615 24 7 9 0.034988195 
544 54 7 10 0.03493467 
473 134 8 10 0.03492569 
238 144 8 10 0.03472716 
397 151 9 10 0.034556597 
629 38 8 10 0.034477003 
733 151 7 9 0.03425781 
327 145 7 9 0.034099042 
625 37 7 10 0.033907007 
418 102 8 10 0.033904176 
648 152 8 10 0.03388967 
326 37 7 10 0.033695366 
806 345 11 14 0.033540394 
353 177 7 8 0.03351736 
431 175 8 10 0.033490393 
422 103 7 10 0.03342981 
258 110 7 9 0.033261396 
662 152 10 13 0.033228528 
311 80 7 10 0.03312592 
328 129 7 10 0.032950915 
230 175 7 9 0.032895576 
432 47 7 10 0.03288369 
459 151 8 10 0.032823496 
760 48 8 10 0.03252519 
383 165 8 10 0.032473724 
671 173 7 10 0.032401107 
839 61 9 10 0.03235599 
482 85 8 11 0.03213127 
730 168 8 10 0.032120455 
336 135 7 9 0.03179243 
314 120 7 8 0.031751167 
666 173 7 10 0.03138192 
737 52 8 10 0.031380937 
742 86 8 9 0.031317923 
846 168 8 11 0.030927017 
466 55 7 9 0.030899791 
447 119 7 9 0.030782988 
314 26 6 7 0.030782249 
576 180 8 11 0.030738937 
192 86 7 9 0.030657949 
720 77 7 10 0.030653335 
759 124 9 10 0.030542476 
312 31 7 9 0.030340765 
309 167 7 9 0.030255146 
342 468 11 14 0.030220853 
343 38 7 9 0.030206863 
645 72 8 10 0.030189503 
800 228 10 12 0.029963033 
695 172 7 10 0.029906675 
353 157 7 9 0.029891388 
176 45 7 10 0.029724348 
744 159 6 8 0.029629381 
321 192 7 9 0.029522453 
305 38 7 9 0.029342173 
361 41 7 9 0.029251292 
329 167 9 10 0.029012177 
593 55 7 9 0.028981825 
695 55 7 10 0.028732888 
626 164 8 11 0.028628882 
784 89 7 9 0.02857197 
289 56 7 9 0.028551515 
339 149 7 10 0.02853409 
199 87 6 8 0.028359776 
321 144 8 9 0.028344423 
736 23 7 8 0.028006246 
647 158 8 11 0.027950523 
433 31 8 10 0.027815863 
502 39 7 10 0.027812334 
505 78 7 9 0.027808847 
521 80 7 8 0.027797412 
607 55 6 9 0.027795017 
448 96 7 8 0.027764637 
790 130 8 9 0.027544554 
447 141 9 10 0.027482467 
354 136 7 9 0.02744871 
458 157 9 10 0.027436925 
687 152 7 8 0.027246885 
738 81 8 9 0.026970156 
426 173 7 10 0.026906915 
368 192 7 9 0.026636973 
656 127 7 9 0.0266171 
558 167 8 10 0.026160073 
640 77 8 9 0.026138207 
778 197 7 9 0.026123615 
681 191 7 10 0.026053132 
402 257 9 11 0.026046626 
302 171 8 10 0.02593994 
584 176 8 11 0.02590346 
791 349 8 11 0.025885629 
481 38 6 9 0.025824722 
207 105 8 9 0.025713664 
454 86 7 9 0.025700903 
447 135 8 11 0.025685538 
920 300 9 11 0.025648212 
512 100 8 11 0.02561983 
304 63 6 8 0.025484659 
330 175 7 9 0.025418768 
464 145 8 11 0.025291784 
657 120 7 9 0.025277158 
265 176 7 9 0.025267897 
185 87 7 9 0.025261633 
602 86 7 10 0.025173703 
481 61 8 11 0.025166655 
726 87 7 9 0.02513728 
354 153 7 9 0.025127696 
705 30 7 9 0.025062438 
439 167 7 10 0.025015086 
359 174 8 10 0.024996195 
782 175 7 9 0.024963003 
177 109 7 9 0.024901494 
558 174 8 11 0.024889687 
392 165 8 10 0.024889044 
762 25 7 9 0.024883809 
528 94 7 9 0.024855858 
471 30 8 9 0.024710879 
205 68 8 11 0.024523636 
550 24 7 8 0.024511013 
840 151 7 8 0.024508735 
745 63 8 9 0.024459576 
481 71 8 9 0.02441287 
717 73 8 10 0.024367185 
280 128 7 9 0.02429848 
487 72 8 10 0.024184136 
424 71 7 9 0.024110157 
761 158 8 9 0.024104236 
682 152 6 8 0.023963168 
940 295 12 14 0.023928445 
334 176 7 9 0.023880467 
750 94 7 9 0.023788488 
313 135 7 9 0.023684531 
722 61 7 9 0.023652285 
408 135 7 9 0.023627143 
358 136 7 9 0.023612374 
447 127 7 9 0.02360501 
472 49 6 9 0.023579437 
262 110 8 10 0.023501735 
306 79 7 9 0.023436975 
224 160 8 11 0.023405204 
647 174 7 9 0.023400879 
399 317 14 15 0.023376958 
486 61 8 11 0.023373485 
265 183 8 9 0.023362448 
626 29 8 11 0.023348475 
448 112 7 9 0.023321921 
706 153 7 9 0.023199895 
737 96 7 9 0.02319513 
304 110 7 9 0.02310135 
214 116 8 11 0.022958377 
289 111 7 9 0.022939507 
297 63 6 9 0.022911072 
423 110 6 8 0.022782871 
494 124 8 10 0.022724766 
504 87 8 10 0.02269809 
495 94 8 10 0.022633292 
670 168 8 10 0.022589821 
231 155 9 12 0.022488214 
490 161 9 11 0.022370301 
367 151 7 9 0.022356452 
690 47 7 9 0.022353837 
473 39 7 8 0.02234311 
190 25 7 9 0.022215808 
520 87 7 10 0.02216144 
449 81 7 9 0.02212044 
554 167 7 9 0.02192637 
455 167 8 9 0.02191264 
502 25 7 9 0.021806128 
850 95 9 11 0.021746237 
201 119 8 10 0.021739827 
615 38 8 11 0.021659741 
462 96 7 10 0.021637397 
366 73 7 10 0.021581918 
241 165 8 10 0.02154343 
336 117 7 9 0.021535087 
529 147 9 12 0.021469114 
705 48 7 10 0.02143718 
790 244 8 11 0.021436233 
85 89 8 11 0.021404335 
709 88 8 10 0.021395674 
360 53 7 9 0.021310937 
728 47 7 9 0.021265713 
328 77 6 10 0.02125742 
577 39 7 8 0.021239823 
710 153 7 9 0.021206042 
647 77 7 10 0.02116292 
464 176 8 10 0.021084575 
482 49 7 9 0.021070678 
432 168 8 10 0.021055035 
416 134 7 9 0.021006053 
820 364 11 14 0.02100216 
298 167 8 10 0.020973207 
705 54 7 9 0.020954272 
200 96 7 9 0.020938555 
130 41 7 9 0.020901734 
305 162 8 9 0.020890692 
176 42 7 8 0.020798376 
369 452 10 12 0.020738285 
337 64 7 9 0.020660454 
344 177 7 9 0.020569392 
600 54 7 9 0.020548452 
469 150 9 12 0.020518126 
733 364 8 12 0.020506728 
418 111 7 9 0.020472744 
361 158 8 10 0.020394143 
761 134 9 11 0.020386439 
633 118 8 10 0.020371826 
815 158 7 10 0.020307275 
630 79 8 10 0.020292478 
337 143 7 9 0.020221176 
500 107 9 11 0.020141857 
361 24 7 9 0.020099446 
689 37 7 10 0.020097056 
423 93 7 10 0.020033043 
