35_Basketball_basketballgame_ball_35_80
42
491 92 106 128 0.9995453 
262 128 45 68 0.9986848 
807 74 50 56 0.9975618 
890 64 46 57 0.99544924 
293 11 39 51 0.99396497 
93 183 38 48 0.9936581 
34 114 34 45 0.989247 
383 18 38 50 0.9881293 
1 361 43 54 0.9867475 
168 2 39 50 0.98287785 
5 168 41 47 0.9825094 
68 210 41 51 0.97120935 
0 235 32 53 0.97003055 
136 151 37 40 0.96737605 
162 229 41 50 0.9402495 
900 373 41 55 0.9377385 
183 286 42 53 0.70332706 
348 112 51 62 0.55481267 
505 4 33 39 0.42090377 
438 205 25 34 0.37540933 
75 281 38 44 0.1697689 
552 40 30 36 0.16308355 
80 195 39 51 0.14675932 
180 176 31 47 0.11098112 
488 2 38 34 0.08013023 
661 189 17 22 0.07863817 
698 203 29 42 0.06901654 
348 138 35 42 0.06569607 
665 261 42 55 0.042447116 
444 200 13 16 0.04032093 
140 286 52 60 0.0364992 
531 40 46 52 0.03331323 
612 181 40 45 0.033160318 
386 127 17 21 0.029927824 
452 76 23 34 0.027914776 
700 202 16 20 0.027274704 
373 118 32 38 0.026781112 
174 249 41 53 0.026170306 
102 489 20 25 0.026039816 
44 167 26 36 0.024523454 
461 65 30 43 0.021045718 
117 283 50 61 0.020481542 
