35_Basketball_playingbasketball_35_795
200
83 37 24 30 0.99666375 
843 80 46 62 0.99461645 
54 262 65 100 0.9943144 
220 72 24 31 0.9905792 
485 497 15 20 0.9780449 
562 56 37 55 0.9675529 
39 15 9 11 0.9480162 
912 436 20 32 0.9445854 
951 27 20 27 0.9397376 
971 77 18 23 0.91716224 
642 17 14 19 0.84383607 
136 109 20 27 0.7904958 
609 519 12 15 0.65070057 
589 511 9 11 0.48709926 
852 595 10 13 0.4606951 
744 549 7 10 0.43912962 
382 72 8 10 0.42686918 
476 114 13 20 0.34557456 
521 467 10 13 0.33687085 
437 520 9 12 0.33133656 
596 30 10 13 0.27201223 
785 518 6 8 0.26913193 
663 551 7 9 0.21020688 
785 551 7 9 0.19560298 
935 569 10 12 0.19388787 
726 551 8 11 0.17724182 
331 4 13 14 0.1750158 
696 542 8 11 0.15467362 
723 519 7 9 0.15349841 
377 71 9 11 0.15074416 
999 98 20 28 0.14554048 
338 36 8 10 0.14161097 
366 35 9 12 0.13736635 
701 549 9 14 0.13315241 
726 59 36 50 0.12563084 
680 537 8 11 0.12280001 
751 565 8 10 0.116989285 
698 518 7 10 0.114952594 
574 557 8 10 0.11184085 
396 135 11 15 0.11027446 
736 561 9 11 0.1067213 
30 30 8 10 0.09763097 
365 84 7 10 0.09049921 
774 537 9 11 0.08912397 
684 63 38 52 0.08619569 
682 560 8 12 0.081952825 
858 469 8 10 0.08190114 
10 456 23 27 0.08095757 
328 112 10 13 0.078443915 
687 552 8 10 0.07689418 
454 176 11 15 0.073918805 
710 470 7 9 0.07236624 
356 6 10 12 0.06509548 
369 64 8 10 0.064209424 
769 543 8 9 0.064002335 
877 583 9 10 0.062279943 
701 519 7 9 0.05953945 
706 470 8 9 0.058886066 
392 10 12 14 0.05871599 
519 506 13 17 0.0567496 
790 518 7 9 0.056229033 
997 424 10 11 0.055720415 
492 567 11 15 0.055247944 
696 569 10 13 0.054558482 
761 549 8 10 0.054150805 
363 38 7 11 0.053460784 
659 550 7 10 0.053283438 
196 129 12 15 0.05239302 
704 485 6 8 0.05092539 
521 547 43 62 0.050707635 
772 8 15 23 0.05057005 
751 525 7 9 0.050568767 
720 481 7 9 0.05024725 
394 420 12 15 0.050075747 
694 429 8 10 0.049765997 
642 502 8 9 0.047673333 
712 424 7 9 0.047498636 
774 567 8 9 0.047431808 
976 445 12 16 0.04699661 
370 70 7 9 0.046269275 
735 481 7 9 0.045319665 
738 12 15 18 0.044446345 
351 65 8 10 0.04373653 
983 532 10 11 0.04353517 
809 472 8 9 0.043473363 
609 566 8 10 0.04244139 
383 135 9 11 0.04230284 
653 582 7 10 0.04209342 
766 549 8 9 0.042048912 
713 429 8 10 0.04169919 
609 550 9 11 0.041221 
575 544 7 9 0.04105191 
248 77 12 16 0.040703665 
687 520 7 9 0.04030727 
598 45 14 17 0.03885936 
449 158 11 13 0.03806167 
569 544 8 10 0.03747788 
362 81 8 10 0.037325893 
598 533 8 11 0.036602534 
630 581 7 10 0.036518298 
808 61 29 35 0.036310483 
609 558 9 12 0.034812473 
682 520 7 9 0.03431412 
742 510 7 9 0.034144968 
665 66 41 54 0.034075398 
279 31 11 15 0.0340089 
686 485 8 9 0.03358729 
327 56 7 10 0.032749802 
261 77 9 12 0.032633137 
790 438 7 9 0.031994864 
353 41 7 9 0.03134605 
632 485 6 9 0.031338397 
584 517 9 13 0.031224301 
746 520 7 9 0.031057002 
377 92 9 12 0.03081271 
372 442 18 26 0.030645331 
727 470 7 9 0.030512376 
393 47 7 9 0.03041852 
771 537 7 10 0.030404078 
468 37 42 62 0.03026031 
713 527 7 9 0.030179467 
725 575 12 16 0.030105472 
373 64 9 12 0.029366316 
711 66 37 52 0.029104847 
825 520 8 10 0.028989613 
317 95 9 11 0.02896609 
662 545 8 10 0.028826687 
344 81 7 9 0.02838607 
813 462 7 10 0.028379446 
813 471 7 10 0.028070299 
719 524 8 10 0.027918385 
593 525 11 14 0.027617343 
751 536 8 10 0.027138775 
770 566 7 10 0.02704475 
673 485 7 9 0.027027352 
736 429 8 11 0.026869854 
775 560 8 10 0.026763802 
694 538 8 10 0.026671935 
827 61 12 13 0.026621735 
101 451 25 34 0.026582062 
810 461 7 10 0.026374362 
686 536 8 10 0.026228944 
622 503 7 10 0.02582151 
353 69 7 10 0.025787534 
785 544 7 9 0.025778215 
351 134 11 13 0.02558366 
730 424 6 9 0.025503434 
736 425 7 9 0.025483329 
796 89 34 42 0.025426988 
742 430 8 10 0.024974497 
486 53 38 61 0.02495723 
809 457 7 9 0.024908293 
600 502 8 10 0.024587356 
507 580 9 13 0.024486471 
618 502 7 10 0.02426875 
599 584 7 9 0.024184866 
725 35 40 48 0.024112934 
673 471 7 9 0.02405124 
444 571 12 14 0.023961889 
752 481 7 8 0.023759328 
681 485 8 9 0.023719763 
658 544 7 10 0.023708845 
789 552 8 9 0.02370003 
570 550 9 11 0.02357328 
792 543 7 8 0.02350063 
872 443 9 12 0.02332236 
343 126 9 13 0.023276243 
689 542 8 10 0.023080273 
844 -15 190 222 0.022922715 
953 66 21 27 0.022889884 
973 439 11 13 0.022736218 
567 489 9 12 0.022612615 
340 33 9 11 0.022527646 
840 4 13 15 0.0223983 
582 524 8 11 0.022326795 
681 573 8 10 0.022259846 
378 214 26 32 0.022146216 
783 535 7 10 0.022014558 
352 80 7 9 0.021944024 
324 46 9 11 0.021877415 
727 555 9 11 0.021594135 
786 478 7 10 0.021433763 
806 438 7 9 0.021408508 
359 124 10 13 0.02140243 
802 438 7 9 0.021364162 
326 38 8 11 0.02136117 
721 472 7 8 0.021238977 
29 63 11 13 0.021163534 
713 485 6 9 0.021150993 
662 511 7 10 0.021011798 
672 480 7 10 0.020874469 
734 11 46 51 0.020824606 
665 572 9 11 0.020816965 
390 119 9 11 0.020582423 
609 575 8 10 0.020484364 
346 85 7 9 0.020443235 
696 445 7 9 0.020426815 
626 486 7 9 0.020234147 
670 552 8 10 0.020170743 
381 88 9 13 0.020069733 
