35_Basketball_basketballgame_ball_35_479
1141
107 614 28 40 0.86977 
478 586 10 13 0.46072567 
539 349 6 9 0.4199878 
273 578 10 14 0.3298023 
136 531 12 15 0.29555923 
83 515 12 15 0.28860325 
336 666 12 15 0.27886465 
472 505 8 10 0.27635223 
890 191 7 9 0.25932962 
648 527 9 11 0.25370097 
819 667 13 19 0.2281523 
323 239 7 9 0.223559 
200 515 10 12 0.22046643 
189 503 8 10 0.2158061 
41 382 7 9 0.21493891 
136 438 7 9 0.21029648 
301 590 13 16 0.20775059 
389 502 9 11 0.20242523 
102 423 7 9 0.20093021 
505 596 10 14 0.20072144 
461 488 8 10 0.19840086 
159 446 7 9 0.18477394 
364 575 10 12 0.18359631 
149 511 9 11 0.17861348 
10 392 7 9 0.16751148 
648 231 7 9 0.16731915 
697 310 6 9 0.1621777 
437 519 9 12 0.16207018 
346 206 6 9 0.15958641 
359 526 8 10 0.15703754 
671 540 9 12 0.1555701 
129 286 7 8 0.15252481 
827 190 6 9 0.15045762 
17 510 10 13 0.14966816 
199 533 12 14 0.14848748 
921 286 7 9 0.14623176 
173 495 7 10 0.14566052 
154 247 7 9 0.14442225 
312 563 11 13 0.14171784 
725 559 9 12 0.14149874 
154 182 7 9 0.14022435 
255 262 7 9 0.13753767 
887 318 7 8 0.13643408 
9 333 8 10 0.13600098 
338 526 8 9 0.13488838 
762 222 6 9 0.13466226 
215 508 9 10 0.12795751 
842 318 6 9 0.12739892 
158 246 7 9 0.12551267 
425 477 7 11 0.12472363 
48 407 8 9 0.12443995 
361 501 8 10 0.124031655 
213 697 29 37 0.12200095 
817 584 8 12 0.12149603 
145 167 5 8 0.120293394 
639 326 8 9 0.120272145 
175 230 7 10 0.119887434 
634 325 7 10 0.119147606 
542 503 9 11 0.11778323 
543 318 7 9 0.11750161 
48 429 7 9 0.115375996 
64 397 7 9 0.11523824 
304 510 8 11 0.11489768 
826 325 7 9 0.11230389 
502 541 8 11 0.11215732 
580 525 10 12 0.10981858 
418 517 8 11 0.10814323 
351 496 7 9 0.107551835 
791 222 6 8 0.10504517 
415 222 6 9 0.103466816 
870 661 12 14 0.10279173 
9 477 8 11 0.10181136 
389 679 25 29 0.09900994 
525 557 9 11 0.098426804 
157 623 22 30 0.09837651 
469 526 9 12 0.0972799 
832 289 6 8 0.096352436 
366 384 10 12 0.09608561 
847 150 6 9 0.09570637 
332 650 15 17 0.09499649 
377 581 9 11 0.0947622 
960 262 8 9 0.094311275 
278 486 7 10 0.09421555 
615 520 9 11 0.09398834 
904 269 7 10 0.0939398 
499 311 6 9 0.09369674 
522 150 7 9 0.09351228 
247 575 11 15 0.093493044 
412 592 10 12 0.09340723 
83 575 13 19 0.09326118 
137 294 6 7 0.09255361 
927 189 6 9 0.091806225 
582 520 9 11 0.09092595 
401 205 7 9 0.08999357 
919 353 7 8 0.089958034 
903 302 8 10 0.089821674 
184 253 6 9 0.0891451 
890 280 7 9 0.08874141 
688 225 8 10 0.08848608 
561 345 6 9 0.088420846 
841 255 6 8 0.08807684 
631 143 7 9 0.08630909 
816 647 12 18 0.08574987 
85 522 11 14 0.08510561 
35 399 7 8 0.0833193 
433 200 7 9 0.082744926 
637 632 14 17 0.08189183 
906 167 6 9 0.08152052 
361 196 7 9 0.081273206 
624 336 7 8 0.08083421 
242 646 19 22 0.08063193 
337 249 7 8 0.078130275 
878 264 7 9 0.0779223 
126 426 7 9 0.07771902 
224 270 6 9 0.07641768 
146 215 6 9 0.076117285 
310 238 7 9 0.0759412 
57 393 7 9 0.07584154 
890 240 6 8 0.07514203 
254 512 9 11 0.07422254 
70 572 14 19 0.074027665 
53 611 20 33 0.073858835 
561 573 10 14 0.07290293 
381 579 9 13 0.07248833 
57 335 7 10 0.07217936 
280 170 7 9 0.07217301 
832 366 6 8 0.072069496 
970 233 6 8 0.0714454 
58 397 7 10 0.0714315 
879 199 6 8 0.0714208 
29 508 10 13 0.07082022 
786 223 7 8 0.06949225 
941 287 8 11 0.06910005 
457 198 6 9 0.06864812 
122 425 7 9 0.068624295 
8 329 8 10 0.06768777 
730 263 8 10 0.067394555 
211 175 6 8 0.06677728 
170 287 6 9 0.06620974 
184 249 6 8 0.06617971 
568 312 6 8 0.06613723 
617 301 6 9 0.0658156 
824 144 6 9 0.065735 
4 535 13 19 0.06551711 
336 158 6 8 0.06546266 
18 462 7 9 0.06500528 
559 349 6 9 0.064995974 
32 302 6 9 0.064927585 
429 477 8 10 0.06477281 
754 233 6 8 0.06461091 
886 296 6 9 0.06393468 
120 159 7 9 0.063781515 
325 552 9 12 0.06342336 
841 151 6 8 0.06314095 
705 238 7 9 0.063057214 
569 277 7 9 0.06295973 
888 366 7 9 0.062942185 
762 350 7 9 0.06293979 
607 263 7 8 0.06267995 
553 351 7 8 0.06248782 
863 158 7 9 0.061129212 
368 150 5 8 0.060548753 
465 262 7 9 0.060172617 
967 205 6 9 0.059540797 
818 199 6 8 0.059502017 
442 174 7 8 0.059381153 
761 240 7 8 0.059361726 
255 278 7 9 0.059286304 
13 477 8 11 0.059231747 
303 549 9 11 0.05921384 
511 511 8 10 0.05865177 
921 262 7 9 0.05839769 
695 224 7 9 0.058145355 
216 543 9 11 0.05811486 
1015 189 7 11 0.05797691 
401 182 6 8 0.05742668 
135 289 6 9 0.057413206 
327 571 10 14 0.05722788 
778 232 6 8 0.05672749 
922 190 7 9 0.056452405 
368 558 9 11 0.05640272 
858 304 7 8 0.056212228 
22 463 7 9 0.0562102 
22 406 6 9 0.056206908 
239 278 6 8 0.056107394 
463 502 8 11 0.056101102 
609 206 6 9 0.05602594 
82 181 8 11 0.05576549 
362 223 6 8 0.055669352 
248 215 7 8 0.055620253 
367 580 9 11 0.055266645 
264 510 8 11 0.055261664 
90 462 8 10 0.054879136 
902 296 8 9 0.054789063 
350 240 7 10 0.05477864 
176 518 9 11 0.054778505 
15 336 7 8 0.054765407 
400 202 7 9 0.054412805 
520 249 6 7 0.05362593 
847 349 7 9 0.05326567 
590 612 9 12 0.05270505 
890 689 13 18 0.05263021 
389 509 8 11 0.052371245 
578 359 6 9 0.052328914 
977 249 7 9 0.05232247 
346 494 8 10 0.05229284 
242 182 7 9 0.05218453 
3 295 9 11 0.052140426 
873 215 7 9 0.05210627 
785 334 6 8 0.052077472 
170 231 7 9 0.05205926 
863 151 7 10 0.05201809 
226 295 7 8 0.05184104 
905 248 6 8 0.05179156 
168 279 7 8 0.05125144 
502 360 6 8 0.050738562 
384 191 7 9 0.05071519 
263 206 6 9 0.05067732 
56 295 6 8 0.05063717 
216 485 7 10 0.05061111 
337 199 6 8 0.050240226 
920 222 6 8 0.049897235 
447 265 7 9 0.04974605 
581 531 10 12 0.049487215 
936 241 7 8 0.049340565 
616 327 6 8 0.04929937 
266 241 8 10 0.049197905 
317 565 10 13 0.04889637 
634 237 7 9 0.048875794 
474 358 7 10 0.04884606 
753 344 7 9 0.048509732 
172 616 15 23 0.048471518 
654 534 9 12 0.048407156 
394 222 6 9 0.048351124 
592 311 6 8 0.048325587 
72 500 9 12 0.048316162 
985 265 7 9 0.048301857 
334 490 7 9 0.04824648 
820 583 10 13 0.04822659 
17 555 11 15 0.047845982 
928 278 7 9 0.047844104 
872 286 7 9 0.04777588 
674 328 6 8 0.047585454 
975 253 7 9 0.047490373 
214 221 8 11 0.0474587 
768 335 7 8 0.047327008 
102 449 7 10 0.04693999 
128 283 6 8 0.046853647 
153 256 6 8 0.046841018 
7 398 7 9 0.046669737 
711 319 6 8 0.046625346 
983 191 6 8 0.046431635 
637 192 7 9 0.0463177 
864 241 6 8 0.04628108 
715 296 6 8 0.046233367 
125 529 13 16 0.045937277 
146 199 6 8 0.04577135 
761 304 6 8 0.045489077 
344 255 7 9 0.045308337 
261 225 7 9 0.045113266 
927 261 7 9 0.045084305 
178 182 6 8 0.045005724 
679 327 7 9 0.044921838 
58 302 7 9 0.04465885 
52 564 11 17 0.044624094 
32 320 6 8 0.044566717 
397 552 8 11 0.044487685 
904 185 5 7 0.044357736 
584 199 6 8 0.04423305 
63 302 6 9 0.044150487 
234 254 7 9 0.044050846 
526 619 10 14 0.043818235 
768 328 6 8 0.043706704 
772 655 11 14 0.043540128 
766 222 6 9 0.043505166 
463 245 7 9 0.04347368 
924 287 8 10 0.04338532 
718 295 7 9 0.04334512 
841 190 7 8 0.04332137 
863 144 7 9 0.043278944 
991 264 8 10 0.04310838 
544 508 8 11 0.04302166 
849 255 6 8 0.042892963 
344 202 7 9 0.042866 
760 294 6 9 0.04285822 
618 255 6 9 0.042727016 
111 438 7 8 0.042717557 
875 199 6 9 0.042698726 
67 462 6 9 0.042614605 
175 265 7 10 0.042430088 
418 366 8 10 0.04232084 
593 630 11 16 0.042307142 
858 150 7 9 0.042258345 
352 500 8 10 0.042186726 
329 492 8 10 0.041870397 
393 620 12 16 0.04176132 
887 326 7 10 0.04172674 
734 262 7 10 0.041696627 
465 168 6 8 0.041615646 
416 199 6 8 0.04159511 
242 206 6 8 0.041571148 
477 358 8 10 0.04152887 
151 620 14 21 0.041235305 
498 192 6 8 0.04110704 
918 368 7 9 0.040862605 
192 270 7 10 0.04083471 
259 230 7 9 0.040806167 
246 181 7 9 0.040758077 
936 278 6 8 0.040735897 
498 359 7 9 0.04066705 
810 327 6 8 0.040658772 
376 246 6 8 0.040651876 
845 296 7 8 0.040649872 
198 546 13 16 0.040625997 
295 704 34 31 0.040590174 
889 286 7 9 0.040589046 
377 539 8 11 0.040528905 
62 336 7 9 0.040504623 
512 166 6 8 0.040484056 
399 245 7 9 0.040450636 
474 584 10 12 0.040402938 
713 336 6 9 0.04037953 
1013 214 9 13 0.040373337 
912 303 7 10 0.04032746 
517 516 8 11 0.040284492 
319 571 10 13 0.040192787 
24 369 7 9 0.040088512 
159 519 9 11 0.04007417 
810 248 7 9 0.040051993 
798 321 7 9 0.040036414 
784 329 7 9 0.03991188 
765 351 7 9 0.039712556 
70 462 7 9 0.03957694 
138 318 6 9 0.039557144 
592 330 6 8 0.039538074 
706 319 7 9 0.039417412 
55 515 9 14 0.039351344 
321 160 7 9 0.039322756 
703 285 7 9 0.039200142 
878 216 6 8 0.039163433 
794 360 6 9 0.03903634 
694 271 7 8 0.038964488 
843 302 6 8 0.038955178 
225 265 7 9 0.038842157 
97 418 8 9 0.03882502 
94 479 7 10 0.038632583 
871 207 7 9 0.038617995 
336 520 8 11 0.03855002 
991 202 6 8 0.03852502 
328 191 6 8 0.03848309 
328 142 7 9 0.038440146 
623 255 7 8 0.038384195 
1 406 7 9 0.038287077 
873 326 7 9 0.03823836 
560 247 6 8 0.038068395 
601 304 6 8 0.038032718 
559 320 7 9 0.037962597 
160 511 8 10 0.037873354 
506 512 7 10 0.037847485 
856 361 6 9 0.03764353 
199 278 7 10 0.037575487 
992 319 9 10 0.03745943 
861 375 7 8 0.037421256 
958 345 8 11 0.03733315 
762 217 7 9 0.037313294 
144 585 12 17 0.03725622 
825 247 6 8 0.03723165 
231 169 7 9 0.037145395 
136 434 8 9 0.03706672 
409 150 6 8 0.03699561 
921 281 7 9 0.036817048 
110 471 8 10 0.03664177 
863 303 7 8 0.03663893 
128 176 7 8 0.036580287 
639 374 7 9 0.036481414 
281 535 7 9 0.036423493 
578 520 8 10 0.036422975 
735 398 7 10 0.03627591 
82 432 6 9 0.036244843 
818 295 6 8 0.036215637 
926 295 8 10 0.035998225 
906 230 6 8 0.03597364 
899 295 6 9 0.0359732 
859 377 6 8 0.035963397 
815 247 6 9 0.035860505 
866 312 6 8 0.035698008 
173 700 33 44 0.035547487 
568 368 6 8 0.035540506 
657 287 6 8 0.035466988 
226 231 6 8 0.035400063 
844 723 17 24 0.035396114 
943 177 6 8 0.035380546 
105 280 6 8 0.035376836 
878 133 7 10 0.03535162 
171 650 44 50 0.03533468 
615 206 6 8 0.035289846 
857 144 7 8 0.035226833 
335 265 7 10 0.035163365 
258 208 6 8 0.035119288 
79 304 6 8 0.035101056 
910 134 7 9 0.035089254 
458 151 6 8 0.035047248 
939 178 6 8 0.034924302 
72 408 6 8 0.03489773 
79 190 7 9 0.03485364 
627 208 6 8 0.034719985 
698 330 7 9 0.03468855 
138 183 7 8 0.03462179 
979 192 6 8 0.034530338 
459 501 8 11 0.034527346 
1003 198 6 9 0.034427255 
537 502 8 11 0.034413185 
87 432 7 9 0.034372456 
337 230 7 8 0.034310244 
184 157 6 9 0.034277968 
135 216 6 9 0.03425259 
26 303 7 8 0.03413928 
652 526 9 12 0.034112476 
75 573 18 23 0.03406506 
712 313 5 7 0.034056712 
911 230 6 8 0.03404775 
165 619 16 21 0.03403124 
544 313 7 9 0.034012847 
690 272 6 9 0.033932846 
825 337 7 9 0.033910863 
548 686 17 18 0.03388878 
570 295 6 8 0.03388688 
625 374 7 9 0.03385528 
335 595 12 15 0.033832263 
928 166 6 8 0.033695035 
512 326 7 10 0.033663966 
273 206 6 9 0.033618804 
55 431 7 9 0.03361851 
63 342 7 10 0.0336149 
914 310 8 10 0.03357324 
296 594 14 15 0.03355208 
737 367 7 9 0.033551123 
411 222 6 9 0.033472557 
593 238 7 9 0.033455703 
936 245 7 9 0.03339874 
45 605 21 32 0.03338584 
479 286 6 8 0.03337287 
64 432 7 9 0.033357758 
857 327 6 8 0.033325117 
919 240 6 9 0.03332466 
896 231 6 8 0.033254083 
898 311 7 9 0.033215594 
188 669 48 63 0.0331388 
559 560 9 13 0.0330676 
160 524 10 14 0.033014044 
368 207 6 9 0.03300763 
721 562 10 13 0.0329977 
40 379 7 9 0.032968994 
22 549 12 16 0.032845344 
120 504 8 10 0.03283053 
439 200 7 9 0.032794036 
616 321 6 8 0.03276686 
209 215 9 11 0.032695763 
122 286 6 8 0.03268873 
461 492 9 11 0.03266917 
531 278 7 9 0.032656036 
49 343 6 9 0.0326196 
143 438 7 9 0.032607503 
767 215 7 9 0.032603007 
881 365 7 9 0.032508604 
122 192 7 9 0.032435015 
194 277 7 10 0.032363195 
938 181 6 9 0.032356482 
898 327 7 10 0.032339867 
423 688 13 18 0.032272518 
313 311 7 9 0.032258775 
673 223 6 8 0.032228667 
150 215 6 9 0.03214895 
849 239 6 8 0.032141063 
728 297 7 9 0.032116666 
270 183 7 9 0.03207764 
162 214 7 9 0.032063585 
78 495 8 11 0.032054268 
863 271 7 9 0.03205212 
602 263 6 8 0.0320521 
794 327 7 9 0.032006145 
839 368 7 9 0.031915985 
591 318 6 8 0.03187269 
457 263 6 8 0.031863526 
152 199 6 8 0.03184405 
1014 207 7 12 0.0318413 
818 278 6 8 0.03184128 
318 558 10 13 0.031767268 
415 182 6 8 0.03170982 
753 349 7 9 0.031687636 
6 499 9 11 0.031650346 
794 295 6 8 0.031650025 
800 247 7 8 0.03159193 
762 246 7 9 0.03151332 
434 286 7 9 0.031496145 
249 470 6 8 0.031486407 
477 167 6 8 0.031466033 
105 431 7 9 0.03144428 
702 335 7 9 0.031443514 
872 239 6 8 0.031438723 
267 183 6 8 0.031340733 
585 611 10 14 0.03126951 
785 359 6 8 0.031266678 
672 199 7 9 0.031229598 
585 328 7 8 0.031172851 
423 240 7 9 0.03111769 
998 161 8 10 0.031103244 
801 392 7 9 0.03106718 
706 234 6 8 0.031034505 
847 167 7 9 0.031027874 
206 549 10 13 0.03099793 
130 222 8 10 0.030989597 
647 327 6 8 0.030988947 
56 342 7 9 0.030901875 
288 503 6 9 0.030879913 
90 479 8 10 0.03087507 
374 230 6 9 0.03087382 
905 214 6 8 0.030862173 
62 321 7 8 0.03084416 
601 296 7 8 0.030793447 
901 77 8 10 0.030715136 
875 264 7 9 0.03070633 
31 485 8 10 0.030693976 
656 223 6 8 0.030693289 
457 256 6 9 0.03064012 
378 575 10 13 0.030579802 
288 563 10 12 0.030519884 
210 190 6 9 0.030505639 
674 206 7 9 0.030450638 
841 272 6 8 0.030447278 
208 494 7 9 0.030445196 
777 271 7 9 0.030396335 
114 174 7 9 0.030368026 
146 255 7 9 0.030350285 
142 183 7 9 0.030342728 
446 269 7 9 0.030227069 
81 470 8 10 0.03019964 
839 279 6 9 0.030186683 
426 184 6 8 0.030106671 
474 168 7 8 0.030085498 
618 336 6 8 0.03007223 
897 185 6 8 0.030047009 
698 334 7 9 0.03004072 
841 146 7 8 0.030008942 
382 659 21 26 0.0299843 
72 165 7 9 0.029968362 
825 136 7 8 0.029960038 
455 281 7 9 0.029949592 
887 126 8 10 0.029833863 
815 319 6 9 0.029801343 
198 489 8 10 0.029790193 
313 525 8 10 0.029770743 
979 690 15 24 0.02974859 
754 238 6 8 0.029714826 
268 269 8 10 0.029671183 
510 700 11 14 0.029647468 
380 610 14 16 0.029631149 
727 240 7 9 0.029559724 
29 540 14 19 0.02955869 
574 296 7 8 0.029459948 
753 157 7 9 0.029442513 
183 241 7 8 0.029419046 
135 231 8 9 0.029340843 
864 280 7 8 0.02933608 
712 255 7 9 0.029298967 
234 312 7 9 0.02929465 
367 266 7 9 0.02924822 
809 254 7 9 0.02923823 
872 152 6 9 0.029205635 
128 192 6 9 0.029143045 
682 224 6 8 0.029136265 
647 336 6 8 0.029112639 
106 438 7 8 0.029108884 
929 207 6 9 0.029104961 
479 247 7 8 0.029102948 
243 177 7 10 0.029072108 
582 360 7 8 0.029036624 
513 516 8 11 0.029035954 
746 328 7 8 0.029018683 
889 185 7 10 0.029015083 
79 439 7 9 0.028958717 
421 631 12 15 0.02895815 
855 255 6 8 0.028866269 
561 296 6 8 0.028856723 
808 192 6 8 0.028853226 
666 328 5 7 0.028797831 
240 231 6 8 0.028751928 
514 199 7 10 0.02873255 
54 423 6 9 0.028712625 
233 464 7 9 0.028702766 
576 327 6 9 0.028668793 
689 304 6 8 0.02866157 
23 336 7 9 0.028652873 
895 215 6 8 0.028614858 
840 134 7 8 0.028601939 
871 310 6 8 0.028600095 
776 215 6 8 0.028565008 
373 559 8 12 0.028544629 
332 572 10 13 0.02854394 
609 201 7 9 0.028530005 
937 207 7 9 0.028522864 
86 335 7 9 0.02850461 
122 198 7 9 0.028478771 
912 207 6 8 0.028429754 
826 667 15 18 0.02835008 
776 157 7 9 0.028306846 
543 270 6 8 0.028286668 
137 240 7 8 0.028242951 
594 233 7 9 0.028204242 
47 515 11 14 0.02820263 
466 289 6 8 0.028201722 
73 445 7 10 0.02814406 
1015 318 7 12 0.028140975 
841 186 7 8 0.02811441 
326 213 7 9 0.028050719 
136 167 7 8 0.028044779 
714 366 7 9 0.028023412 
25 431 7 9 0.028007053 
579 644 13 15 0.028004728 
969 255 7 9 0.027993321 
921 217 7 8 0.02791643 
866 352 6 8 0.027905954 
658 303 6 8 0.027899507 
766 359 7 8 0.027815938 
145 515 10 13 0.027815152 
576 214 7 9 0.027813783 
687 328 6 9 0.027786566 
992 269 8 10 0.027749717 
895 199 6 8 0.027743254 
72 472 6 9 0.027728966 
709 208 7 8 0.027669571 
71 457 7 10 0.027620869 
705 182 6 8 0.027604332 
18 457 7 10 0.027601577 
929 274 7 9 0.027597755 
800 337 7 8 0.027568262 
634 322 7 8 0.027542245 
640 255 6 7 0.027502337 
110 525 10 13 0.02749048 
281 143 7 8 0.027484171 
477 509 8 10 0.02747215 
893 280 7 9 0.0274665 
40 406 7 10 0.027460156 
539 319 6 8 0.027449213 
81 311 6 9 0.02742048 
63 325 7 10 0.027416537 
33 349 7 9 0.027402338 
409 183 7 8 0.027364297 
951 142 7 8 0.027341746 
361 247 7 9 0.027341219 
360 174 7 8 0.027332738 
49 486 8 10 0.027324887 
895 224 6 8 0.027277786 
617 343 7 8 0.027230436 
119 526 11 16 0.027230116 
145 488 6 8 0.027224382 
769 658 11 15 0.02722305 
689 256 7 8 0.027215587 
57 327 7 9 0.027192425 
825 342 7 8 0.027133085 
448 198 7 9 0.0271301 
857 279 7 8 0.027110448 
945 152 7 8 0.027084889 
239 465 7 9 0.02707787 
953 646 10 11 0.02707677 
817 273 6 8 0.027065435 
793 158 7 9 0.027039172 
488 143 7 8 0.027028797 
530 311 6 8 0.027002642 
552 296 6 9 0.026973063 
902 175 7 9 0.02695149 
608 296 6 8 0.026929041 
871 282 7 8 0.026918719 
106 472 7 9 0.026909944 
784 206 7 9 0.026875302 
417 240 8 10 0.026860878 
136 192 6 8 0.026858186 
365 502 7 10 0.02685264 
633 233 7 8 0.026818544 
946 194 6 8 0.026770389 
525 150 7 9 0.026767595 
679 206 6 8 0.026759222 
358 279 7 9 0.026723033 
783 201 7 8 0.026713992 
913 248 6 8 0.026683802 
192 222 7 9 0.026680067 
953 173 6 9 0.02667519 
831 293 7 9 0.026671413 
737 359 7 9 0.026671069 
983 168 7 8 0.02666022 
975 231 6 8 0.026656108 
426 191 5 8 0.026643548 
393 555 10 13 0.026636783 
901 310 8 9 0.02663386 
752 255 7 8 0.02663186 
730 231 6 8 0.026626652 
594 306 6 7 0.026626443 
215 280 7 9 0.026586166 
423 207 6 8 0.026556129 
311 520 7 9 0.026530752 
670 547 10 12 0.026452826 
391 518 8 9 0.0264496 
834 279 7 9 0.026426045 
584 281 7 8 0.026403941 
1016 197 7 11 0.026364826 
793 287 6 8 0.02636273 
624 302 7 9 0.026360026 
954 264 7 9 0.026326882 
944 281 7 9 0.026319845 
968 237 7 8 0.026273347 
726 368 7 10 0.026261156 
610 519 8 11 0.026258398 
25 485 9 11 0.026245927 
914 200 6 8 0.026214214 
186 142 6 8 0.026200557 
183 541 9 14 0.026194068 
447 598 12 14 0.026188454 
537 159 6 8 0.026180394 
831 337 7 8 0.026169991 
286 535 8 10 0.026156917 
913 264 6 8 0.02615445 
389 673 19 22 0.026118284 
647 182 6 8 0.026106207 
874 135 7 8 0.026096761 
213 570 13 16 0.026091333 
40 424 7 9 0.026085475 
832 247 6 8 0.026064862 
826 360 6 8 0.026051283 
865 256 6 8 0.026024655 
347 673 17 19 0.026016714 
6 407 6 9 0.025978172 
632 255 6 8 0.0259655 
842 359 6 9 0.025937803 
865 318 6 9 0.02590826 
802 216 6 9 0.025901873 
953 231 7 8 0.02588644 
616 262 6 9 0.025883904 
440 313 8 9 0.025864841 
288 542 8 10 0.025838159 
231 173 7 9 0.025797 
367 224 6 8 0.025720665 
138 478 6 9 0.025695728 
889 246 7 9 0.025684873 
586 319 6 8 0.02566454 
453 302 8 10 0.02566182 
631 304 6 8 0.025645768 
38 442 7 9 0.02560201 
438 286 7 9 0.02559825 
858 272 7 9 0.025579188 
442 270 7 9 0.025533993 
392 254 8 10 0.02553224 
608 303 6 8 0.025491089 
145 222 7 9 0.02548324 
322 214 7 9 0.025481055 
32 415 7 9 0.025473079 
662 174 7 8 0.025462538 
704 342 6 8 0.0254534 
152 191 6 9 0.0254431 
745 335 7 8 0.025411312 
463 257 7 9 0.025366865 
238 253 7 10 0.025327224 
34 407 7 9 0.02531528 
777 328 7 9 0.025289861 
304 506 7 10 0.025211122 
600 216 6 8 0.025206266 
822 199 7 9 0.025194893 
824 294 6 9 0.025179274 
632 286 6 8 0.025166526 
40 336 6 9 0.02514806 
736 279 7 8 0.02512304 
777 319 6 8 0.02508928 
232 230 6 9 0.025086975 
910 166 6 8 0.02502488 
991 205 7 9 0.025023658 
97 455 7 9 0.025019424 
936 223 6 7 0.025018714 
33 423 7 9 0.025017919 
255 258 7 8 0.024994614 
191 495 8 11 0.02498855 
416 477 8 10 0.02496447 
967 176 6 9 0.024953214 
931 241 6 8 0.024909332 
208 280 8 9 0.024873504 
751 328 6 8 0.02485467 
40 562 11 16 0.024832767 
367 564 10 12 0.024800627 
880 256 7 8 0.024779657 
440 280 7 9 0.02471382 
865 215 6 9 0.024704397 
527 175 6 8 0.024699701 
192 266 7 9 0.024697667 
166 214 7 9 0.024677763 
503 305 7 8 0.02467653 
551 302 7 9 0.024675291 
792 335 6 8 0.024670428 
961 222 7 9 0.02465454 
408 256 7 8 0.024637716 
512 263 6 8 0.024607124 
825 223 7 8 0.024575986 
82 178 7 9 0.024547856 
888 314 7 9 0.024485368 
358 590 10 14 0.02447765 
872 158 7 9 0.024405485 
177 178 7 8 0.024396263 
719 223 6 8 0.024372114 
880 268 7 9 0.02434509 
610 320 6 8 0.024321984 
794 320 6 8 0.02426629 
935 273 7 9 0.02425466 
509 590 10 17 0.024235345 
840 374 7 8 0.02423229 
894 239 7 9 0.024224373 
817 193 6 8 0.024204794 
393 217 7 9 0.02413199 
785 217 7 8 0.024127621 
138 177 6 8 0.02412569 
846 303 7 9 0.024120614 
647 582 9 11 0.024094744 
22 456 8 9 0.024089504 
569 319 6 8 0.024088703 
696 306 7 9 0.02406213 
59 321 6 8 0.024035795 
890 223 7 9 0.024027282 
341 595 13 15 0.024016896 
792 270 6 8 0.024006085 
744 351 6 8 0.023965616 
697 318 7 9 0.023964109 
352 246 6 8 0.023928545 
848 134 6 8 0.023923498 
777 224 6 9 0.023911545 
256 159 6 8 0.02388557 
405 608 11 14 0.023877926 
794 153 7 9 0.0238711 
86 470 8 10 0.023846636 
112 454 7 9 0.023819635 
936 263 6 8 0.023808753 
575 238 7 9 0.023802908 
701 695 10 12 0.023800934 
936 216 7 9 0.023787346 
890 215 7 9 0.023785137 
642 335 6 8 0.02378348 
727 246 6 8 0.023768164 
872 321 7 9 0.023759654 
570 328 6 8 0.023735182 
658 174 6 8 0.023735031 
470 263 6 9 0.023663217 
598 239 7 8 0.023641156 
778 344 6 8 0.023632262 
704 311 6 9 0.023631752 
478 612 12 15 0.023629772 
584 285 7 9 0.023608344 
482 304 7 8 0.02357533 
545 296 6 8 0.02356011 
879 376 7 9 0.023558596 
597 565 9 13 0.02352475 
208 207 8 10 0.02348833 
832 159 6 8 0.023477783 
527 366 6 9 0.023474071 
769 289 6 8 0.023462292 
831 223 6 8 0.023461629 
514 279 6 9 0.023451854 
161 209 7 9 0.023402654 
416 217 6 9 0.023395931 
242 216 7 8 0.023377579 
688 335 7 8 0.023360917 
145 192 7 8 0.023347577 
751 335 6 9 0.023329148 
554 321 6 8 0.023327356 
784 352 7 8 0.023322387 
472 287 7 9 0.023311554 
205 528 9 13 0.023311395 
689 206 6 8 0.023284744 
887 301 6 9 0.023270514 
647 176 7 8 0.023266986 
895 287 7 9 0.023241512 
97 432 7 9 0.02324106 
199 478 7 8 0.023240248 
825 186 8 9 0.023238424 
808 336 6 8 0.023221588 
968 223 6 8 0.023220576 
895 136 7 9 0.023148682 
364 604 13 17 0.023142694 
926 661 10 13 0.023121845 
736 336 7 8 0.023103008 
74 441 6 8 0.023098832 
782 231 7 9 0.023094533 
75 302 6 9 0.023075318 
658 256 6 8 0.023051895 
522 146 7 8 0.023034485 
447 216 6 9 0.02301137 
209 480 7 8 0.022975916 
236 651 17 24 0.022961352 
993 150 7 9 0.02295889 
792 311 6 8 0.022939632 
276 634 17 19 0.0229255 
24 480 9 11 0.022904178 
15 440 8 10 0.022875935 
610 327 6 9 0.022875851 
41 462 7 9 0.02287146 
841 240 6 8 0.022859465 
832 134 7 8 0.022854246 
624 342 7 8 0.02284576 
624 637 11 16 0.022798853 
1009 151 8 11 0.022798037 
831 361 7 9 0.022768255 
935 374 7 8 0.022765053 
24 438 7 9 0.022763323 
552 150 6 8 0.022762848 
913 153 7 8 0.022754999 
848 327 6 9 0.022728859 
214 546 9 12 0.022726126 
894 366 8 9 0.022722034 
353 174 6 8 0.02271532 
297 550 8 11 0.022702431 
858 158 7 10 0.022696264 
259 649 13 19 0.022684665 
702 329 7 9 0.022677558 
561 311 6 9 0.022661695 
845 319 7 10 0.022635464 
841 313 7 9 0.022625096 
230 214 7 9 0.022624217 
169 448 7 9 0.022590803 
769 311 6 8 0.022582943 
928 257 8 10 0.022580765 
204 540 11 15 0.02256971 
274 200 7 9 0.022521257 
73 477 7 10 0.022516483 
255 271 8 11 0.022493565 
920 208 6 7 0.022490209 
632 280 6 9 0.022480702 
627 213 6 9 0.022474354 
250 294 6 8 0.022470204 
104 524 11 14 0.02244743 
231 295 7 8 0.022443103 
792 351 7 9 0.0224387 
886 117 8 10 0.022423139 
946 143 7 8 0.022403093 
906 209 6 7 0.022385923 
512 162 7 8 0.02236198 
889 232 6 8 0.022360206 
313 200 6 9 0.022358708 
383 279 7 9 0.022340143 
126 198 7 10 0.022339476 
600 183 7 9 0.022301411 
944 248 7 8 0.022300476 
983 286 9 12 0.022259342 
561 303 6 9 0.022256663 
15 597 20 29 0.02223766 
800 240 7 9 0.022215705 
826 289 7 9 0.022209585 
817 303 6 8 0.022179276 
66 423 7 9 0.022171725 
855 365 7 9 0.022171658 
831 305 6 8 0.022163197 
610 288 7 8 0.02213353 
234 248 8 10 0.02210163 
661 645 11 15 0.022082737 
252 578 11 14 0.022068085 
625 262 7 8 0.022056678 
830 326 7 9 0.022054045 
762 327 7 9 0.022042125 
586 312 7 8 0.022021582 
159 199 7 8 0.021936597 
602 208 6 8 0.021918962 
185 190 6 8 0.021866852 
145 144 7 9 0.021857074 
642 350 7 9 0.021847146 
871 295 7 8 0.021839647 
863 246 7 9 0.02183752 
713 270 7 9 0.021815822 
13 576 14 21 0.0218013 
109 518 10 13 0.021769471 
502 191 7 9 0.021764096 
154 178 6 9 0.021763317 
720 367 8 9 0.021753797 
809 153 6 7 0.021753523 
135 143 7 9 0.0217504 
399 501 7 10 0.021748906 
57 289 6 8 0.021738146 
954 169 6 9 0.021714166 
47 413 8 10 0.021666564 
977 199 6 9 0.021657778 
745 344 7 9 0.021643797 
328 159 7 9 0.02161917 
344 230 7 9 0.021578867 
164 533 14 16 0.021573119 
369 246 6 8 0.021560118 
178 248 6 8 0.021559566 
832 175 6 9 0.02155203 
153 262 6 8 0.02153077 
777 335 6 8 0.02152943 
170 647 30 33 0.021526117 
523 562 10 13 0.021496007 
937 291 9 11 0.021489179 
541 601 13 18 0.021465218 
758 232 7 9 0.021457005 
374 587 9 13 0.021439422 
817 336 6 8 0.02143785 
138 208 6 8 0.021427441 
439 206 6 8 0.021406591 
952 286 7 10 0.021392249 
746 303 6 8 0.021391612 
817 175 6 8 0.021385327 
481 151 6 8 0.021382513 
61 516 9 13 0.021334289 
735 231 6 8 0.021332758 
71 399 6 8 0.021315722 
431 192 7 8 0.021315694 
1006 334 7 10 0.021306653 
328 185 7 9 0.021297565 
962 175 7 9 0.021254273 
496 278 6 8 0.021249715 
808 296 6 8 0.021249572 
963 201 8 9 0.021231988 
495 199 7 9 0.021227064 
911 270 6 9 0.021225844 
225 167 6 9 0.021211563 
913 159 6 9 0.021208502 
810 272 6 8 0.02119608 
448 686 10 14 0.02119294 
318 527 7 9 0.021174688 
361 159 6 8 0.021171557 
193 473 7 9 0.021169515 
500 681 16 21 0.021159591 
889 136 7 9 0.021154592 
737 295 6 9 0.021132203 
961 257 7 9 0.021111984 
237 310 7 9 0.021109937 
899 176 6 8 0.021105757 
370 231 7 8 0.021077696 
914 352 8 10 0.02105689 
544 151 6 9 0.021049911 
442 217 6 8 0.021041187 
994 247 7 9 0.02103065 
344 247 7 9 0.021020649 
161 167 7 9 0.021010282 
24 327 7 8 0.021003483 
808 280 6 8 0.02099961 
953 248 6 8 0.020987881 
192 217 7 9 0.020973466 
872 305 6 8 0.020961825 
520 541 7 10 0.020955686 
848 360 7 9 0.020950051 
352 191 7 8 0.02094317 
592 246 7 9 0.02093772 
842 328 6 8 0.02093621 
95 472 7 9 0.020922767 
730 327 6 8 0.020892661 
210 221 8 10 0.020886527 
842 167 6 8 0.020884013 
170 198 7 9 0.020876272 
649 225 7 8 0.020857584 
727 343 6 8 0.020849496 
24 319 7 10 0.020848367 
464 184 7 8 0.020847507 
346 239 9 10 0.020833286 
152 504 7 9 0.02080986 
61 477 9 11 0.0208053 
328 646 13 17 0.02079905 
561 223 6 8 0.020796303 
296 654 22 25 0.020783082 
126 503 8 9 0.020762727 
434 204 7 10 0.020739026 
831 342 6 8 0.020735065 
678 725 13 20 0.020731373 
856 199 6 8 0.020728134 
656 217 6 7 0.02072494 
801 255 7 8 0.020718144 
354 278 7 9 0.020705547 
831 321 6 9 0.020695368 
834 272 6 8 0.020693153 
950 198 6 8 0.02068782 
720 265 7 9 0.020681422 
46 383 6 8 0.020657368 
349 596 11 14 0.02064826 
663 170 7 8 0.020647157 
193 477 7 10 0.020644234 
599 247 7 8 0.020633383 
791 256 7 8 0.020627273 
666 540 9 12 0.02062346 
600 328 6 8 0.020618655 
686 126 8 11 0.020592911 
234 470 7 9 0.020581711 
310 254 7 10 0.02057707 
247 232 7 9 0.020571014 
905 280 7 8 0.020565704 
550 626 12 17 0.020548075 
848 271 6 9 0.020542752 
864 264 6 9 0.020531954 
229 640 21 30 0.020525798 
857 247 6 8 0.020512147 
766 240 6 9 0.020497551 
638 238 7 9 0.020489937 
64 472 7 9 0.020477857 
94 484 8 10 0.020459082 
1 422 6 9 0.020457132 
218 160 6 8 0.020446435 
624 312 6 8 0.020444715 
622 168 6 8 0.020442812 
818 143 7 9 0.020438747 
832 311 6 8 0.020438299 
710 239 7 9 0.020437734 
896 248 6 8 0.02043558 
226 287 7 10 0.020431949 
921 153 6 8 0.020422243 
48 319 7 9 0.020407932 
250 239 6 9 0.020394487 
177 238 7 10 0.020357765 
793 247 7 8 0.020333227 
489 289 7 8 0.020274619 
346 191 6 8 0.020267162 
577 366 6 9 0.020264117 
224 225 6 9 0.020257331 
834 151 7 9 0.020246875 
247 209 6 8 0.020241657 
231 264 7 8 0.020231264 
143 208 7 9 0.020226853 
994 432 8 10 0.020224327 
489 360 7 9 0.020219393 
595 174 7 9 0.020216828 
511 256 7 9 0.020209229 
670 151 7 9 0.020201938 
911 296 7 9 0.020200739 
848 223 7 8 0.02018406 
773 682 12 18 0.020183899 
497 374 9 12 0.020172738 
889 198 7 9 0.020167772 
919 246 6 9 0.020163774 
592 621 11 13 0.020162553 
481 272 6 8 0.020160008 
255 215 6 8 0.02015658 
615 201 6 9 0.020131279 
913 286 6 8 0.020123517 
130 295 7 8 0.020119525 
783 264 7 9 0.020093698 
137 502 7 10 0.020087935 
250 159 6 8 0.020076724 
873 256 6 8 0.02005227 
391 191 7 9 0.020020928 
600 271 7 8 0.020009251 
54 486 8 10 0.020001624 
