35_Basketball_Basketball_35_327
35
790 170 31 41 0.9988825 
830 148 25 34 0.9983833 
540 154 27 34 0.99831617 
408 230 54 79 0.99674857 
763 146 29 37 0.99655235 
84 163 28 36 0.9958741 
969 183 30 38 0.99548113 
465 179 22 30 0.993912 
915 143 38 50 0.9935939 
24 176 25 32 0.9932995 
738 156 22 29 0.99317896 
384 174 23 29 0.9930072 
664 153 27 31 0.9915455 
435 162 21 26 0.9772659 
597 161 21 28 0.9736285 
185 182 20 25 0.97293144 
982 160 25 28 0.9727684 
249 168 21 27 0.9707929 
324 184 19 24 0.9658157 
491 178 17 22 0.96237564 
636 172 20 25 0.9455705 
567 162 15 20 0.5270637 
509 193 17 20 0.13431075 
752 150 26 33 0.096069925 
-1 196 15 32 0.06036182 
1012 177 11 16 0.047918383 
214 178 15 20 0.042728174 
1013 136 10 18 0.039726187 
526 177 15 21 0.0395639 
364 147 12 15 0.03255585 
754 181 15 20 0.032151725 
974 161 35 49 0.02648901 
270 146 11 13 0.024392264 
418 161 14 19 0.023901563 
247 237 15 16 0.02386591 
