35_Basketball_basketballgame_ball_35_192
23
559 606 131 156 0.99931943 
741 133 124 167 0.9992322 
154 489 36 47 0.61325127 
1 934 39 55 0.4610982 
34 561 37 48 0.30026343 
432 1148 59 75 0.24707256 
522 181 28 37 0.2164176 
58 429 38 45 0.15232673 
72 1016 64 71 0.14589421 
425 604 52 63 0.10879923 
239 480 67 80 0.07925611 
199 641 34 45 0.069812946 
75 1034 37 39 0.05008423 
130 932 32 41 0.030202169 
23 493 33 41 0.02741135 
942 1137 51 73 0.027004879 
939 529 45 55 0.026108738 
389 198 25 31 0.025629347 
130 998 34 42 0.02486121 
317 214 15 18 0.023467477 
233 705 32 36 0.02286918 
46 651 43 55 0.022850081 
233 603 47 75 0.022665773 
