35_Basketball_basketballgame_ball_35_290
364
907 137 32 40 0.9986985 
472 178 34 46 0.99429107 
640 117 34 47 0.99343115 
408 254 46 54 0.98536104 
58 204 19 23 0.8822671 
34 268 8 11 0.82628864 
143 328 11 13 0.80621445 
9 271 9 11 0.74036324 
137 304 8 11 0.6048041 
51 286 9 11 0.5459267 
153 310 7 10 0.50867206 
5 225 7 9 0.37270185 
104 213 7 9 0.36340877 
578 332 8 11 0.33217525 
7 240 9 12 0.26671192 
886 333 7 10 0.25146708 
124 285 8 10 0.22916928 
34 233 8 10 0.22392166 
5 316 11 14 0.20291868 
182 238 7 9 0.19354984 
164 251 7 10 0.19103272 
214 325 9 13 0.18932396 
47 329 10 13 0.17710485 
158 231 8 10 0.17268738 
207 336 8 10 0.16540271 
158 350 10 13 0.16477525 
113 152 7 9 0.15404652 
128 212 7 10 0.1480952 
262 260 8 10 0.1463941 
106 183 7 9 0.14064033 
25 294 8 10 0.13917904 
621 348 8 11 0.13901591 
867 336 7 9 0.13332213 
162 297 6 9 0.13300452 
184 253 9 11 0.13009383 
270 290 10 14 0.1290823 
891 451 11 13 0.11914547 
121 279 9 12 0.11808194 
200 262 10 13 0.11565131 
103 143 7 8 0.104471475 
368 221 8 10 0.10438194 
831 333 7 9 0.103817455 
185 270 8 10 0.102586895 
59 236 8 11 0.102418095 
161 146 6 8 0.10164752 
558 193 10 15 0.0965658 
423 216 7 9 0.09653452 
567 321 8 10 0.09618722 
592 305 7 9 0.092071995 
370 216 8 10 0.09014818 
257 137 6 7 0.08909354 
273 253 8 10 0.088823155 
1 237 9 13 0.087730035 
118 134 6 8 0.08663219 
22 334 8 11 0.08440117 
130 210 7 8 0.084289774 
600 296 7 9 0.08269942 
570 391 7 10 0.08061346 
648 290 8 9 0.08024888 
281 233 7 9 0.07660294 
145 263 8 11 0.07611903 
842 344 7 9 0.075016126 
200 254 8 10 0.0745134 
111 257 8 10 0.07325244 
56 156 8 10 0.07297222 
624 327 6 9 0.07121304 
208 166 7 9 0.07097933 
640 312 7 10 0.07059311 
825 333 7 9 0.07039399 
130 189 7 9 0.07027596 
144 151 6 8 0.06758491 
607 335 7 9 0.06609447 
224 254 6 9 0.0647628 
160 301 8 10 0.06449878 
69 315 9 12 0.064231664 
81 111 6 9 0.06331443 
56 134 7 8 0.063249834 
170 287 8 9 0.06309624 
114 135 7 8 0.062129464 
201 240 7 8 0.059651393 
152 160 7 8 0.059166327 
641 317 8 9 0.059040856 
800 416 9 11 0.058646627 
624 310 6 8 0.05859225 
223 198 7 9 0.0585801 
251 222 6 8 0.058453757 
178 120 6 8 0.058115914 
581 329 8 10 0.05804875 
87 141 6 9 0.057908796 
291 291 20 21 0.057613194 
11 318 9 12 0.056899376 
222 289 7 10 0.05618696 
25 248 8 10 0.05392183 
174 281 7 10 0.053915665 
174 269 8 10 0.05390426 
9 263 10 12 0.05349597 
1 149 8 12 0.053468622 
62 104 7 9 0.052349996 
200 248 7 8 0.05203892 
129 149 6 9 0.051955093 
607 312 6 8 0.051437993 
38 191 8 10 0.051277474 
222 166 7 9 0.05102633 
358 215 8 9 0.051006462 
109 176 7 9 0.050438747 
766 232 14 15 0.049802292 
165 352 8 11 0.049268797 
175 247 7 9 0.04910957 
296 142 7 8 0.04862804 
640 294 6 8 0.04861074 
158 226 7 9 0.04848256 
151 246 6 8 0.04829634 
823 330 7 8 0.048240487 
189 253 8 10 0.04791258 
988 444 12 14 0.047559798 
254 217 7 9 0.047460027 
162 174 7 9 0.04722335 
0 287 7 11 0.04711197 
846 343 7 10 0.04687028 
168 279 8 10 0.04639181 
145 144 6 8 0.046339355 
179 238 7 10 0.046204392 
833 330 7 9 0.045835756 
154 349 9 12 0.045487054 
113 199 7 9 0.045374624 
96 198 7 9 0.045150768 
143 269 7 9 0.044639755 
161 278 7 8 0.04446199 
46 192 9 12 0.044298623 
14 207 9 12 0.044274732 
112 224 6 8 0.04400858 
52 326 10 13 0.043524075 
151 240 7 9 0.043407634 
194 223 6 8 0.04328966 
224 248 8 9 0.04300427 
145 254 8 11 0.04260932 
303 197 7 10 0.0422956 
198 223 6 8 0.04199309 
150 256 7 9 0.04183605 
287 238 7 9 0.04180225 
31 181 8 10 0.041616995 
24 231 7 9 0.041260626 
273 217 7 10 0.040195443 
33 191 8 9 0.040168792 
127 337 8 9 0.040132876 
114 156 6 9 0.03995629 
218 168 6 8 0.039870773 
185 249 8 10 0.039823785 
130 240 6 8 0.038258072 
201 182 6 9 0.038234722 
274 182 7 9 0.038211048 
167 118 6 8 0.03815934 
89 198 7 10 0.037936784 
599 329 8 9 0.037651822 
361 240 9 11 0.037505526 
222 161 7 8 0.037398748 
135 264 7 10 0.03722912 
601 333 7 11 0.036834694 
138 169 6 9 0.03640158 
296 241 6 9 0.03635658 
362 222 8 9 0.036282793 
184 160 6 8 0.03613755 
54 282 8 11 0.036072865 
921 285 9 12 0.035890676 
176 191 7 9 0.035661526 
24 192 7 9 0.03565223 
174 311 7 9 0.035594203 
79 134 7 9 0.03557884 
241 173 8 10 0.035381567 
29 293 8 11 0.03536737 
21 339 9 12 0.035306785 
246 239 8 10 0.034981012 
166 175 7 9 0.03482545 
153 175 7 9 0.034758832 
146 241 6 9 0.03409326 
185 264 8 10 0.034091685 
624 466 12 14 0.034074843 
590 190 9 12 0.034015704 
157 344 9 12 0.033895332 
208 231 7 9 0.033786856 
230 279 8 10 0.0336469 
298 197 7 10 0.03359144 
145 247 7 9 0.033400744 
461 323 10 11 0.033131886 
165 302 8 10 0.03276747 
152 142 7 9 0.032590542 
232 332 8 11 0.032224927 
591 309 8 9 0.031794045 
39 153 7 9 0.031756405 
149 260 8 11 0.03175084 
207 239 7 9 0.031567764 
122 224 6 9 0.031553786 
128 256 6 8 0.03149034 
634 310 6 8 0.03140406 
49 119 7 9 0.03139945 
23 301 9 11 0.031277932 
130 145 6 9 0.031206183 
183 168 7 8 0.031167855 
415 200 7 9 0.031153247 
593 342 7 9 0.031033104 
586 320 7 8 0.031019786 
23 328 9 11 0.030837521 
222 207 7 10 0.03075958 
113 245 8 11 0.0306614 
24 159 6 8 0.030627644 
219 293 8 10 0.030574024 
120 255 7 9 0.03045408 
86 174 7 9 0.030410502 
227 182 5 8 0.030285668 
313 142 7 9 0.030238608 
64 186 9 12 0.029926784 
593 335 7 10 0.029903952 
271 138 6 8 0.029814728 
473 163 10 13 0.029709283 
89 158 6 9 0.02947236 
65 169 6 8 0.029316857 
120 274 8 9 0.02927186 
231 182 6 8 0.029101172 
248 246 6 9 0.028976496 
0 293 7 11 0.028928824 
640 275 8 11 0.028844353 
208 197 6 9 0.02881914 
279 183 6 8 0.028776523 
134 190 6 8 0.028640874 
30 176 8 11 0.028565062 
72 142 7 9 0.02853273 
266 208 6 8 0.02842539 
165 295 8 10 0.028126804 
137 269 7 9 0.028122902 
586 305 6 8 0.02794691 
118 151 7 9 0.027788898 
686 324 11 17 0.027741801 
16 82 7 8 0.027590385 
447 196 8 11 0.027263511 
594 328 6 9 0.027235085 
184 192 6 8 0.027149992 
24 153 6 8 0.02708322 
169 183 7 9 0.027065769 
635 293 7 9 0.02680762 
2 431 8 13 0.026734695 
119 247 8 10 0.02666951 
74 134 7 9 0.026668351 
603 389 8 10 0.026637178 
137 255 6 8 0.026458649 
24 207 8 11 0.026455812 
106 256 8 10 0.026289018 
166 146 6 7 0.02621672 
170 310 7 10 0.026108844 
137 150 6 9 0.026095552 
238 161 7 8 0.026072592 
217 256 7 9 0.026071552 
598 303 8 9 0.026024291 
265 168 6 8 0.026001101 
208 162 7 8 0.025856303 
616 288 7 8 0.025765885 
128 247 6 9 0.025734935 
891 261 11 13 0.025693139 
321 199 6 7 0.02543505 
343 210 6 8 0.025385814 
200 278 8 11 0.025351156 
29 253 9 10 0.02532939 
41 300 9 11 0.025105132 
178 254 8 10 0.025091322 
217 262 7 9 0.025088342 
49 291 8 11 0.024970546 
272 221 7 10 0.024852496 
398 362 36 38 0.024712488 
224 213 7 9 0.024689926 
354 213 7 9 0.024663715 
122 214 6 8 0.024597066 
177 198 7 9 0.02458073 
352 239 8 9 0.024519403 
533 237 21 31 0.024498666 
185 223 6 7 0.02449167 
437 213 8 10 0.024467316 
272 167 6 8 0.02438306 
904 345 9 11 0.024168106 
344 213 7 9 0.024126505 
25 310 8 9 0.024028067 
279 199 6 8 0.023993874 
153 198 6 9 0.023979526 
24 224 7 9 0.023960568 
282 235 8 10 0.023852808 
118 239 7 10 0.023800032 
120 344 8 11 0.023693562 
785 327 8 11 0.02369333 
24 214 7 9 0.02368214 
257 169 6 8 0.023652332 
127 224 6 8 0.02364422 
136 232 6 8 0.023629384 
150 137 7 9 0.023616387 
802 335 7 9 0.023582818 
246 232 7 9 0.023532879 
53 292 9 11 0.023440525 
176 351 7 10 0.023353081 
143 287 7 9 0.023348724 
40 296 8 10 0.023299161 
193 183 6 8 0.023249293 
70 182 8 10 0.02324688 
345 191 7 8 0.023205029 
416 151 11 12 0.023192342 
104 137 7 9 0.023150457 
349 223 7 9 0.022973794 
563 319 8 12 0.022869563 
617 333 7 9 0.022836398 
230 239 7 8 0.022709385 
219 206 6 9 0.022663143 
183 276 8 10 0.022656552 
137 248 6 8 0.02264542 
566 191 8 12 0.02261348 
2 229 9 12 0.022571698 
74 129 6 9 0.02239477 
186 174 7 9 0.022342507 
135 296 8 10 0.022289209 
162 118 7 9 0.022253433 
0 261 8 11 0.0221662 
602 311 7 9 0.02212409 
202 335 9 11 0.02211365 
87 153 8 9 0.022100877 
152 166 7 10 0.022069776 
217 247 7 8 0.02203888 
96 246 8 10 0.022038253 
153 216 7 8 0.02202232 
224 351 8 10 0.021949124 
790 327 7 9 0.021920562 
146 137 7 8 0.021843132 
201 198 7 8 0.021808235 
154 63 9 10 0.02180273 
440 199 9 10 0.02173845 
83 174 7 9 0.021700688 
113 239 9 11 0.021534232 
277 249 8 11 0.021486793 
231 351 8 11 0.021475198 
250 217 7 9 0.021391872 
170 270 8 10 0.021327225 
838 328 7 9 0.021295892 
113 231 7 9 0.02126898 
847 337 7 9 0.021235775 
279 177 7 8 0.021209454 
120 231 6 9 0.021110246 
194 161 6 8 0.021039722 
181 121 7 8 0.021008845 
551 192 14 19 0.020951133 
866 341 7 9 0.02089569 
133 207 7 10 0.02084429 
70 188 10 12 0.02082843 
819 328 6 8 0.020825073 
191 248 7 9 0.020744776 
126 341 9 11 0.020658957 
778 307 9 12 0.02064663 
154 223 7 9 0.02064622 
201 193 6 8 0.020606536 
256 198 6 9 0.020500109 
437 208 8 10 0.020478377 
254 192 7 9 0.020330055 
57 302 8 10 0.020329237 
13 200 8 9 0.02032187 
401 207 7 9 0.020297125 
256 208 6 8 0.020293914 
431 273 33 36 0.02029008 
450 285 15 17 0.020148262 
9 199 8 9 0.020123823 
72 294 8 10 0.020099953 
241 200 6 8 0.020036591 
