35_Basketball_Basketball_35_712
19
655 251 23 30 0.992508 
584 240 22 28 0.9865094 
298 234 21 28 0.97805434 
237 235 22 27 0.9747696 
40 246 21 28 0.9719072 
104 226 20 26 0.9664993 
908 241 22 27 0.9656826 
367 237 21 28 0.964963 
844 216 21 27 0.9622242 
718 257 22 27 0.95534366 
958 252 21 25 0.94760716 
166 223 21 26 0.92489684 
525 256 21 26 0.92356277 
785 235 19 23 0.90444285 
432 253 18 22 0.75799006 
851 257 18 21 0.04077758 
234 312 20 21 0.030070873 
159 224 16 23 0.023218758 
434 273 17 20 0.020646838 
