35_Basketball_basketballgame_ball_35_858
41
776 500 80 67 0.9903867 
569 229 71 93 0.9900113 
179 632 18 22 0.27023834 
176 513 14 18 0.23447995 
304 601 18 20 0.23337543 
8 645 18 22 0.14738667 
165 447 12 14 0.10166517 
342 514 16 17 0.086065225 
242 657 18 22 0.07612017 
388 618 13 17 0.07410775 
119 632 16 21 0.07356139 
160 655 19 24 0.072785616 
254 423 9 11 0.06817402 
486 635 15 23 0.06617602 
179 663 23 25 0.05879623 
130 665 18 20 0.047924064 
290 470 14 17 0.04519843 
348 557 17 24 0.04373545 
256 445 12 15 0.038566016 
40 635 18 18 0.03813258 
307 568 13 17 0.036662664 
249 422 9 13 0.03645459 
377 453 10 12 0.035510626 
41 597 16 23 0.03548371 
259 568 14 17 0.034529913 
171 554 19 22 0.032528013 
168 660 25 26 0.03214161 
32 443 10 13 0.031861443 
59 654 17 21 0.030199153 
21 428 9 12 0.027593086 
214 454 10 12 0.027302796 
456 595 13 15 0.026109587 
107 609 19 22 0.02573955 
165 474 13 16 0.025382468 
315 644 25 34 0.024588075 
293 447 11 14 0.023799075 
432 621 12 15 0.023159532 
65 562 21 24 0.022982562 
91 580 21 30 0.022105815 
36 442 10 13 0.021836102 
305 628 16 20 0.020679528 
