35_Basketball_Basketball_35_449
316
491 244 24 27 0.942809 
290 391 9 12 0.8606661 
80 413 10 13 0.8004125 
783 448 8 10 0.7394561 
857 398 10 12 0.6458457 
905 417 8 11 0.55110055 
767 460 8 11 0.5496502 
333 475 9 12 0.42532474 
686 358 9 11 0.4167833 
983 409 9 12 0.3165818 
562 429 8 11 0.29736254 
436 452 14 17 0.27065733 
956 456 8 10 0.26611242 
930 439 8 11 0.25246876 
966 438 8 11 0.24292366 
564 452 10 13 0.21581799 
262 455 6 9 0.21128939 
852 439 8 11 0.1856071 
676 378 10 15 0.18318783 
29 414 8 11 0.18163764 
741 472 8 10 0.1650712 
670 399 10 14 0.15786082 
833 452 8 11 0.14821136 
891 429 8 11 0.14620587 
320 389 8 10 0.14147586 
564 425 8 10 0.1388821 
434 454 9 14 0.1369495 
54 400 8 10 0.13439985 
415 456 9 12 0.13149118 
0 443 7 11 0.12337076 
801 468 7 11 0.12331084 
105 404 7 10 0.12222731 
271 430 7 9 0.121269085 
53 446 9 10 0.11993079 
142 453 8 10 0.117182955 
273 392 7 10 0.107920006 
838 448 7 9 0.10533878 
376 423 8 12 0.10428336 
895 453 7 10 0.10205003 
26 399 7 8 0.097859904 
303 404 10 12 0.093274556 
30 398 6 9 0.090945244 
112 439 8 10 0.085825734 
120 430 7 9 0.08340593 
913 444 7 11 0.08307532 
760 476 8 10 0.08194291 
142 448 8 11 0.080330156 
198 380 7 10 0.079601444 
805 477 8 11 0.0794773 
265 430 7 10 0.07539327 
242 447 7 10 0.07396856 
50 447 8 10 0.07282945 
320 408 8 10 0.07224436 
257 431 6 9 0.07207639 
170 455 7 9 0.07206974 
855 462 7 9 0.07171677 
258 391 8 10 0.071714014 
286 415 8 10 0.07128352 
178 375 6 8 0.07080754 
843 502 7 11 0.06839214 
186 448 6 9 0.067983076 
687 361 12 15 0.067404866 
264 414 7 9 0.06681193 
234 391 7 9 0.06511962 
626 456 7 8 0.06481874 
262 392 7 9 0.06459027 
442 452 15 17 0.0612965 
858 455 7 10 0.060040757 
908 420 9 11 0.059278447 
182 375 6 8 0.05885897 
594 432 6 8 0.058210243 
487 445 8 11 0.05803921 
734 412 9 10 0.0577357 
854 445 8 11 0.057669573 
225 456 7 8 0.057242025 
984 453 8 10 0.05662697 
968 431 9 12 0.056604963 
805 470 8 10 0.056360435 
366 423 9 12 0.05612177 
958 460 8 11 0.055761546 
609 454 6 8 0.05489356 
942 456 8 10 0.054616272 
175 440 7 8 0.053142697 
768 493 7 10 0.05285979 
822 478 7 10 0.05273397 
225 463 6 8 0.052503645 
247 401 8 10 0.052205697 
141 382 7 9 0.052143116 
166 385 8 10 0.052133456 
70 373 7 9 0.051161822 
161 385 8 10 0.050219458 
495 496 8 11 0.04982708 
363 423 8 11 0.04884913 
285 501 9 11 0.04883365 
800 494 7 9 0.048806284 
763 457 8 10 0.047680285 
512 481 8 10 0.04764996 
170 414 7 9 0.04759969 
129 438 8 9 0.047009416 
974 501 10 13 0.04624584 
225 422 7 9 0.045910448 
368 428 9 11 0.045896165 
98 432 8 10 0.045833483 
175 447 7 10 0.045664098 
242 406 7 8 0.045342814 
97 485 8 11 0.045148507 
358 459 11 13 0.044826623 
6 429 8 11 0.044511903 
56 404 8 10 0.043884084 
238 389 8 10 0.043723807 
5 413 8 10 0.043000586 
321 413 8 10 0.042193394 
18 423 8 10 0.041428935 
317 469 9 12 0.0411164 
57 439 8 12 0.040545467 
170 409 7 9 0.04052338 
917 440 9 10 0.04048013 
609 433 6 9 0.040174343 
861 453 8 11 0.039964363 
709 489 8 10 0.039896306 
642 455 7 10 0.039774474 
245 448 7 9 0.039232455 
282 416 7 9 0.03923009 
776 495 7 9 0.039200053 
675 397 11 16 0.03885375 
753 471 8 9 0.038622595 
117 466 8 9 0.038259253 
175 432 7 8 0.038182713 
21 422 9 10 0.037749544 
905 462 8 10 0.037684873 
127 432 7 10 0.037297565 
817 501 7 10 0.037293695 
280 453 8 10 0.03685077 
670 388 12 16 0.03684422 
917 445 8 10 0.036728162 
110 384 7 9 0.036623087 
630 446 7 9 0.036537383 
817 497 8 10 0.036269076 
1 382 7 10 0.036215767 
413 427 8 11 0.03611683 
367 455 9 11 0.03587973 
191 430 7 9 0.03548049 
158 424 7 10 0.035404705 
113 463 8 10 0.035269685 
120 425 8 10 0.0350002 
193 414 6 8 0.034877073 
51 399 7 9 0.03466095 
9 390 9 10 0.034618903 
258 383 7 9 0.034598082 
973 430 9 11 0.034212254 
174 407 7 10 0.033979088 
832 461 7 10 0.033940807 
166 496 11 15 0.033492543 
618 472 7 9 0.033470616 
420 405 8 11 0.033290282 
255 399 7 10 0.032955345 
225 417 7 8 0.032621656 
14 391 7 9 0.032588392 
169 432 8 9 0.032408893 
61 440 8 10 0.032011423 
144 423 7 9 0.03198353 
111 445 8 9 0.031908356 
174 454 7 10 0.0318779 
52 452 9 11 0.031872857 
133 437 8 10 0.031759143 
512 469 8 11 0.031608928 
185 429 7 10 0.031178502 
737 474 9 12 0.031100769 
634 472 6 8 0.03091931 
512 462 9 12 0.030437157 
16 384 7 10 0.030372776 
381 423 8 11 0.030273892 
209 415 6 8 0.030095104 
256 376 6 9 0.029960578 
710 493 8 10 0.029943995 
800 488 7 10 0.029730698 
318 430 11 14 0.02966023 
216 456 6 8 0.029644504 
819 479 6 10 0.029634451 
264 410 7 8 0.029576467 
226 449 7 9 0.029387597 
144 407 7 8 0.029360306 
195 381 7 9 0.029255416 
973 438 9 11 0.029205272 
265 424 9 10 0.0290427 
551 439 8 10 0.029017763 
408 472 8 11 0.028767275 
706 488 7 10 0.02868504 
328 463 8 12 0.028654885 
246 391 8 9 0.028518168 
599 433 7 9 0.028432515 
247 383 7 9 0.028380834 
823 472 7 10 0.028216135 
153 422 8 10 0.028127702 
618 479 6 9 0.028124014 
4 439 10 13 0.027861442 
833 478 9 12 0.027700068 
782 470 8 10 0.027654491 
247 422 6 9 0.027621394 
842 509 8 11 0.027579835 
160 374 8 9 0.027540471 
848 457 8 10 0.027455518 
670 371 19 25 0.027241012 
794 467 8 11 0.027187426 
210 375 7 9 0.027105542 
71 424 7 10 0.027099522 
374 455 8 10 0.027009625 
618 505 6 8 0.026979217 
312 390 8 10 0.02696909 
107 455 7 11 0.026804658 
599 437 7 9 0.026586074 
849 461 8 9 0.02644721 
327 429 10 12 0.026298296 
3 494 13 17 0.026203953 
480 487 7 9 0.026090639 
281 422 7 9 0.026020244 
806 465 8 9 0.025988396 
351 459 13 15 0.025986657 
390 454 11 13 0.025905179 
66 374 7 9 0.025864001 
688 396 10 15 0.025832225 
679 477 9 11 0.025808683 
215 375 6 8 0.025737649 
135 432 7 10 0.02573702 
383 429 7 10 0.02559368 
230 449 7 9 0.025553953 
286 453 8 11 0.025454313 
583 480 8 11 0.025446432 
138 449 8 10 0.025384277 
16 399 7 9 0.025296722 
309 405 9 11 0.025172547 
137 391 7 8 0.02510158 
686 382 9 14 0.025097823 
87 366 8 9 0.025092166 
678 462 8 9 0.02503051 
33 374 7 9 0.025019262 
895 436 7 10 0.024992755 
313 486 9 11 0.024969526 
325 414 10 11 0.024931673 
287 421 7 9 0.02479676 
114 431 8 10 0.02467839 
279 432 8 9 0.024584431 
232 433 6 9 0.024576824 
384 459 11 13 0.024472326 
889 448 8 11 0.024350302 
30 408 8 11 0.02416779 
333 463 10 13 0.024111727 
111 406 7 9 0.023827273 
678 388 10 13 0.023811175 
465 470 7 10 0.023787765 
66 390 7 9 0.023599284 
650 470 6 9 0.023547621 
242 401 8 10 0.023499843 
189 448 7 9 0.023420088 
145 416 7 9 0.023377258 
862 403 8 11 0.023278715 
2 407 8 12 0.02324771 
2 429 8 12 0.023222184 
281 438 7 9 0.023193024 
305 383 8 11 0.023182819 
210 454 7 9 0.023172056 
881 469 8 11 0.023053775 
104 437 8 10 0.023002299 
905 440 8 10 0.022943385 
694 488 8 11 0.022902438 
822 502 7 9 0.022875478 
765 510 8 10 0.022795562 
62 444 8 11 0.022766242 
106 383 7 9 0.022755763 
303 431 8 11 0.022743983 
255 407 7 9 0.022680236 
607 487 6 9 0.0226647 
928 443 9 11 0.022654155 
230 454 7 9 0.022573372 
31 420 8 10 0.022195816 
273 455 7 10 0.022171846 
17 417 7 9 0.022129 
38 375 7 9 0.021925628 
48 406 7 10 0.021848522 
25 393 8 10 0.021812735 
55 393 7 9 0.021706956 
639 472 7 9 0.02167999 
25 455 7 10 0.021524616 
272 396 8 10 0.021523327 
687 388 10 13 0.021510325 
185 453 8 10 0.021472448 
975 424 9 12 0.021398492 
287 497 10 12 0.021361398 
364 459 10 13 0.021256337 
585 460 8 10 0.02116385 
826 511 7 9 0.021111518 
1014 422 8 12 0.021090992 
152 441 7 9 0.021066867 
361 428 9 12 0.021025084 
151 417 7 10 0.020934615 
30 394 8 9 0.020829363 
239 375 7 8 0.020801745 
310 383 9 11 0.02075422 
144 430 6 9 0.020712553 
143 377 7 9 0.020708859 
665 505 8 10 0.020636763 
274 384 8 9 0.02063058 
730 407 9 12 0.02054766 
121 415 8 9 0.0205442 
262 383 7 10 0.02052609 
591 462 7 9 0.02050594 
183 383 7 10 0.020501802 
888 486 7 10 0.02043361 
128 408 6 8 0.02031032 
913 430 7 10 0.02024632 
858 510 7 10 0.020238733 
241 422 7 9 0.020229893 
247 417 8 9 0.020105692 
64 400 7 9 0.020071222 
7 384 8 10 0.020024676 
256 439 7 8 0.020003306 
