35_Basketball_playingbasketball_35_417
30
285 257 32 46 0.99001276 
354 242 30 45 0.98541117 
369 18 44 51 0.9837388 
183 49 24 30 0.97008395 
962 52 29 41 0.9667353 
741 87 33 37 0.94435394 
216 247 27 50 0.9345693 
886 162 30 39 0.9275461 
50 66 29 35 0.9248136 
246 57 26 31 0.9110068 
311 55 26 30 0.89202684 
527 39 26 30 0.8318371 
226 131 30 37 0.30086213 
446 32 25 36 0.26277786 
922 117 22 26 0.1916606 
843 48 25 31 0.08556153 
48 195 27 32 0.06173119 
27 135 27 44 0.054111484 
107 165 24 28 0.049319874 
599 58 25 34 0.048241377 
883 179 28 32 0.043765094 
-1 3 19 24 0.035388187 
957 309 17 23 0.03444982 
161 70 24 30 0.033575874 
52 131 28 35 0.03069159 
117 127 19 23 0.028684456 
133 -1 17 19 0.02542174 
232 263 27 41 0.025018131 
821 431 122 155 0.023981994 
62 55 28 31 0.023318017 
