35_Basketball_basketballgame_ball_35_389
264
505 230 37 53 0.98343915 
17 613 10 13 0.8675229 
221 611 10 13 0.8616583 
624 587 16 24 0.8357127 
62 581 8 11 0.54931736 
321 614 12 16 0.5492209 
28 596 9 12 0.4977582 
135 587 9 12 0.46216953 
85 619 10 13 0.42769814 
501 584 10 13 0.33637986 
303 558 8 11 0.3351061 
156 590 9 10 0.32309607 
154 624 10 12 0.30163795 
344 565 8 11 0.2878147 
136 567 8 10 0.25175264 
313 593 9 12 0.22952822 
568 593 11 15 0.2220388 
903 435 10 13 0.21632709 
913 405 9 13 0.18807618 
234 555 9 12 0.185554 
312 573 8 11 0.17694536 
589 574 12 14 0.16154787 
10 599 8 10 0.15816969 
566 619 12 16 0.13646682 
89 583 8 10 0.13567163 
201 571 9 12 0.1348587 
145 542 8 10 0.13400534 
547 613 10 11 0.13058418 
917 455 9 11 0.124852315 
726 572 11 13 0.12264462 
390 589 8 11 0.11465299 
455 541 8 10 0.11364572 
701 595 13 17 0.10450167 
413 613 9 10 0.10314207 
97 567 8 10 0.10307701 
255 625 10 13 0.10164957 
700 572 11 14 0.10037273 
469 582 9 12 0.099750124 
236 550 9 13 0.09313027 
440 542 8 10 0.09132237 
496 586 10 13 0.09110924 
429 580 8 11 0.08783567 
740 550 9 12 0.086987264 
519 577 12 15 0.085837945 
106 526 8 10 0.08581754 
286 537 9 12 0.0856643 
16 585 8 10 0.084867395 
160 573 8 10 0.083456494 
757 600 10 13 0.08306819 
431 576 7 10 0.0802268 
155 603 12 14 0.07995107 
201 512 8 10 0.079382144 
112 573 8 9 0.07603854 
322 566 8 11 0.07459392 
929 405 8 11 0.074223876 
111 551 8 10 0.0724817 
165 566 8 10 0.07213065 
730 600 9 12 0.07151292 
218 557 8 10 0.06704552 
415 552 7 10 0.065705255 
441 557 9 10 0.06569502 
386 590 8 10 0.06504166 
201 541 8 10 0.064816564 
440 550 10 12 0.06476005 
487 589 9 11 0.063226 
487 571 8 12 0.061863802 
569 570 11 15 0.060889043 
446 557 8 10 0.05862394 
402 513 8 10 0.058341753 
358 583 9 11 0.057930008 
678 598 13 17 0.057414137 
908 437 9 11 0.055984158 
983 400 8 10 0.05590769 
425 517 8 11 0.054764945 
488 521 8 10 0.054141123 
162 567 8 11 0.05337564 
513 542 10 12 0.052376185 
287 589 8 10 0.051663734 
178 544 7 10 0.051444866 
238 544 8 10 0.050437406 
799 408 7 10 0.05025553 
682 622 12 15 0.04957446 
775 407 8 9 0.049476717 
65 559 7 9 0.048901472 
98 573 8 10 0.048085053 
48 568 7 9 0.047217526 
745 572 12 14 0.045400146 
224 534 8 11 0.044620495 
226 581 9 12 0.044504046 
293 575 9 10 0.04429206 
348 605 9 11 0.04427972 
162 558 7 9 0.044271313 
971 587 33 44 0.044038277 
15 589 8 11 0.044024043 
105 542 7 9 0.04377224 
544 565 10 13 0.04347331 
260 566 11 13 0.043298047 
260 571 12 16 0.041825388 
373 558 9 12 0.041607954 
130 566 8 10 0.04144236 
222 557 8 11 0.04134453 
704 628 12 12 0.041270457 
141 567 8 11 0.04095607 
525 565 9 11 0.040954825 
461 565 8 11 0.04092012 
385 524 7 10 0.04041493 
166 560 7 10 0.04025192 
153 494 8 11 0.040148634 
609 596 10 13 0.03964091 
86 499 9 12 0.039590638 
969 400 6 9 0.038848825 
521 566 10 12 0.03853341 
102 574 7 10 0.038467444 
736 620 12 13 0.038344543 
193 583 10 12 0.038212642 
210 529 8 10 0.03784735 
493 601 10 12 0.037712898 
520 503 8 9 0.03758253 
872 437 10 13 0.037465975 
785 408 8 10 0.037116032 
318 572 8 11 0.037102364 
414 591 8 11 0.036890823 
463 521 7 10 0.036855277 
159 528 8 9 0.03652665 
392 541 9 12 0.036480352 
110 544 7 10 0.03639325 
349 524 10 14 0.036109716 
95 477 7 10 0.035912197 
205 584 9 12 0.03588752 
1010 398 8 10 0.035689212 
338 566 8 11 0.03535581 
385 557 8 10 0.035263754 
448 540 9 12 0.034827776 
502 504 8 11 0.03442761 
643 581 16 22 0.03429823 
184 592 8 11 0.033836596 
81 533 8 10 0.033764437 
350 518 9 13 0.033693925 
139 588 10 13 0.03360095 
386 205 39 43 0.03275003 
22 565 8 10 0.032393973 
514 524 9 12 0.03236641 
263 601 8 11 0.03232919 
209 533 7 10 0.032201722 
310 515 10 14 0.032097243 
137 571 8 10 0.031624813 
543 627 12 12 0.031619925 
791 407 8 11 0.031556066 
224 540 8 11 0.031555682 
1014 398 7 11 0.031502537 
698 567 10 12 0.031484213 
717 557 9 12 0.03135704 
385 583 10 12 0.03126493 
205 568 8 11 0.031132322 
663 590 11 16 0.031001654 
0 609 8 11 0.030784218 
977 400 7 9 0.030770032 
376 591 8 10 0.030382564 
478 565 9 12 0.030189833 
441 537 8 9 0.030186348 
414 571 8 12 0.030118437 
263 558 8 10 0.029866112 
136 561 7 10 0.029717222 
165 573 9 11 0.02971616 
231 534 7 10 0.029702237 
289 574 9 10 0.029701289 
440 591 9 13 0.029637482 
193 573 9 11 0.029446123 
632 562 10 13 0.029081479 
559 598 11 14 0.02907684 
220 598 9 13 0.028791446 
477 560 9 11 0.028609272 
488 598 10 12 0.028559161 
409 540 8 10 0.028470702 
86 535 8 10 0.028404392 
216 574 8 10 0.028197 
676 578 10 13 0.028151104 
471 576 8 12 0.027628237 
446 582 8 11 0.027461005 
584 525 9 12 0.027405083 
177 549 8 10 0.027377186 
883 626 12 13 0.027041852 
182 573 8 11 0.026981158 
541 590 11 14 0.026828067 
490 604 10 12 0.026743973 
101 568 8 9 0.026688509 
180 557 9 11 0.026639052 
25 629 10 11 0.026614593 
214 532 9 11 0.026567027 
105 535 7 10 0.026539763 
162 518 8 10 0.026494415 
170 501 7 9 0.026212972 
391 526 7 9 0.026063807 
223 527 8 11 0.026063045 
404 516 8 11 0.02605081 
151 599 12 16 0.025960239 
252 510 9 12 0.025929123 
521 572 12 15 0.025869925 
93 581 8 12 0.025859417 
160 552 7 10 0.025780156 
959 416 8 10 0.025775906 
520 559 9 11 0.025759026 
199 586 10 14 0.025624137 
87 542 7 9 0.025609013 
41 606 9 11 0.02551249 
118 573 8 10 0.025439577 
555 543 11 14 0.025429245 
201 536 7 9 0.025424452 
933 401 8 10 0.025241768 
470 604 9 11 0.025121441 
549 608 11 12 0.025113389 
898 435 10 13 0.025108503 
758 619 11 14 0.025086295 
160 541 9 10 0.025051275 
342 570 9 13 0.024983624 
287 605 8 10 0.02490672 
128 517 9 11 0.024774486 
170 496 8 10 0.024755208 
374 564 8 11 0.024725998 
97 559 7 10 0.024611197 
538 504 8 10 0.024464099 
409 590 9 12 0.024368117 
41 566 7 10 0.02428553 
426 575 8 11 0.024273138 
261 614 10 11 0.02422535 
474 563 9 12 0.024222752 
103 581 9 11 0.023966417 
348 566 8 11 0.023760278 
79 551 8 10 0.023741055 
384 573 8 11 0.023549166 
142 573 8 10 0.02350884 
175 502 7 9 0.02342326 
724 619 11 13 0.023175864 
482 591 9 11 0.02316613 
391 549 9 11 0.023148375 
112 556 7 9 0.02284849 
488 557 8 10 0.0228436 
392 536 8 11 0.022726735 
457 559 8 11 0.02264572 
800 412 8 11 0.022300644 
391 567 9 11 0.022221755 
71 533 8 10 0.02216278 
353 583 9 11 0.022123015 
768 406 8 11 0.022012869 
128 524 8 10 0.021626161 
487 584 10 12 0.02161792 
73 551 7 9 0.02148713 
367 542 8 11 0.021458337 
660 610 13 18 0.021207115 
95 552 7 10 0.021198494 
177 518 9 11 0.020993132 
959 420 8 11 0.020981032 
118 567 8 11 0.02074986 
106 551 8 10 0.020717261 
511 628 10 11 0.02071205 
719 552 9 11 0.020689942 
190 588 10 13 0.02068525 
177 581 9 11 0.020647937 
432 558 7 9 0.020608488 
157 584 9 12 0.020510897 
594 578 12 15 0.02026354 
141 583 9 12 0.020247236 
462 574 9 12 0.020237548 
410 552 8 10 0.020060483 
