35_Basketball_playingbasketball_35_362
248
47 523 9 12 0.97258615 
538 406 22 25 0.93591887 
888 427 15 18 0.916215 
620 372 20 24 0.89704347 
16 524 11 14 0.88903 
71 525 12 15 0.818917 
168 521 9 11 0.7617712 
707 467 10 13 0.5810674 
97 528 9 11 0.56447303 
141 524 9 13 0.5108548 
24 495 8 11 0.42258307 
206 487 11 14 0.4118212 
244 525 8 10 0.39195794 
153 493 9 11 0.38995332 
70 471 8 10 0.35593918 
136 489 7 9 0.2792332 
186 520 9 12 0.26901323 
281 518 7 9 0.23099886 
115 526 9 11 0.23094729 
264 525 8 10 0.2307029 
181 496 9 10 0.21759504 
25 453 8 10 0.21092455 
183 501 9 11 0.20913905 
223 503 8 10 0.1922212 
477 389 17 19 0.1892936 
41 503 9 12 0.18641071 
277 536 9 11 0.18605283 
919 443 11 15 0.1793846 
148 503 10 12 0.17434354 
304 517 7 9 0.15836693 
1 484 9 14 0.15017225 
792 495 6 8 0.1439273 
72 501 8 11 0.13468295 
240 551 11 14 0.13429159 
50 464 6 8 0.124997444 
193 480 8 10 0.10938837 
96 487 7 9 0.10722539 
635 470 12 14 0.101535164 
704 492 13 16 0.099668235 
312 520 8 10 0.0992493 
90 478 7 9 0.097018056 
179 494 7 10 0.095430225 
45 502 10 12 0.09429798 
234 494 9 11 0.09289838 
295 511 7 9 0.0918052 
579 260 15 18 0.08275005 
238 514 7 9 0.08253248 
114 472 6 9 0.080318466 
240 519 8 11 0.07683248 
121 489 6 9 0.074738204 
541 486 11 13 0.07436941 
118 518 8 11 0.07431543 
289 510 8 10 0.07296145 
39 507 8 10 0.0723757 
224 526 9 11 0.07039678 
184 509 9 11 0.06834168 
48 480 8 10 0.06665968 
318 522 8 9 0.065367095 
90 474 6 8 0.065162115 
929 503 10 14 0.06420987 
287 503 8 10 0.064168155 
119 471 7 9 0.06399914 
146 508 8 11 0.06386738 
50 485 8 10 0.06328552 
280 502 8 10 0.06251659 
46 496 8 11 0.062185552 
310 541 8 10 0.061131027 
106 487 7 10 0.060263764 
138 521 9 11 0.05974263 
492 232 26 27 0.057621248 
39 549 8 11 0.05731268 
282 496 7 9 0.056960024 
81 543 8 11 0.05680207 
79 501 7 10 0.056444284 
304 541 9 11 0.05396333 
165 565 10 13 0.0539325 
110 488 7 9 0.053390652 
40 495 8 10 0.052211452 
257 494 7 9 0.052050702 
94 479 7 9 0.05170283 
173 524 8 11 0.05159278 
159 527 9 10 0.05089763 
168 472 8 9 0.050695863 
223 533 9 12 0.048775025 
328 543 8 10 0.04869744 
1010 470 8 11 0.047529574 
360 503 8 10 0.046650127 
103 494 8 9 0.046609763 
201 493 9 11 0.04627616 
53 480 9 11 0.04591325 
113 519 9 11 0.045027506 
29 494 9 10 0.0447879 
153 489 8 10 0.04437286 
152 526 9 11 0.044268038 
32 526 9 11 0.04354936 
168 503 8 10 0.043364517 
376 528 7 8 0.041772123 
113 512 8 10 0.041286986 
54 573 9 12 0.04094825 
8 510 8 11 0.04047654 
274 540 9 11 0.04046915 
297 484 7 9 0.040088534 
201 487 10 12 0.039367307 
574 400 10 11 0.039233003 
223 542 9 13 0.03920823 
159 500 8 11 0.039101817 
32 488 8 9 0.03868157 
161 471 7 9 0.038524155 
54 463 7 9 0.03847461 
127 472 7 9 0.03839791 
168 486 8 9 0.037941813 
80 486 8 9 0.03771603 
303 477 7 9 0.037631948 
53 504 8 10 0.03754071 
48 470 8 9 0.03739358 
258 526 8 11 0.036659483 
285 518 8 10 0.036229588 
298 518 7 9 0.036122233 
71 466 7 10 0.03606032 
354 525 7 9 0.03581859 
174 534 8 11 0.035619177 
224 462 6 9 0.035047684 
150 541 9 11 0.034858108 
629 434 13 15 0.034777146 
175 510 8 10 0.034600027 
129 446 7 9 0.034220874 
625 382 15 21 0.03411582 
188 502 9 11 0.033985972 
346 508 7 10 0.033925004 
272 519 7 10 0.03370175 
234 512 7 10 0.0335523 
13 512 9 12 0.033352517 
76 573 9 14 0.032942556 
231 500 9 10 0.032939065 
487 316 14 18 0.032903608 
86 502 8 9 0.03275456 
102 502 8 10 0.03269524 
278 512 8 11 0.032299902 
56 510 7 9 0.031581033 
97 493 8 11 0.031477757 
134 532 10 13 0.031332474 
233 518 8 10 0.03131857 
334 543 7 9 0.031285554 
0 527 8 12 0.03116736 
506 422 19 21 0.031147424 
294 526 8 11 0.03073258 
29 452 7 10 0.03071615 
153 446 7 9 0.030480627 
192 464 8 10 0.030247157 
362 534 6 8 0.029692784 
290 527 8 10 0.029478787 
169 536 9 12 0.02938149 
888 470 13 16 0.029319068 
262 532 9 11 0.029205313 
183 543 11 14 0.028930435 
256 488 7 9 0.028917104 
229 526 8 11 0.028832573 
158 532 9 10 0.028086565 
511 291 14 18 0.027889803 
29 500 9 12 0.0278656 
41 478 8 9 0.027842602 
70 508 8 11 0.027823165 
175 503 9 10 0.027697345 
114 454 7 9 0.027277507 
79 479 7 9 0.027230209 
65 509 7 10 0.027217502 
192 470 8 9 0.027083633 
129 534 9 11 0.027004639 
85 543 9 10 0.02628056 
274 510 7 9 0.026245702 
386 497 7 9 0.02605374 
130 488 7 10 0.025887739 
230 540 9 13 0.0258569 
1 509 8 12 0.025601873 
314 524 8 10 0.025293076 
207 501 8 10 0.025140002 
222 507 9 11 0.024933448 
159 488 8 11 0.024901887 
145 542 9 11 0.024898648 
231 535 8 11 0.024809532 
153 519 8 10 0.024735695 
273 505 8 9 0.024697214 
537 489 10 13 0.024693944 
257 534 8 10 0.024586154 
65 525 11 14 0.024539765 
110 560 9 11 0.024354147 
334 509 8 10 0.024244808 
174 472 7 9 0.024208613 
79 496 8 11 0.02416399 
55 470 7 9 0.024078019 
160 478 7 9 0.024039805 
129 493 8 10 0.023929425 
199 470 7 9 0.023912212 
145 480 7 8 0.023843082 
186 479 7 10 0.023780914 
65 533 10 12 0.023552421 
201 502 8 10 0.023482595 
174 478 7 9 0.02346258 
294 505 8 10 0.023421504 
38 488 7 9 0.023419866 
4 479 9 13 0.023390856 
32 519 8 11 0.02328738 
168 478 9 10 0.023209501 
280 528 8 11 0.023035718 
32 479 8 9 0.022892972 
197 479 8 10 0.02272139 
192 495 8 10 0.022523861 
22 460 8 10 0.022351502 
9 517 9 13 0.022304522 
96 511 8 10 0.022270937 
393 530 7 9 0.02225318 
96 539 9 12 0.022250518 
696 491 9 13 0.022170363 
352 544 9 11 0.021958143 
160 440 7 9 0.021948006 
184 487 8 10 0.021861019 
33 533 8 10 0.021825483 
198 464 8 9 0.021783145 
913 443 12 17 0.021679804 
269 525 8 10 0.021651402 
43 520 9 12 0.021646973 
254 543 8 10 0.021539057 
47 508 9 11 0.021488655 
112 478 6 9 0.021259498 
129 478 7 9 0.021070736 
113 504 7 9 0.021067604 
219 503 7 10 0.021056643 
239 470 7 8 0.020955263 
105 472 6 8 0.020945065 
153 471 7 9 0.020943109 
167 558 10 13 0.02088024 
247 542 10 12 0.020868083 
223 458 8 8 0.020846562 
158 509 8 11 0.020784695 
359 528 7 9 0.020718716 
262 495 7 9 0.020692995 
0 549 7 12 0.020603646 
66 476 8 11 0.020493587 
925 440 11 13 0.020486496 
32 509 9 11 0.020466603 
238 500 8 10 0.020409139 
479 527 7 9 0.020328453 
768 494 7 10 0.020284116 
499 325 18 20 0.020277431 
168 496 7 9 0.020220283 
161 519 9 10 0.020211624 
72 422 7 9 0.020161092 
1013 464 8 12 0.020104969 
