35_Basketball_basketballgame_ball_35_64
100
475 223 61 80 0.9995764 
294 236 62 83 0.99934334 
124 289 59 74 0.99887055 
590 210 67 89 0.99884534 
33 243 57 68 0.9983467 
693 217 71 95 0.99794453 
657 105 32 41 0.9957718 
238 244 33 43 0.995456 
951 182 70 114 0.99468213 
492 161 33 37 0.99372536 
591 79 29 34 0.99248934 
96 128 24 34 0.99176264 
902 172 62 92 0.9913067 
441 110 30 39 0.9909739 
535 17 25 32 0.9906715 
388 68 25 31 0.99041724 
0 243 28 40 0.98996663 
343 154 27 32 0.9899262 
871 60 25 34 0.9873394 
140 107 23 31 0.98659116 
805 182 39 52 0.98655254 
273 127 26 32 0.9852387 
150 139 26 33 0.9849938 
465 63 25 31 0.98299086 
397 147 27 35 0.9816938 
101 200 42 51 0.9792858 
191 217 30 35 0.97841966 
235 191 30 37 0.97387314 
279 219 32 43 0.97286624 
523 93 25 32 0.97269 
725 90 32 40 0.96442354 
414 111 27 35 0.95817256 
565 199 33 44 0.95529675 
32 154 27 29 0.94974905 
0 292 41 70 0.9495395 
413 13 25 30 0.93111223 
242 164 28 35 0.90933806 
623 4 24 30 0.9014653 
447 3 26 31 0.8502385 
268 6 21 25 0.8361793 
26 77 20 24 0.8341661 
209 9 18 24 0.8235503 
242 67 25 28 0.80922675 
337 -1 21 21 0.78986454 
170 249 34 38 0.7884313 
454 44 23 30 0.78409046 
158 7 18 22 0.7840634 
75 212 26 34 0.78119045 
54 193 22 27 0.7752609 
89 42 20 25 0.7199508 
299 95 22 24 0.6900075 
47 43 20 25 0.6782546 
687 191 42 54 0.5787896 
490 5 22 26 0.5131234 
65 0 16 14 0.51244354 
217 109 24 26 0.50609756 
295 2 16 17 0.48104572 
575 195 52 68 0.4733014 
441 209 17 18 0.3255547 
285 219 48 64 0.28980985 
378 167 20 27 0.25152355 
179 77 26 28 0.22001173 
219 93 18 21 0.20560987 
1 97 24 37 0.14357658 
189 167 23 33 0.1063045 
395 -3 20 19 0.0866616 
538 156 28 41 0.07283905 
264 110 27 34 0.05839907 
176 121 22 29 0.057215746 
347 210 29 36 0.05629435 
592 176 31 39 0.05602903 
738 71 48 58 0.055265095 
142 116 27 35 0.048721656 
179 233 32 37 0.042835757 
65 141 14 17 0.03822831 
277 2 22 26 0.0378095 
335 43 22 30 0.035626616 
959 0 14 11 0.035285067 
455 53 27 34 0.03483683 
265 98 24 29 0.034758575 
687 62 24 31 0.03457621 
207 105 23 29 0.03425056 
933 194 59 88 0.03353361 
277 274 29 40 0.030961508 
578 135 27 34 0.029598152 
62 202 27 33 0.028851394 
404 130 28 36 0.0283773 
759 79 37 47 0.02474162 
304 0 18 18 0.024191124 
55 142 22 26 0.023822716 
18 293 46 68 0.023645706 
250 62 20 22 0.022552002 
675 246 25 43 0.02237265 
167 129 26 32 0.022137685 
32 139 30 33 0.020788226 
570 120 28 34 0.020752141 
557 208 47 58 0.020595748 
200 50 26 27 0.02035117 
206 60 28 31 0.020349052 
216 4 18 23 0.020222967 
