35_Basketball_basketballgame_ball_35_287
1021
304 411 8 12 0.90968627 
871 363 9 12 0.9002771 
769 387 12 15 0.89428234 
813 420 9 12 0.87185186 
199 399 9 11 0.86889046 
257 436 11 14 0.8368366 
695 415 9 11 0.8283717 
296 428 11 14 0.75690144 
686 444 9 11 0.744745 
238 429 12 15 0.74374413 
310 438 11 14 0.7278513 
216 446 10 14 0.7056058 
422 358 12 16 0.7019362 
793 360 9 11 0.6925616 
244 402 10 12 0.6890855 
951 424 10 12 0.6793574 
803 452 9 13 0.6607001 
702 402 8 10 0.65556896 
396 359 9 12 0.62572837 
715 357 7 10 0.620561 
610 411 9 12 0.59755325 
374 390 8 11 0.5936189 
891 448 10 12 0.5931854 
275 426 11 14 0.5803277 
672 400 10 13 0.57994324 
649 450 9 12 0.57344884 
802 335 9 12 0.5693407 
183 440 11 13 0.5614612 
796 425 9 11 0.50054616 
809 304 7 10 0.4752383 
662 413 8 10 0.46509212 
923 350 8 9 0.4612839 
53 367 9 12 0.4577096 
891 214 8 10 0.4448484 
933 232 10 12 0.4431372 
726 402 8 10 0.44276583 
822 366 7 9 0.44136247 
838 360 10 16 0.4244005 
929 373 9 11 0.41979408 
677 373 10 11 0.41916662 
973 453 8 11 0.41738346 
898 380 9 11 0.39455587 
932 403 9 12 0.37880734 
785 294 8 10 0.3743459 
914 365 8 10 0.36305675 
830 303 8 10 0.3630266 
1002 365 7 9 0.36246416 
1000 426 8 10 0.3295443 
631 429 10 12 0.31733838 
662 377 8 9 0.31347203 
775 358 8 11 0.3117281 
727 342 7 9 0.30849427 
929 366 10 13 0.29872933 
994 407 9 12 0.29172716 
939 295 7 9 0.27458376 
821 404 9 11 0.26916072 
635 409 8 10 0.26606014 
759 231 7 10 0.25178558 
952 382 8 10 0.25177616 
207 462 8 10 0.24710244 
686 388 8 10 0.2411171 
630 454 8 11 0.23971237 
685 337 7 9 0.23666893 
424 341 8 10 0.23377429 
733 436 11 12 0.23232462 
1007 380 8 10 0.23096168 
977 398 8 11 0.2275274 
384 373 8 10 0.2269128 
344 369 7 9 0.19920538 
725 416 9 11 0.1991824 
769 303 8 9 0.19731729 
312 302 6 9 0.19518268 
315 436 12 15 0.19332463 
760 365 9 12 0.19048902 
823 372 9 12 0.19000585 
59 384 11 15 0.18720596 
921 245 8 10 0.18653902 
984 326 10 12 0.1858811 
830 181 8 10 0.18578331 
966 375 8 10 0.1852417 
971 297 7 9 0.18292157 
914 206 8 10 0.18276665 
593 391 9 12 0.17756799 
56 311 10 14 0.17631613 
688 317 8 10 0.1734268 
375 385 9 10 0.16987284 
981 404 9 11 0.16933532 
273 396 9 12 0.16774933 
736 385 8 10 0.16411701 
845 230 7 10 0.16248561 
981 228 9 13 0.16155094 
702 344 8 10 0.15868188 
442 368 9 12 0.1571811 
847 397 11 13 0.15631692 
802 197 8 10 0.15598068 
744 372 9 11 0.1557953 
896 304 6 8 0.15403943 
725 237 8 11 0.15214887 
354 374 9 12 0.15151857 
432 396 8 11 0.15067692 
893 358 8 10 0.14880875 
900 377 9 10 0.14871798 
952 397 7 10 0.1483966 
765 372 8 10 0.14745513 
72 390 10 15 0.14700788 
366 344 8 10 0.14639604 
751 414 9 13 0.14585541 
800 219 8 11 0.1451034 
382 368 8 10 0.14363772 
788 308 11 14 0.1427541 
778 182 7 9 0.14234307 
362 357 6 9 0.14133789 
751 390 10 13 0.14108153 
783 232 7 10 0.14072748 
746 213 8 10 0.13910641 
198 460 9 12 0.1386524 
726 385 9 11 0.13785022 
19 413 14 20 0.13711819 
283 303 6 9 0.13695793 
725 231 8 11 0.13650487 
944 350 8 10 0.13590641 
447 359 7 10 0.13431601 
767 326 8 10 0.13339397 
882 421 8 11 0.13227777 
784 374 8 10 0.13209224 
949 358 8 10 0.13182935 
882 254 7 10 0.13138966 
793 350 9 11 0.1312069 
704 351 7 9 0.13050766 
262 321 6 9 0.1302884 
481 294 7 9 0.13007337 
702 221 8 10 0.12909539 
830 318 9 11 0.12879218 
351 311 8 10 0.12710625 
648 309 7 10 0.1262365 
26 329 10 14 0.12557386 
377 359 8 11 0.12543121 
816 214 8 11 0.12297181 
711 319 9 11 0.12289429 
761 326 7 10 0.12112307 
318 375 10 13 0.12057344 
856 311 8 10 0.11894499 
951 391 8 11 0.117638886 
697 324 7 10 0.11602154 
720 385 10 11 0.115903296 
917 223 8 10 0.11539016 
705 384 9 10 0.11514502 
65 303 8 10 0.113036506 
415 449 8 11 0.11292311 
886 240 7 9 0.1115433 
433 303 6 8 0.1112637 
934 213 8 10 0.11060809 
206 420 10 13 0.110266976 
617 317 7 9 0.10927103 
60 315 12 15 0.10820193 
663 206 7 9 0.108179174 
633 296 7 8 0.1077204 
846 216 8 10 0.105778486 
353 381 8 11 0.10447884 
899 188 8 10 0.103955775 
743 246 7 9 0.1033986 
520 461 11 13 0.10247227 
11 418 21 28 0.10240526 
830 230 7 9 0.10198319 
462 302 7 9 0.101975225 
969 247 9 12 0.10192173 
774 343 8 10 0.101892345 
790 304 8 11 0.10186155 
895 390 8 10 0.101124324 
993 392 8 9 0.10033601 
977 207 9 11 0.10008601 
935 207 7 9 0.09981964 
1013 431 8 10 0.099805154 
335 381 8 10 0.098472394 
686 253 7 9 0.09831835 
691 414 9 11 0.09820746 
360 390 7 10 0.09796261 
657 407 7 10 0.097956724 
828 308 11 13 0.097917356 
965 329 8 9 0.09547869 
862 207 7 10 0.095013626 
873 309 9 11 0.0947785 
945 366 9 11 0.09360703 
759 361 9 11 0.093597986 
948 223 9 11 0.093202524 
938 313 8 11 0.09170764 
895 320 9 12 0.09163894 
812 302 8 11 0.09072225 
610 436 8 11 0.09067942 
871 293 7 9 0.090671636 
781 182 8 10 0.09035077 
984 415 9 10 0.08889793 
166 428 11 14 0.08701401 
68 372 9 12 0.08700694 
888 172 8 10 0.086762615 
902 230 8 10 0.08636644 
985 374 9 11 0.08623425 
322 312 7 8 0.08615942 
784 397 10 12 0.08584758 
343 389 8 10 0.08558309 
592 368 8 11 0.08483689 
766 481 9 11 0.08432743 
954 199 8 10 0.08425408 
885 196 8 10 0.08378992 
657 216 8 9 0.083740704 
360 409 9 11 0.08308988 
751 309 7 9 0.081687935 
328 360 8 10 0.08168779 
190 455 9 10 0.08152786 
694 238 7 9 0.0810826 
304 437 10 13 0.08026259 
768 246 7 9 0.080164835 
407 386 13 16 0.08014818 
784 344 9 11 0.0801205 
345 359 6 8 0.07995186 
823 288 9 10 0.07952164 
946 409 8 10 0.07850304 
774 351 8 11 0.077578574 
590 372 8 12 0.07751828 
297 344 7 9 0.07707683 
729 318 9 10 0.07696337 
177 439 9 12 0.07642336 
973 301 8 10 0.076216884 
187 444 10 12 0.07608073 
1007 414 7 10 0.07572261 
383 349 7 9 0.075718105 
422 379 9 12 0.0753302 
610 297 6 8 0.075157404 
877 306 8 9 0.07484935 
650 406 6 8 0.07423458 
418 362 11 14 0.0738003 
882 197 7 10 0.07365707 
712 286 7 8 0.0734366 
65 367 9 12 0.07259288 
944 373 8 9 0.07223718 
319 358 7 9 0.071738355 
882 193 8 10 0.07094438 
974 390 9 12 0.0706561 
636 429 9 11 0.07061755 
957 319 8 10 0.07050223 
156 413 9 11 0.07005495 
758 257 7 8 0.07001829 
980 400 8 11 0.06998874 
978 425 8 10 0.068922505 
610 336 8 11 0.068561785 
977 311 7 9 0.06793142 
989 373 8 10 0.06711032 
773 310 9 11 0.06669036 
396 394 13 17 0.06649175 
1010 407 7 10 0.06630361 
982 424 8 10 0.0655083 
337 375 8 10 0.06544288 
351 390 8 10 0.06430229 
960 294 6 8 0.064116396 
799 192 8 11 0.064028226 
862 312 8 9 0.06368829 
904 447 8 11 0.063572116 
832 178 7 9 0.06355083 
873 305 8 10 0.06205903 
697 351 7 9 0.062009312 
997 472 9 11 0.061805032 
952 256 8 10 0.061707094 
641 215 7 9 0.061193075 
993 424 8 10 0.061185554 
777 373 8 10 0.061090704 
742 241 7 8 0.06086393 
776 247 7 9 0.060770813 
755 231 7 10 0.06076047 
863 183 8 10 0.06052058 
949 216 8 11 0.060445916 
681 389 8 10 0.06031866 
366 350 8 10 0.060292467 
61 358 9 12 0.06028413 
271 295 7 8 0.05982175 
738 247 7 9 0.05974612 
760 310 6 8 0.05964816 
940 317 8 10 0.059449524 
776 294 8 9 0.059181057 
639 293 6 9 0.059010245 
670 164 9 10 0.058847364 
637 439 9 10 0.05870772 
816 296 7 9 0.058498397 
698 344 8 10 0.05827492 
799 381 9 12 0.05816978 
433 326 7 9 0.05808193 
645 184 7 9 0.0579568 
325 311 7 9 0.057905946 
800 230 8 10 0.05786243 
777 206 7 9 0.057810828 
351 358 7 9 0.05772059 
816 447 8 11 0.05753546 
872 181 8 10 0.05750788 
746 310 7 9 0.056896977 
895 353 8 10 0.05678938 
943 345 8 10 0.05668772 
706 199 7 10 0.05654847 
778 255 7 9 0.05635579 
821 333 8 10 0.055883896 
833 363 10 14 0.055839024 
711 414 9 10 0.05516448 
920 190 7 9 0.054830525 
729 326 8 10 0.054769617 
909 164 8 10 0.054716848 
28 310 11 14 0.054673582 
896 341 8 10 0.054651838 
624 329 6 8 0.054612447 
891 304 6 8 0.054401502 
633 436 9 11 0.054300893 
195 429 10 13 0.05425387 
287 408 9 10 0.054191995 
672 429 8 11 0.054002397 
736 223 7 9 0.053682785 
279 324 7 10 0.053664718 
900 184 8 10 0.05360386 
826 317 9 11 0.053576622 
682 342 6 9 0.053470794 
592 221 7 9 0.053457566 
326 304 7 8 0.05315869 
704 389 8 10 0.053052545 
656 222 7 9 0.052903082 
751 345 8 10 0.052857444 
357 381 9 11 0.052743543 
701 325 8 9 0.052654207 
312 325 6 9 0.05259421 
806 319 8 10 0.052453943 
967 367 9 10 0.0524305 
725 368 8 11 0.05239721 
823 293 8 10 0.052245658 
895 209 7 9 0.05224136 
848 185 6 8 0.05210647 
680 384 8 9 0.051998746 
992 411 9 11 0.051361814 
194 460 9 12 0.051195975 
749 333 8 9 0.05107469 
761 238 8 9 0.05095514 
657 431 7 10 0.050910406 
441 298 6 8 0.050834972 
930 214 8 11 0.050675403 
764 419 10 13 0.050587058 
703 248 7 8 0.05037856 
919 325 8 10 0.050354753 
458 303 7 9 0.050332632 
705 321 7 9 0.049673837 
745 328 8 9 0.049575716 
845 222 8 10 0.049455658 
848 334 8 10 0.049391724 
631 301 6 9 0.049317308 
719 296 6 9 0.049261525 
274 277 7 9 0.049200516 
930 199 6 9 0.049015034 
569 447 9 11 0.048936483 
210 444 9 12 0.048885796 
842 168 7 9 0.048705317 
950 407 7 10 0.04856256 
519 294 11 15 0.048561104 
584 324 7 10 0.04850779 
609 341 7 9 0.04834467 
672 447 7 9 0.048293777 
895 337 8 10 0.048252355 
698 221 8 11 0.04807607 
854 334 7 9 0.04801887 
818 362 8 10 0.047753606 
775 365 9 12 0.047648396 
833 207 7 9 0.046932306 
729 309 8 11 0.04672983 
654 391 8 9 0.0467251 
981 311 7 8 0.046499334 
334 398 8 10 0.046462268 
903 392 8 10 0.046398938 
783 332 11 12 0.046375066 
982 213 7 9 0.046169408 
588 381 9 13 0.046041362 
657 437 8 10 0.04602276 
912 229 8 10 0.045977958 
945 206 6 8 0.04597143 
366 358 7 9 0.045915674 
769 319 8 10 0.04588698 
949 353 8 10 0.045876395 
631 449 10 12 0.045875404 
720 215 6 8 0.045822036 
716 319 9 11 0.045756824 
889 320 9 11 0.045634475 
935 200 7 9 0.045556035 
808 157 7 9 0.04542737 
357 369 9 11 0.04542392 
863 214 7 9 0.045368 
817 199 7 9 0.045324378 
918 228 7 10 0.045319702 
718 354 7 10 0.0451807 
981 429 8 10 0.045168277 
918 310 8 9 0.04512695 
382 391 8 11 0.04509806 
751 328 8 10 0.04509521 
966 214 8 9 0.044797376 
864 224 7 8 0.044586103 
624 214 7 9 0.04457953 
265 294 8 9 0.044575762 
258 325 7 9 0.044479884 
722 342 8 10 0.044470746 
872 166 6 9 0.044449594 
898 248 6 8 0.044322155 
943 301 7 9 0.04420961 
726 174 7 9 0.044148926 
713 215 6 9 0.04401254 
418 325 7 10 0.043970346 
700 414 9 12 0.043673553 
726 182 7 10 0.04358577 
621 317 7 10 0.043367192 
934 224 8 11 0.04334949 
338 303 6 8 0.04318827 
464 298 6 8 0.043181885 
581 405 10 14 0.042954795 
880 263 7 8 0.042941045 
857 215 7 9 0.042900514 
378 364 8 11 0.042839944 
816 381 9 11 0.042827006 
958 310 8 11 0.042737998 
623 239 6 9 0.042736035 
648 306 7 8 0.04269942 
816 209 7 9 0.04264103 
745 320 7 9 0.04243732 
286 414 9 11 0.042254757 
991 348 8 10 0.04222271 
721 372 9 10 0.04199062 
679 414 8 10 0.041945122 
889 353 8 10 0.041871026 
444 372 9 11 0.041845262 
976 382 10 11 0.041830298 
688 486 10 12 0.04182875 
346 313 8 9 0.04174669 
831 296 7 9 0.041663997 
978 224 9 12 0.041456647 
774 326 8 10 0.041416313 
752 437 10 12 0.041360833 
945 391 9 11 0.041239463 
614 301 7 9 0.041232437 
386 324 7 10 0.04122083 
425 391 10 13 0.041005086 
888 223 8 10 0.0409475 
293 446 10 14 0.040894784 
864 190 7 9 0.040808894 
769 358 8 10 0.04076701 
540 522 16 17 0.040680576 
799 375 9 11 0.040648956 
56 360 10 13 0.040634748 
989 332 8 10 0.040588245 
938 301 6 9 0.040462334 
920 392 8 10 0.040427182 
784 392 8 11 0.040411588 
592 298 7 8 0.040386055 
903 198 7 10 0.04038072 
822 223 8 9 0.040364277 
782 359 9 11 0.04031224 
307 271 7 9 0.040163316 
296 327 7 8 0.040050346 
890 390 9 11 0.04001009 
648 318 7 10 0.03995677 
550 446 8 11 0.039918378 
855 304 7 8 0.0399099 
343 317 7 10 0.039860822 
952 204 8 11 0.039825734 
191 414 9 10 0.03978474 
430 430 8 11 0.03977948 
401 313 7 8 0.039759073 
313 298 7 10 0.039734434 
640 198 7 9 0.03969711 
20 351 9 12 0.03969636 
781 428 10 12 0.039604187 
320 354 7 8 0.03949235 
903 206 7 9 0.03942651 
575 311 6 9 0.039411522 
374 395 8 11 0.03920528 
727 337 9 10 0.03904828 
440 301 7 10 0.039044973 
414 305 7 9 0.038939167 
697 248 7 8 0.03881317 
888 367 8 9 0.03881098 
281 351 8 9 0.03870808 
791 345 8 10 0.038539577 
997 398 8 11 0.038354743 
208 439 9 13 0.038325645 
994 429 9 10 0.038272273 
408 310 7 9 0.03825373 
817 398 10 13 0.03824901 
704 255 6 9 0.038244054 
648 424 8 9 0.03822156 
760 176 6 9 0.038185697 
770 351 7 9 0.038181525 
871 316 7 10 0.038108174 
817 287 8 10 0.038089246 
655 400 8 10 0.037897903 
353 295 6 8 0.037889555 
1014 436 8 11 0.037858516 
830 286 8 10 0.037823126 
415 380 11 15 0.0378151 
999 413 9 10 0.03774969 
790 376 8 10 0.037716147 
271 403 10 13 0.037686583 
640 290 6 8 0.037548188 
952 304 7 9 0.037535034 
898 256 7 9 0.03747834 
745 397 9 11 0.037475076 
909 448 9 11 0.03746999 
742 183 7 9 0.03732096 
959 290 7 8 0.03716025 
690 351 7 9 0.037141524 
689 422 8 10 0.03712387 
750 209 8 10 0.03708135 
757 397 9 12 0.0370177 
929 235 8 11 0.036992364 
337 390 8 10 0.036927275 
816 327 9 11 0.036885664 
329 381 8 10 0.036823902 
757 438 10 13 0.036718197 
427 363 10 14 0.036709525 
927 445 8 10 0.036691032 
729 224 7 9 0.036427733 
773 317 8 10 0.03641846 
609 247 7 9 0.03641504 
610 302 6 8 0.036411297 
897 239 8 9 0.036330372 
967 359 8 10 0.036311816 
687 430 7 10 0.036139306 
338 352 6 8 0.03609328 
778 215 7 9 0.03608318 
757 390 10 13 0.035913065 
968 208 9 10 0.035895575 
792 381 9 11 0.035870902 
872 206 8 10 0.035867486 
942 160 7 9 0.03586067 
847 308 8 12 0.035860658 
231 326 6 9 0.03580716 
280 297 7 9 0.035797324 
69 380 12 16 0.035744283 
769 309 9 11 0.03574378 
921 334 7 10 0.03568861 
903 351 7 9 0.035628643 
615 224 6 8 0.035610892 
829 372 9 13 0.03556088 
695 233 8 10 0.03551564 
807 230 8 9 0.035481878 
682 441 8 11 0.035427462 
297 350 7 9 0.035354376 
655 321 7 10 0.035318125 
665 202 6 8 0.035290506 
817 374 9 12 0.035231728 
912 374 8 9 0.035179637 
945 334 7 9 0.035125908 
698 405 9 12 0.035055332 
863 200 7 9 0.035050392 
482 207 7 10 0.035040382 
719 302 7 9 0.034904264 
857 183 7 10 0.03487615 
335 359 7 9 0.034822542 
840 308 9 11 0.03478068 
902 438 8 11 0.034754865 
817 221 8 10 0.03475335 
1 323 8 15 0.03460265 
872 176 8 10 0.03459758 
679 430 8 10 0.034533523 
193 424 9 11 0.034501776 
377 351 8 10 0.03442763 
683 254 7 9 0.034425657 
479 303 8 11 0.034407597 
751 384 9 11 0.034376305 
305 326 7 8 0.03436282 
903 262 7 9 0.034302223 
752 407 10 13 0.03424428 
898 230 7 10 0.034036938 
882 248 7 10 0.034025233 
337 414 9 11 0.03394911 
303 350 7 8 0.033945974 
314 375 9 11 0.03392382 
1006 423 9 11 0.03386305 
640 208 7 8 0.033752594 
383 345 8 9 0.0336961 
872 224 8 10 0.033616636 
648 289 6 8 0.033565797 
0 405 8 13 0.033558343 
649 402 7 9 0.033505958 
912 215 8 9 0.033425797 
1003 380 8 11 0.033412438 
757 414 12 15 0.03332725 
760 305 7 9 0.033326805 
775 335 8 10 0.03332556 
839 367 11 16 0.033303417 
1006 358 8 12 0.033170287 
790 390 9 10 0.033149373 
85 311 8 10 0.03309841 
322 304 7 9 0.03305086 
711 282 7 8 0.0330318 
762 248 6 8 0.032997433 
906 452 8 11 0.032962043 
313 352 7 10 0.032958593 
888 229 7 10 0.03292867 
673 440 7 10 0.032886982 
658 382 8 10 0.032838456 
842 216 8 10 0.0328172 
944 327 6 9 0.03274441 
848 329 8 10 0.03271057 
872 351 8 10 0.032689445 
865 294 8 9 0.032668192 
913 305 7 9 0.032661837 
823 199 7 9 0.032645494 
802 318 8 10 0.032612707 
342 385 9 10 0.032485303 
585 321 7 9 0.03246054 
613 339 8 11 0.03241362 
625 423 8 10 0.032412216 
967 223 7 9 0.03238505 
984 349 8 10 0.03237086 
412 483 23 32 0.032369446 
274 487 8 11 0.03236673 
810 416 10 13 0.032356255 
289 445 9 13 0.032321855 
914 183 7 9 0.032303434 
928 320 7 9 0.032218676 
599 302 6 9 0.03217249 
300 455 10 13 0.03216274 
790 287 7 10 0.032049883 
896 309 8 9 0.03203817 
864 168 6 8 0.03195948 
966 430 8 10 0.03195925 
997 461 9 11 0.031947225 
738 183 7 9 0.031905618 
786 302 8 11 0.03187689 
919 215 7 9 0.03182166 
898 262 7 9 0.031770524 
808 207 7 9 0.0316335 
561 300 8 10 0.031615775 
921 446 8 10 0.031559628 
576 410 10 13 0.03150542 
649 255 8 10 0.03150123 
446 304 7 10 0.03148428 
928 380 8 10 0.031483702 
863 230 7 10 0.031336956 
344 352 7 9 0.03130654 
943 228 9 12 0.031291053 
313 321 7 9 0.031285778 
953 181 7 9 0.031271275 
297 452 10 13 0.031206299 
981 382 8 10 0.031022811 
344 398 9 10 0.030950453 
592 351 7 9 0.030938685 
690 239 8 9 0.030935593 
977 326 8 10 0.030935023 
350 397 7 10 0.030915843 
526 391 8 11 0.03085281 
912 416 8 11 0.030825444 
917 319 9 11 0.030771483 
601 345 7 8 0.030754436 
369 384 9 11 0.030705823 
760 321 8 9 0.030603614 
937 336 7 8 0.030548198 
543 292 15 19 0.030524258 
294 359 8 9 0.030521464 
816 175 7 9 0.03049884 
706 281 7 9 0.030497195 
782 422 10 13 0.03047929 
994 476 8 11 0.030360496 
616 328 7 9 0.030355267 
754 261 7 9 0.03031019 
493 349 11 14 0.030256901 
969 318 8 9 0.030221391 
733 318 8 9 0.030156406 
785 288 9 11 0.029883321 
718 326 8 9 0.029821148 
873 160 7 8 0.02980861 
410 305 7 9 0.02973155 
647 214 7 9 0.029702691 
789 406 10 11 0.02969826 
345 327 6 9 0.029688112 
257 273 7 9 0.029647408 
69 318 10 13 0.029539237 
706 286 6 9 0.029524844 
1009 302 10 12 0.029490616 
913 420 9 11 0.029183196 
330 364 8 10 0.029145487 
777 224 7 8 0.029108258 
743 389 9 12 0.02902626 
663 439 7 9 0.029001758 
879 207 7 9 0.028971639 
807 351 8 11 0.02896841 
895 174 8 9 0.028950911 
759 182 6 8 0.028931597 
929 360 8 10 0.028906671 
288 438 9 11 0.028883917 
741 437 9 11 0.028855857 
925 346 8 10 0.028778682 
902 237 8 9 0.028765103 
863 175 7 9 0.028743677 
600 350 7 8 0.028696908 
754 176 7 9 0.028670598 
770 184 7 9 0.028648412 
181 405 10 12 0.028579894 
880 159 7 9 0.028541561 
959 456 8 9 0.028518464 
873 229 8 10 0.028493857 
351 352 8 10 0.02848792 
296 320 6 8 0.028481243 
768 437 10 14 0.02836615 
816 390 10 13 0.02835728 
912 175 8 9 0.028355058 
993 263 8 10 0.028323876 
439 326 7 10 0.028315492 
721 183 8 9 0.028300498 
737 367 9 12 0.028283667 
737 230 7 10 0.028222727 
840 191 7 9 0.028175207 
722 247 7 9 0.028151656 
385 396 8 11 0.028132165 
954 310 8 10 0.028121885 
710 199 7 9 0.028017797 
754 182 6 9 0.028002596 
820 216 9 11 0.027998129 
768 190 7 9 0.027996488 
886 246 7 10 0.027953919 
776 240 7 9 0.027948476 
247 293 7 10 0.02792757 
951 335 7 8 0.027921338 
557 310 8 10 0.027874151 
712 390 7 9 0.027811103 
704 173 8 10 0.027743606 
985 345 9 11 0.027705565 
815 230 7 9 0.027698966 
958 175 7 9 0.027658869 
571 312 7 10 0.027648859 
950 375 9 11 0.02747111 
970 390 9 11 0.027393214 
942 164 8 10 0.02737952 
917 360 9 11 0.027366128 
696 374 7 9 0.02735297 
661 214 8 11 0.027350014 
784 404 10 12 0.027342463 
314 358 7 9 0.02730485 
918 305 6 8 0.027285637 
782 453 7 10 0.027238043 
634 225 7 9 0.027219212 
846 168 7 9 0.02715424 
712 223 7 9 0.02714043 
775 263 6 8 0.027138358 
662 431 8 11 0.027025038 
993 270 8 11 0.026984036 
857 169 7 8 0.026931223 
1013 319 9 12 0.026902163 
871 345 8 9 0.026886966 
796 364 9 11 0.02680388 
969 311 8 10 0.02678436 
879 224 8 10 0.026776582 
29 410 12 17 0.026743615 
303 443 10 13 0.026735654 
856 190 8 9 0.026728848 
782 177 7 9 0.026722103 
1013 334 9 14 0.026679292 
720 208 7 9 0.026643416 
770 342 8 11 0.026573397 
957 381 9 12 0.026571047 
935 383 8 9 0.026510052 
799 479 9 12 0.026509289 
721 199 6 9 0.026495054 
390 322 7 9 0.026493218 
976 376 8 10 0.026479397 
425 312 7 8 0.026472175 
1013 189 9 16 0.02647165 
422 352 11 15 0.0264679 
566 301 6 9 0.026382174 
382 380 8 11 0.02636678 
816 168 7 9 0.026366772 
957 391 9 10 0.026347326 
760 167 6 9 0.026284864 
809 175 8 9 0.026265422 
683 249 7 9 0.026226247 
3 292 10 17 0.026199196 
736 216 7 9 0.026105285 
353 305 7 9 0.026084088 
313 343 7 8 0.026059516 
729 216 6 8 0.026053594 
671 479 8 10 0.026029851 
910 257 7 9 0.025992438 
338 320 7 9 0.025974227 
962 223 7 10 0.02597371 
679 271 7 9 0.02594381 
665 446 8 11 0.025832316 
593 184 8 10 0.025824144 
920 375 8 10 0.02559413 
721 418 10 12 0.025561966 
411 393 11 15 0.025557814 
879 183 7 9 0.02553418 
737 207 7 9 0.025497215 
535 216 6 9 0.025485769 
638 224 7 9 0.025472734 
792 441 8 11 0.025471011 
798 167 8 10 0.025442202 
854 329 8 9 0.025341026 
678 351 7 10 0.025325153 
919 414 7 10 0.025311247 
1014 423 9 12 0.025308492 
946 396 9 11 0.025198547 
839 199 7 9 0.025194423 
344 295 7 8 0.025190523 
288 326 7 9 0.025145566 
0 418 12 18 0.025127413 
230 335 8 10 0.025121132 
353 368 8 11 0.025098827 
639 279 7 9 0.025094429 
776 188 8 10 0.025088178 
303 345 6 9 0.025086718 
705 166 8 10 0.025057163 
937 192 7 9 0.025056684 
634 288 6 9 0.025034646 
993 455 9 11 0.025033204 
914 191 7 9 0.02499988 
967 380 9 11 0.02494103 
751 365 9 12 0.024910724 
984 320 9 11 0.02487357 
752 248 6 8 0.024845332 
991 368 9 10 0.024829524 
759 350 8 10 0.024774946 
286 351 7 10 0.024763623 
649 430 7 9 0.024758754 
312 337 7 8 0.024742283 
277 495 10 12 0.024715493 
799 184 7 9 0.024689868 
815 320 8 10 0.024633588 
752 192 7 8 0.024630023 
767 240 7 10 0.024627887 
447 327 7 9 0.024625752 
839 173 7 10 0.024598958 
273 325 8 10 0.024592593 
610 223 7 8 0.02457303 
302 367 8 10 0.02455411 
770 263 7 9 0.024545407 
888 375 7 9 0.02448639 
904 256 7 9 0.024451895 
966 489 8 9 0.024448063 
998 392 8 10 0.02442101 
633 280 7 9 0.024419058 
198 422 10 13 0.024405912 
718 431 10 12 0.024343906 
952 463 7 9 0.024240026 
982 390 8 10 0.02423361 
898 199 7 9 0.024223058 
936 390 8 10 0.024218628 
848 304 8 10 0.024175052 
329 398 9 12 0.024174364 
744 359 8 10 0.024151973 
328 278 7 9 0.02414985 
722 192 6 9 0.024128027 
418 341 8 11 0.024108697 
951 415 9 10 0.02408423 
938 325 7 9 0.024051817 
86 316 8 11 0.024042374 
673 392 9 10 0.024039144 
687 374 7 9 0.024016107 
959 181 8 10 0.023995792 
198 437 10 13 0.023957813 
1 427 10 16 0.023880437 
779 231 7 9 0.023832144 
800 158 7 9 0.023832053 
904 224 7 10 0.023793563 
969 240 8 10 0.023780392 
477 190 7 9 0.02376078 
882 166 8 10 0.023746733 
894 169 8 9 0.023670973 
785 380 8 11 0.023640933 
768 169 6 8 0.023631757 
857 175 7 8 0.023623632 
848 190 7 9 0.023618668 
833 199 7 10 0.023578826 
625 428 10 12 0.0235609 
370 367 7 10 0.023525504 
880 376 8 10 0.023495335 
726 246 7 9 0.023487186 
207 469 8 10 0.023486782 
186 451 9 12 0.023391109 
745 344 7 10 0.023390638 
937 344 8 10 0.023387564 
231 321 6 10 0.023346635 
1013 406 8 10 0.023343453 
295 336 7 9 0.023340583 
960 408 7 9 0.023294454 
392 391 10 14 0.023271902 
769 296 7 10 0.023265308 
388 373 10 13 0.023236904 
744 190 7 9 0.023218874 
866 288 8 10 0.023187386 
263 504 9 11 0.023180919 
966 230 8 10 0.023175042 
757 405 9 12 0.023166923 
729 351 6 8 0.023129912 
287 310 7 9 0.023097578 
741 384 9 11 0.023077445 
634 229 7 9 0.02307279 
913 309 8 10 0.023038868 
903 175 8 9 0.023031378 
1014 461 8 13 0.02302175 
881 175 7 10 0.022956237 
446 309 7 10 0.022953885 
681 264 6 9 0.022935644 
350 329 7 9 0.022933645 
878 381 8 11 0.022921646 
734 305 8 10 0.022898896 
1009 319 9 11 0.022842215 
633 207 6 9 0.022842152 
962 214 8 10 0.022835733 
855 344 8 10 0.022831513 
928 192 7 9 0.022824401 
72 324 10 11 0.022806078 
808 358 8 10 0.022790419 
959 193 8 10 0.022770772 
289 343 6 9 0.022697495 
657 287 6 8 0.022659589 
442 360 8 11 0.022646902 
245 434 11 14 0.02263372 
905 397 8 10 0.022629833 
417 371 10 14 0.022628957 
769 207 8 9 0.022622468 
548 299 11 15 0.02256938 
929 223 8 9 0.022568488 
676 569 18 21 0.022551898 
904 358 7 10 0.022537945 
917 422 8 11 0.02252342 
78 326 10 12 0.022467325 
6 425 16 23 0.022426283 
591 358 8 10 0.022402665 
1002 375 9 11 0.022392347 
791 415 9 11 0.02235602 
736 352 7 9 0.022341883 
375 319 7 8 0.022319404 
225 336 9 9 0.022312451 
705 184 6 9 0.022301937 
274 493 9 12 0.02227777 
930 207 8 10 0.022268351 
648 414 8 10 0.022219563 
616 200 7 9 0.022138475 
711 313 8 10 0.022125944 
865 344 7 9 0.022119498 
958 205 8 10 0.022089945 
768 174 6 9 0.02199579 
904 407 8 11 0.021985766 
744 200 7 8 0.021975337 
793 167 8 10 0.021946372 
634 359 7 9 0.021918748 
689 325 8 10 0.02191487 
775 289 8 9 0.02191463 
879 229 8 10 0.021910574 
720 336 9 10 0.021872032 
768 333 9 11 0.021861563 
328 320 7 9 0.021851955 
696 389 8 10 0.021784311 
378 375 8 10 0.021780258 
720 223 7 9 0.021715173 
816 452 9 12 0.021703277 
290 336 7 9 0.021703199 
808 215 8 10 0.021673705 
847 343 9 11 0.021653213 
391 381 8 11 0.021649882 
935 413 8 11 0.02163565 
887 160 8 8 0.021635268 
712 183 7 9 0.021632422 
744 447 10 13 0.021573393 
225 340 8 10 0.02157105 
329 325 7 9 0.021508588 
704 357 7 10 0.021485282 
970 449 9 11 0.021455683 
782 207 8 10 0.02143293 
370 396 8 10 0.021408968 
626 302 7 9 0.021377254 
914 324 8 10 0.021262389 
617 230 7 8 0.021250585 
777 201 7 9 0.021233326 
867 360 10 12 0.021223366 
954 176 8 10 0.021151943 
369 373 8 10 0.021141231 
1012 340 11 16 0.02111623 
1015 391 8 11 0.021086514 
703 461 8 12 0.021085244 
762 484 9 12 0.021019425 
745 350 7 10 0.02101899 
743 176 7 9 0.021016337 
917 430 8 12 0.02100653 
736 166 7 9 0.020975474 
975 318 8 9 0.020947669 
751 320 7 9 0.020916289 
919 174 7 9 0.020899132 
336 325 7 9 0.020896437 
782 215 7 8 0.020892525 
848 208 6 9 0.020846842 
697 255 7 9 0.020817753 
727 169 7 8 0.020739947 
688 368 7 9 0.02073802 
199 470 9 10 0.020717392 
957 427 9 11 0.020706596 
841 184 7 9 0.020689566 
681 174 8 10 0.020684982 
993 277 8 11 0.020629961 
430 341 8 10 0.020619458 
834 355 18 25 0.02059878 
336 344 7 9 0.020591771 
641 190 8 10 0.020575527 
816 158 7 9 0.02055359 
343 288 7 9 0.020531138 
714 295 7 9 0.020524375 
960 414 8 10 0.020520313 
671 412 9 11 0.02049625 
944 201 7 9 0.020460563 
633 246 7 9 0.020442812 
873 199 6 9 0.020435635 
319 343 7 8 0.02040638 
265 342 7 9 0.020393401 
728 199 7 9 0.020380277 
712 231 7 8 0.020373905 
368 263 8 9 0.020340918 
1 307 8 15 0.020276202 
1014 468 9 12 0.020262264 
458 296 7 9 0.020260975 
625 297 7 9 0.020222904 
742 223 8 10 0.020151645 
657 191 7 9 0.0201275 
761 198 7 10 0.020060936 
766 232 7 9 0.02003884 
