35_Basketball_playingbasketball_35_876
130
460 102 83 123 0.99852306 
63 102 77 108 0.99230534 
710 501 22 29 0.98795915 
656 502 24 30 0.9805797 
980 518 22 28 0.975894 
731 524 23 29 0.9715414 
772 499 21 27 0.9713377 
887 513 21 27 0.969465 
263 529 23 31 0.9679851 
801 505 22 27 0.9639244 
882 403 19 24 0.95551646 
930 451 17 21 0.9531874 
856 486 21 25 0.95035845 
207 527 22 28 0.9487415 
965 344 17 22 0.9438029 
924 490 16 22 0.9430352 
931 415 17 21 0.9427542 
889 320 18 22 0.9357094 
956 506 20 24 0.9338585 
930 519 19 24 0.93301165 
954 315 16 19 0.92750883 
896 460 20 26 0.9247018 
963 447 17 22 0.9226385 
866 447 19 23 0.9215014 
849 423 18 23 0.9076689 
135 464 18 22 0.83760965 
818 448 17 21 0.8065658 
210 488 20 24 0.805764 
952 400 17 21 0.7958238 
622 404 19 25 0.78806305 
90 466 17 22 0.7405971 
156 480 20 27 0.7228774 
233 179 12 16 0.71031326 
104 476 18 21 0.7066875 
991 432 18 22 0.69299495 
825 477 18 23 0.6839986 
1001 416 17 21 0.6813967 
816 257 14 18 0.6661515 
678 180 14 18 0.6378377 
864 266 14 17 0.60209024 
995 380 15 18 0.5388365 
209 240 15 19 0.53547657 
723 181 14 18 0.5341289 
235 227 13 17 0.51176846 
724 229 14 18 0.5106224 
908 269 14 17 0.49629113 
1009 504 15 25 0.4448273 
914 430 17 20 0.4440894 
257 204 12 16 0.42909926 
791 491 17 21 0.40502706 
334 72 13 16 0.40419695 
329 150 12 17 0.4000375 
716 252 14 18 0.3985256 
812 291 14 16 0.36309603 
844 315 14 18 0.31172585 
287 82 13 16 0.30569333 
731 318 14 19 0.2918141 
665 260 11 14 0.27282605 
268 475 16 19 0.2601358 
280 143 12 15 0.25222972 
945 220 15 19 0.25024852 
299 231 13 17 0.2414073 
284 176 13 17 0.21796241 
285 493 18 22 0.19673602 
999 179 12 16 0.19484551 
244 81 11 15 0.19275957 
982 220 12 16 0.17913598 
954 149 13 18 0.17196704 
632 187 13 17 0.14551994 
945 341 15 20 0.1299957 
949 450 12 16 0.10264556 
684 229 14 18 0.10042299 
770 246 13 17 0.10000377 
986 464 16 20 0.09784514 
836 460 15 19 0.08765606 
888 494 20 23 0.083977945 
1008 341 13 18 0.07905636 
967 178 14 16 0.07503106 
1002 553 16 20 0.07338145 
980 259 14 17 0.07324288 
768 186 12 15 0.07258847 
814 312 16 21 0.07052813 
1007 482 16 21 0.069867805 
778 320 14 19 0.068116896 
702 280 13 16 0.063314304 
190 159 11 14 0.06022413 
934 227 11 15 0.056352902 
587 179 11 14 0.0562017 
801 521 22 27 0.055316556 
740 486 16 20 0.052451506 
299 198 13 15 0.051749483 
787 159 13 16 0.045277413 
920 423 19 24 0.04453916 
772 278 14 20 0.042625792 
773 471 18 21 0.042137913 
313 553 16 19 0.041262146 
843 342 17 21 0.039646916 
956 200 12 16 0.03954104 
785 229 17 20 0.03835793 
957 220 12 15 0.038199913 
926 291 14 17 0.035810377 
169 482 15 19 0.035677325 
936 181 12 14 0.03554687 
779 206 13 16 0.03492203 
718 281 15 19 0.034215454 
98 504 20 26 0.032817274 
1006 353 15 20 0.032384995 
144 472 22 28 0.03116903 
971 513 21 28 0.031155383 
955 430 15 17 0.029478371 
679 282 13 16 0.029159548 
829 468 16 21 0.028002601 
300 576 20 26 0.026294047 
782 182 14 19 0.025633462 
757 205 13 17 0.025207423 
767 259 13 17 0.024467088 
286 576 22 27 0.024421737 
198 86 26 31 0.023955734 
825 454 19 24 0.023830915 
850 364 14 16 0.023816086 
93 471 23 27 0.023523469 
1011 333 13 17 0.023295438 
174 584 16 22 0.022976074 
723 189 15 19 0.021980388 
210 477 19 22 0.021839714 
299 207 14 18 0.021382995 
926 395 16 18 0.021349816 
358 528 16 20 0.021226408 
214 202 14 18 0.020838348 
240 198 12 14 0.020807227 
