35_Basketball_basketballgame_ball_35_565
890
785 471 25 35 0.9890181 
881 354 21 28 0.9835666 
702 388 21 27 0.9821921 
867 432 22 29 0.9797376 
578 425 17 21 0.978966 
899 290 16 23 0.9777999 
532 448 17 23 0.9714886 
224 448 12 21 0.9617888 
940 233 14 19 0.9576268 
876 460 21 30 0.9532022 
516 433 15 20 0.94931114 
798 333 15 21 0.94840497 
800 427 22 28 0.94687533 
613 343 15 18 0.9445849 
687 309 12 15 0.93813163 
964 283 17 23 0.93464106 
803 259 13 17 0.93333614 
869 217 13 17 0.92616796 
541 326 12 15 0.91662276 
138 452 14 17 0.9115693 
828 227 12 16 0.90515393 
567 310 11 14 0.8966244 
780 382 21 29 0.87645835 
708 312 13 17 0.8564553 
592 474 18 25 0.84991986 
847 179 9 12 0.84706146 
639 225 8 10 0.8441902 
443 415 13 16 0.8428088 
605 429 15 21 0.8364666 
646 326 12 15 0.83033484 
763 250 11 15 0.8299741 
948 352 21 30 0.82689106 
317 422 12 16 0.8174273 
404 416 12 14 0.81182647 
910 234 11 14 0.8075119 
174 458 14 16 0.798199 
649 348 12 16 0.7956137 
785 187 9 12 0.7934126 
659 307 13 15 0.79256845 
444 371 10 13 0.7909831 
827 385 18 25 0.78882265 
278 460 13 20 0.7827367 
914 253 13 16 0.7685354 
632 269 10 13 0.756653 
793 316 15 19 0.7446248 
502 370 11 14 0.7439628 
858 252 13 16 0.73467976 
160 392 7 9 0.7268797 
256 457 18 23 0.70835865 
788 231 10 14 0.7036664 
552 435 14 19 0.6839983 
520 338 11 14 0.6802832 
926 389 19 27 0.67552483 
128 429 11 14 0.66575694 
670 328 11 14 0.65628177 
197 455 13 18 0.64428294 
816 276 14 17 0.64047503 
710 246 12 16 0.6265873 
722 290 12 15 0.6222768 
978 266 14 17 0.6136935 
732 309 14 18 0.60329956 
879 173 9 12 0.60181767 
196 430 10 12 0.5904862 
660 290 12 15 0.57945555 
841 278 12 14 0.5732739 
956 246 13 16 0.5665972 
425 453 10 14 0.5593698 
400 341 9 11 0.5462894 
672 263 11 14 0.54085916 
383 410 11 15 0.5277533 
206 414 8 10 0.52319956 
717 249 11 14 0.50296795 
471 380 12 14 0.49471045 
979 145 11 15 0.48512858 
339 359 9 12 0.47717288 
320 365 7 10 0.47565907 
377 345 9 11 0.46304563 
776 265 12 15 0.460051 
702 209 9 11 0.4553824 
704 247 11 15 0.44686443 
491 398 13 17 0.44368926 
241 398 8 10 0.44047982 
333 376 8 10 0.4345696 
548 284 9 11 0.42593414 
617 298 11 14 0.41837034 
437 342 9 12 0.41503713 
419 339 10 12 0.40581357 
1008 195 11 14 0.40444696 
516 357 11 13 0.39001843 
470 447 15 19 0.38815963 
661 256 10 12 0.38748553 
975 194 13 15 0.3873749 
115 424 8 11 0.37296546 
868 474 25 35 0.363342 
665 221 8 10 0.35114637 
528 293 8 10 0.35091025 
313 351 7 9 0.34818664 
889 250 11 14 0.33550075 
503 425 13 15 0.33070928 
118 390 8 10 0.32965362 
383 391 11 13 0.32909778 
100 443 12 14 0.31995097 
458 311 8 10 0.318959 
78 403 9 12 0.31576157 
464 348 9 11 0.31321847 
13 389 7 10 0.31075132 
101 452 12 16 0.31063837 
500 295 10 13 0.30961186 
455 389 9 13 0.3054587 
382 345 8 11 0.30238444 
581 263 10 12 0.30154848 
493 354 10 13 0.30060574 
174 388 9 11 0.29509494 
547 370 12 15 0.29171222 
390 309 7 9 0.29100704 
576 244 10 12 0.28489134 
37 435 9 11 0.27352092 
616 229 9 11 0.27194935 
879 238 11 14 0.26897687 
706 484 22 25 0.2643446 
703 352 16 19 0.26361486 
199 391 8 10 0.2591821 
83 493 13 16 0.25812662 
754 298 13 17 0.2539653 
871 512 25 29 0.24837644 
493 327 9 13 0.24048576 
662 277 11 12 0.23616093 
448 288 7 9 0.22994189 
671 228 9 11 0.22112739 
470 356 9 12 0.21767779 
994 198 9 13 0.21760808 
109 447 11 14 0.2169543 
605 222 8 11 0.21159369 
818 213 10 13 0.21132936 
287 343 7 9 0.21112938 
413 317 8 10 0.21016593 
353 351 7 10 0.20873804 
245 384 9 12 0.20846814 
389 454 11 15 0.20771103 
684 220 10 12 0.20472635 
56 421 10 13 0.19628079 
182 366 8 10 0.19281134 
871 443 25 32 0.18949252 
184 389 8 10 0.18478724 
752 190 8 11 0.18429731 
668 369 17 24 0.18173715 
237 414 9 11 0.17541195 
378 327 7 10 0.17208216 
859 270 12 16 0.17172633 
760 465 17 22 0.17018206 
225 375 8 9 0.16866972 
915 162 12 16 0.16853929 
217 406 7 10 0.16847742 
530 254 8 9 0.1615565 
255 368 8 10 0.16139945 
503 309 8 11 0.16088982 
364 367 10 11 0.16081378 
362 333 8 10 0.15670483 
724 278 12 15 0.15355194 
426 318 9 12 0.1520905 
392 484 12 15 0.15202081 
15 420 8 10 0.15181267 
726 228 10 14 0.15157898 
307 471 10 12 0.15041947 
563 347 13 16 0.15038753 
951 244 12 17 0.14935829 
140 477 10 14 0.1471287 
267 459 14 21 0.1426393 
216 431 9 11 0.14201117 
856 197 11 13 0.14153399 
591 221 9 10 0.1410488 
534 288 8 11 0.13908456 
948 157 10 12 0.13763987 
684 254 9 12 0.13675502 
242 390 9 11 0.1362727 
200 382 8 10 0.1362491 
481 295 8 10 0.13608181 
572 470 14 21 0.13356537 
101 476 11 14 0.13276598 
469 317 8 10 0.1313013 
475 280 7 9 0.13119474 
71 436 11 12 0.13082828 
543 347 13 15 0.1299595 
599 261 10 13 0.12939353 
399 337 8 11 0.12833828 
779 345 14 19 0.12794164 
230 375 7 9 0.12719211 
668 223 10 12 0.12561081 
849 434 15 23 0.12541407 
495 264 7 8 0.12531318 
386 278 8 10 0.12512913 
190 413 8 10 0.1249653 
294 399 9 12 0.12385909 
132 433 11 14 0.120230705 
305 373 8 9 0.119298056 
1004 143 12 14 0.11928165 
749 284 10 12 0.11896956 
362 373 9 12 0.11895775 
433 272 7 8 0.11826959 
511 284 8 11 0.11823114 
925 288 16 20 0.11799728 
613 318 12 15 0.1165399 
465 317 8 11 0.116395995 
55 401 8 9 0.116029024 
434 304 7 8 0.11600499 
358 357 8 10 0.11581937 
407 388 9 13 0.11570931 
498 270 8 9 0.11438815 
73 404 8 12 0.11426598 
617 280 10 12 0.11391553 
240 366 7 9 0.11088728 
504 256 6 8 0.108845145 
524 317 10 13 0.10811389 
391 342 8 9 0.10484582 
673 244 9 11 0.10443673 
956 205 10 13 0.10392602 
589 232 9 12 0.103157766 
388 396 11 13 0.10224095 
472 312 8 10 0.0992748 
114 392 8 11 0.099072844 
661 236 9 12 0.09886398 
390 278 7 9 0.09858114 
361 328 8 10 0.09810869 
452 446 12 17 0.09761984 
200 375 8 11 0.09676854 
236 456 12 17 0.09451794 
677 246 9 11 0.092178844 
242 343 7 9 0.091937155 
182 372 8 11 0.09131367 
271 398 8 11 0.090645455 
278 374 8 11 0.090273656 
229 453 13 19 0.08997471 
446 426 12 16 0.089048445 
700 292 10 13 0.088861585 
558 182 7 9 0.088716574 
50 405 7 10 0.08868994 
356 412 10 12 0.08791847 
667 293 12 14 0.08781369 
997 255 11 14 0.087718464 
1012 278 12 18 0.08739106 
943 110 7 9 0.086710066 
407 293 7 9 0.086682014 
298 335 7 9 0.08634535 
95 406 8 10 0.08628846 
545 246 7 10 0.08613903 
87 405 8 11 0.08602785 
689 270 10 14 0.08577273 
438 347 10 12 0.08541569 
0 420 7 10 0.08529922 
64 412 8 11 0.08502996 
55 415 10 12 0.08500847 
322 334 7 9 0.08481751 
904 213 10 12 0.0845045 
595 342 11 15 0.0842486 
637 303 9 12 0.0838474 
473 302 7 9 0.08377344 
426 324 8 10 0.08342108 
494 284 8 10 0.08255693 
273 367 7 10 0.080916524 
930 283 14 18 0.079947576 
247 342 7 10 0.079300135 
426 312 7 9 0.07892821 
831 257 12 15 0.07746567 
512 256 7 9 0.077262595 
354 321 7 9 0.07644107 
455 294 6 9 0.076039955 
606 259 10 14 0.075691745 
524 431 14 17 0.07554908 
249 412 9 11 0.07427596 
326 333 7 10 0.07423311 
352 326 7 9 0.0737286 
868 493 14 20 0.073695175 
561 356 11 14 0.07279991 
208 435 10 13 0.072781555 
328 399 8 11 0.072409585 
350 262 7 10 0.072261095 
393 336 7 9 0.07149674 
742 214 8 10 0.071170405 
403 216 7 9 0.07026527 
495 409 13 17 0.070135795 
414 313 7 10 0.06994559 
686 350 12 15 0.06977232 
448 432 13 17 0.06950938 
376 334 8 9 0.06930168 
174 421 7 10 0.06918963 
99 439 10 13 0.0691063 
273 320 6 8 0.069004424 
288 399 10 13 0.06898112 
497 309 9 11 0.06880786 
297 382 8 10 0.06857659 
288 319 6 8 0.068228304 
282 319 6 9 0.067670636 
679 229 9 11 0.06717932 
239 406 8 11 0.066892326 
388 406 11 13 0.06684547 
971 314 15 19 0.066277266 
790 215 9 11 0.06626416 
151 408 7 10 0.06609206 
582 471 20 27 0.06566275 
671 238 9 12 0.065228544 
168 389 9 11 0.06511375 
738 214 7 10 0.06497943 
264 381 8 10 0.064554594 
173 436 10 13 0.06380546 
191 390 8 10 0.06378825 
861 297 16 20 0.06362319 
448 325 7 10 0.063190825 
863 408 14 17 0.062932216 
520 286 8 10 0.06266437 
505 285 9 11 0.062368922 
438 302 6 9 0.06178139 
447 356 11 12 0.061648794 
565 293 10 12 0.060949717 
508 427 14 18 0.060493417 
834 373 12 15 0.060380086 
493 503 9 14 0.060201854 
592 216 8 10 0.06019508 
155 392 7 10 0.059964802 
961 248 14 17 0.059887126 
486 367 11 13 0.059331305 
354 280 7 10 0.059067823 
589 300 12 14 0.059001587 
312 368 7 10 0.058963254 
718 346 10 14 0.05867002 
752 219 9 12 0.05841888 
457 304 7 9 0.057523027 
834 380 15 21 0.05735427 
485 295 8 10 0.05722081 
584 238 8 11 0.056611866 
318 487 11 14 0.056564875 
680 142 7 10 0.056455836 
430 311 7 9 0.0563758 
496 237 7 9 0.05636765 
518 280 8 10 0.056288883 
374 310 7 9 0.056287695 
37 480 10 12 0.05604086 
443 287 6 8 0.056016047 
317 383 8 9 0.05596943 
245 460 10 15 0.055459615 
696 223 9 11 0.055373322 
99 480 13 18 0.055334065 
979 331 15 21 0.05489992 
663 231 9 12 0.054741815 
411 313 6 9 0.05464473 
247 428 11 14 0.054596454 
989 281 13 18 0.05429612 
442 247 6 8 0.054103367 
700 483 19 23 0.0536453 
345 304 6 8 0.05354878 
565 287 9 11 0.053376026 
567 203 7 11 0.053320926 
546 254 7 9 0.052916877 
639 254 9 11 0.052559204 
149 475 13 17 0.052408814 
231 397 8 10 0.052164376 
446 350 10 13 0.05213812 
215 382 7 9 0.05200508 
951 298 13 16 0.051751252 
103 408 7 9 0.05168558 
185 408 8 10 0.051456388 
789 388 20 28 0.051283065 
620 283 10 12 0.051166125 
137 390 7 9 0.050666932 
317 455 13 18 0.050573435 
413 395 11 13 0.050408773 
942 355 17 23 0.050087206 
274 374 8 10 0.050049804 
497 257 7 9 0.049935646 
254 343 8 10 0.049921915 
234 408 7 10 0.04983245 
40 453 9 11 0.049719855 
447 341 9 11 0.049466077 
312 310 7 8 0.049432505 
472 297 7 8 0.049403466 
365 329 8 10 0.049379885 
447 336 8 10 0.04932651 
144 391 7 9 0.049258456 
910 408 16 21 0.04918011 
94 399 8 10 0.049153935 
526 311 9 12 0.049026906 
966 150 10 14 0.048749093 
76 431 11 13 0.04858992 
477 340 11 13 0.04839936 
497 298 11 13 0.04836215 
353 407 10 12 0.048320454 
573 222 8 10 0.048270598 
833 212 9 13 0.047975782 
724 247 11 13 0.047971644 
318 350 7 9 0.04793309 
536 248 7 10 0.04779074 
217 376 7 9 0.047747277 
632 240 8 10 0.047601584 
402 221 7 10 0.04749666 
286 350 8 9 0.047481686 
509 309 8 11 0.04734422 
226 398 7 9 0.04724459 
174 432 8 11 0.047237072 
337 363 9 12 0.047160037 
416 288 7 8 0.047027547 
282 351 7 9 0.046531487 
478 300 8 10 0.046405252 
839 205 10 12 0.04638922 
167 367 7 9 0.046376906 
432 277 7 9 0.046271496 
550 246 8 9 0.046239406 
677 301 11 14 0.04592739 
387 305 6 9 0.045849863 
685 230 9 12 0.04581776 
670 300 12 15 0.045730118 
473 285 7 10 0.045700017 
178 368 8 9 0.04555529 
576 267 10 13 0.045550127 
822 287 13 16 0.04529548 
31 407 7 9 0.045242645 
658 260 9 12 0.045074336 
109 471 9 13 0.044806823 
439 337 9 10 0.04447152 
344 295 7 9 0.04435153 
455 316 9 11 0.044113517 
940 483 17 17 0.044002365 
106 391 6 8 0.043627895 
295 368 7 10 0.043620538 
214 352 7 9 0.04360049 
263 376 8 10 0.04350436 
367 360 9 9 0.04324157 
560 341 13 16 0.043171264 
170 384 9 11 0.043140817 
725 489 13 18 0.043140393 
378 320 7 10 0.042918608 
303 336 6 8 0.042888097 
655 270 10 12 0.0428551 
623 237 9 11 0.042810943 
662 245 10 11 0.042646114 
904 174 10 11 0.042538717 
322 426 12 15 0.042494595 
169 453 13 16 0.042460363 
369 303 6 8 0.0422724 
551 241 7 9 0.04208696 
478 349 11 14 0.041849006 
686 259 10 12 0.041759543 
192 358 7 9 0.041686412 
823 220 12 16 0.04145908 
903 208 10 12 0.04124273 
246 336 7 9 0.041169357 
249 408 8 10 0.041035425 
210 351 7 9 0.040967047 
567 263 8 11 0.040936343 
561 294 9 11 0.04085048 
409 326 7 9 0.040795635 
802 291 14 16 0.040786527 
6 454 9 11 0.04065439 
671 254 11 14 0.040384892 
290 375 8 10 0.040309865 
319 374 8 10 0.040131174 
832 196 9 11 0.039944552 
454 347 11 14 0.039818842 
983 280 13 18 0.039340835 
1013 229 9 12 0.039147 
613 307 14 16 0.03909517 
832 206 9 12 0.039094392 
264 415 8 11 0.039085303 
608 285 9 12 0.039024357 
134 405 8 10 0.03896666 
327 351 7 9 0.03865322 
937 197 11 15 0.03862044 
465 264 7 9 0.03860884 
690 160 7 9 0.03860845 
730 488 16 20 0.038531445 
466 295 6 9 0.03849336 
837 198 10 12 0.03846636 
607 333 12 15 0.03841595 
135 447 13 16 0.03827264 
328 310 6 8 0.03812765 
490 285 7 10 0.038052272 
406 373 9 11 0.038035434 
512 352 11 13 0.038020127 
249 349 8 9 0.03790037 
885 259 13 16 0.037895206 
447 265 7 9 0.03774979 
682 308 10 14 0.03766468 
522 293 8 11 0.037434418 
360 379 9 12 0.037326816 
49 437 9 12 0.037179314 
1013 270 11 15 0.037172046 
400 347 9 11 0.03712006 
748 407 11 14 0.03711812 
69 413 8 11 0.03708251 
237 420 9 11 0.0369756 
320 310 7 9 0.036941115 
491 263 7 8 0.036709826 
584 279 10 12 0.036660783 
677 238 10 11 0.036589887 
891 255 14 18 0.03656885 
277 368 8 11 0.036537364 
566 335 11 13 0.036472075 
294 375 8 10 0.036391217 
772 442 17 19 0.036339726 
1 452 9 12 0.0362954 
232 368 8 9 0.036162622 
401 231 7 9 0.036152918 
464 324 9 10 0.036095127 
490 280 8 10 0.03607492 
137 384 7 9 0.03597262 
470 341 9 13 0.035943083 
453 289 7 10 0.035854325 
574 217 7 10 0.035656013 
351 257 7 9 0.035635017 
402 289 7 9 0.035298035 
312 335 6 8 0.035198096 
479 286 7 9 0.035187703 
303 351 8 9 0.0351822 
930 460 15 19 0.035057638 
350 373 9 11 0.03505649 
685 445 13 16 0.03498926 
192 447 10 13 0.034950435 
402 294 7 9 0.034943 
455 342 9 12 0.03487105 
505 279 7 10 0.03479113 
21 415 8 11 0.034748882 
263 367 8 9 0.034688227 
346 327 6 9 0.034619413 
534 390 12 15 0.03451163 
845 204 11 13 0.034476638 
988 325 14 20 0.03438444 
198 424 10 12 0.03431475 
996 202 10 13 0.034268264 
232 350 7 8 0.034243993 
612 260 10 13 0.03419521 
666 307 12 14 0.034161538 
449 320 7 9 0.034125235 
135 400 7 9 0.034074977 
522 440 20 25 0.034074787 
903 230 12 15 0.034004968 
526 324 10 12 0.033972904 
293 443 11 14 0.03383303 
584 284 10 13 0.033632066 
782 220 10 13 0.033627953 
892 198 12 14 0.033624858 
692 487 25 30 0.03356293 
917 248 12 15 0.033539932 
199 359 7 8 0.033527862 
263 336 7 9 0.033382613 
424 407 10 13 0.03325778 
499 397 13 15 0.033173528 
249 367 8 9 0.032992892 
335 327 6 8 0.032965742 
718 296 13 16 0.032953303 
513 261 6 9 0.03292932 
489 330 10 14 0.032914955 
390 374 9 11 0.032782193 
957 222 12 14 0.03270169 
992 192 9 12 0.032694302 
554 182 7 9 0.032660205 
630 253 9 10 0.03265959 
789 221 12 14 0.032436885 
462 449 14 18 0.03242945 
424 296 6 8 0.03238601 
119 386 8 10 0.032376982 
453 356 10 12 0.03228618 
726 268 12 15 0.03225858 
201 410 9 10 0.03220587 
529 249 8 10 0.032020934 
924 198 11 15 0.032008093 
1013 201 11 16 0.031894203 
89 399 8 11 0.031796597 
346 288 6 8 0.031763915 
625 254 9 11 0.031658303 
621 306 12 14 0.03156303 
129 405 8 10 0.031434596 
329 329 7 9 0.031390663 
409 272 6 8 0.031389423 
545 263 7 9 0.031338647 
351 345 8 10 0.03132567 
162 366 6 9 0.03129948 
206 419 9 11 0.03127116 
283 344 7 8 0.031225888 
535 262 8 10 0.031080356 
209 358 7 9 0.031027313 
757 189 8 11 0.031010207 
417 280 7 8 0.030943394 
583 256 9 11 0.030898418 
940 202 10 13 0.030894551 
418 304 7 8 0.03079372 
213 433 9 13 0.030764345 
116 395 9 11 0.030554187 
222 422 9 10 0.030473514 
1016 213 8 12 0.030460821 
226 392 8 10 0.030379307 
927 243 10 14 0.030313205 
447 254 7 9 0.030278783 
547 343 12 14 0.030182807 
290 368 8 10 0.03015254 
207 375 7 10 0.0301285 
778 221 9 12 0.030078845 
667 277 11 13 0.029914437 
826 282 12 18 0.029859966 
785 215 9 13 0.029789792 
184 361 7 9 0.029770253 
925 228 10 13 0.029738361 
353 310 7 9 0.02973627 
568 268 8 11 0.029687537 
94 490 11 16 0.029658588 
297 351 7 10 0.029568445 
724 298 14 18 0.029537376 
230 392 8 11 0.029514918 
466 288 6 8 0.029510746 
144 375 6 9 0.029198203 
30 463 10 12 0.028976334 
498 234 6 9 0.02896189 
432 347 10 13 0.02895361 
493 542 24 30 0.02886001 
208 382 7 10 0.028825939 
333 403 10 13 0.028819159 
1006 159 11 13 0.02881599 
681 215 10 12 0.028742626 
258 335 7 9 0.028728131 
632 307 10 13 0.02865226 
280 358 6 9 0.02865162 
279 381 8 10 0.028570838 
450 304 6 9 0.028546304 
697 326 10 14 0.028509913 
193 374 8 10 0.028494054 
242 337 7 8 0.028456163 
496 419 13 15 0.028413724 
207 368 7 9 0.02837213 
607 292 10 13 0.028303096 
385 360 9 10 0.028284136 
448 270 6 8 0.028196635 
537 271 8 10 0.028098281 
895 221 12 15 0.028078651 
968 189 11 14 0.02803009 
450 293 7 9 0.02786412 
591 262 9 13 0.0278474 
173 446 12 14 0.027810948 
453 411 12 15 0.027789308 
207 391 7 10 0.027651705 
311 452 14 17 0.027618594 
310 372 8 11 0.027566945 
509 364 12 15 0.027547471 
1014 222 10 13 0.027518312 
677 295 10 13 0.027502865 
433 337 8 10 0.027486525 
343 404 10 13 0.027416231 
995 282 13 18 0.02739001 
322 305 6 9 0.027371475 
542 302 9 11 0.027335988 
224 415 8 10 0.02733486 
225 352 6 8 0.027331857 
596 386 13 16 0.027252367 
698 212 9 11 0.027241591 
536 304 9 11 0.027185595 
552 301 9 12 0.027039018 
439 459 12 14 0.02703727 
546 354 14 17 0.026976217 
531 431 11 14 0.026876127 
797 215 11 13 0.026823932 
221 406 8 10 0.026785525 
351 368 9 11 0.026682222 
225 369 7 9 0.026630474 
496 367 12 16 0.026600154 
352 284 7 10 0.026591487 
968 264 14 18 0.026587307 
321 294 6 8 0.026581926 
757 277 10 14 0.026569888 
146 407 8 11 0.026559493 
608 324 13 16 0.026536854 
143 383 7 9 0.026506552 
300 492 15 20 0.02650284 
40 373 8 10 0.026475606 
631 247 8 10 0.026471045 
430 232 7 10 0.026457531 
367 297 6 8 0.026452243 
382 321 7 10 0.02642384 
321 343 7 10 0.02637942 
400 388 10 12 0.02637263 
318 445 12 18 0.026370604 
281 312 7 8 0.026336515 
397 398 10 12 0.026187193 
0 391 7 10 0.026161652 
899 218 12 15 0.026042186 
412 516 16 21 0.025914246 
550 254 8 10 0.025843415 
327 305 7 9 0.025776802 
358 320 7 9 0.025722627 
620 399 15 20 0.025707716 
751 185 8 11 0.02570657 
423 304 7 8 0.025638785 
573 349 10 14 0.025601402 
442 319 6 9 0.025577212 
696 246 11 13 0.025557982 
266 399 8 10 0.025555888 
208 397 7 9 0.025546404 
687 235 10 12 0.025523534 
877 202 13 15 0.025494335 
406 221 7 9 0.025478534 
440 296 6 10 0.025460672 
140 469 12 17 0.025452856 
475 385 12 15 0.025418755 
248 422 11 13 0.025408924 
640 330 12 16 0.02539207 
918 290 13 19 0.025388671 
424 272 6 9 0.025376793 
815 237 9 12 0.025343018 
981 214 11 12 0.025339283 
239 348 8 10 0.025224505 
535 309 8 11 0.025181266 
503 263 7 9 0.025177447 
681 499 24 34 0.02502872 
535 342 11 14 0.024991244 
424 279 6 9 0.024983298 
214 414 8 10 0.024889555 
393 428 10 14 0.024888849 
569 239 8 10 0.024793908 
565 362 12 16 0.024750073 
439 270 7 9 0.024741093 
773 239 9 12 0.02466283 
478 355 10 13 0.02462645 
657 276 11 13 0.024619753 
575 230 8 10 0.024526644 
999 215 10 12 0.024472732 
312 345 7 9 0.024460271 
260 470 12 17 0.024422126 
701 222 9 11 0.024408711 
583 323 11 14 0.024404531 
167 443 11 15 0.024368852 
696 174 7 8 0.024206974 
193 424 10 12 0.024167566 
446 248 7 9 0.024142096 
470 263 7 9 0.024066206 
127 389 6 9 0.024061259 
224 380 8 10 0.024012884 
272 326 7 9 0.024003254 
454 457 14 17 0.02400112 
863 483 16 23 0.023990596 
563 309 10 14 0.02389597 
561 254 8 10 0.023809856 
423 390 9 11 0.023758585 
376 306 7 8 0.023739973 
256 398 8 10 0.023722468 
393 296 6 8 0.023679856 
873 238 12 15 0.023669418 
425 238 7 10 0.023654524 
528 262 8 10 0.023647847 
865 498 11 16 0.023603102 
489 257 6 8 0.0235806 
215 344 6 8 0.02356952 
10 386 7 10 0.023540927 
616 235 9 11 0.02353522 
40 421 8 10 0.023507696 
427 412 12 15 0.023505291 
533 538 49 53 0.023466984 
250 375 8 9 0.023446515 
289 303 6 8 0.023431921 
312 306 7 8 0.023392126 
201 327 7 9 0.023256402 
351 334 7 10 0.02325469 
980 222 13 15 0.023206683 
120 407 8 10 0.023135062 
612 335 14 18 0.02311059 
100 489 11 16 0.023098 
543 271 8 10 0.023091312 
138 375 6 8 0.023073114 
525 380 11 13 0.02301447 
527 301 8 11 0.02300419 
625 247 9 11 0.023001092 
526 389 13 16 0.022996722 
527 278 8 10 0.022961907 
319 433 13 17 0.022887344 
501 341 9 12 0.022867577 
377 410 12 16 0.022855375 
285 471 13 16 0.022834193 
417 295 7 8 0.022831501 
751 451 14 21 0.022823796 
457 407 10 13 0.022795698 
216 357 6 9 0.022791248 
463 365 10 12 0.02277838 
426 256 7 10 0.022761635 
631 295 9 12 0.022647584 
153 376 7 9 0.022640023 
210 345 7 8 0.022600943 
400 327 7 8 0.02259773 
296 303 6 7 0.022536032 
703 190 7 8 0.022531785 
608 300 10 13 0.022511015 
847 198 11 14 0.022475652 
21 437 9 11 0.022469724 
751 194 9 12 0.022465954 
431 383 9 12 0.022452189 
368 287 6 8 0.022434836 
600 229 8 11 0.022434557 
255 361 8 10 0.022398727 
694 236 10 12 0.022353852 
925 333 16 21 0.022283884 
108 439 12 14 0.022246648 
481 423 11 14 0.022236338 
559 362 11 15 0.02223138 
52 439 9 11 0.022213478 
501 332 10 14 0.022210417 
326 367 8 11 0.022179503 
272 336 6 9 0.022173567 
846 428 15 21 0.022102032 
382 385 10 12 0.022085177 
726 261 11 14 0.022075089 
563 434 12 17 0.02202718 
925 278 15 19 0.021997148 
375 405 12 14 0.021996723 
409 279 6 8 0.021995995 
427 231 7 10 0.021973379 
192 436 10 13 0.021932721 
304 343 7 8 0.021918193 
919 221 10 13 0.021895764 
62 428 9 11 0.021852557 
703 148 9 11 0.021825891 
613 397 15 17 0.021785611 
523 357 11 13 0.021777526 
344 352 8 10 0.021758327 
457 272 6 7 0.021741765 
362 296 6 8 0.021740958 
260 563 18 23 0.021740062 
345 310 6 8 0.021726407 
355 535 14 14 0.021704637 
431 237 7 9 0.021652853 
518 255 7 9 0.02162148 
1009 227 10 12 0.021583132 
159 385 8 11 0.021505797 
885 202 13 16 0.021476818 
297 359 7 9 0.02147675 
336 310 7 9 0.021451008 
589 280 10 11 0.02144195 
710 301 12 14 0.02143526 
321 399 9 11 0.021366483 
598 217 10 12 0.021336393 
464 270 7 8 0.021293735 
693 261 10 12 0.021285035 
1007 191 17 24 0.02128072 
408 351 8 10 0.021280026 
542 308 10 13 0.021271685 
1005 306 14 18 0.021245442 
621 506 17 23 0.021243762 
828 277 11 15 0.021234494 
441 327 8 9 0.021208256 
489 248 6 8 0.02120414 
345 335 7 9 0.021198817 
546 184 6 8 0.021193732 
448 450 13 17 0.021164255 
562 200 8 11 0.021118395 
561 287 8 10 0.021094562 
932 404 18 21 0.021090355 
900 252 12 16 0.021083906 
89 392 7 9 0.021055078 
179 463 14 19 0.021029497 
304 319 7 9 0.021020412 
448 483 13 17 0.021015754 
39 416 9 10 0.021006102 
600 239 9 10 0.021004759 
440 474 11 15 0.021004502 
520 271 8 10 0.020986509 
253 349 8 10 0.020967025 
607 217 7 10 0.020917803 
916 230 11 15 0.02091369 
919 117 8 10 0.020888487 
307 490 13 16 0.020881677 
217 368 6 9 0.020871954 
497 248 6 8 0.020821935 
326 343 7 9 0.020694118 
390 358 8 11 0.02064799 
576 253 9 11 0.020639023 
773 294 13 15 0.020616181 
966 206 11 13 0.020584278 
510 294 9 12 0.020578902 
70 444 11 13 0.020555735 
104 398 7 10 0.020480886 
754 336 15 18 0.020475643 
424 288 7 8 0.020464433 
745 197 8 10 0.02045229 
183 431 9 11 0.02044449 
537 329 12 15 0.020327609 
658 232 9 11 0.020322159 
347 446 13 17 0.020281242 
279 397 10 13 0.020274764 
432 287 6 9 0.020195305 
715 492 15 21 0.020165557 
159 375 6 9 0.020144153 
828 370 20 26 0.020139022 
346 344 7 9 0.020124028 
663 363 14 18 0.020104237 
25 407 8 10 0.02010002 
606 238 8 10 0.02009547 
7 471 10 13 0.020050077 
486 300 9 12 0.020038407 
