35_Basketball_playingbasketball_35_606
44
25 380 17 20 0.97387654 
381 192 24 30 0.93296134 
76 390 16 18 0.88500684 
195 201 25 32 0.8228332 
241 403 11 14 0.64316094 
840 405 8 10 0.4596408 
890 395 10 13 0.31091517 
798 401 7 9 0.23982373 
947 382 14 16 0.23124185 
784 416 7 10 0.16315436 
912 440 9 12 0.10403338 
1 411 10 15 0.086790256 
799 405 7 9 0.08306199 
214 423 9 10 0.06654318 
695 423 8 10 0.06440114 
616 424 7 10 0.060200125 
829 392 8 10 0.059934184 
956 383 12 14 0.05459743 
808 413 8 11 0.049448226 
123 422 14 19 0.047510583 
340 397 12 14 0.04210084 
852 430 8 10 0.03882297 
982 438 9 10 0.03653978 
432 423 7 8 0.035705686 
592 437 8 11 0.035468906 
877 383 9 12 0.03221724 
997 439 8 10 0.03027785 
575 423 7 9 0.02887184 
768 414 6 9 0.028100112 
143 383 12 16 0.027851064 
2 403 13 18 0.025548426 
807 409 8 11 0.025304671 
873 389 9 13 0.025063885 
656 422 8 11 0.024523098 
181 207 28 29 0.024468688 
264 423 7 9 0.024207994 
472 -8 502 585 0.023928937 
834 406 9 12 0.022588262 
87 443 11 15 0.022254745 
850 425 8 10 0.022204693 
794 406 7 10 0.02210671 
223 423 10 12 0.02196558 
782 388 8 11 0.021738488 
872 396 8 12 0.021636877 
