35_Basketball_basketballgame_ball_35_375
1803
969 79 7 9 0.90905255 
808 188 8 11 0.77306116 
775 214 9 12 0.7641968 
594 111 6 8 0.7600886 
573 149 8 10 0.68547326 
845 151 9 11 0.61996585 
966 165 8 11 0.59355175 
401 310 9 11 0.5674394 
817 174 8 10 0.54344326 
685 237 7 10 0.53399426 
345 183 7 9 0.51659626 
659 136 7 9 0.49941432 
993 536 12 18 0.49890298 
649 178 6 9 0.48572218 
840 172 8 10 0.48474678 
862 197 8 10 0.47916496 
808 148 7 10 0.46194196 
594 149 6 9 0.46015498 
592 131 8 10 0.43311322 
862 157 8 10 0.4234535 
823 151 8 11 0.4214933 
447 137 7 9 0.41333142 
278 191 7 8 0.40203497 
1000 57 7 10 0.39840868 
459 119 7 9 0.39827517 
626 153 7 8 0.3974371 
865 224 8 9 0.39554465 
575 191 6 9 0.38798046 
559 104 7 9 0.382784 
861 133 8 10 0.38017777 
630 216 8 10 0.37161165 
472 205 8 11 0.36861712 
650 159 7 10 0.36272016 
361 145 8 9 0.3618021 
681 135 6 9 0.34124893 
896 53 8 10 0.33947858 
576 92 6 9 0.32831055 
350 129 7 9 0.32139242 
592 53 6 8 0.31927186 
925 70 8 11 0.31903008 
917 136 8 10 0.31862086 
462 30 7 9 0.31630865 
916 117 7 10 0.31315804 
249 153 6 8 0.31177062 
776 144 8 11 0.30743217 
909 205 7 10 0.30728295 
721 100 7 9 0.30661356 
677 117 8 10 0.30580413 
450 213 7 9 0.3010474 
502 220 8 10 0.2965735 
543 206 7 9 0.28508416 
193 145 7 9 0.28116956 
523 226 7 9 0.27602646 
568 167 7 9 0.27600634 
635 132 7 10 0.27150685 
646 56 7 10 0.2677126 
429 121 7 9 0.26686636 
949 77 7 10 0.2650381 
274 158 5 8 0.26394048 
826 200 7 10 0.26386172 
675 157 7 10 0.26339483 
413 134 7 10 0.25176483 
912 32 8 9 0.25077334 
203 167 6 8 0.24607779 
865 181 8 10 0.24554716 
890 157 8 10 0.24363388 
682 202 8 10 0.24227181 
575 112 7 9 0.2413999 
986 481 13 17 0.23920475 
918 191 7 8 0.23820463 
415 63 7 9 0.23498917 
854 94 7 9 0.23446696 
996 38 8 11 0.23397635 
951 185 8 9 0.23287931 
626 57 5 7 0.23136577 
638 234 8 9 0.22872742 
520 103 7 9 0.22548045 
674 222 8 10 0.22526805 
657 222 7 9 0.22497484 
998 166 8 11 0.22224338 
610 232 7 9 0.21952805 
521 15 7 9 0.21924011 
320 182 7 8 0.21921597 
478 181 7 9 0.21227624 
591 15 7 8 0.2091011 
593 227 8 11 0.20878647 
624 178 7 8 0.2087401 
394 150 7 9 0.2086305 
606 191 7 9 0.20575222 
155 142 7 9 0.20455481 
303 65 7 9 0.20424996 
761 23 7 9 0.20320816 
430 134 6 9 0.19744469 
119 169 7 10 0.19721629 
890 136 7 10 0.1940779 
694 117 7 9 0.19339435 
869 22 8 11 0.19247444 
290 176 6 9 0.19112529 
888 108 7 10 0.1877591 
967 143 8 9 0.18762968 
585 266 7 9 0.18575205 
697 157 8 10 0.18449429 
304 69 6 9 0.18300378 
766 45 7 9 0.17767496 
378 189 8 11 0.17731957 
839 9 8 9 0.17550966 
495 186 6 8 0.17052107 
872 523 9 13 0.17006664 
349 109 7 9 0.169366 
569 126 7 10 0.16761516 
599 351 9 12 0.16712591 
916 221 9 13 0.16649115 
814 229 7 10 0.16621153 
179 63 7 8 0.16485733 
859 197 7 11 0.16472934 
615 23 6 8 0.16296865 
611 114 7 9 0.16287762 
322 30 7 9 0.16208415 
519 165 6 9 0.16159026 
738 100 7 9 0.1605282 
282 85 7 9 0.16048723 
1 128 8 12 0.15803976 
946 135 7 10 0.15789048 
336 103 6 9 0.15739784 
906 150 8 9 0.15535861 
147 160 6 8 0.1530484 
640 74 6 8 0.1526707 
566 54 7 10 0.15190722 
874 110 7 10 0.15168223 
975 21 8 10 0.15115146 
821 31 7 10 0.15030472 
937 118 8 11 0.14782299 
110 157 7 9 0.14776807 
287 159 5 7 0.14566857 
559 233 7 9 0.14556448 
390 41 7 10 0.14544173 
701 23 7 9 0.14524016 
273 178 6 8 0.14496653 
256 176 6 8 0.1443428 
110 62 6 9 0.14425218 
525 70 7 9 0.14385565 
154 127 6 8 0.14346623 
52 522 12 18 0.14304446 
896 435 9 13 0.14295287 
79 571 12 19 0.13956271 
318 194 8 9 0.1394406 
330 72 7 10 0.13898362 
472 141 7 9 0.13864781 
782 26 7 8 0.1374542 
886 233 7 9 0.13520966 
614 151 6 8 0.13356546 
1012 146 9 13 0.13250667 
778 25 7 9 0.13228154 
282 138 7 8 0.13098563 
851 94 7 9 0.13080563 
934 208 8 10 0.12760428 
301 193 7 8 0.127434 
746 221 10 12 0.12730971 
457 198 8 9 0.12716337 
455 98 7 8 0.12704563 
479 102 6 9 0.1269983 
352 62 6 8 0.12546308 
998 78 8 10 0.12520994 
250 54 7 9 0.12467427 
726 183 7 9 0.12462351 
343 701 28 34 0.12319174 
226 29 7 10 0.12290956 
550 166 6 8 0.12231763 
769 70 7 9 0.12216322 
597 149 7 10 0.1215581 
941 165 8 10 0.119692154 
402 93 7 9 0.11956509 
377 25 7 9 0.11925144 
129 142 7 9 0.11918186 
238 187 7 8 0.118813045 
395 628 16 22 0.1186135 
602 63 6 8 0.11789973 
270 63 7 8 0.11666262 
302 37 7 9 0.11627893 
994 168 9 10 0.11572224 
94 129 7 10 0.11488684 
230 151 7 9 0.114706226 
616 220 7 10 0.11437524 
682 62 6 9 0.114108965 
877 692 22 29 0.113981895 
537 165 6 9 0.113914914 
968 223 11 14 0.11367945 
255 85 7 10 0.11339753 
881 210 7 9 0.11336621 
501 169 7 9 0.11328507 
853 284 8 10 0.112583846 
855 112 7 9 0.11200169 
489 269 7 9 0.10993222 
158 93 7 9 0.10990769 
802 15 7 9 0.10982627 
946 1 8 9 0.10967841 
762 86 7 9 0.109488904 
838 129 7 9 0.109475955 
382 112 8 10 0.10928075 
657 71 7 9 0.10898369 
514 103 7 9 0.108656526 
506 127 7 8 0.10801531 
1001 470 10 14 0.10773291 
559 262 8 10 0.107181154 
554 48 7 8 0.10686219 
351 41 7 9 0.10632955 
859 158 8 11 0.10567601 
337 606 16 20 0.10543353 
704 240 7 9 0.10515112 
894 49 8 11 0.10416838 
512 29 7 9 0.10356978 
79 167 7 9 0.10307467 
983 270 10 13 0.10298302 
403 89 7 10 0.10287435 
472 46 7 8 0.10163313 
314 108 6 9 0.101604454 
557 236 8 10 0.10128418 
877 111 9 11 0.10083036 
558 189 7 9 0.100396074 
658 140 7 10 0.100363955 
129 62 7 9 0.09986163 
478 121 7 9 0.09981716 
609 134 7 9 0.09947672 
314 79 6 8 0.09845668 
541 71 7 9 0.098287925 
218 166 7 9 0.09748234 
178 150 6 8 0.097225845 
406 88 7 10 0.09683862 
30 89 7 10 0.09678938 
905 80 7 9 0.09637631 
761 69 7 9 0.09633705 
231 79 7 9 0.0962371 
905 201 10 12 0.09583278 
946 72 7 10 0.09548956 
289 122 7 8 0.09515343 
976 56 7 10 0.09478005 
684 204 9 11 0.09470342 
466 159 6 9 0.09470153 
881 168 7 10 0.09412339 
809 21 7 9 0.09367808 
911 141 8 10 0.09361823 
495 641 20 23 0.09331028 
525 205 7 9 0.09274582 
900 117 9 11 0.092650406 
408 46 6 8 0.09246265 
320 125 6 9 0.09214046 
554 104 7 10 0.092083916 
136 55 7 9 0.0916707 
696 205 8 10 0.09147358 
434 198 7 9 0.09113364 
347 128 7 9 0.09093766 
338 144 6 9 0.090577014 
794 70 7 9 0.09055931 
299 37 7 9 0.09052857 
413 174 7 10 0.090465955 
580 46 6 8 0.09007353 
799 71 7 9 0.08984124 
676 152 10 12 0.08915985 
834 109 7 10 0.088952765 
521 186 6 8 0.08875857 
159 56 7 9 0.08799652 
263 143 6 8 0.0879243 
137 13 7 9 0.08757912 
429 125 8 11 0.08682853 
545 103 7 9 0.086716205 
906 31 7 9 0.086620525 
515 161 7 8 0.08643945 
599 79 6 8 0.08633017 
870 70 8 9 0.08624074 
569 215 7 8 0.08614603 
160 61 7 9 0.085914046 
174 30 7 9 0.08559053 
704 56 7 10 0.08530862 
502 172 7 10 0.08518009 
490 141 7 9 0.085143164 
870 64 8 10 0.08500088 
377 56 7 9 0.084602624 
889 47 7 10 0.084448725 
780 46 8 10 0.08420563 
222 183 6 8 0.08372441 
406 341 10 13 0.083655715 
234 71 7 9 0.08319516 
958 96 8 10 0.083102964 
577 116 7 10 0.0826037 
410 152 7 8 0.08237542 
0 411 9 13 0.082346536 
935 102 7 9 0.08214552 
368 64 7 9 0.082115 
980 644 14 18 0.08193738 
415 197 8 10 0.081879705 
607 255 7 9 0.08142968 
61 125 7 9 0.081342876 
849 118 7 9 0.080859154 
751 65 6 8 0.08061182 
951 556 13 18 0.08046529 
158 176 6 8 0.08018331 
521 86 7 9 0.07955559 
781 183 9 11 0.07908726 
633 96 7 9 0.07863679 
679 81 7 8 0.0782541 
802 86 7 10 0.077875435 
320 142 7 9 0.07754535 
410 197 7 9 0.077328764 
426 80 7 9 0.07718706 
920 55 7 9 0.07717047 
729 64 6 8 0.07705665 
882 63 8 9 0.076983936 
983 111 7 9 0.07666452 
511 85 7 10 0.07656328 
746 217 8 9 0.07651676 
496 189 6 9 0.07646491 
774 71 7 8 0.07641406 
406 93 6 10 0.07636871 
736 85 6 9 0.0761882 
430 78 8 10 0.07618794 
520 63 7 9 0.076089606 
391 21 8 10 0.07600991 
560 72 6 8 0.075951494 
793 24 7 9 0.075548984 
424 24 6 8 0.07525055 
384 73 7 9 0.0747373 
586 215 7 9 0.07443715 
918 158 7 9 0.07433709 
48 204 8 11 0.07414264 
209 143 6 8 0.07391551 
977 3 10 12 0.07381872 
448 154 7 9 0.07353756 
509 71 7 9 0.07353395 
998 101 8 11 0.07342892 
503 119 7 10 0.07321052 
809 741 18 20 0.073030315 
175 114 7 9 0.07293449 
919 185 8 10 0.072925664 
497 117 8 10 0.07284325 
241 134 7 10 0.07265489 
238 70 7 10 0.0725011 
386 41 8 10 0.07248554 
879 55 7 9 0.07230767 
143 54 7 9 0.0718596 
40 149 6 9 0.071767695 
86 103 8 9 0.07161316 
536 161 7 8 0.071533196 
241 38 8 10 0.071328476 
838 109 7 9 0.071285985 
889 40 7 8 0.071198724 
803 184 8 10 0.071133554 
984 168 7 10 0.070836484 
529 8 7 9 0.07076674 
729 70 6 8 0.07065413 
535 184 7 9 0.07044295 
926 200 8 10 0.07040231 
757 189 8 11 0.070366554 
290 126 7 9 0.070349276 
280 38 7 9 0.07027477 
794 64 6 9 0.07025858 
970 185 8 10 0.07019442 
462 15 6 8 0.07014523 
864 229 8 10 0.070144035 
23 143 8 10 0.069934145 
270 71 8 10 0.069666125 
385 77 7 9 0.06952927 
136 104 7 8 0.069486775 
663 55 6 9 0.06890279 
613 116 7 10 0.0688025 
785 312 8 9 0.06877183 
525 228 7 10 0.06869568 
590 8 7 10 0.068638355 
611 41 6 8 0.06843344 
672 1 7 9 0.06842391 
937 37 8 9 0.068251014 
695 80 8 10 0.06793195 
749 215 8 10 0.067767575 
949 237 8 10 0.06744227 
857 22 7 10 0.0674057 
807 15 7 10 0.067030914 
522 79 6 9 0.0670013 
506 85 7 9 0.066416994 
281 158 6 9 0.066395596 
84 563 13 19 0.06636737 
293 648 26 37 0.06630361 
642 150 6 9 0.066219956 
817 9 6 8 0.066017024 
79 62 7 10 0.06594457 
494 30 7 9 0.065930046 
433 168 8 9 0.06572552 
949 713 11 18 0.06534618 
602 55 7 9 0.06526059 
920 509 11 14 0.06466552 
297 142 6 9 0.06451579 
249 49 7 9 0.06442697 
960 493 10 14 0.064414084 
57 161 6 8 0.0643618 
506 151 6 8 0.06428057 
459 15 6 8 0.06426901 
489 201 7 8 0.06421037 
241 32 7 9 0.06416718 
439 6 6 9 0.064060256 
794 694 13 16 0.06404132 
879 118 6 8 0.06393277 
894 518 8 11 0.063926786 
337 95 7 10 0.06375428 
746 694 17 24 0.06366853 
414 152 6 9 0.063479096 
453 214 7 9 0.06339909 
911 48 8 10 0.063019365 
944 7 8 9 0.063009225 
226 80 7 8 0.06300845 
776 174 8 9 0.062962756 
470 5 7 9 0.06266446 
697 56 7 9 0.06262007 
536 121 7 8 0.06258653 
881 48 8 9 0.06253404 
917 32 8 10 0.062195323 
347 106 7 9 0.062194113 
968 31 8 10 0.062159307 
913 158 8 10 0.062122755 
777 191 9 10 0.06210857 
309 596 12 19 0.06181425 
897 175 8 10 0.0617682 
360 64 7 8 0.061672885 
285 85 7 10 0.061556485 
552 121 7 9 0.061338123 
713 136 8 9 0.061291393 
559 125 7 9 0.061255496 
905 102 7 8 0.06107197 
267 63 6 9 0.0609571 
1015 70 8 12 0.060477115 
745 0 8 9 0.06035397 
736 232 7 11 0.06026085 
499 222 7 9 0.060174443 
32 57 7 9 0.060051814 
929 205 9 10 0.060045663 
231 47 6 8 0.05996945 
634 40 6 8 0.059881907 
377 184 9 11 0.059821293 
494 142 7 9 0.059690963 
362 119 6 9 0.05959274 
815 170 8 9 0.059567317 
494 41 7 9 0.059427593 
475 121 7 9 0.05939265 
681 86 7 8 0.059313316 
699 39 6 8 0.059313048 
155 94 6 9 0.05927057 
218 15 6 8 0.058813665 
648 38 6 9 0.058709532 
1015 259 8 13 0.058701128 
729 191 7 10 0.058522485 
1000 161 8 11 0.0585118 
688 135 6 9 0.058483552 
496 0 7 8 0.05839435 
527 120 7 9 0.058039732 
425 46 6 8 0.05780626 
231 113 6 9 0.057699613 
272 103 6 8 0.057628606 
510 80 8 11 0.057583082 
72 6 8 10 0.0572478 
31 118 7 10 0.05724382 
521 23 7 9 0.05718194 
171 31 6 9 0.057059668 
615 46 6 9 0.057013538 
856 166 8 10 0.056865253 
721 56 7 9 0.056751024 
439 192 8 11 0.056655176 
195 182 7 9 0.056300662 
337 88 8 10 0.056267023 
163 565 13 16 0.056223236 
881 173 7 10 0.056113396 
730 87 7 9 0.05601781 
471 213 7 9 0.05593753 
978 111 7 9 0.055916093 
822 272 8 10 0.05583132 
629 151 7 9 0.055605028 
695 102 6 8 0.055552755 
735 63 6 8 0.055400316 
130 57 7 9 0.05528293 
479 61 7 10 0.055280734 
630 8 7 8 0.055024892 
415 80 6 8 0.054953508 
682 234 8 10 0.054852065 
352 45 7 9 0.05468482 
504 0 7 9 0.054656036 
833 8 8 10 0.054587066 
529 1 8 9 0.05433558 
775 167 7 10 0.05430969 
207 40 8 9 0.054122172 
903 113 7 9 0.05412005 
536 49 6 8 0.05389807 
554 233 7 9 0.053790707 
335 126 7 9 0.053762484 
997 96 9 11 0.053476144 
640 118 6 9 0.05341943 
816 149 9 10 0.05337677 
768 168 8 10 0.053198516 
89 152 7 8 0.053176425 
519 0 7 9 0.053151526 
641 23 6 8 0.053037677 
465 26 7 8 0.05297839 
433 73 7 8 0.052971534 
896 183 7 8 0.052857526 
506 80 8 11 0.052814353 
839 133 7 9 0.052754994 
495 102 7 9 0.05253698 
434 192 7 9 0.05250165 
618 79 6 8 0.05248903 
751 142 8 11 0.052380238 
482 9 7 9 0.052366797 
912 301 11 16 0.052190695 
874 55 7 9 0.05202284 
249 157 7 8 0.051898517 
830 96 6 8 0.05188664 
867 69 7 10 0.05178533 
611 46 6 9 0.05174482 
944 64 7 9 0.051664215 
833 104 7 9 0.051528264 
658 112 6 9 0.05146822 
645 4 8 10 0.051449474 
928 112 7 9 0.051401466 
559 185 7 9 0.051359978 
624 200 7 9 0.051260516 
499 217 7 9 0.051117003 
477 86 6 9 0.051105276 
447 62 6 9 0.051050223 
649 118 6 9 0.05104154 
382 117 7 9 0.051036224 
954 101 7 9 0.05102925 
225 111 8 9 0.051012583 
105 534 10 14 0.0509133 
566 48 7 9 0.05083776 
713 86 6 8 0.050755665 
496 113 7 10 0.050705235 
930 103 7 8 0.05059943 
721 62 7 10 0.050553016 
583 78 6 9 0.050550133 
489 0 7 9 0.050481427 
488 127 7 8 0.050451584 
121 95 7 8 0.050349075 
696 142 7 9 0.05034829 
681 71 6 9 0.050236713 
606 57 6 8 0.05011556 
367 126 7 8 0.050083626 
105 88 6 8 0.04999094 
824 240 10 12 0.049673524 
702 40 6 8 0.049584888 
874 128 7 9 0.049537715 
608 215 7 9 0.04952822 
110 57 7 9 0.049499225 
25 126 8 9 0.049435418 
422 198 7 10 0.04934399 
720 8 7 9 0.049337115 
136 95 6 8 0.049322654 
329 62 6 9 0.049284566 
392 63 7 8 0.04924572 
225 135 6 7 0.049140338 
662 222 7 10 0.04913449 
890 140 8 10 0.04910061 
970 137 7 10 0.048903733 
961 64 7 9 0.048855603 
498 173 7 10 0.04874971 
506 70 7 9 0.048708763 
480 125 6 9 0.04867139 
321 62 6 9 0.048620295 
199 144 7 9 0.04853059 
882 96 7 8 0.048457604 
874 134 6 9 0.04845189 
522 120 7 10 0.04843733 
135 63 6 8 0.048407905 
994 5 9 10 0.048265982 
737 236 8 10 0.04820365 
486 8 7 9 0.048143163 
210 192 7 9 0.04804959 
661 140 8 11 0.047983315 
881 232 8 10 0.047933865 
81 575 16 22 0.04784782 
194 177 6 8 0.047828708 
271 56 7 8 0.04780661 
95 159 6 8 0.047737204 
272 96 7 8 0.047718685 
217 40 6 8 0.047656577 
617 200 7 8 0.04764802 
793 79 6 9 0.047634944 
994 57 7 10 0.047589514 
816 181 8 12 0.047588553 
170 174 7 9 0.047386535 
893 137 8 10 0.04733162 
670 176 7 10 0.047304887 
178 56 6 9 0.04720285 
352 72 7 9 0.047111016 
543 145 7 8 0.047017075 
672 6 7 9 0.04693672 
1003 17 8 10 0.046888366 
215 136 6 8 0.046811093 
734 192 8 10 0.046780497 
75 168 6 8 0.046767868 
495 206 7 8 0.04675066 
51 137 6 9 0.046693277 
561 122 7 9 0.046691652 
249 15 7 9 0.046619724 
945 612 18 22 0.046551123 
169 167 7 9 0.046542097 
321 151 7 9 0.046427708 
250 86 7 9 0.046189778 
609 88 6 7 0.046184067 
640 40 7 9 0.046116486 
922 198 7 10 0.04599427 
631 56 6 9 0.045991246 
513 177 6 8 0.045939613 
793 0 7 9 0.045827515 
545 79 6 8 0.04566156 
152 62 7 9 0.045653667 
744 30 6 9 0.045632683 
929 117 8 11 0.045602787 
904 176 6 9 0.045578785 
855 0 8 9 0.04556414 
447 111 6 9 0.045532655 
464 38 8 9 0.045507587 
832 221 8 10 0.04549947 
320 158 6 9 0.045461547 
960 31 7 9 0.045436967 
544 64 7 9 0.045323953 
154 40 7 9 0.045318082 
233 118 7 8 0.04524073 
814 572 12 13 0.045123722 
1015 77 8 12 0.0451149 
457 71 6 9 0.045094825 
130 159 6 8 0.04508347 
513 0 7 9 0.04505335 
146 64 6 8 0.0450202 
761 82 8 9 0.04501709 
638 130 7 10 0.044992484 
799 32 6 9 0.04490488 
616 94 5 8 0.04489431 
378 119 7 9 0.04489016 
792 129 7 9 0.044885807 
809 167 7 9 0.04487084 
706 71 8 9 0.044824105 
561 48 7 9 0.04476379 
198 134 7 9 0.04475946 
223 88 7 9 0.044700332 
551 55 6 8 0.044608098 
680 57 7 9 0.044600338 
438 198 7 9 0.044546038 
479 30 7 9 0.044526685 
490 205 6 9 0.04441929 
209 15 7 8 0.04430975 
90 62 7 9 0.044256438 
263 190 7 9 0.04423601 
330 175 7 9 0.044117622 
749 225 10 13 0.044052187 
935 190 7 9 0.043990143 
296 105 7 9 0.04388368 
305 135 7 9 0.04379057 
256 64 6 8 0.04374018 
528 151 5 8 0.04372594 
474 273 8 9 0.04368528 
919 47 9 10 0.04366802 
746 63 7 9 0.043649714 
928 54 7 9 0.04363672 
455 167 7 9 0.04357525 
681 96 7 9 0.043531224 
298 86 7 9 0.04348036 
298 70 7 9 0.043427892 
945 54 8 10 0.04339233 
887 96 7 8 0.04335104 
920 14 8 9 0.043304656 
296 136 6 9 0.043260198 
478 40 8 9 0.04311821 
674 80 7 9 0.043088537 
286 137 7 9 0.043011524 
527 86 6 8 0.04298198 
595 79 6 8 0.042959344 
537 263 9 11 0.042958688 
377 176 7 8 0.042951904 
554 189 7 10 0.04288799 
727 176 8 10 0.042866014 
378 112 7 9 0.042854004 
614 134 7 9 0.04278718 
849 0 8 9 0.042644788 
230 29 7 9 0.042632416 
345 72 8 9 0.04261079 
854 117 7 10 0.042456716 
697 200 7 10 0.042446457 
66 89 7 9 0.042444702 
808 683 14 17 0.04243002 
442 63 7 9 0.042394552 
80 72 6 8 0.042379305 
266 70 8 10 0.042286336 
527 66 7 8 0.04222391 
150 368 13 16 0.04219216 
589 191 8 10 0.042192124 
49 30 7 10 0.042103343 
653 176 7 9 0.04209132 
969 706 16 20 0.042061128 
599 95 6 8 0.042032603 
935 54 7 9 0.04196258 
886 167 7 10 0.041960698 
752 277 8 10 0.041951045 
247 110 7 9 0.041900687 
478 271 7 9 0.0418093 
538 151 7 8 0.041765712 
990 88 7 9 0.041665092 
912 183 8 10 0.041626345 
359 22 7 9 0.041619223 
567 120 7 9 0.041579947 
537 65 7 9 0.04155064 
541 262 8 10 0.04152259 
823 48 7 10 0.041476708 
944 446 10 13 0.041473284 
938 111 8 10 0.0414293 
546 56 7 8 0.04140769 
495 46 7 8 0.04140262 
360 71 7 9 0.04139074 
934 212 8 10 0.041360494 
342 88 7 9 0.041342884 
850 113 7 9 0.04122428 
616 88 6 8 0.041219845 
377 127 7 8 0.041204795 
333 445 13 18 0.041156117 
473 41 7 9 0.041153226 
577 185 7 9 0.04113431 
965 148 8 9 0.041105274 
128 104 7 8 0.04101932 
107 158 7 9 0.040905144 
914 36 7 10 0.040827207 
738 15 6 8 0.0407322 
233 134 6 8 0.040726863 
106 56 7 9 0.040669113 
664 8 7 9 0.040644374 
368 89 6 9 0.04051707 
991 126 8 9 0.040479373 
426 153 6 8 0.04044605 
488 158 6 9 0.04044349 
349 182 7 11 0.040404808 
729 197 8 10 0.04035212 
93 62 7 9 0.04031731 
674 39 7 9 0.040246543 
712 142 8 9 0.04012469 
680 39 7 10 0.040114373 
901 54 8 10 0.0401018 
359 167 7 9 0.040091284 
625 88 6 8 0.040009122 
273 78 6 9 0.0399948 
553 89 7 9 0.03999471 
411 62 6 9 0.039966594 
832 38 7 9 0.03994416 
908 596 12 14 0.039931644 
553 63 6 9 0.03986728 
335 111 6 8 0.039837793 
130 88 7 8 0.039761223 
872 144 7 9 0.039744306 
63 562 15 19 0.039736304 
943 15 7 9 0.039715584 
553 40 7 9 0.03965101 
235 169 6 9 0.039625067 
238 170 7 8 0.039622016 
241 112 7 8 0.039606705 
833 664 10 12 0.039551985 
154 56 7 9 0.039479412 
254 49 7 9 0.03946567 
298 80 7 9 0.039450973 
306 128 7 9 0.039443582 
617 31 7 8 0.039382007 
208 45 7 10 0.03935911 
90 133 7 10 0.03931944 
759 29 7 9 0.039280385 
766 23 7 9 0.03927865 
750 159 9 10 0.039251458 
721 158 8 10 0.039240357 
617 2 7 8 0.03922527 
913 64 7 9 0.039152328 
753 31 7 8 0.039136164 
160 90 6 8 0.03912437 
194 29 7 9 0.039078847 
886 570 10 15 0.039048057 
94 153 7 8 0.039039347 
765 86 7 9 0.039029755 
305 176 7 10 0.039028678 
336 120 7 9 0.03901477 
778 8 7 10 0.038979515 
258 144 6 8 0.03889279 
794 30 7 9 0.038876813 
321 95 6 8 0.038856294 
475 178 7 9 0.03884826 
735 38 7 9 0.03884482 
554 261 8 10 0.03882979 
525 13 8 10 0.03874684 
953 16 8 9 0.038680468 
66 137 6 8 0.03867263 
712 80 7 9 0.038671367 
562 79 6 8 0.03860718 
410 81 6 8 0.038594235 
815 13 7 9 0.038571764 
770 149 8 10 0.038505506 
912 227 9 12 0.038503565 
312 126 6 8 0.038476072 
560 88 7 8 0.0383628 
905 183 7 8 0.03822207 
59 643 11 15 0.038193453 
574 127 6 9 0.038131014 
1005 273 10 13 0.038099464 
239 118 6 8 0.038051967 
824 1 7 9 0.038051017 
142 49 7 10 0.037977368 
837 183 8 11 0.03796258 
489 137 7 9 0.037943084 
402 333 9 13 0.037889782 
64 13 8 9 0.037887294 
446 129 8 9 0.03779518 
1007 191 7 11 0.03778822 
560 224 7 9 0.037775483 
233 95 7 9 0.03776519 
527 202 7 9 0.03773511 
799 22 7 10 0.037701473 
201 63 7 9 0.037693392 
535 0 7 9 0.037678096 
297 22 6 9 0.03761767 
443 135 7 9 0.037610665 
275 119 6 9 0.037602212 
364 144 8 10 0.037550483 
534 7 7 10 0.0374542 
221 93 8 10 0.03735489 
209 152 7 8 0.037288714 
410 31 6 8 0.037282776 
742 237 8 11 0.037269752 
16 119 7 9 0.037194505 
702 232 7 10 0.037149627 
160 48 7 9 0.037127715 
168 161 6 8 0.037074845 
520 96 7 10 0.037039157 
918 37 7 10 0.037037026 
442 40 6 9 0.03688907 
999 110 7 9 0.036887288 
657 231 7 9 0.03687451 
585 192 8 9 0.036836598 
475 103 7 8 0.036829013 
224 2 8 8 0.036822077 
353 87 7 9 0.03676457 
114 168 9 11 0.036720555 
82 102 7 9 0.036702644 
635 33 6 7 0.03668105 
495 87 7 8 0.036558144 
563 167 6 8 0.036540538 
754 184 8 10 0.036518373 
912 53 8 9 0.036494747 
208 103 7 9 0.03646883 
153 89 7 9 0.03645824 
104 110 6 8 0.036448825 
442 111 7 9 0.036387857 
994 94 8 10 0.036382854 
368 93 7 9 0.036368415 
453 78 8 10 0.036189172 
871 230 8 10 0.036121063 
824 6 8 10 0.03604734 
432 23 6 8 0.036040284 
315 196 7 10 0.036023784 
102 166 7 9 0.035970293 
49 102 8 9 0.035966806 
751 262 7 9 0.035965364 
128 138 7 9 0.035949294 
216 143 6 8 0.035941463 
601 88 6 8 0.035898708 
279 113 6 9 0.035880584 
543 87 7 9 0.035864614 
240 55 7 9 0.035826005 
118 185 8 10 0.035825808 
98 181 8 11 0.035781864 
656 118 7 8 0.03572931 
954 31 8 9 0.03570169 
457 182 6 8 0.035671357 
347 133 6 9 0.035665393 
879 128 6 9 0.035585664 
96 13 7 9 0.035548825 
766 81 7 9 0.035522286 
839 145 7 9 0.03547512 
414 169 7 9 0.035437718 
221 167 7 9 0.03542311 
768 302 8 10 0.035414036 
994 172 8 10 0.035410807 
177 24 6 9 0.035409477 
935 136 8 10 0.035361245 
576 197 7 9 0.035352964 
832 190 8 10 0.03526143 
609 173 7 9 0.035248376 
494 202 7 9 0.03524001 
647 152 7 9 0.03521899 
625 61 7 9 0.035213135 
976 95 7 10 0.035204675 
303 80 7 9 0.035195734 
745 141 9 11 0.0351809 
555 72 6 9 0.034993704 
813 189 8 10 0.034856193 
751 150 8 10 0.034852553 
329 88 7 9 0.0348355 
319 574 12 17 0.034783192 
329 158 7 9 0.03473478 
926 65 8 10 0.03466635 
70 571 13 18 0.03465615 
782 143 7 10 0.03464669 
705 190 8 10 0.03464338 
442 31 6 9 0.034582686 
143 175 6 9 0.034571968 
318 178 8 9 0.03456901 
577 24 6 9 0.03456068 
623 33 6 8 0.034536604 
807 8 7 10 0.034528386 
738 24 7 8 0.034507927 
418 24 7 8 0.0344863 
233 129 7 8 0.03441184 
315 142 6 9 0.03438458 
297 109 7 9 0.03436119 
560 64 6 9 0.034285326 
330 126 6 9 0.034276426 
834 132 7 10 0.034239504 
456 177 7 8 0.034228038 
176 48 7 9 0.034215137 
776 198 7 9 0.034200646 
224 104 7 9 0.034180894 
56 14 7 9 0.03417836 
711 110 7 9 0.034174968 
984 56 7 9 0.03416645 
663 63 7 9 0.03405886 
54 137 6 8 0.0340298 
170 95 7 9 0.03400221 
256 183 7 9 0.033994947 
184 15 7 9 0.033976566 
121 189 8 10 0.03396075 
918 501 10 13 0.033954304 
151 78 7 9 0.03394824 
752 70 6 9 0.033919707 
205 0 8 10 0.033910226 
921 153 7 10 0.033880442 
313 121 6 8 0.033869006 
648 97 7 9 0.033864997 
697 231 8 10 0.033841506 
474 62 7 9 0.033715285 
245 39 8 10 0.03370105 
98 166 7 8 0.033670772 
128 48 7 8 0.033646606 
873 78 8 10 0.033618085 
59 121 8 10 0.033608418 
946 48 8 10 0.0335779 
718 136 8 10 0.03357383 
334 72 7 10 0.033562217 
803 188 9 12 0.033514265 
265 103 6 8 0.033511363 
858 129 7 10 0.03350013 
490 248 7 9 0.033490296 
138 49 7 9 0.0334735 
942 32 8 10 0.033467714 
577 31 6 8 0.033454247 
612 23 6 8 0.0334239 
911 24 7 9 0.033421032 
216 161 7 8 0.033401925 
223 40 7 8 0.03336956 
839 189 7 10 0.033350423 
594 95 6 8 0.03330981 
928 184 7 9 0.03324891 
950 6 8 9 0.033239476 
177 145 7 10 0.03323902 
383 57 7 8 0.033190753 
662 71 7 9 0.03317296 
247 31 7 8 0.033093546 
880 103 8 9 0.033033166 
822 144 7 10 0.033026047 
673 102 7 9 0.033000097 
874 118 7 9 0.032962866 
687 86 7 9 0.032946654 
880 71 8 9 0.032870173 
713 120 7 9 0.03282594 
789 311 7 10 0.03282356 
538 87 6 9 0.03282212 
144 152 7 9 0.03281348 
945 140 7 10 0.032755595 
578 78 7 8 0.0327501 
874 631 15 19 0.032742046 
796 589 12 15 0.032685377 
250 81 7 9 0.032680582 
409 41 7 9 0.0326727 
502 15 7 10 0.032670192 
658 239 7 9 0.032661665 
368 70 6 9 0.032654773 
256 190 7 9 0.032647375 
554 126 7 8 0.032634407 
79 525 12 15 0.032631427 
831 150 7 10 0.032606706 
81 127 6 8 0.032555126 
674 112 7 10 0.032523766 
26 102 6 9 0.032486983 
73 1 8 10 0.032481827 
490 40 7 9 0.032477554 
898 63 6 9 0.032463014 
729 230 7 11 0.0324499 
241 47 8 10 0.03242511 
942 37 7 9 0.032411497 
824 37 8 10 0.032397356 
342 144 7 9 0.0323902 
937 174 8 9 0.032387707 
473 56 6 9 0.03237379 
538 144 7 9 0.032365385 
599 72 6 9 0.03236295 
986 88 8 9 0.032328613 
610 169 7 9 0.032326795 
834 167 7 10 0.032323964 
577 41 7 9 0.032316256 
890 80 6 8 0.032307427 
599 146 7 9 0.032298133 
169 150 6 8 0.03225239 
90 159 6 9 0.032250725 
614 6 6 8 0.032235686 
174 175 7 8 0.03222209 
239 173 6 9 0.032182425 
535 125 7 9 0.0321259 
586 64 6 8 0.03212174 
870 175 8 10 0.032120485 
346 62 7 10 0.032108173 
870 28 8 11 0.03205543 
802 8 7 9 0.03200929 
775 14 8 9 0.03199697 
293 176 7 10 0.03199225 
544 136 6 8 0.031970438 
46 125 8 10 0.03197041 
238 64 8 10 0.031957664 
893 153 8 10 0.03192425 
639 95 7 10 0.03188138 
334 173 7 10 0.031828735 
432 174 7 9 0.03180918 
634 78 7 9 0.03177241 
439 71 6 9 0.031763118 
392 72 7 9 0.03175671 
334 17 7 8 0.03175601 
59 524 10 16 0.031735 
559 96 7 9 0.03173311 
542 150 7 8 0.03171151 
441 23 7 9 0.0317041 
177 159 6 9 0.031695835 
665 168 7 8 0.031657215 
608 129 8 10 0.031656496 
361 113 6 8 0.031642515 
585 31 6 8 0.03159742 
657 77 7 9 0.031568136 
503 65 7 8 0.031510662 
752 94 7 9 0.031420566 
903 64 7 8 0.031394716 
870 17 8 10 0.031349458 
929 190 7 9 0.03131513 
743 174 8 9 0.031313747 
545 161 7 10 0.031283468 
450 103 7 9 0.03123966 
920 63 7 9 0.031210661 
897 169 8 10 0.03120183 
536 54 6 9 0.031164484 
758 144 7 9 0.031125594 
863 0 8 9 0.031108757 
63 103 7 9 0.031051746 
858 151 8 11 0.031048791 
592 106 7 9 0.030997487 
498 14 7 10 0.030985622 
874 168 7 9 0.030963035 
623 79 6 8 0.030956773 
849 127 7 9 0.030955924 
521 9 8 10 0.030915558 
658 103 6 8 0.030888028 
496 96 6 9 0.030851863 
613 41 7 9 0.030812442 
666 175 8 11 0.03081107 
302 87 7 9 0.030783087 
266 55 7 9 0.03074703 
576 285 12 15 0.030687245 
647 102 7 8 0.030616462 
729 1 8 8 0.030611122 
743 97 6 9 0.030585706 
129 152 6 9 0.030521998 
722 41 6 8 0.030512618 
640 113 7 9 0.030478451 
800 176 7 9 0.030462004 
440 46 7 9 0.03044269 
137 174 6 9 0.030424116 
816 272 8 10 0.030415732 
22 516 11 17 0.030367931 
193 127 7 9 0.030366356 
465 153 7 8 0.03035783 
906 145 8 10 0.030332489 
568 78 6 9 0.030323941 
615 167 6 9 0.030283231 
375 62 7 9 0.030281432 
352 78 7 9 0.030249719 
489 191 6 9 0.030224126 
895 40 7 8 0.03022276 
159 568 13 18 0.030212156 
687 96 7 9 0.030200219 
385 144 7 8 0.030200172 
1016 52 7 11 0.030190822 
976 126 7 9 0.03018155 
973 188 7 10 0.03011704 
719 81 7 9 0.030109148 
897 126 8 10 0.030080352 
327 6 7 8 0.030056171 
122 1 7 8 0.03004326 
434 6 7 9 0.030029004 
186 79 7 9 0.030026102 
984 127 8 9 0.030006709 
399 168 7 9 0.02998982 
792 87 7 10 0.029988904 
640 182 7 9 0.029920785 
199 175 6 9 0.029902915 
993 110 7 10 0.029899485 
679 46 7 9 0.029898033 
174 96 7 9 0.029888744 
497 63 7 9 0.02983683 
191 120 7 9 0.029802267 
871 150 7 10 0.02979756 
737 31 7 9 0.029785143 
425 86 7 9 0.029775396 
439 175 7 9 0.029746026 
320 121 7 9 0.029726706 
850 90 7 9 0.029715253 
511 151 6 8 0.029677074 
466 1 8 9 0.029649554 
664 160 7 8 0.029649006 
214 190 7 9 0.029622909 
912 70 7 9 0.029602645 
680 141 8 10 0.029600274 
942 111 7 10 0.02959148 
430 230 7 9 0.029581755 
722 253 8 10 0.02955314 
234 65 7 9 0.029532304 
287 81 6 9 0.029521333 
783 205 8 10 0.029482424 
416 31 7 9 0.029476741 
759 207 7 9 0.029469602 
526 80 8 9 0.029441109 
510 126 6 9 0.029432556 
225 144 7 10 0.029393192 
695 136 7 10 0.029341515 
782 176 8 10 0.02930938 
426 229 8 10 0.02929171 
157 39 8 10 0.02925367 
574 14 8 9 0.029229807 
642 177 7 9 0.029229296 
930 96 7 10 0.029195342 
256 71 6 8 0.029176895 
182 150 7 9 0.02917467 
960 197 8 10 0.029154206 
947 191 7 9 0.029151436 
664 232 7 9 0.029150615 
120 89 7 9 0.029133683 
207 64 7 9 0.0291294 
679 101 7 9 0.029099256 
962 150 7 9 0.029087024 
846 7 8 9 0.029051786 
719 120 7 9 0.02903699 
566 262 7 10 0.029016262 
623 1 6 7 0.028974585 
864 28 8 11 0.028974188 
29 126 7 9 0.028967645 
782 9 7 9 0.028922971 
767 65 8 9 0.028920393 
671 168 7 9 0.028913915 
299 64 7 9 0.028906047 
39 57 7 8 0.028891288 
236 188 7 10 0.028879827 
490 87 7 9 0.02887886 
634 46 6 9 0.028806934 
391 94 7 9 0.028757464 
689 142 7 9 0.028742418 
610 95 6 9 0.02874058 
571 94 7 10 0.028680326 
240 128 7 10 0.028669296 
166 63 7 9 0.028648226 
913 15 7 10 0.028624877 
409 144 7 8 0.028532242 
81 79 6 8 0.028511975 
318 110 6 9 0.028504014 
554 109 7 9 0.028482301 
319 25 8 9 0.028463474 
799 300 7 10 0.028461305 
110 193 7 9 0.02846077 
674 134 7 10 0.028451936 
143 29 7 9 0.028449183 
416 158 7 8 0.028443422 
263 86 6 9 0.028409356 
162 78 7 9 0.028394345 
157 127 7 9 0.028342832 
216 112 7 8 0.028341543 
16 79 7 9 0.028333692 
313 32 6 8 0.028332736 
1016 167 7 11 0.028275948 
834 13 8 10 0.028234944 
663 111 6 8 0.028208427 
897 111 7 10 0.028198678 
529 126 7 8 0.028193792 
918 113 8 11 0.02813206 
122 103 6 9 0.028130814 
831 119 7 9 0.028099222 
440 240 6 8 0.02807894 
784 160 7 8 0.028075047 
70 89 7 9 0.028074838 
569 41 6 8 0.028062688 
482 160 7 8 0.028037548 
649 295 7 9 0.028029906 
134 158 7 9 0.028016143 
768 173 7 9 0.028012272 
544 96 6 9 0.028004963 
264 167 6 8 0.028003106 
479 46 6 8 0.027987925 
866 619 21 26 0.027982192 
169 128 7 9 0.027961655 
592 1 8 9 0.027961565 
199 110 7 9 0.027957805 
473 95 7 9 0.027938588 
659 55 6 9 0.027905826 
864 110 6 9 0.027904775 
590 263 8 10 0.027901154 
217 118 6 9 0.027888115 
191 80 6 8 0.027846854 
646 239 7 9 0.02778768 
351 199 8 11 0.027752537 
641 103 7 8 0.027744126 
526 25 7 9 0.027734518 
799 65 7 9 0.027729545 
777 53 8 9 0.027685817 
264 112 6 8 0.027681082 
1006 515 11 15 0.027679017 
249 189 7 9 0.027673341 
845 168 8 10 0.027668055 
32 158 6 8 0.027666364 
361 126 7 10 0.02759933 
817 55 7 8 0.027580434 
791 598 11 13 0.027577253 
918 226 9 12 0.027575253 
872 270 7 10 0.027556216 
587 14 7 9 0.027541265 
914 216 9 11 0.027530322 
801 223 8 10 0.02752422 
958 15 8 10 0.027469084 
535 189 7 9 0.027462805 
514 14 7 9 0.027432974 
727 57 7 8 0.02739357 
571 111 7 9 0.0273837 
279 70 7 9 0.027371738 
625 95 7 9 0.027365033 
289 55 7 9 0.027359923 
505 191 7 8 0.027323212 
319 137 8 10 0.027280075 
176 128 6 8 0.027278211 
32 152 7 9 0.027267354 
209 128 7 8 0.027256707 
728 40 7 8 0.027244387 
101 177 9 11 0.027221749 
753 208 7 9 0.027201885 
287 153 7 9 0.027201382 
994 102 8 10 0.02719716 
360 88 7 9 0.027196921 
82 120 6 8 0.02715711 
966 38 8 10 0.02715343 
544 119 7 9 0.02710983 
136 71 6 8 0.027103469 
256 97 7 8 0.027100502 
103 104 7 9 0.02707359 
255 15 7 10 0.027067143 
128 14 7 9 0.027054762 
895 102 7 10 0.02705108 
544 15 7 9 0.027035518 
466 7 7 9 0.027015079 
551 32 7 9 0.026962312 
954 561 14 17 0.026929555 
382 88 8 10 0.026919447 
248 72 7 8 0.0269001 
124 533 10 15 0.02689703 
887 215 8 9 0.026888225 
703 206 8 10 0.026861839 
481 25 6 9 0.02685603 
729 31 6 9 0.026814947 
553 184 8 11 0.026809404 
568 103 6 9 0.026795717 
398 175 7 8 0.026746651 
615 192 7 9 0.026729364 
634 73 7 9 0.026721017 
437 168 7 9 0.026710963 
810 229 8 10 0.026706219 
746 71 6 9 0.026679028 
837 685 16 18 0.026636219 
330 113 6 8 0.026616102 
742 25 7 9 0.026607757 
447 191 6 9 0.026597748 
972 226 11 13 0.026588948 
597 228 8 11 0.026582949 
320 88 7 8 0.026580853 
513 97 7 9 0.02657001 
520 246 7 9 0.026542153 
792 175 7 9 0.02651662 
496 25 8 9 0.026497683 
320 56 7 9 0.026493812 
448 40 6 8 0.026489154 
947 183 7 10 0.026476908 
624 49 6 8 0.026457516 
166 78 7 9 0.026453106 
865 217 8 10 0.0264516 
713 103 6 9 0.026384184 
398 111 9 11 0.02635652 
869 198 8 10 0.026320742 
703 118 7 10 0.02630092 
466 215 6 9 0.026295219 
911 102 6 9 0.026257299 
704 144 7 10 0.026257046 
949 207 9 11 0.026218448 
801 37 7 9 0.026216703 
671 230 8 9 0.026204653 
442 16 7 8 0.026115919 
487 72 7 8 0.026106874 
616 129 7 10 0.026067838 
503 113 8 9 0.026048888 
592 209 7 8 0.026045596 
186 166 7 8 0.026044581 
57 165 6 8 0.026036588 
663 151 6 9 0.02603452 
825 104 6 9 0.026012177 
384 23 8 10 0.025949243 
905 24 8 10 0.025937617 
473 124 7 10 0.025931675 
705 214 8 11 0.025915092 
330 15 7 9 0.025911974 
113 71 7 9 0.025889175 
378 88 7 10 0.025885953 
937 8 7 9 0.025881175 
494 249 7 9 0.025869627 
185 126 7 9 0.025842736 
8 95 7 9 0.02584131 
87 166 6 9 0.025826149 
705 112 6 8 0.025825547 
682 23 7 9 0.025794363 
995 78 7 10 0.025787115 
209 32 7 9 0.025785534 
553 94 7 9 0.025783546 
783 201 8 9 0.025732456 
264 79 7 10 0.02572351 
314 160 6 9 0.025723413 
722 46 6 9 0.025713474 
608 144 7 9 0.025707036 
594 72 7 9 0.025705518 
553 223 7 9 0.025703525 
381 630 14 20 0.025701292 
385 62 7 9 0.025699548 
538 14 7 9 0.025650488 
791 94 7 10 0.025648532 
271 49 7 8 0.025647067 
286 141 7 10 0.025584381 
145 78 7 9 0.025566282 
200 95 6 9 0.025508221 
800 127 7 9 0.025506904 
496 137 6 9 0.025477303 
529 184 7 9 0.02546209 
169 112 7 9 0.025459325 
665 128 7 9 0.025444817 
447 16 6 8 0.02543508 
46 121 8 10 0.025429955 
399 145 7 9 0.025429955 
391 135 7 8 0.025411561 
470 159 6 9 0.025410464 
386 103 8 10 0.025399802 
633 102 6 8 0.025389273 
689 80 7 9 0.025369363 
823 136 7 9 0.025342839 
905 157 8 11 0.025342098 
571 146 7 10 0.025322447 
329 40 7 9 0.02531727 
128 95 7 8 0.025307981 
31 102 7 9 0.025303612 
424 10 7 8 0.0252935 
681 128 7 10 0.025256673 
929 1 7 8 0.025256412 
13 101 8 10 0.02525372 
423 192 7 8 0.025223162 
584 177 7 8 0.025206154 
857 143 7 8 0.025202604 
640 31 6 9 0.02519138 
902 510 8 10 0.025189307 
719 141 7 10 0.025171855 
791 133 8 10 0.025145914 
711 190 8 10 0.025143024 
311 72 6 9 0.025142275 
835 144 6 9 0.025139602 
648 87 7 9 0.025131483 
976 103 7 9 0.025114153 
792 150 7 9 0.025104782 
425 158 6 8 0.025097786 
610 2 6 7 0.02509505 
808 63 6 9 0.025049672 
650 222 7 9 0.025032632 
480 81 7 9 0.024987586 
56 102 7 10 0.024985135 
151 73 6 9 0.024972562 
625 39 7 9 0.024968911 
329 119 7 9 0.024958257 
809 271 8 11 0.02492232 
168 48 6 9 0.024885532 
154 137 7 10 0.02487933 
778 41 7 10 0.02486224 
335 40 6 8 0.024850992 
569 73 6 8 0.024843356 
583 183 7 9 0.024837371 
243 152 6 8 0.024816802 
222 15 7 8 0.024801986 
408 158 6 8 0.024799755 
153 16 7 9 0.02478734 
736 174 8 10 0.02477491 
825 119 7 8 0.024763715 
73 71 7 9 0.02476163 
226 47 7 8 0.024719246 
344 188 8 10 0.02471577 
687 174 8 9 0.024708718 
326 182 6 9 0.02470163 
530 49 7 9 0.024690924 
137 30 7 9 0.024654757 
735 264 8 9 0.024601392 
378 168 6 8 0.024599573 
440 295 8 10 0.024585502 
649 33 7 9 0.024576986 
265 184 6 9 0.024561271 
690 103 7 8 0.024540579 
703 199 8 10 0.02453675 
784 14 7 9 0.024524042 
799 1 7 8 0.02452354 
706 244 7 9 0.0245041 
888 518 10 12 0.024497515 
862 165 7 10 0.024471834 
41 120 7 9 0.024469089 
648 113 7 9 0.024459792 
823 54 6 9 0.02445681 
240 80 6 8 0.024448805 
337 237 9 11 0.024443327 
314 24 6 8 0.024436995 
490 96 7 9 0.024417648 
463 113 7 9 0.024413366 
904 38 7 10 0.024405526 
905 135 8 10 0.02440509 
202 46 7 9 0.024400944 
856 104 7 9 0.024366988 
569 14 7 9 0.024322996 
512 183 7 8 0.024296725 
250 185 6 8 0.024296086 
585 73 6 8 0.024254927 
298 34 7 9 0.024242302 
248 63 7 9 0.024233554 
466 135 7 9 0.024231263 
568 63 7 8 0.024228698 
197 25 8 9 0.024217278 
752 256 7 10 0.024211153 
198 29 8 10 0.024203023 
344 1 6 8 0.024199806 
295 120 6 9 0.024172915 
112 88 6 8 0.024172641 
882 151 6 9 0.024166118 
550 161 8 10 0.024162501 
366 121 7 9 0.024149742 
215 152 6 8 0.02413844 
202 40 7 9 0.024134798 
194 207 7 9 0.024127485 
385 150 7 9 0.02410097 
871 527 12 16 0.024089856 
451 96 7 9 0.02408765 
240 87 6 9 0.024067448 
7 89 7 9 0.024029845 
145 89 7 9 0.024022631 
726 253 8 10 0.024022406 
736 254 8 10 0.024004148 
39 61 7 9 0.024004092 
385 93 8 10 0.023999518 
600 32 6 8 0.0239899 
719 126 7 9 0.023980167 
600 208 7 9 0.023976201 
464 64 7 9 0.023964271 
245 134 7 9 0.0239614 
1014 636 10 18 0.023960052 
920 175 8 10 0.023940071 
327 2 7 8 0.023939503 
934 48 8 11 0.023934186 
879 134 7 9 0.023929652 
447 57 8 9 0.023907922 
394 175 7 9 0.023904243 
690 112 8 10 0.023901384 
279 117 6 9 0.023899853 
255 6 7 8 0.02389633 
329 136 6 8 0.023856025 
432 239 7 9 0.02384562 
624 127 6 8 0.023826448 
145 72 7 8 0.023824291 
656 167 7 9 0.023823826 
871 214 7 10 0.023816366 
97 1 7 8 0.023815697 
160 111 7 9 0.023780372 
424 14 7 9 0.023772214 
721 176 8 10 0.023761323 
801 199 7 10 0.023752509 
915 581 16 20 0.02372487 
768 95 7 9 0.023720449 
440 184 7 8 0.023714282 
696 85 7 9 0.023693532 
753 198 7 10 0.023653964 
687 151 7 9 0.02365251 
327 197 8 10 0.02362118 
126 0 7 8 0.02361246 
304 600 12 16 0.023609769 
146 166 6 8 0.023608329 
559 257 8 10 0.023607343 
49 95 8 9 0.023591945 
318 104 7 9 0.023583278 
230 145 7 10 0.023549343 
591 159 7 9 0.023511881 
106 153 7 9 0.023504931 
560 41 6 8 0.023499228 
224 129 7 9 0.023490539 
544 257 7 9 0.023483083 
719 86 7 8 0.0234683 
52 204 8 12 0.023455886 
347 40 6 8 0.02344562 
942 438 8 11 0.023400888 
455 8 7 9 0.023379462 
64 31 6 8 0.023378028 
98 111 6 8 0.023360992 
896 32 7 8 0.023350282 
617 73 7 8 0.023332296 
888 33 8 9 0.023327647 
631 199 6 8 0.023301711 
807 157 9 11 0.023293236 
586 104 6 8 0.023284419 
537 80 7 8 0.02328381 
200 104 6 9 0.023281245 
649 255 7 8 0.02327142 
663 238 6 9 0.02326652 
353 22 7 9 0.023265708 
70 13 7 10 0.023263898 
360 1 8 8 0.023230992 
184 31 7 9 0.023227315 
193 104 7 8 0.023222752 
743 229 10 12 0.023174018 
504 8 7 9 0.023172043 
528 55 7 8 0.023150053 
326 208 9 12 0.023146758 
937 15 8 9 0.023136731 
695 72 7 10 0.023115937 
247 104 7 9 0.023113841 
996 484 11 15 0.02307469 
656 96 6 9 0.023059273 
656 32 6 8 0.023053175 
574 215 7 9 0.023033047 
311 38 7 9 0.02300286 
909 430 10 13 0.023002364 
584 166 8 9 0.022987656 
327 57 7 9 0.022964433 
281 33 8 9 0.022959521 
447 23 7 9 0.022949168 
658 64 7 9 0.022940136 
704 222 8 10 0.022935433 
73 103 6 9 0.022930091 
81 96 8 10 0.022928447 
232 86 7 9 0.022877578 
417 71 7 8 0.022871193 
454 2 7 8 0.022869747 
863 572 12 17 0.02285498 
606 61 7 9 0.022834133 
791 144 8 10 0.022829704 
697 60 8 10 0.022822935 
153 46 7 9 0.022814607 
478 97 7 9 0.022808436 
161 150 6 8 0.02280413 
55 30 8 9 0.02277997 
873 48 7 9 0.022758454 
704 86 7 9 0.022739999 
649 248 7 9 0.022685263 
511 145 7 8 0.022656552 
749 1 7 9 0.022647336 
184 160 7 10 0.022629712 
72 136 6 9 0.022619842 
600 247 7 9 0.022611097 
952 86 7 10 0.022607805 
889 183 7 8 0.02260401 
240 15 7 8 0.022591185 
3 613 21 31 0.02257815 
305 105 6 9 0.022575067 
490 46 7 9 0.022568308 
817 144 8 9 0.022566294 
928 48 8 10 0.022537412 
605 386 10 13 0.02251642 
144 105 6 8 0.022515524 
239 95 7 9 0.022493301 
329 46 7 9 0.02248001 
257 102 6 8 0.022478107 
575 168 7 9 0.022477256 
449 7 7 9 0.022468492 
377 72 7 9 0.022447165 
759 277 8 11 0.022433033 
210 136 7 9 0.022425016 
202 163 6 8 0.022420717 
648 163 8 10 0.022410499 
416 86 7 9 0.022398414 
610 7 6 8 0.022375911 
911 177 7 9 0.02237258 
552 247 8 9 0.022371313 
289 48 7 9 0.022356238 
751 166 8 11 0.022341348 
863 619 14 17 0.022267591 
215 129 7 8 0.022265788 
545 231 6 9 0.0222639 
402 184 7 9 0.022224437 
26 55 7 10 0.022216639 
974 27 9 11 0.022209667 
526 102 7 9 0.022199396 
450 167 7 9 0.02215888 
302 142 7 9 0.022114992 
727 207 8 10 0.022114659 
882 40 7 9 0.022102913 
385 1 7 8 0.022098167 
920 9 7 10 0.02209283 
768 56 7 8 0.0220873 
599 240 7 10 0.022086028 
303 23 7 8 0.022081211 
208 87 7 9 0.022062182 
902 429 10 14 0.022061003 
782 41 7 9 0.022039713 
618 55 7 8 0.02203206 
86 96 8 10 0.022019189 
169 103 7 9 0.021998689 
686 63 6 9 0.021996025 
512 110 7 9 0.02199039 
745 262 8 9 0.021976227 
312 136 7 9 0.021974588 
3 482 11 17 0.021965478 
274 111 7 9 0.021965452 
368 136 7 8 0.021948602 
416 40 6 8 0.02192818 
981 239 13 16 0.021927472 
642 160 7 9 0.021920364 
183 70 7 10 0.021916687 
535 177 8 9 0.021914447 
903 214 7 10 0.021905774 
255 31 7 8 0.021872105 
902 126 8 10 0.021861557 
720 190 8 11 0.021860538 
504 96 6 8 0.02182944 
190 166 7 9 0.02182305 
184 145 6 9 0.021795196 
201 56 6 9 0.021789031 
296 56 6 8 0.021773716 
369 56 7 8 0.021770654 
674 55 6 9 0.02173504 
848 198 7 10 0.021727633 
482 192 7 8 0.021713736 
727 96 7 10 0.021697422 
623 22 7 9 0.021673257 
711 199 8 10 0.021624137 
602 214 7 9 0.021622226 
984 229 10 11 0.021617197 
399 118 8 10 0.02159466 
113 24 6 9 0.021593511 
764 606 17 20 0.021587849 
377 47 7 10 0.021580974 
703 273 7 10 0.021578968 
817 48 8 10 0.021578291 
873 105 8 10 0.021571932 
552 257 7 9 0.021562003 
665 31 6 8 0.021556504 
616 248 8 9 0.021552132 
195 135 7 9 0.021537097 
704 80 8 10 0.021527592 
120 40 7 9 0.021526342 
336 22 6 8 0.021507695 
673 96 7 9 0.02150702 
1014 83 8 12 0.021498809 
869 695 16 24 0.021459393 
26 88 8 9 0.021455526 
910 436 11 13 0.02142395 
391 77 6 9 0.021422757 
280 153 7 10 0.021395417 
64 78 6 8 0.021374047 
48 151 6 8 0.02136731 
721 70 7 10 0.021342937 
16 126 8 10 0.02133142 
903 168 7 9 0.021285523 
218 89 7 9 0.021281177 
128 167 7 9 0.021277748 
541 270 9 12 0.021272926 
929 7 7 9 0.021256875 
480 167 6 8 0.021254556 
488 63 7 10 0.021254115 
345 47 6 9 0.02124054 
729 264 8 10 0.021224875 
174 168 7 9 0.021214366 
134 143 6 9 0.021206021 
824 192 8 10 0.021187676 
216 47 6 8 0.021186542 
614 237 7 10 0.021164304 
624 103 7 9 0.02115972 
393 145 7 10 0.021159207 
568 31 6 8 0.021149477 
394 169 6 8 0.02114296 
950 53 7 10 0.021137381 
32 143 7 9 0.021135498 
863 237 8 10 0.021123169 
856 6 8 10 0.021121169 
437 725 14 17 0.021111807 
495 152 7 8 0.021107549 
905 84 7 9 0.021093879 
337 0 7 9 0.021092962 
74 62 7 10 0.021090232 
88 205 8 10 0.021081328 
289 71 6 8 0.021075536 
166 73 8 9 0.021064311 
806 224 9 11 0.021063577 
586 128 7 8 0.021060877 
688 129 7 9 0.02105274 
280 64 7 9 0.021032589 
878 79 8 9 0.021029884 
512 223 7 9 0.0210199 
545 23 7 9 0.02097686 
481 71 7 10 0.020958994 
472 152 6 9 0.02093015 
183 56 7 9 0.020929154 
722 284 9 12 0.0209251 
960 7 8 10 0.020918312 
896 279 9 11 0.020915523 
207 96 7 9 0.0208797 
976 119 7 10 0.020875178 
687 190 8 10 0.020873668 
322 7 7 9 0.020868095 
466 223 7 8 0.020855982 
600 15 6 9 0.020840393 
623 73 7 9 0.02082613 
895 216 8 9 0.020818686 
431 151 7 9 0.02078344 
64 73 6 9 0.020773478 
927 152 7 9 0.020753127 
328 445 12 15 0.020751003 
306 169 6 8 0.020747988 
281 207 8 11 0.020735748 
640 17 7 9 0.020690378 
152 152 7 8 0.020688087 
911 97 7 9 0.020674199 
616 145 7 9 0.020665089 
376 92 8 10 0.02066379 
893 523 10 14 0.020660307 
305 121 6 8 0.02064928 
312 167 7 8 0.02064525 
263 138 7 8 0.020645075 
888 541 10 14 0.020643609 
529 176 6 9 0.020638613 
321 15 7 9 0.020625828 
593 88 6 8 0.020618942 
336 149 8 9 0.020616906 
889 53 8 10 0.020614633 
353 1 7 8 0.02061263 
655 248 6 8 0.020607334 
505 200 6 8 0.020603916 
46 88 8 10 0.020593962 
663 78 6 9 0.020585552 
743 86 6 9 0.020583382 
830 0 8 10 0.02057959 
567 135 7 9 0.02057492 
130 120 6 9 0.020561967 
824 687 22 22 0.020560479 
770 16 7 9 0.020549929 
169 145 7 8 0.020534217 
513 63 7 9 0.020523963 
108 538 12 15 0.020519907 
697 239 7 9 0.020468133 
153 22 6 9 0.020466901 
909 79 8 10 0.020462018 
511 120 7 10 0.020460198 
449 176 7 8 0.020460188 
1002 191 8 10 0.02045857 
194 95 7 9 0.02044786 
599 0 7 9 0.020399617 
193 56 6 8 0.020397013 
290 103 7 9 0.020389553 
641 166 6 9 0.020373797 
256 112 7 9 0.02035429 
56 152 8 9 0.020348527 
432 185 7 7 0.02034627 
464 166 7 9 0.020320835 
734 0 8 9 0.020317322 
694 213 8 10 0.020305965 
680 184 8 10 0.02030035 
97 103 7 9 0.02029544 
840 268 8 11 0.020290138 
577 63 6 8 0.020262877 
543 128 7 8 0.020260861 
800 79 7 9 0.020240212 
345 31 6 8 0.02023897 
743 8 7 9 0.02023047 
391 30 8 9 0.020220798 
761 168 8 9 0.020190794 
561 160 7 8 0.020187201 
489 102 7 10 0.020178035 
904 191 8 9 0.020164978 
327 192 7 9 0.020156207 
583 41 7 9 0.020152744 
561 32 7 8 0.020118596 
871 39 8 10 0.02010512 
34 175 7 8 0.020104196 
841 206 8 11 0.0200834 
466 46 7 9 0.020073514 
26 94 8 10 0.020072548 
567 222 7 10 0.020048063 
114 184 7 9 0.020018432 
