35_Basketball_playingbasketball_35_127
31
597 185 48 61 0.9984242 
492 113 36 44 0.99607337 
319 57 28 36 0.99555486 
637 32 33 42 0.99470276 
886 64 26 34 0.991879 
531 165 37 48 0.99174255 
851 3 26 28 0.9715992 
90 19 19 24 0.93580663 
14 64 16 20 0.93362296 
759 11 21 26 0.89566725 
167 2 20 22 0.89147985 
1003 116 20 30 0.8500329 
420 79 18 22 0.6667758 
401 2 23 24 0.62274796 
403 70 15 21 0.15462784 
830 19 13 16 0.12445022 
123 115 15 23 0.07314017 
77 100 20 30 0.056744196 
126 4 13 15 0.05648408 
402 16 18 20 0.055704262 
817 67 16 20 0.04084197 
413 74 15 22 0.03974276 
133 99 20 30 0.038505334 
371 17 15 18 0.03765233 
171 94 18 21 0.036904566 
152 119 23 30 0.03543326 
156 108 28 33 0.023876945 
831 10 22 27 0.022107542 
143 109 27 35 0.02174764 
115 3 16 17 0.021109682 
155 93 27 31 0.020793544 
