35_Basketball_basketballgame_ball_35_178
277
837 188 29 37 0.9928548 
195 470 21 26 0.9715505 
85 394 26 34 0.96759397 
456 384 28 32 0.89496994 
305 487 15 20 0.8201713 
573 261 29 31 0.56041676 
842 670 7 9 0.38341054 
32 657 6 9 0.2709844 
862 654 7 10 0.20604298 
581 238 14 18 0.20437057 
111 684 8 11 0.16636266 
831 681 7 9 0.14383212 
815 689 7 9 0.13795193 
758 705 7 9 0.13756448 
794 688 8 10 0.13543569 
216 608 15 19 0.13147452 
56 661 7 9 0.12649763 
46 664 8 10 0.113672994 
394 702 7 9 0.11004241 
689 385 30 29 0.10109968 
576 670 6 8 0.09615404 
24 673 8 10 0.0943624 
767 646 7 9 0.09325503 
641 670 6 9 0.08690869 
873 679 6 8 0.08246111 
586 269 21 25 0.08190736 
72 689 8 10 0.07859731 
369 695 5 8 0.07772732 
743 639 7 8 0.07612499 
680 670 6 9 0.074963465 
687 702 7 10 0.07394541 
426 677 6 8 0.07333523 
930 670 6 8 0.07281337 
40 685 7 10 0.07252976 
650 695 6 8 0.07226973 
329 654 7 9 0.07218467 
893 648 8 10 0.071803086 
285 700 8 11 0.0699541 
121 673 6 8 0.06911029 
727 709 9 12 0.068713896 
263 508 12 16 0.066224724 
63 646 6 8 0.063900374 
633 694 7 9 0.06341498 
187 645 14 15 0.06288242 
791 691 8 11 0.062616244 
86 726 12 15 0.06259858 
682 694 6 9 0.061035722 
113 704 8 11 0.059692748 
71 663 8 10 0.05940205 
921 662 6 8 0.058348298 
631 648 7 9 0.05694328 
79 666 8 10 0.056885064 
106 685 7 11 0.056003742 
45 669 8 10 0.05528203 
663 704 7 9 0.055154864 
144 692 8 10 0.055153973 
682 703 7 10 0.055105634 
617 694 8 9 0.054213468 
294 486 14 18 0.05343803 
298 509 20 28 0.052799974 
687 695 7 10 0.051935907 
618 662 6 9 0.0512007 
744 725 9 11 0.051199935 
42 663 8 10 0.050375395 
759 708 8 10 0.050196193 
817 646 6 8 0.049827952 
727 703 11 13 0.04872101 
881 673 6 8 0.048463624 
111 670 7 8 0.047233853 
863 674 6 8 0.046868786 
920 687 7 8 0.046593346 
898 671 6 9 0.04648474 
551 679 7 8 0.045482513 
87 702 8 10 0.045170877 
528 382 9 12 0.04514409 
834 639 5 8 0.04510241 
566 623 7 9 0.044868015 
402 678 6 9 0.044699997 
696 694 7 9 0.04407407 
895 679 7 9 0.043624844 
922 680 6 8 0.043587636 
738 687 6 8 0.04350248 
864 705 8 10 0.04342043 
561 670 6 9 0.04244822 
462 398 21 24 0.042423405 
655 695 6 9 0.042313885 
66 662 7 9 0.04193541 
302 679 12 16 0.041779906 
879 677 7 9 0.04090915 
791 654 7 8 0.039876435 
378 694 6 9 0.039554007 
762 678 7 8 0.03950871 
382 695 7 8 0.039408248 
584 582 7 8 0.038799353 
728 638 7 9 0.03840159 
922 658 6 8 0.03813513 
808 647 6 8 0.037885197 
262 491 11 15 0.037803024 
627 649 6 8 0.037633438 
902 672 7 9 0.037530065 
858 673 6 8 0.03641322 
550 687 6 8 0.03623391 
134 693 8 10 0.03614833 
414 703 7 9 0.03603768 
743 688 6 9 0.035782095 
353 689 6 8 0.035765093 
824 646 6 8 0.035671424 
798 691 8 11 0.035659228 
491 679 6 9 0.035620946 
895 686 7 9 0.035550356 
601 679 6 7 0.03542241 
913 646 7 8 0.03528926 
656 661 8 9 0.035089448 
890 686 7 9 0.034948803 
489 702 7 9 0.034789555 
387 671 6 8 0.034719057 
903 631 7 9 0.034262795 
767 678 6 9 0.034205724 
370 702 6 8 0.03402604 
600 697 8 9 0.034018785 
658 702 7 10 0.033564184 
376 429 9 12 0.033469025 
865 677 6 9 0.033216976 
47 647 6 9 0.03320862 
721 711 8 11 0.033187006 
841 647 6 8 0.033157613 
920 672 6 8 0.03304219 
107 680 8 11 0.03274793 
379 689 7 9 0.032641783 
9 688 8 11 0.0324439 
534 383 11 13 0.032121517 
792 650 6 8 0.031912684 
616 679 6 7 0.031845473 
600 702 7 9 0.031689003 
849 686 7 9 0.031671546 
810 695 7 9 0.03164645 
547 688 6 8 0.031516694 
946 664 6 7 0.031505723 
369 672 6 8 0.03148392 
334 654 7 9 0.03142928 
195 666 11 16 0.03134097 
887 672 7 8 0.031050287 
1008 638 7 9 0.030858723 
991 647 6 8 0.030831832 
567 695 6 8 0.030818526 
784 661 7 9 0.030606456 
855 688 7 9 0.030426843 
534 679 7 9 0.030186275 
665 687 6 8 0.029987888 
872 686 7 9 0.02973058 
466 695 7 9 0.02972774 
889 679 7 9 0.029288417 
562 695 7 8 0.029236482 
744 694 6 9 0.029148579 
59 647 6 8 0.02902884 
397 702 7 9 0.029010834 
495 653 7 9 0.028730076 
873 631 6 8 0.028636867 
562 590 7 9 0.028420387 
928 639 7 8 0.028393151 
673 688 7 9 0.02836856 
673 705 6 8 0.028144248 
784 710 7 9 0.028104141 
811 687 7 10 0.028085466 
542 703 8 10 0.028070364 
632 678 6 8 0.0279622 
786 694 7 8 0.02792438 
785 657 7 8 0.027796125 
538 663 7 9 0.027542707 
530 679 8 9 0.027520917 
652 601 9 11 0.027388731 
361 670 6 8 0.027372502 
423 693 6 9 0.027206272 
352 604 9 11 0.026912777 
825 686 7 10 0.026869765 
594 696 6 8 0.02681837 
465 703 6 8 0.026715593 
633 703 8 9 0.026633043 
118 687 7 9 0.026410496 
817 641 6 8 0.026388114 
622 694 7 9 0.026354028 
576 694 7 8 0.026335904 
353 694 7 9 0.026207762 
729 655 7 9 0.02575855 
962 666 6 7 0.025697423 
359 648 7 8 0.025693018 
959 649 7 8 0.02567344 
376 662 6 8 0.025656577 
663 662 7 9 0.02563514 
697 689 7 9 0.025578605 
392 664 6 8 0.025487665 
565 592 7 9 0.025461765 
679 665 7 9 0.025456851 
73 669 8 10 0.025454974 
777 661 6 9 0.025343932 
542 662 7 10 0.025287457 
417 694 7 10 0.02523629 
328 694 6 9 0.02519119 
641 666 7 9 0.024897743 
927 679 7 9 0.024837129 
735 655 6 8 0.024771404 
378 424 9 12 0.02470864 
410 702 7 10 0.024698626 
626 229 12 15 0.024673013 
625 654 7 9 0.02454341 
560 649 6 9 0.024538616 
342 694 6 9 0.024425361 
30 677 8 10 0.024328765 
14 661 7 10 0.024325255 
857 663 7 8 0.024251271 
826 681 7 9 0.02409192 
649 689 6 8 0.024088794 
655 640 7 8 0.024036998 
638 647 6 9 0.023970673 
418 689 6 8 0.023740066 
455 694 7 8 0.023577813 
1009 633 6 8 0.023564348 
673 639 6 9 0.0235592 
950 664 6 8 0.023557479 
726 673 8 10 0.023501758 
881 607 6 8 0.023416847 
360 688 7 9 0.023391508 
338 695 6 8 0.023214035 
490 649 7 9 0.023055363 
762 689 6 8 0.022901831 
319 585 7 11 0.022901256 
446 720 8 10 0.022850456 
591 671 6 8 0.022740869 
314 461 9 11 0.022675745 
894 653 8 9 0.02264399 
542 695 7 10 0.022612788 
101 694 8 10 0.022558194 
857 678 6 9 0.0223961 
489 686 6 8 0.022338707 
602 687 7 9 0.022311302 
592 711 6 9 0.022260936 
78 687 8 11 0.022191282 
856 630 7 9 0.022186628 
732 710 8 11 0.022177516 
370 664 6 8 0.02212875 
639 703 6 9 0.02207974 
16 673 8 10 0.021997584 
29 672 7 10 0.021920461 
1009 592 6 7 0.021891546 
914 687 6 9 0.021799253 
674 664 6 8 0.021799 
801 641 6 8 0.021756425 
568 670 7 9 0.021748075 
802 647 6 8 0.021583289 
85 490 17 21 0.021574056 
30 648 7 9 0.021493908 
308 682 10 13 0.021469444 
197 645 10 13 0.02142988 
205 645 9 12 0.02138871 
530 686 7 9 0.021256808 
768 695 7 9 0.021223448 
391 671 6 8 0.020981453 
648 702 7 9 0.020819087 
351 670 6 8 0.020723922 
300 736 9 12 0.020710114 
665 709 7 10 0.020698668 
776 703 6 9 0.020677144 
663 656 7 9 0.020669982 
553 673 6 8 0.020629227 
904 663 6 8 0.020628875 
737 638 7 9 0.020602578 
495 671 6 9 0.02056466 
810 671 6 8 0.020562703 
960 653 6 9 0.02041437 
904 678 6 8 0.020396886 
833 663 6 9 0.020359801 
433 693 7 9 0.020320056 
177 636 16 18 0.020311676 
255 661 11 17 0.020307126 
345 665 6 8 0.020217082 
767 710 7 10 0.020166403 
662 721 8 11 0.02007096 
