35_Basketball_Basketball_35_209
589
417 110 35 41 0.99420327 
499 136 36 45 0.9925289 
898 183 19 24 0.9727676 
151 230 9 12 0.87455225 
614 236 9 11 0.6523685 
134 229 9 11 0.58432484 
49 240 10 13 0.53717923 
977 221 15 18 0.51349145 
831 260 11 15 0.48233676 
743 269 9 11 0.4751716 
87 207 8 10 0.471846 
714 265 7 10 0.46272272 
593 276 9 12 0.4113794 
53 294 8 11 0.40067387 
13 261 9 12 0.40063685 
751 204 7 10 0.3267805 
64 267 9 12 0.3174349 
664 263 7 9 0.31385183 
280 85 8 10 0.29256484 
18 231 8 11 0.28811577 
32 268 12 17 0.2860809 
144 254 8 10 0.27777714 
988 214 17 18 0.27530655 
176 197 12 15 0.25357506 
127 201 8 9 0.23389964 
34 229 8 10 0.2251791 
254 201 7 9 0.20876414 
87 292 10 12 0.19731943 
180 294 9 11 0.19089428 
32 198 8 11 0.19017173 
120 229 7 9 0.18726647 
178 229 8 11 0.17377809 
22 181 8 10 0.16737302 
360 196 8 11 0.16310409 
950 190 9 12 0.16267891 
127 78 8 10 0.15852574 
712 239 6 9 0.15516067 
925 179 9 11 0.1539104 
194 225 15 21 0.15117857 
57 316 8 11 0.15058605 
134 205 8 10 0.1486789 
31 264 10 13 0.14395323 
166 215 9 10 0.14301948 
879 188 11 13 0.1395907 
146 190 7 10 0.13865505 
712 247 6 8 0.13827805 
129 246 8 10 0.13685875 
725 299 9 11 0.13663657 
143 293 8 11 0.13491838 
168 271 8 9 0.13400893 
330 200 7 10 0.13347298 
921 175 9 13 0.13292013 
967 160 8 10 0.12997152 
310 200 8 9 0.12989031 
911 159 9 12 0.12941605 
78 230 7 9 0.12703007 
927 192 9 12 0.12257215 
967 219 9 13 0.12193805 
320 247 7 9 0.12126727 
74 225 7 9 0.11913003 
867 206 13 16 0.106699504 
698 256 7 10 0.10563631 
183 78 8 10 0.10555827 
71 187 10 12 0.10417145 
385 92 8 10 0.10188772 
717 263 8 11 0.10118434 
168 311 9 12 0.099250965 
150 316 12 15 0.09855419 
122 200 7 8 0.09777364 
175 191 11 15 0.096394554 
473 165 12 14 0.09548746 
82 293 8 11 0.093946114 
807 182 8 10 0.092547506 
328 184 7 9 0.09180402 
177 277 7 9 0.09099255 
161 216 9 10 0.090349495 
27 55 6 8 0.09021092 
951 198 10 13 0.08742181 
119 292 9 11 0.08658762 
125 292 9 11 0.086156756 
1000 166 8 10 0.08572613 
150 263 8 10 0.08461049 
106 209 7 10 0.08453138 
70 293 8 10 0.08437818 
288 216 7 9 0.08416072 
225 87 7 10 0.083665006 
109 209 8 9 0.083168566 
118 270 7 9 0.08216393 
696 230 6 9 0.08193136 
130 204 8 10 0.081371285 
632 236 8 10 0.08135517 
977 172 8 10 0.081290655 
333 198 8 10 0.08063453 
266 225 7 9 0.08061148 
839 196 11 13 0.08026754 
590 217 7 10 0.07920872 
813 196 10 13 0.07878384 
0 222 8 11 0.077531844 
658 126 7 9 0.07749573 
952 176 9 10 0.076635405 
882 189 14 18 0.076316506 
33 224 8 11 0.07539919 
306 200 7 8 0.07500554 
149 191 8 10 0.074870914 
112 292 8 10 0.073943645 
981 143 8 10 0.07378566 
359 213 7 9 0.0733713 
110 213 7 10 0.07326193 
274 199 7 9 0.073259406 
137 273 7 10 0.07194324 
107 239 6 8 0.07171096 
83 206 7 9 0.06958115 
930 158 7 10 0.06793772 
113 269 8 10 0.06785977 
667 141 7 9 0.06715686 
980 214 18 19 0.06688806 
97 120 7 10 0.06646189 
296 79 7 9 0.066225894 
639 238 7 9 0.065364696 
174 273 8 10 0.065259576 
750 238 8 10 0.065167606 
183 247 8 10 0.06513771 
735 247 6 9 0.06468561 
887 165 8 10 0.06443517 
945 159 7 9 0.06426742 
49 48 7 10 0.06392486 
648 263 8 10 0.06379497 
673 237 7 9 0.06367709 
342 213 7 9 0.06287065 
702 256 7 10 0.06256223 
949 182 9 12 0.0624943 
169 255 8 10 0.06245961 
145 80 8 10 0.062234268 
674 198 6 9 0.060838584 
265 230 7 10 0.060534623 
70 325 8 10 0.060328126 
225 55 8 9 0.059855483 
338 213 7 9 0.05948307 
88 211 9 11 0.0592466 
148 255 9 10 0.058343608 
56 217 7 9 0.057910826 
166 293 7 10 0.05729778 
864 166 8 11 0.057258673 
86 265 7 9 0.057063986 
354 248 6 9 0.056888845 
1015 175 8 12 0.056611054 
943 203 10 13 0.05650115 
683 214 6 8 0.056347195 
149 198 9 10 0.05611903 
663 238 8 10 0.056015562 
18 236 9 11 0.055215627 
975 167 9 11 0.0552049 
154 53 7 10 0.055016927 
861 160 8 9 0.05463532 
50 221 7 9 0.05447653 
747 205 7 10 0.054147664 
626 262 8 11 0.053395458 
113 325 8 11 0.053212464 
704 247 7 9 0.05283041 
87 238 7 9 0.05256388 
990 157 8 11 0.052515667 
582 254 8 12 0.052219715 
63 208 7 9 0.050947018 
104 263 7 9 0.050814223 
97 192 7 10 0.050753124 
49 198 8 9 0.05064152 
472 125 10 13 0.05028406 
671 233 7 8 0.050236054 
727 238 7 9 0.05021887 
160 257 8 10 0.049396783 
678 239 7 8 0.049097657 
336 249 7 9 0.048934795 
144 289 8 11 0.048733115 
696 224 7 9 0.04855485 
154 70 7 9 0.04793911 
278 199 7 9 0.04791051 
173 213 8 10 0.047866005 
63 65 7 10 0.047548555 
151 269 7 9 0.04737506 
956 263 14 17 0.0469597 
139 293 7 10 0.04660792 
191 234 10 16 0.046571955 
217 71 7 9 0.046101127 
63 214 6 9 0.045955908 
942 175 10 12 0.0457157 
130 228 8 11 0.04559299 
24 197 7 10 0.045491192 
144 205 9 12 0.0452554 
273 192 7 9 0.045151696 
162 294 7 9 0.04504635 
472 119 8 12 0.044557814 
65 183 9 10 0.044304196 
77 189 8 10 0.043911323 
86 269 8 10 0.04372917 
952 144 7 9 0.043695968 
202 70 7 9 0.043381292 
879 160 8 10 0.043335106 
64 199 7 9 0.043314442 
255 222 7 10 0.043242093 
970 150 7 9 0.043223843 
265 65 6 8 0.043192636 
975 150 7 9 0.043158717 
261 263 8 11 0.043075837 
666 232 7 9 0.042979084 
873 158 8 10 0.04293238 
727 262 8 9 0.04293164 
55 221 6 9 0.042784195 
722 256 7 9 0.042587686 
872 247 9 12 0.04258374 
874 150 7 10 0.042414032 
691 232 6 8 0.042142436 
973 159 9 11 0.042013973 
142 278 7 9 0.04200948 
1 240 7 11 0.04188567 
168 264 8 9 0.041762084 
212 262 15 19 0.04162765 
241 40 7 9 0.041333463 
208 188 10 12 0.041333105 
54 290 9 11 0.041324284 
105 269 7 10 0.041293204 
256 203 7 10 0.041243207 
0 347 7 12 0.04106175 
945 180 10 12 0.040972862 
336 208 9 10 0.040915933 
201 63 7 10 0.040699493 
179 79 7 9 0.04065822 
984 150 8 10 0.040644526 
136 318 8 10 0.040637426 
656 263 8 10 0.04055954 
59 454 54 72 0.040431395 
623 238 7 10 0.040213224 
149 79 8 9 0.039880168 
768 126 6 8 0.039642274 
166 219 8 11 0.039617896 
633 253 8 11 0.039593104 
7 230 7 10 0.039455563 
138 277 8 9 0.039387222 
247 68 8 10 0.03919023 
16 207 8 9 0.03916173 
297 96 6 8 0.039128218 
137 68 7 10 0.03908011 
689 240 6 8 0.03887662 
180 225 9 12 0.0388197 
273 85 8 10 0.038715094 
664 215 7 8 0.038593464 
1014 180 9 14 0.03858443 
630 285 9 12 0.038424566 
759 241 8 10 0.038379584 
319 78 6 8 0.038221266 
688 270 7 9 0.0379862 
16 214 7 9 0.03790797 
663 257 8 10 0.03788676 
935 198 9 12 0.037885178 
128 253 8 10 0.037831195 
749 229 9 11 0.03779615 
751 224 8 10 0.037760217 
960 132 9 11 0.03741886 
73 206 7 9 0.03741492 
918 167 9 10 0.037327647 
319 95 7 8 0.03729446 
746 237 8 10 0.037234165 
1012 228 12 19 0.037187852 
598 272 9 12 0.03716457 
703 261 7 9 0.037084628 
96 197 7 9 0.036919646 
180 277 8 11 0.036753178 
445 168 13 17 0.03634978 
32 175 7 9 0.036225468 
328 249 6 8 0.036161065 
265 87 6 8 0.03609743 
176 238 7 9 0.036088195 
936 174 9 12 0.035970125 
957 175 8 10 0.035954528 
721 238 7 9 0.035938326 
753 215 8 10 0.035819594 
17 199 7 8 0.035788707 
801 145 8 10 0.035685524 
158 69 7 9 0.0354041 
49 191 7 9 0.035292964 
640 214 7 9 0.03525871 
219 190 11 14 0.035188224 
29 110 10 11 0.03502942 
746 248 7 10 0.03502032 
958 204 9 12 0.035003074 
168 69 8 9 0.034834877 
895 166 8 11 0.03481821 
305 215 7 10 0.034642816 
476 168 12 17 0.03463454 
167 175 8 10 0.03455111 
202 88 7 10 0.03421421 
72 246 8 9 0.03419526 
146 261 9 10 0.03418137 
142 213 8 10 0.03415939 
665 223 6 9 0.034028437 
296 62 6 8 0.03397544 
111 232 8 10 0.033843376 
65 293 8 11 0.03369925 
50 65 6 8 0.033689693 
638 248 8 9 0.03364272 
17 244 9 11 0.033495627 
119 265 7 9 0.0334532 
297 87 7 9 0.033310268 
111 248 7 9 0.033298858 
698 248 7 9 0.033208586 
22 245 8 11 0.03303214 
496 252 8 10 0.032965846 
65 190 9 11 0.032878645 
32 239 8 10 0.032835744 
65 225 7 9 0.032649938 
72 200 8 9 0.032591697 
37 197 7 11 0.032321133 
32 203 8 10 0.032307878 
1 229 8 11 0.03221408 
454 266 9 11 0.03218204 
130 273 6 8 0.03207314 
664 247 7 9 0.032049067 
174 192 20 25 0.031927742 
174 255 8 9 0.03189638 
357 271 7 8 0.03180553 
275 81 7 9 0.031784814 
105 288 8 10 0.03175163 
640 207 7 9 0.031722542 
696 142 6 8 0.031653784 
167 327 10 13 0.031579472 
658 216 5 8 0.031348325 
184 238 9 12 0.031321935 
229 54 8 10 0.03126135 
22 225 8 10 0.03125137 
55 198 7 9 0.031218363 
650 230 6 9 0.031212304 
874 184 9 11 0.03118832 
279 208 7 8 0.031139426 
54 326 8 9 0.031017099 
726 256 8 9 0.030932307 
0 268 8 13 0.030906761 
963 160 8 10 0.030869093 
697 272 8 10 0.030837579 
687 265 7 9 0.030696234 
217 134 8 9 0.030677248 
95 240 7 9 0.03067084 
168 247 7 10 0.030639669 
134 248 7 10 0.030632034 
312 222 7 8 0.030573536 
648 225 7 8 0.030507682 
766 184 8 12 0.030457485 
351 104 7 8 0.030305188 
286 109 8 10 0.03024046 
959 219 9 13 0.030186752 
858 159 7 10 0.030169226 
720 319 8 10 0.030061647 
112 253 7 9 0.03003709 
841 223 9 12 0.029948387 
150 287 7 10 0.029945755 
12 343 11 14 0.029912125 
359 86 8 9 0.029910544 
474 316 9 12 0.029822776 
388 118 28 42 0.029725753 
41 192 6 9 0.02970812 
927 153 7 8 0.029625485 
713 233 7 9 0.029622016 
921 151 7 9 0.029598836 
990 175 9 10 0.029593823 
606 268 9 12 0.02958538 
149 204 9 11 0.029538443 
89 183 7 8 0.029500997 
608 263 8 12 0.029471245 
205 134 9 11 0.029444639 
898 149 6 9 0.029430233 
848 166 7 10 0.029350309 
64 240 7 9 0.029283265 
711 215 7 9 0.029248647 
735 239 7 9 0.029047986 
840 175 8 11 0.029021157 
112 70 7 8 0.028891899 
193 61 7 9 0.028866882 
150 293 8 10 0.028777128 
143 272 8 10 0.028770907 
37 224 8 10 0.028752971 
112 121 6 8 0.028705176 
735 215 6 8 0.028668532 
648 205 6 9 0.028664453 
191 78 6 9 0.02855935 
95 214 7 9 0.028472902 
14 267 10 13 0.028458754 
750 255 9 12 0.02842527 
87 201 8 10 0.028400445 
321 214 7 9 0.028359411 
873 145 7 8 0.028353022 
0 326 8 11 0.028328849 
814 207 9 12 0.028307332 
33 216 8 10 0.028300652 
286 86 6 9 0.028287705 
175 317 8 12 0.028194059 
698 199 6 8 0.028174156 
82 237 8 10 0.028130393 
0 184 8 10 0.028110735 
973 215 15 18 0.027975945 
745 225 7 9 0.027836833 
981 173 9 10 0.027817948 
944 135 7 8 0.02780664 
712 198 6 8 0.027755614 
369 103 6 8 0.027715964 
354 288 7 10 0.027708158 
463 296 9 11 0.027634736 
952 117 8 9 0.027586304 
173 311 8 12 0.027524054 
38 216 7 9 0.027449762 
746 253 8 11 0.027415404 
993 164 8 11 0.027415039 
869 167 8 10 0.027398285 
354 86 7 9 0.027351111 
704 113 7 8 0.027342347 
264 95 6 9 0.027304653 
328 105 6 8 0.02728045 
336 87 6 8 0.027181562 
104 257 7 8 0.027106462 
703 231 7 8 0.02709462 
72 49 8 9 0.027076475 
730 247 7 9 0.027076108 
6 239 7 10 0.027063662 
310 217 7 9 0.027050171 
664 208 7 8 0.02701529 
49 326 8 9 0.026955832 
177 247 7 9 0.0268278 
600 230 7 9 0.026592288 
745 143 7 9 0.026552947 
312 203 8 10 0.026476614 
89 247 7 9 0.026453478 
272 54 6 8 0.026420433 
1015 167 7 11 0.026416184 
903 146 7 8 0.026340367 
702 273 7 9 0.026157718 
856 165 8 10 0.026012301 
96 232 6 7 0.025877316 
902 118 7 9 0.025844505 
105 293 8 10 0.025812464 
990 153 8 10 0.025799282 
960 143 7 9 0.025738513 
689 288 7 9 0.025727931 
952 53 7 10 0.025689203 
934 158 7 10 0.025601694 
1014 187 9 15 0.025584381 
721 232 7 9 0.025514241 
143 185 8 10 0.025457576 
305 87 5 8 0.025444672 
862 191 8 12 0.025392182 
161 246 7 8 0.025358528 
934 203 12 14 0.025339736 
137 214 8 10 0.02531114 
314 95 6 8 0.025288811 
833 235 9 12 0.025279481 
680 247 7 9 0.025182389 
920 134 7 9 0.025133153 
114 321 8 10 0.025095941 
298 200 6 8 0.02506463 
127 262 8 9 0.02497834 
57 65 7 9 0.024946585 
354 214 7 9 0.024914201 
918 158 8 11 0.024886962 
346 103 6 8 0.024799924 
706 215 6 8 0.024720924 
24 61 7 9 0.024640301 
190 197 10 12 0.024621045 
823 158 6 9 0.024608703 
314 79 6 8 0.0245752 
706 118 6 9 0.024550693 
758 216 8 10 0.024547499 
121 55 7 8 0.024475994 
680 255 7 9 0.024415296 
81 263 8 9 0.024391117 
703 198 7 8 0.02437688 
761 173 7 9 0.024356522 
199 103 7 9 0.024331572 
71 241 7 10 0.024327032 
462 110 9 11 0.024249716 
702 278 7 9 0.024184529 
664 268 7 10 0.024075042 
23 276 9 13 0.024053546 
609 255 8 10 0.023987541 
856 180 8 11 0.023930894 
265 70 6 8 0.023906702 
489 269 8 11 0.023898039 
949 158 8 10 0.023862623 
64 229 7 10 0.023853695 
664 121 7 8 0.023794778 
888 135 7 9 0.023768393 
296 103 7 9 0.023762379 
672 121 6 9 0.023636129 
295 72 7 9 0.0236302 
295 57 7 8 0.023622964 
298 208 6 8 0.02361723 
61 313 8 10 0.023580492 
999 160 8 11 0.02357228 
290 221 6 9 0.023570476 
110 48 8 10 0.023522567 
288 96 7 8 0.023480222 
736 231 7 9 0.023440467 
656 224 7 9 0.023432463 
68 264 9 11 0.023235235 
704 192 6 8 0.023213942 
18 225 7 9 0.023204131 
221 197 9 11 0.023201365 
241 94 6 9 0.023186933 
23 193 8 9 0.0231293 
999 141 7 10 0.023114562 
649 248 6 8 0.023113456 
217 64 7 9 0.022981 
330 88 6 8 0.02288969 
250 55 7 8 0.0228863 
847 252 10 12 0.022841865 
290 62 7 9 0.022794785 
270 224 7 9 0.022755465 
207 70 7 9 0.022675345 
128 73 7 9 0.022655685 
288 266 7 9 0.02263141 
696 136 6 8 0.022626229 
187 341 15 17 0.022618381 
642 223 6 8 0.022592084 
273 96 6 8 0.022390636 
369 248 7 9 0.022344392 
966 241 9 12 0.022303708 
678 197 7 9 0.022248236 
862 182 8 11 0.022188427 
48 185 7 8 0.022141324 
229 88 7 10 0.022134138 
274 207 7 9 0.022126397 
706 241 7 8 0.022044124 
1001 291 11 15 0.022011789 
202 184 8 11 0.021994723 
5 47 7 9 0.021856204 
281 271 8 10 0.021812983 
609 233 8 10 0.021756241 
934 143 7 9 0.021735378 
87 312 7 9 0.021692641 
729 271 7 9 0.02167204 
318 224 7 9 0.021660196 
902 149 7 9 0.021639103 
607 224 7 8 0.021623613 
112 222 7 10 0.021551335 
88 233 7 9 0.021497311 
206 88 7 10 0.021496627 
304 80 6 8 0.021388909 
920 190 10 14 0.021387264 
26 50 7 9 0.02138453 
688 247 6 8 0.021358578 
206 129 9 9 0.021349566 
104 87 7 9 0.021268027 
169 54 7 9 0.02124308 
661 319 8 11 0.021242926 
647 202 7 8 0.02116812 
638 233 7 9 0.021145139 
136 253 7 10 0.021120824 
160 278 7 9 0.02111818 
81 313 8 9 0.0210861 
154 65 7 9 0.021068648 
313 88 6 9 0.021048531 
286 104 8 10 0.021030946 
343 248 7 9 0.02090398 
879 176 10 11 0.020892974 
713 293 7 10 0.020885494 
295 216 7 9 0.02086994 
695 240 7 8 0.020845415 
721 295 9 12 0.020838194 
358 247 7 9 0.020832358 
208 46 7 9 0.020810425 
913 152 8 10 0.020673946 
1006 167 8 10 0.020637183 
162 288 7 11 0.020606525 
986 128 7 8 0.020569142 
6 225 7 10 0.02053922 
40 255 8 10 0.020512339 
150 328 12 15 0.0204998 
375 248 7 10 0.020490613 
127 55 7 9 0.020481937 
613 254 9 12 0.020349426 
182 288 9 12 0.0202903 
975 191 9 12 0.020219939 
304 206 7 9 0.020145327 
696 288 7 9 0.020138169 
728 215 6 8 0.020131778 
135 311 8 11 0.0201217 
751 247 7 9 0.02012058 
273 215 7 8 0.020105815 
177 48 6 9 0.02010231 
105 49 8 9 0.020095205 
264 201 7 9 0.020080794 
335 81 7 8 0.020056475 
176 185 9 11 0.02004738 
176 288 9 10 0.020025285 
