35_Basketball_basketballgame_ball_35_256
49
229 72 52 61 0.99841964 
525 55 68 94 0.9980957 
935 356 45 56 0.9959168 
764 353 45 56 0.9924545 
467 161 47 56 0.99045205 
888 375 37 47 0.98949766 
870 330 39 48 0.9827328 
985 340 36 57 0.9532837 
356 152 36 49 0.93552953 
852 195 30 43 0.9300957 
755 325 37 45 0.92688614 
920 118 33 43 0.91426337 
957 166 39 50 0.9111462 
949 50 34 44 0.90420127 
364 65 36 44 0.845715 
778 110 33 47 0.82331604 
721 242 40 51 0.79224026 
391 251 34 50 0.69026244 
278 135 34 59 0.5631114 
739 153 34 43 0.49216577 
677 266 31 48 0.45979753 
703 205 32 38 0.38495818 
426 25 28 31 0.25000834 
843 166 33 39 0.246179 
504 100 35 47 0.15884212 
673 107 29 31 0.12376379 
325 123 31 40 0.0693489 
543 15 35 42 0.0673966 
399 255 55 72 0.061599687 
445 79 39 47 0.060023617 
969 316 32 40 0.057001792 
788 358 33 41 0.05348503 
968 136 35 38 0.043306235 
438 93 34 46 0.042166464 
919 8 28 37 0.037542418 
27 267 29 42 0.033305675 
736 130 36 43 0.031120947 
880 353 42 51 0.02958116 
421 35 30 38 0.029499484 
251 142 42 56 0.029031321 
1 303 28 39 0.028800199 
534 33 51 75 0.027403995 
665 38 23 29 0.026407296 
708 213 43 49 0.024685517 
794 257 38 47 0.022925012 
874 129 31 35 0.022635408 
757 118 41 50 0.021486687 
347 138 35 49 0.02101482 
230 148 50 60 0.020055655 
