35_Basketball_Basketball_35_754
22
500 107 19 24 0.9328961 
625 13 14 17 0.82946616 
485 18 13 16 0.5257377 
667 340 13 21 0.34892255 
614 88 25 31 0.19025157 
210 248 17 20 0.092018835 
103 127 11 11 0.0731426 
673 348 16 18 0.053951688 
693 347 11 16 0.051096026 
684 349 14 18 0.04559281 
465 27 10 13 0.041664172 
191 332 14 19 0.039669637 
215 226 11 15 0.033912912 
926 295 13 16 0.03319124 
160 341 10 13 0.03278655 
420 121 14 17 0.030963995 
165 340 11 16 0.02830442 
476 105 15 18 0.025864001 
661 393 16 21 0.025731687 
590 432 21 25 0.023915349 
926 349 15 18 0.020548992 
202 258 17 20 0.02010853 
