35_Basketball_basketballgame_ball_35_82
563
438 191 49 63 0.9979716 
285 255 48 57 0.9945103 
604 412 17 20 0.9800162 
771 407 21 27 0.97943544 
651 406 18 24 0.97890353 
704 310 22 29 0.9774104 
801 407 20 28 0.95074236 
142 230 13 16 0.9110647 
250 169 14 16 0.8641444 
100 34 12 15 0.86055356 
111 372 15 17 0.8279342 
647 320 15 19 0.82109886 
295 196 12 15 0.8193658 
10 288 14 17 0.813196 
48 176 12 16 0.8111918 
30 208 12 14 0.80579084 
48 221 12 15 0.79392153 
44 94 11 14 0.7922092 
185 250 11 14 0.7755211 
515 189 11 14 0.759962 
33 373 14 19 0.73312813 
619 399 10 13 0.72848535 
113 211 13 17 0.7253409 
537 38 9 11 0.7163024 
193 159 11 14 0.71388656 
30 117 12 14 0.710534 
76 206 13 16 0.7087826 
798 209 13 17 0.7038508 
803 274 12 16 0.69941616 
756 274 12 16 0.6985556 
168 101 9 12 0.6864268 
635 377 12 15 0.6838299 
555 185 12 15 0.6800852 
438 135 11 15 0.6782636 
654 251 12 15 0.67391783 
784 29 10 13 0.6454775 
252 228 10 13 0.64286727 
57 44 11 15 0.63006353 
207 263 10 12 0.6267033 
101 230 13 16 0.625836 
495 119 10 13 0.6190298 
43 260 12 14 0.6152975 
631 149 12 15 0.6080614 
197 187 10 13 0.60433245 
268 5 11 14 0.60422873 
152 108 11 13 0.6018694 
742 327 14 17 0.595083 
241 241 11 14 0.5815926 
28 23 11 14 0.5716411 
155 305 11 15 0.5705295 
193 120 11 14 0.5686499 
40 162 11 13 0.5654566 
742 270 10 13 0.5408898 
595 229 11 13 0.5364655 
88 318 12 15 0.5345023 
171 272 11 14 0.5295106 
392 138 11 15 0.52755815 
174 229 10 12 0.5225264 
731 305 13 16 0.5201166 
707 257 12 15 0.5161592 
699 137 12 14 0.5071337 
609 217 11 15 0.50561696 
154 201 13 16 0.5022523 
78 404 10 12 0.5019056 
745 153 15 20 0.48224738 
613 172 13 16 0.4644585 
106 298 13 17 0.46322984 
439 157 11 14 0.45617047 
380 6 9 11 0.44208485 
13 61 11 14 0.43954298 
343 223 11 14 0.43870482 
131 73 11 15 0.435442 
572 125 9 11 0.42680398 
675 151 11 15 0.42399147 
683 194 11 14 0.42060322 
260 143 11 15 0.41999543 
566 416 15 19 0.4195986 
572 172 11 15 0.40981996 
655 386 15 18 0.4064207 
220 149 10 13 0.4044511 
185 4 9 11 0.39521468 
65 108 11 14 0.39093515 
469 116 9 12 0.37624794 
497 95 11 14 0.37538514 
786 382 14 17 0.37044924 
631 37 12 14 0.37021843 
163 44 10 13 0.36462358 
662 140 11 14 0.35924572 
50 71 13 15 0.3553504 
87 179 12 15 0.34986126 
814 236 11 14 0.34126094 
764 222 11 14 0.34079245 
124 103 11 14 0.34007916 
401 155 12 14 0.3335064 
756 120 10 13 0.33328915 
801 95 11 14 0.32911557 
92 138 11 13 0.3290053 
209 295 12 15 0.32610005 
841 108 10 14 0.32330707 
115 165 11 14 0.31978068 
87 95 10 14 0.31925195 
226 67 11 15 0.3162755 
647 218 13 15 0.3053198 
35 140 13 16 0.28552672 
600 144 12 16 0.282503 
197 52 11 13 0.28086966 
32 289 13 18 0.2764884 
728 214 11 14 0.27489462 
591 16 9 11 0.27339664 
559 396 12 16 0.26427597 
428 123 10 12 0.26396534 
605 194 12 14 0.2556307 
552 129 8 10 0.25344968 
633 124 9 12 0.24359821 
726 98 12 14 0.24314661 
207 86 11 12 0.24033307 
104 150 10 12 0.23976448 
606 124 9 12 0.23970407 
638 236 11 15 0.23851119 
141 43 11 13 0.23746392 
780 360 12 14 0.23584196 
678 322 15 17 0.2230416 
777 279 10 13 0.21864614 
92 212 11 15 0.21555062 
142 267 14 17 0.21358481 
397 102 10 13 0.2103761 
248 190 11 14 0.19708508 
776 231 12 14 0.19505274 
204 139 11 13 0.19210088 
406 119 9 11 0.17964195 
239 122 11 13 0.17755535 
90 75 11 14 0.16872083 
108 77 12 15 0.16662103 
735 142 10 14 0.16092598 
780 115 11 14 0.15971118 
516 173 15 20 0.15753835 
977 -1 43 63 0.15737265 
680 375 17 21 0.15561044 
412 194 10 14 0.15554106 
829 280 10 12 0.15515664 
63 136 12 14 0.15073627 
52 370 13 16 0.14916548 
147 331 11 14 0.14441863 
4 82 12 14 0.14202143 
690 218 12 15 0.14164625 
686 141 10 12 0.1407749 
537 127 8 10 0.14052415 
709 185 15 18 0.14041208 
239 85 8 11 0.13843219 
119 141 10 12 0.13840178 
769 135 12 15 0.13705361 
582 407 11 14 0.13627437 
235 106 12 14 0.13473235 
763 245 13 16 0.13435315 
845 231 9 12 0.12979421 
27 71 12 15 0.12481514 
519 89 14 16 0.12181271 
724 195 11 13 0.12109388 
686 101 9 11 0.11934803 
622 128 9 11 0.111717306 
177 289 8 11 0.10889062 
736 116 11 13 0.10498287 
465 113 10 12 0.10344577 
365 21 9 11 0.10331614 
249 131 10 13 0.10133191 
597 289 10 14 0.09898251 
36 326 13 15 0.09692156 
102 116 8 11 0.09688119 
63 113 12 16 0.09686023 
68 139 11 14 0.09589857 
639 197 13 16 0.09589448 
158 169 12 14 0.09489838 
200 93 11 13 0.094683334 
103 333 12 16 0.09360431 
13 135 11 13 0.092446774 
270 164 10 13 0.08885555 
719 124 12 14 0.08876485 
45 26 10 13 0.08849332 
783 246 12 14 0.08609712 
110 126 10 13 0.08598909 
46 278 10 13 0.08523283 
685 116 11 13 0.084725566 
196 309 9 12 0.081014745 
32 189 11 14 0.08079778 
661 163 10 12 0.08041782 
210 404 14 17 0.08020768 
677 126 12 15 0.078863285 
127 213 9 13 0.07718701 
751 271 13 17 0.0764219 
265 71 9 12 0.07490044 
63 170 13 15 0.074399665 
149 140 14 16 0.07322381 
726 236 11 13 0.072683506 
247 126 10 13 0.071680546 
224 182 13 15 0.07133513 
743 229 11 14 0.071095094 
647 156 9 11 0.07017371 
147 162 16 19 0.06989224 
5 131 11 13 0.06980025 
134 102 12 14 0.06872831 
225 23 10 12 0.068716615 
613 190 12 16 0.06855147 
684 229 14 16 0.06697259 
676 396 13 15 0.06609738 
813 187 11 15 0.06603704 
636 155 10 13 0.065871164 
752 38 9 11 0.06563124 
743 222 11 14 0.065227285 
182 154 10 13 0.06459654 
119 148 11 14 0.06415438 
838 243 9 12 0.06412956 
245 54 10 13 0.063930586 
528 155 10 12 0.06294369 
135 119 11 13 0.06287167 
768 36 10 13 0.06263769 
15 389 12 15 0.061969798 
680 142 11 12 0.06191164 
744 76 11 14 0.061699703 
0 141 8 14 0.06107521 
589 128 9 10 0.06089845 
239 36 9 11 0.059813146 
740 284 11 13 0.059647318 
182 141 9 11 0.058691647 
606 243 13 15 0.058597643 
259 211 11 14 0.05848306 
621 193 11 14 0.05848159 
209 38 11 14 0.058267005 
787 155 11 14 0.05814132 
221 166 10 13 0.05809958 
51 378 13 17 0.057826716 
221 95 12 14 0.0570617 
781 90 15 18 0.056983586 
84 205 13 16 0.056935366 
159 402 53 55 0.056902036 
532 152 10 11 0.05651827 
11 114 11 14 0.056315646 
138 444 12 14 0.0549927 
622 231 11 14 0.054754633 
721 101 10 13 0.05422154 
103 259 13 16 0.05400522 
543 127 7 9 0.05306248 
43 141 11 14 0.053013816 
680 118 11 12 0.0523667 
635 366 14 18 0.051949568 
56 118 11 15 0.051722404 
0 112 7 12 0.051684342 
103 389 10 15 0.051635947 
225 274 11 13 0.051382925 
684 134 12 14 0.05134277 
788 391 17 23 0.05021199 
7 158 10 13 0.050003693 
756 86 10 13 0.04965196 
630 213 13 16 0.04943022 
503 163 11 14 0.049315248 
271 238 11 14 0.049091574 
46 4 10 11 0.048314236 
200 99 11 13 0.048213124 
255 246 9 12 0.047537345 
177 116 10 12 0.04649241 
667 141 11 13 0.046194885 
117 136 11 13 0.0457204 
60 123 12 13 0.045706484 
246 60 10 12 0.045377977 
103 190 12 15 0.045009933 
489 117 10 12 0.04480415 
635 292 15 19 0.044597328 
205 280 10 12 0.04456431 
715 187 14 17 0.044452757 
693 179 10 13 0.04443724 
564 401 14 17 0.043942705 
629 295 14 18 0.043869562 
254 63 8 11 0.04320902 
235 150 12 14 0.04291292 
680 236 13 15 0.042731892 
742 211 12 14 0.042678356 
141 412 10 14 0.04256722 
844 221 10 12 0.04225165 
717 213 11 15 0.041955557 
1 133 10 13 0.04158044 
0 15 9 12 0.041549455 
285 215 10 13 0.041539036 
711 141 10 12 0.04129443 
880 6 11 13 0.041286796 
158 103 11 15 0.04107029 
86 104 12 15 0.04106672 
184 301 8 10 0.040533427 
584 126 9 11 0.03994822 
181 135 9 12 0.03909767 
670 132 10 13 0.03886451 
847 235 10 13 0.038825914 
30 195 12 16 0.03870856 
624 145 13 15 0.03826358 
469 68 10 12 0.037910353 
465 38 9 11 0.037801057 
106 395 10 13 0.037783265 
636 212 11 15 0.037166584 
511 110 9 12 0.036900844 
671 403 14 19 0.036887817 
629 134 10 13 0.036743857 
120 285 12 15 0.03673167 
489 76 9 11 0.03672561 
33 134 12 15 0.036606893 
711 204 13 15 0.03646756 
693 275 12 14 0.03629636 
772 244 13 15 0.036202263 
560 44 9 12 0.036146794 
229 390 11 15 0.036071084 
685 110 12 13 0.036052287 
687 148 10 12 0.03590373 
52 258 12 15 0.035806883 
245 119 10 13 0.03573888 
104 125 10 12 0.03565214 
548 247 16 24 0.03545439 
733 218 11 14 0.035260215 
271 173 10 12 0.035249177 
158 335 11 13 0.035158724 
636 121 10 12 0.03504104 
144 12 12 15 0.034995545 
399 97 11 14 0.034284867 
104 81 12 14 0.03417004 
195 236 15 17 0.033919964 
229 383 10 12 0.0332864 
61 195 12 14 0.033233255 
78 12 10 14 0.033177566 
29 181 12 15 0.033086985 
765 237 13 16 0.03291928 
116 157 13 16 0.03291051 
616 126 9 11 0.032909267 
253 274 11 14 0.032684784 
200 7 12 15 0.03265718 
660 79 11 13 0.032567333 
207 324 9 11 0.032535993 
254 235 10 13 0.032455925 
897 630 61 53 0.0323505 
94 126 10 13 0.03232082 
60 4 11 12 0.03219046 
2 127 9 12 0.032177478 
790 229 12 15 0.032044426 
147 272 13 18 0.031867325 
439 473 11 16 0.03175735 
755 149 12 16 0.031619664 
0 443 8 12 0.031576052 
241 54 10 12 0.031575505 
479 116 9 11 0.031244865 
78 125 9 11 0.031159153 
833 240 9 12 0.031110547 
647 177 12 14 0.031006303 
693 250 11 15 0.030882604 
677 307 13 15 0.030874413 
200 135 10 13 0.030726928 
86 310 14 16 0.03068982 
671 323 13 16 0.030682635 
573 405 13 16 0.030619767 
97 234 13 17 0.030565806 
60 157 12 14 0.030556705 
603 331 18 21 0.030429026 
87 61 10 14 0.030392911 
273 222 8 10 0.03023347 
784 338 12 15 0.030219423 
141 118 10 13 0.030208107 
126 117 12 14 0.0302069 
702 118 9 11 0.030154089 
670 292 14 18 0.030131465 
76 159 13 16 0.030111931 
224 238 11 14 0.029979765 
102 223 13 15 0.029743575 
688 173 11 13 0.029673712 
643 192 13 16 0.029573815 
77 119 10 13 0.029572317 
253 84 10 13 0.029563589 
248 84 9 12 0.029551474 
280 221 10 11 0.02946439 
787 334 13 15 0.029443085 
36 51 13 16 0.029264024 
176 140 11 13 0.029246405 
625 35 12 15 0.029143922 
670 179 11 12 0.029108122 
0 355 9 13 0.029054789 
734 228 12 16 0.028988669 
6 150 11 13 0.028919892 
176 150 10 13 0.028881673 
790 51 14 15 0.028864054 
100 144 12 13 0.02885444 
3 187 12 16 0.028661847 
656 158 10 11 0.02862045 
97 117 10 12 0.028476015 
96 41 13 17 0.02844339 
735 122 11 14 0.028402857 
35 77 11 13 0.028397104 
71 60 11 13 0.028345572 
518 168 12 15 0.028256446 
66 162 16 18 0.028159942 
60 205 11 15 0.028095955 
997 15 27 57 0.028082192 
677 243 14 17 0.02796983 
796 402 16 25 0.027928585 
652 175 12 14 0.027836544 
0 229 8 13 0.02781918 
175 241 11 16 0.027801225 
3 372 13 18 0.027648028 
164 421 32 34 0.027546767 
441 37 9 14 0.02750901 
521 61 10 12 0.02747167 
791 325 11 13 0.027352225 
0 378 11 17 0.027288366 
181 286 9 12 0.027197503 
5 138 12 15 0.027128903 
12 194 11 14 0.027030736 
32 144 12 16 0.027024131 
622 413 11 15 0.026939752 
720 237 11 13 0.026835512 
396 207 12 16 0.026756514 
147 338 14 18 0.026737329 
203 261 10 13 0.026576784 
88 293 11 13 0.026480509 
272 179 11 13 0.0264447 
675 409 13 17 0.026408799 
25 180 10 13 0.026354099 
68 338 15 18 0.026348919 
740 393 14 21 0.02629202 
87 84 12 15 0.026235 
252 194 11 14 0.026108295 
397 198 10 11 0.026058953 
12 101 11 13 0.025915308 
72 305 12 17 0.025884464 
807 230 12 15 0.025866631 
540 166 12 15 0.02583937 
115 183 15 17 0.02572321 
430 193 9 14 0.025615318 
1 102 8 11 0.025573464 
676 385 17 21 0.02548982 
610 308 17 19 0.025467154 
145 6 12 15 0.025420986 
187 1 11 12 0.025402907 
529 126 9 12 0.025398893 
214 93 11 14 0.025275404 
95 109 10 13 0.025257377 
656 83 11 13 0.025185913 
534 191 10 13 0.025139645 
16 45 11 15 0.025108807 
693 145 12 14 0.024992133 
717 141 10 13 0.024676127 
100 380 12 17 0.024581512 
7 100 11 13 0.024532704 
102 236 14 18 0.024526259 
115 77 10 13 0.024495108 
176 132 11 14 0.024480825 
189 141 10 13 0.02438001 
179 230 11 13 0.024371583 
21 4 10 13 0.024370026 
688 180 12 14 0.024325922 
533 131 10 12 0.024255615 
842 215 9 12 0.02418252 
621 166 12 15 0.02412291 
181 110 10 11 0.024110034 
71 122 11 13 0.024101261 
796 229 12 15 0.024091529 
116 85 10 12 0.024074718 
239 131 10 13 0.023993803 
599 133 10 13 0.023956565 
732 235 13 15 0.023794789 
192 302 10 12 0.023784872 
542 462 11 15 0.023668302 
60 381 11 16 0.023616405 
63 388 11 16 0.02358092 
632 205 13 16 0.023575626 
132 359 11 15 0.023539716 
176 336 8 11 0.023526406 
142 158 15 16 0.02343706 
94 196 11 15 0.023433506 
181 292 9 12 0.023429904 
56 140 12 14 0.023414185 
655 194 10 14 0.02339168 
663 171 11 16 0.023342941 
87 127 10 13 0.023334801 
693 118 10 11 0.023296317 
684 243 14 17 0.023272047 
47 125 12 13 0.023223598 
191 194 11 14 0.023205841 
91 186 12 15 0.02318979 
104 303 12 17 0.023137745 
798 162 11 14 0.023041835 
147 19 11 14 0.02301905 
111 157 12 15 0.022962296 
800 279 12 16 0.022940181 
190 101 11 13 0.022832436 
244 213 11 13 0.02280758 
236 142 11 13 0.02278517 
752 155 15 18 0.022640666 
77 356 14 19 0.022616722 
231 134 9 11 0.022552773 
730 93 12 16 0.0224965 
758 142 10 14 0.022459738 
437 128 11 12 0.02244005 
143 49 10 13 0.022420142 
47 45 11 15 0.022415334 
213 126 9 12 0.022306204 
136 266 13 16 0.022216886 
526 56 9 12 0.022209937 
3 179 13 16 0.02220857 
46 107 11 14 0.022159997 
143 108 11 13 0.022147734 
809 147 11 14 0.02210701 
197 70 10 14 0.022052413 
81 0 8 8 0.022002686 
768 78 10 12 0.021995176 
45 283 12 15 0.02198104 
242 61 9 12 0.02195329 
139 101 12 14 0.02194399 
719 107 10 12 0.021889605 
760 225 12 15 0.021793589 
47 372 13 17 0.021761337 
109 327 13 15 0.021730268 
662 127 9 12 0.021692572 
175 111 10 13 0.021678384 
54 213 12 15 0.021642778 
22 289 11 16 0.021514546 
132 244 11 13 0.021460209 
186 21 12 14 0.021446025 
103 204 10 14 0.021434762 
597 655 26 33 0.021427905 
231 118 11 14 0.021424731 
214 142 10 12 0.021368729 
137 38 11 14 0.021337183 
140 123 11 13 0.021327155 
182 336 9 11 0.02127023 
563 188 11 14 0.021228712 
166 324 9 11 0.021212876 
55 108 11 13 0.02119028 
635 42 10 12 0.021180062 
568 177 11 16 0.021163622 
94 48 13 16 0.021094546 
787 250 12 15 0.021082023 
91 95 10 13 0.021050632 
5 20 9 12 0.02104371 
788 160 12 16 0.02101681 
661 323 11 15 0.020983173 
672 306 12 16 0.020946337 
532 60 10 12 0.020936456 
704 236 11 14 0.02093235 
751 90 11 14 0.020918975 
68 104 10 13 0.02087323 
233 85 10 13 0.020854482 
38 170 10 14 0.020804062 
256 207 11 14 0.020745667 
503 110 10 13 0.020737337 
591 225 18 23 0.020721262 
616 6 10 13 0.020708878 
486 111 10 12 0.020677472 
241 189 12 14 0.02058716 
231 51 10 13 0.020534912 
489 163 9 13 0.020478712 
184 215 11 13 0.020464696 
102 211 11 15 0.02040783 
766 217 12 15 0.020335954 
581 149 10 12 0.020312587 
660 191 12 15 0.020294974 
615 132 10 13 0.020240493 
55 149 12 16 0.020187587 
675 299 13 18 0.020167716 
683 123 12 14 0.02016312 
403 362 24 31 0.020161863 
808 241 11 15 0.020150293 
