35_Basketball_Basketball_35_107
327
419 48 128 183 0.9989705 
948 370 27 35 0.9982394 
932 442 35 40 0.9959699 
850 386 29 33 0.995802 
891 378 29 34 0.9957575 
664 444 32 37 0.9943182 
605 514 45 62 0.99375993 
43 206 75 110 0.9925202 
620 451 28 35 0.9921686 
690 547 48 52 0.99030626 
744 480 31 42 0.98898673 
852 303 22 27 0.9864498 
734 349 22 26 0.9814472 
857 354 22 27 0.97990555 
818 408 24 28 0.975718 
921 360 23 29 0.9592552 
680 509 36 45 0.9515336 
221 69 14 18 0.94582564 
789 349 17 22 0.9404188 
747 380 23 25 0.9402631 
166 71 14 18 0.93762726 
318 64 16 21 0.9317622 
818 92 15 20 0.9293346 
164 286 18 23 0.916001 
337 124 15 19 0.90584075 
688 201 17 24 0.9050626 
917 121 17 22 0.902531 
615 108 14 17 0.89985013 
748 10 12 16 0.87823755 
202 328 16 21 0.8767205 
144 42 13 17 0.86131376 
818 337 22 25 0.86023223 
741 196 14 19 0.8590949 
262 168 15 19 0.85706013 
231 119 15 20 0.8458172 
684 79 13 17 0.83779126 
389 29 15 19 0.83610094 
225 357 21 24 0.83223486 
311 165 15 18 0.8305013 
212 101 14 17 0.8246702 
318 97 15 18 0.8245487 
630 82 12 15 0.801471 
23 3 12 14 0.79507023 
295 10 14 20 0.794675 
1007 345 15 23 0.7911915 
291 40 14 18 0.78012156 
272 69 13 17 0.76496404 
291 122 14 18 0.74796647 
192 22 13 16 0.7479474 
785 160 17 22 0.74126625 
813 149 17 22 0.71316516 
712 361 16 19 0.68620193 
847 134 16 21 0.65904707 
744 45 15 18 0.647236 
796 389 21 26 0.6455131 
980 153 14 17 0.63631153 
183 61 13 17 0.6320651 
775 95 15 19 0.61813587 
1006 104 15 20 0.61319256 
947 495 41 57 0.6131103 
727 231 19 26 0.6050322 
788 10 14 18 0.60094273 
199 43 14 17 0.5773762 
781 222 17 24 0.5693203 
260 31 13 20 0.54932255 
883 140 12 15 0.5395222 
274 0 13 18 0.5258558 
99 159 17 18 0.5193645 
747 150 15 18 0.50353366 
677 14 13 18 0.49814513 
337 28 14 18 0.4825363 
769 362 17 18 0.467243 
838 220 17 23 0.45106778 
365 91 16 22 0.4220454 
587 27 13 17 0.41395342 
153 10 13 17 0.40004405 
881 91 15 20 0.39828554 
725 483 21 31 0.3843168 
872 219 17 20 0.3826614 
818 128 13 17 0.36714694 
3 173 13 15 0.35160795 
800 185 17 20 0.34547207 
748 77 12 15 0.3236493 
1007 384 15 22 0.32318068 
946 187 14 18 0.3177357 
870 111 12 15 0.30050024 
869 69 12 15 0.25261474 
838 165 13 15 0.23456405 
143 275 13 17 0.23392044 
911 168 13 17 0.23339611 
748 102 16 19 0.2307376 
139 254 12 16 0.22978686 
720 86 12 14 0.22907922 
875 60 14 17 0.2250247 
71 165 14 16 0.21591337 
775 402 22 26 0.20847142 
623 62 10 13 0.2080377 
882 347 15 20 0.20640767 
909 59 13 16 0.2044833 
227 11 14 16 0.19709235 
638 32 12 17 0.19605239 
994 496 31 62 0.18890738 
915 414 19 22 0.1827076 
842 63 16 20 0.18149057 
251 117 14 18 0.17989197 
723 450 24 28 0.179735 
650 116 11 14 0.17813627 
351 53 13 17 0.17529957 
776 382 20 25 0.1742568 
370 138 14 17 0.1711935 
195 0 12 12 0.16125692 
112 27 13 16 0.16068718 
930 35 14 17 0.15253706 
704 53 13 18 0.15232567 
677 99 13 17 0.14667375 
245 11 12 14 0.14647374 
247 101 12 16 0.14497079 
240 101 11 14 0.14460365 
915 338 16 18 0.13982882 
290 199 13 17 0.1390192 
684 12 13 17 0.13670622 
685 102 12 16 0.13003236 
242 90 13 15 0.12780531 
307 141 13 18 0.12528163 
637 21 13 18 0.12519507 
1013 140 11 16 0.12159654 
182 53 13 17 0.11133123 
973 132 13 17 0.11066664 
238 13 11 14 0.10848479 
725 152 13 16 0.10578306 
382 75 11 14 0.10543115 
339 56 14 19 0.10281351 
871 20 14 17 0.10159772 
694 515 38 41 0.101195216 
954 361 27 30 0.10101509 
913 199 24 29 0.10018658 
835 193 17 19 0.09385679 
135 91 16 17 0.093190454 
916 428 22 29 0.093040705 
124 202 10 13 0.09303918 
951 123 12 16 0.09217729 
727 125 13 16 0.090822786 
962 355 18 20 0.089985974 
252 105 13 17 0.08203886 
828 227 15 19 0.08133179 
390 70 13 16 0.07854801 
880 86 12 16 0.07813677 
180 7 12 14 0.07807322 
221 181 19 19 0.077706635 
309 105 11 15 0.077288456 
116 22 13 18 0.07533123 
590 1 13 16 0.07520074 
0 565 25 48 0.07229388 
796 2 15 18 0.071041614 
356 126 12 15 0.07014783 
917 344 17 21 0.06996829 
868 210 16 20 0.06959235 
907 364 25 32 0.06958029 
1002 395 21 34 0.068220064 
137 11 12 15 0.06745407 
781 189 17 20 0.067311704 
1011 155 12 18 0.06653782 
761 130 15 19 0.06592085 
401 118 15 21 0.06445636 
1009 60 12 16 0.06422129 
916 355 20 23 0.06417463 
240 202 12 16 0.06301714 
779 140 13 17 0.06277397 
547 112 14 19 0.062242143 
-1 508 33 55 0.060293425 
883 179 16 19 0.060280547 
113 46 11 13 0.059544347 
723 2 13 16 0.05897803 
37 174 12 16 0.058653902 
88 68 12 15 0.057950333 
891 352 17 20 0.05773561 
647 56 12 14 0.057711698 
759 0 12 13 0.057455253 
335 200 14 19 0.05709686 
632 107 10 14 0.056938797 
94 13 15 17 0.056041993 
280 203 12 14 0.05512909 
838 212 16 20 0.055016913 
782 2 17 18 0.054774076 
98 43 14 16 0.0543821 
644 148 13 19 0.053989705 
903 58 13 17 0.05333585 
970 19 13 16 0.05028302 
811 320 16 18 0.049843006 
885 171 17 20 0.049779613 
303 239 19 23 0.049174827 
277 153 14 18 0.04782033 
771 369 21 23 0.04774568 
773 391 19 24 0.047101174 
167 3 13 16 0.046634197 
807 364 13 17 0.0457995 
754 77 12 15 0.04539428 
978 91 17 19 0.044863224 
606 424 23 30 0.044739284 
111 67 13 16 0.044116434 
60 105 14 17 0.04349684 
796 146 15 18 0.043167222 
818 324 22 25 0.04275303 
173 5 14 15 0.042058267 
691 12 12 15 0.0418367 
927 78 13 17 0.041416362 
828 321 14 17 0.04139187 
930 174 13 16 0.04020135 
582 31 16 20 0.039985374 
177 146 12 14 0.039806813 
718 243 14 20 0.039597016 
872 349 21 27 0.03936096 
582 42 13 16 0.039037324 
662 37 13 17 0.03896177 
637 15 11 14 0.038855437 
857 425 23 28 0.038660668 
764 2 12 14 0.03862762 
775 164 16 19 0.038009882 
310 53 11 15 0.03707407 
894 254 15 19 0.037006006 
315 121 12 18 0.036818072 
909 342 15 21 0.03663126 
863 132 13 17 0.036169805 
935 364 23 33 0.03611769 
202 139 12 15 0.03603248 
753 154 14 17 0.035894766 
310 116 14 20 0.035753176 
708 79 13 18 0.035698112 
844 360 15 21 0.03552565 
201 195 13 16 0.035466116 
913 3 12 15 0.03545143 
1007 435 18 32 0.03492109 
71 70 12 16 0.034510694 
36 667 53 62 0.034509413 
789 114 14 17 0.034433726 
773 3 13 16 0.034406975 
919 240 14 18 0.033505883 
849 357 21 26 0.033258643 
826 149 14 18 0.03321604 
676 8 12 14 0.033086978 
396 174 13 16 0.032881368 
794 154 16 21 0.032765977 
718 1 14 13 0.03192698 
867 102 15 18 0.031565424 
934 106 13 17 0.030784596 
305 102 12 15 0.030378558 
976 455 22 28 0.030328074 
882 60 13 17 0.030024046 
909 362 17 21 0.029921899 
266 33 13 19 0.02974213 
230 0 13 13 0.029667323 
19 64 14 18 0.02960671 
349 124 13 17 0.02944838 
951 2 14 17 0.029270042 
986 99 13 17 0.028984489 
670 43 13 16 0.02883642 
641 26 14 18 0.028825363 
889 166 16 18 0.028752176 
865 73 13 16 0.028585024 
923 438 25 33 0.028524388 
783 211 21 27 0.028479658 
701 0 13 12 0.028274808 
112 7 11 13 0.027996682 
286 83 14 17 0.027830634 
877 340 17 20 0.027744344 
366 667 412 481 0.02745816 
753 12 13 15 0.027443578 
554 506 41 55 0.027392656 
203 68 13 17 0.027208947 
239 358 19 23 0.027187588 
891 1 14 15 0.026715444 
274 121 13 17 0.026607504 
247 28 11 15 0.026465874 
806 148 15 20 0.026282975 
787 204 15 19 0.026173461 
225 211 199 290 0.025971623 
875 76 14 16 0.025743026 
603 506 28 41 0.025592275 
885 154 15 19 0.025393544 
701 454 23 29 0.025372645 
869 5 12 13 0.025332216 
603 465 16 23 0.025220705 
835 199 20 25 0.02518097 
95 38 13 16 0.02516997 
872 55 13 16 0.025111679 
813 331 18 21 0.025048206 
679 0 10 10 0.025020994 
783 352 15 21 0.024906078 
1007 161 13 16 0.024863487 
894 58 12 17 0.024743047 
687 7 14 15 0.024657004 
697 202 14 20 0.024335572 
1013 94 10 16 0.02421382 
551 0 11 11 0.024106512 
981 0 16 15 0.024014683 
898 359 15 19 0.02398657 
589 415 26 31 0.023965513 
222 364 16 24 0.023949161 
482 478 45 53 0.023863094 
1006 116 14 20 0.02377071 
802 0 12 13 0.023674887 
205 61 12 15 0.023589693 
840 168 15 19 0.023487153 
127 13 12 16 0.023302954 
663 252 12 15 0.02292758 
732 2 11 15 0.022919808 
364 189 14 19 0.022826502 
868 123 14 17 0.022728363 
269 233 25 32 0.022616904 
869 12 15 18 0.022556389 
1011 14 11 15 0.02227528 
955 240 26 32 0.022130277 
989 2 14 14 0.022017032 
609 434 23 32 0.02183322 
864 204 15 18 0.021586321 
621 253 21 28 0.02155486 
892 29 14 18 0.021466287 
724 10 13 16 0.021359855 
966 32 14 18 0.021294774 
868 135 14 19 0.020977898 
838 83 15 20 0.020725902 
200 105 12 15 0.020652564 
305 11 12 17 0.020623073 
613 82 11 15 0.020616291 
724 280 12 16 0.020331033 
755 478 35 39 0.020242244 
771 10 14 16 0.02022738 
