35_Basketball_playingbasketball_35_195
115
112 407 8 11 0.9637098 
461 391 15 18 0.9607805 
971 387 14 19 0.95396835 
505 386 10 14 0.8900266 
738 398 9 13 0.82869583 
303 404 9 11 0.8231945 
135 415 9 11 0.7638228 
206 271 19 31 0.7311347 
431 403 9 11 0.7110057 
582 384 14 18 0.64904743 
711 400 9 11 0.5582409 
538 402 10 13 0.54339963 
558 399 9 12 0.53992844 
1011 397 11 16 0.51304054 
772 404 8 11 0.4650882 
49 400 10 13 0.43719992 
360 400 9 10 0.43053088 
157 406 9 11 0.3807819 
345 397 9 12 0.27668965 
-1 423 8 11 0.26691508 
250 405 8 11 0.24869467 
781 387 11 15 0.22443368 
630 460 7 10 0.22285627 
350 398 8 12 0.2027418 
680 406 8 9 0.1843818 
666 393 7 10 0.1785038 
288 434 7 9 0.16821042 
391 430 7 9 0.14640382 
367 420 8 11 0.13639985 
408 408 8 10 0.11665506 
653 486 8 10 0.11165978 
40 430 9 11 0.10851147 
434 495 8 10 0.099967726 
415 408 6 9 0.09738029 
407 398 8 10 0.09413207 
944 421 9 12 0.083950214 
489 421 8 12 0.07716932 
654 415 8 11 0.07111001 
152 402 9 11 0.068184115 
654 448 9 11 0.06803317 
344 405 9 11 0.0666796 
521 379 10 14 0.06428989 
406 413 8 11 0.057113573 
662 472 7 10 0.056797296 
402 414 8 10 0.056348946 
567 383 10 14 0.055798646 
435 404 9 11 0.05396689 
996 436 10 13 0.05346389 
526 431 8 11 0.05026974 
335 382 8 11 0.046631526 
94 408 9 10 0.04205982 
246 412 9 12 0.04098122 
698 425 7 10 0.03972242 
669 393 8 10 0.039719533 
760 399 8 11 0.03960369 
321 433 7 10 0.039548434 
364 402 9 12 0.039382186 
656 407 7 10 0.0393795 
427 401 8 10 0.038707092 
659 470 7 10 0.03788636 
64 405 8 10 0.034606874 
640 439 8 10 0.033771873 
474 412 9 12 0.03342375 
390 437 7 10 0.033116624 
646 432 7 9 0.032881994 
392 426 7 8 0.03264655 
344 414 8 9 0.03255642 
279 423 7 9 0.032047667 
280 414 7 10 0.031904288 
264 413 8 10 0.030502878 
943 404 8 11 0.02963012 
618 426 6 9 0.029616559 
521 422 7 9 0.029479817 
550 480 8 11 0.029252384 
56 422 9 12 0.028992333 
590 366 8 11 0.028107978 
624 407 7 11 0.027584221 
717 400 8 10 0.027407259 
656 440 7 10 0.026867604 
454 495 9 11 0.026281541 
621 473 8 11 0.026055627 
720 405 7 10 0.0253339 
615 406 8 10 0.025120346 
329 406 8 10 0.024956359 
344 394 8 10 0.024900204 
618 476 8 11 0.024856333 
761 375 8 10 0.024849445 
590 373 9 13 0.024747586 
575 381 14 17 0.024632957 
14 448 8 11 0.024410902 
248 421 11 14 0.024249455 
647 437 7 10 0.023792317 
337 399 7 11 0.023749407 
15 452 8 11 0.023742188 
727 428 8 10 0.02366661 
563 397 11 14 0.023561725 
366 393 8 11 0.023381729 
272 413 7 10 0.02335176 
702 424 8 10 0.023210261 
616 429 7 9 0.02320255 
335 407 7 9 0.023138875 
159 411 9 11 0.022842068 
244 226 12 15 0.021894816 
540 493 9 11 0.021889359 
94 413 9 11 0.021887075 
287 414 7 9 0.021871723 
522 358 9 10 0.021735247 
342 431 8 10 0.021723304 
253 402 8 11 0.021489834 
687 407 7 9 0.02105211 
608 404 9 11 0.020909179 
590 360 8 10 0.020700032 
655 480 8 11 0.020693464 
526 415 7 9 0.020473277 
296 228 12 14 0.020044247 
