35_Basketball_Basketball_35_664
62
44 323 11 15 0.61932737 
22 317 10 13 0.48585904 
50 340 14 18 0.4207567 
87 339 14 18 0.2497229 
194 350 8 11 0.18277453 
142 350 9 11 0.17436092 
114 349 9 13 0.09767182 
137 349 9 12 0.09274907 
46 330 13 17 0.089425005 
885 376 8 11 0.08675279 
101 308 8 11 0.08082815 
130 335 8 12 0.07684886 
167 343 8 10 0.076411635 
134 336 8 10 0.07464588 
77 310 8 11 0.07425639 
134 341 9 11 0.07205702 
93 333 13 21 0.06922483 
17 301 10 12 0.06768216 
45 420 9 13 0.056911815 
7 445 11 14 0.055680186 
176 339 9 13 0.052993037 
792 306 10 14 0.050887916 
79 338 15 19 0.043709613 
162 341 8 11 0.04204741 
0 340 11 13 0.041221734 
796 306 12 15 0.03817393 
646 285 14 15 0.038154572 
2 311 14 18 0.038119834 
687 405 13 16 0.0379543 
887 392 8 11 0.037316766 
898 384 8 10 0.036956217 
897 390 8 9 0.03385122 
181 338 9 12 0.03264427 
166 325 8 11 0.032578785 
692 356 14 17 0.031359117 
32 327 9 11 0.03089776 
701 356 11 15 0.028519357 
650 290 14 16 0.02781867 
653 302 14 15 0.026901092 
62 396 12 15 0.026429763 
674 410 13 17 0.026298653 
872 404 9 12 0.026271781 
153 360 9 11 0.025328262 
691 348 13 16 0.025251208 
150 317 7 10 0.025082925 
143 316 9 10 0.024731077 
65 294 8 11 0.024361672 
5 388 15 19 0.024099233 
800 317 12 17 0.023785375 
137 386 9 13 0.02327776 
182 326 9 11 0.022988386 
746 194 16 17 0.022951 
161 327 8 10 0.02289904 
881 397 9 11 0.02288479 
708 334 13 16 0.02248592 
39 329 10 14 0.021671936 
142 382 9 15 0.02153753 
152 329 8 10 0.021236967 
882 380 9 12 0.020727728 
744 190 13 15 0.020653602 
117 355 9 13 0.020546548 
647 298 13 15 0.020128833 
