35_Basketball_playingbasketball_35_632
23
127 443 21 23 0.95184195 
910 483 16 19 0.9131428 
334 518 42 38 0.52459055 
32 504 8 10 0.50312066 
467 345 28 31 0.25358492 
29 662 10 13 0.1502855 
721 490 12 15 0.11682269 
455 330 31 37 0.094015494 
475 352 31 30 0.08975126 
328 532 34 34 0.060750265 
438 314 54 48 0.05697454 
3 652 9 13 0.048236914 
27 672 12 16 0.04031082 
304 690 10 12 0.032917265 
860 496 18 24 0.027649231 
232 471 9 11 0.02556064 
320 541 28 29 0.024056409 
866 493 16 20 0.02313712 
886 504 15 18 0.022522235 
89 628 10 15 0.02177987 
238 471 10 13 0.0217779 
40 517 10 13 0.02096234 
25 540 10 13 0.020378822 
