35_Basketball_basketballgame_ball_35_393
130
858 283 14 19 0.9608631 
416 300 13 18 0.92731744 
703 300 12 16 0.8730048 
83 334 8 10 0.75901353 
125 314 9 10 0.75701934 
51 335 9 11 0.7472423 
23 330 9 10 0.71872276 
715 291 10 14 0.70120037 
110 237 8 9 0.6775461 
94 317 8 10 0.67530787 
119 226 7 9 0.652262 
95 229 8 10 0.62625426 
166 294 10 13 0.60501677 
0 329 9 14 0.6006265 
15 270 8 11 0.598771 
47 283 8 11 0.598167 
109 334 8 11 0.59088856 
19 241 7 9 0.5786937 
677 286 11 16 0.57816184 
80 281 7 10 0.53544766 
64 266 8 9 0.46122047 
69 226 8 9 0.45463267 
50 253 8 10 0.4050708 
16 301 8 10 0.33019453 
136 289 9 11 0.29154956 
77 248 9 12 0.21057303 
780 290 11 14 0.20566526 
665 293 11 15 0.18815021 
670 290 11 17 0.1823217 
112 233 8 10 0.15650225 
94 376 10 13 0.15151255 
13 285 8 10 0.14515533 
133 329 8 11 0.14234522 
798 286 9 11 0.11485283 
562 281 7 8 0.11108726 
153 380 8 11 0.10928518 
72 350 7 9 0.10911303 
653 291 11 14 0.09955625 
133 356 10 12 0.086260974 
600 289 7 9 0.08269349 
88 265 7 10 0.074557096 
682 292 11 16 0.07236073 
599 309 7 9 0.06907412 
562 301 7 9 0.06692143 
592 271 7 8 0.06084478 
398 303 9 12 0.057848707 
70 265 8 10 0.056906085 
9 303 8 10 0.05515849 
76 375 9 12 0.054941054 
34 256 7 9 0.054563574 
13 278 9 12 0.054013915 
10 281 8 11 0.05222918 
140 292 9 12 0.050493944 
788 291 10 13 0.050052073 
43 280 9 11 0.04725345 
92 230 7 9 0.04584952 
685 299 9 12 0.045586336 
38 256 7 9 0.044734746 
127 241 7 9 0.043440443 
791 287 10 13 0.04316845 
111 330 8 10 0.042794175 
46 319 8 9 0.042614803 
783 299 11 14 0.041141834 
39 351 8 10 0.041030757 
591 310 8 9 0.040660407 
575 273 7 9 0.039618365 
788 307 10 12 0.03958373 
582 277 7 9 0.03910853 
71 346 7 9 0.038852386 
605 272 8 10 0.03716394 
150 292 9 11 0.036043607 
121 344 7 9 0.035582274 
85 328 9 12 0.035419755 
570 272 7 8 0.035002913 
77 240 9 10 0.03465179 
70 303 7 9 0.03447135 
95 334 8 10 0.034471277 
119 326 8 9 0.03429946 
578 277 7 9 0.032758303 
137 262 8 11 0.032589924 
73 239 8 10 0.031958636 
57 238 6 9 0.031913582 
707 303 12 16 0.03140496 
676 313 9 12 0.031042662 
64 237 8 10 0.030653635 
75 280 8 10 0.029230706 
90 302 7 9 0.02903204 
21 296 8 11 0.02806061 
407 300 14 17 0.028034717 
18 333 9 11 0.02790789 
704 286 9 12 0.027550755 
119 278 8 10 0.027371777 
49 328 9 11 0.02718358 
105 329 8 10 0.02701028 
94 302 7 10 0.026915625 
79 270 8 10 0.02683682 
88 360 7 8 0.026743192 
95 325 8 10 0.026216343 
578 294 7 8 0.025343923 
32 287 8 10 0.025222475 
30 270 9 11 0.025079884 
22 270 9 11 0.02506243 
711 287 17 23 0.024544245 
646 300 10 13 0.024452908 
145 327 9 11 0.02440773 
141 287 8 12 0.02403604 
55 286 7 10 0.023935795 
167 239 8 10 0.02364547 
42 318 7 10 0.023617156 
90 351 7 9 0.023617098 
74 253 8 10 0.023363082 
127 245 8 10 0.02323847 
91 313 8 11 0.022722807 
161 325 9 12 0.022214083 
72 360 6 8 0.022075942 
80 264 7 10 0.021729957 
570 309 8 10 0.021724947 
592 289 6 9 0.021685045 
663 287 11 16 0.021627381 
698 301 11 14 0.021540362 
64 279 7 10 0.021213692 
584 274 7 9 0.021166824 
23 360 9 11 0.02106555 
66 361 6 8 0.020998752 
152 215 7 10 0.020900184 
23 287 8 9 0.02078755 
96 344 7 9 0.020772185 
21 243 9 11 0.020304333 
582 294 7 9 0.020302864 
80 367 7 9 0.020136986 
