35_Basketball_playingbasketball_35_495
289
823 820 65 73 0.99650574 
343 755 59 72 0.9961414 
742 989 23 32 0.99534273 
172 1116 26 36 0.9945726 
-2 774 93 79 0.9936515 
233 1156 25 31 0.99324894 
738 1059 23 30 0.99178034 
204 964 25 33 0.99129117 
547 402 88 76 0.9900327 
253 1104 24 30 0.98814964 
181 923 22 28 0.9852475 
685 960 22 28 0.9781944 
820 657 15 20 0.9728064 
971 895 21 27 0.9717633 
669 985 22 28 0.9703973 
722 850 18 22 0.9681603 
989 694 15 21 0.9680218 
793 756 18 21 0.96464336 
263 772 20 28 0.96461993 
676 822 18 23 0.96256715 
224 743 23 27 0.95958745 
741 600 15 19 0.9537516 
220 587 15 19 0.95333034 
844 605 14 18 0.95127356 
727 812 20 27 0.9504053 
804 727 15 19 0.9476362 
284 671 17 23 0.94612986 
737 752 18 22 0.94542503 
771 855 18 24 0.94194967 
947 864 17 22 0.9414025 
260 605 17 22 0.94114965 
245 706 18 20 0.9317961 
595 711 15 19 0.9309008 
783 818 19 23 0.9219214 
109 628 17 21 0.9152513 
232 639 18 22 0.9145661 
906 815 19 26 0.91240907 
287 580 14 18 0.90962106 
347 474 17 20 0.907735 
339 736 18 22 0.90441555 
862 765 15 19 0.90012145 
722 900 19 21 0.8997625 
207 609 16 19 0.89904994 
288 704 18 22 0.8936839 
963 738 16 20 0.8925331 
169 632 17 24 0.8858696 
44 569 16 20 0.8844174 
690 692 15 20 0.883586 
317 612 17 20 0.88003093 
836 795 17 22 0.87766516 
285 744 19 21 0.8736675 
201 435 14 19 0.8731171 
710 622 14 19 0.871202 
789 647 15 17 0.8637066 
765 895 21 25 0.8611579 
951 829 16 21 0.8533895 
732 790 18 22 0.8485985 
168 569 17 21 0.83970255 
831 632 14 19 0.8395532 
983 638 14 17 0.82491803 
304 635 17 19 0.8242015 
874 629 16 21 0.82198673 
935 696 15 20 0.8073219 
697 754 14 18 0.8062192 
918 671 16 21 0.80335206 
289 452 15 20 0.80222464 
104 573 18 23 0.80195343 
870 660 16 21 0.782417 
974 843 15 17 0.7740884 
994 609 14 18 0.7569533 
935 606 13 17 0.7473278 
173 704 22 27 0.7362227 
590 686 17 22 0.7272643 
993 659 16 21 0.7072132 
944 793 18 22 0.68927133 
868 728 18 22 0.67778236 
661 857 20 23 0.6758503 
945 629 16 21 0.6755018 
934 732 16 19 0.67505777 
1009 900 15 22 0.6476683 
884 690 13 16 0.63345283 
143 437 14 18 0.6218131 
359 424 15 20 0.62113154 
124 446 13 17 0.6190144 
729 660 13 17 0.61661714 
135 674 16 20 0.60959303 
522 153 14 18 0.5690672 
857 484 14 16 0.558982 
997 760 19 22 0.54482627 
218 459 15 19 0.5226763 
678 439 16 20 0.521015 
697 793 16 20 0.51232016 
90 849 16 20 0.49821687 
656 804 19 22 0.49168032 
346 718 17 20 0.46347436 
754 828 12 16 0.45595342 
705 474 16 21 0.4304998 
744 661 13 18 0.42351273 
766 453 15 18 0.41214484 
603 650 15 18 0.408293 
799 81 13 17 0.39437574 
700 725 15 20 0.38178843 
719 1086 23 28 0.37809935 
606 63 17 22 0.36773267 
905 854 23 31 0.33579922 
366 643 14 17 0.32565156 
795 706 12 16 0.30661905 
865 705 14 18 0.30533493 
824 774 13 15 0.29953718 
628 160 17 21 0.29127964 
288 823 20 24 0.28146774 
779 490 13 16 0.26793712 
653 482 16 23 0.26504394 
679 172 15 20 0.25781867 
846 767 11 14 0.24802539 
766 971 22 27 0.2479081 
350 579 15 20 0.24693733 
671 854 18 27 0.23181354 
892 680 14 17 0.22956564 
395 158 29 42 0.22473621 
605 797 12 16 0.21944602 
58 962 23 28 0.2170497 
834 74 13 18 0.20187218 
53 450 11 14 0.19712839 
786 797 13 17 0.19046971 
1013 833 11 18 0.1730322 
372 456 18 22 0.17293061 
981 866 17 19 0.16413434 
86 475 14 18 0.15953216 
607 131 16 20 0.1575321 
804 821 14 16 0.150469 
1003 1095 20 30 0.15011054 
442 479 17 23 0.14712965 
699 185 14 18 0.1420076 
296 791 26 30 0.13962035 
885 769 16 20 0.13511601 
125 616 17 23 0.13472219 
987 878 14 17 0.13202086 
898 514 13 16 0.12498637 
1 446 12 19 0.12290246 
1007 444 12 18 0.11962808 
595 780 14 17 0.11093114 
190 480 15 20 0.10876493 
364 456 16 20 0.10720331 
854 507 12 15 0.10570064 
245 850 26 32 0.10364794 
682 853 18 27 0.103338555 
237 481 16 21 0.10078415 
259 833 24 32 0.09274437 
867 89 15 19 0.09159043 
45 468 12 16 0.08493349 
182 461 12 15 0.08419053 
607 621 13 15 0.08400434 
285 791 25 29 0.081123404 
0 422 9 17 0.081096165 
45 623 24 28 0.077383175 
161 493 12 15 0.07662655 
576 730 19 19 0.07249371 
166 752 17 24 0.07135414 
170 609 18 21 0.06564215 
86 602 15 20 0.06476092 
666 144 14 20 0.06123089 
859 624 13 16 0.06019394 
974 658 12 15 0.05995981 
1006 1196 17 30 0.05889966 
315 830 19 23 0.058297247 
344 728 18 24 0.05758642 
921 629 16 20 0.057019867 
230 467 12 16 0.056704182 
62 417 12 16 0.05637741 
563 757 15 21 0.056248754 
590 783 14 18 0.054623596 
707 657 15 17 0.053550124 
31 614 14 16 0.051731884 
998 734 13 16 0.049936123 
523 475 23 27 0.04926752 
612 794 14 19 0.04780995 
748 704 17 18 0.047450677 
348 171 25 34 0.047443233 
76 841 29 35 0.04667977 
46 461 13 16 0.046276808 
693 992 17 23 0.04613056 
838 195 15 20 0.045722283 
376 676 13 16 0.04571619 
677 736 18 22 0.044198796 
326 799 23 33 0.043727685 
587 730 14 17 0.043345563 
855 764 14 17 0.042694766 
358 453 16 20 0.04241282 
763 458 21 27 0.042273846 
597 799 15 18 0.041600578 
164 615 17 20 0.041531235 
225 461 14 16 0.041507352 
231 473 14 19 0.04109199 
332 785 25 43 0.04077058 
656 476 14 18 0.040179938 
227 1125 22 25 0.04005152 
944 756 16 21 0.040023204 
362 651 19 28 0.03998142 
972 707 14 16 0.03986348 
115 619 20 25 0.039841637 
322 607 15 16 0.039067604 
0 572 11 18 0.038411397 
790 897 16 22 0.038199496 
949 575 13 16 0.038129218 
1014 963 11 18 0.03704591 
619 794 14 21 0.036649123 
886 756 14 18 0.036310393 
699 653 16 20 0.03619762 
612 614 12 16 0.035559513 
604 638 16 20 0.035054088 
783 181 13 16 0.034958903 
777 667 15 18 0.034884818 
308 795 24 32 0.03467291 
787 122 25 26 0.03429765 
715 659 13 17 0.033667784 
794 820 15 18 0.03298915 
777 676 18 21 0.03256855 
740 865 14 17 0.032061484 
618 108 18 23 0.03174027 
129 444 14 17 0.031692173 
690 851 17 25 0.03144178 
894 814 25 29 0.03102921 
604 788 16 21 0.0306924 
304 118 13 16 0.030482579 
726 788 16 20 0.030184362 
796 144 24 27 0.030140076 
790 131 28 29 0.03003381 
612 816 14 18 0.029711569 
593 783 21 25 0.02959366 
986 810 17 19 0.029049397 
887 727 14 16 0.028916812 
709 1001 17 19 0.02890882 
983 757 13 18 0.028892158 
1004 611 13 18 0.028437179 
323 677 15 16 0.02820696 
765 799 16 19 0.028108027 
839 659 15 20 0.027743354 
116 492 11 14 0.02688604 
81 119 17 22 0.026676822 
39 628 14 17 0.026664821 
352 467 17 21 0.026636628 
991 762 15 19 0.026492435 
903 773 15 17 0.026442025 
872 536 9 11 0.02640353 
812 122 17 22 0.026391277 
1001 719 17 21 0.026343916 
90 470 13 17 0.026267918 
780 774 13 15 0.026157003 
1009 597 11 15 0.026069961 
751 10 14 17 0.025954247 
782 835 15 17 0.02535805 
571 760 16 20 0.025038155 
740 714 16 18 0.025026962 
655 856 16 22 0.024893146 
85 460 11 14 0.024337977 
725 797 22 25 0.024331111 
34 615 23 25 0.024315123 
347 459 16 21 0.02416394 
602 774 13 17 0.02402721 
1006 882 17 21 0.023960516 
971 713 18 20 0.023749778 
880 1058 121 136 0.023688171 
846 539 9 11 0.023614878 
293 761 15 18 0.023206683 
1013 602 10 17 0.023158172 
953 632 14 19 0.02303507 
952 798 15 22 0.022666352 
588 115 17 24 0.022653084 
496 1041 60 57 0.02243663 
215 454 14 17 0.022388026 
683 743 15 21 0.022243237 
784 492 14 15 0.022129942 
780 872 15 20 0.022001782 
676 83 18 22 0.021883216 
509 157 14 19 0.02176327 
941 749 14 17 0.021740265 
61 445 11 13 0.021612316 
60 451 11 14 0.021510726 
138 709 24 28 0.021078601 
726 996 13 20 0.021052137 
3 578 13 19 0.021040482 
589 794 16 20 0.020975048 
50 455 13 17 0.020948969 
699 995 20 24 0.0205914 
741 898 16 20 0.020415409 
265 693 16 20 0.020401845 
90 838 17 23 0.02031534 
420 781 41 58 0.020227028 
