35_Basketball_basketballgame_ball_35_689
808
317 317 16 22 0.9629567 
479 116 12 15 0.9424879 
742 19 10 12 0.9343765 
447 178 11 14 0.92974466 
438 25 9 11 0.92490155 
580 133 10 13 0.92420954 
581 63 12 15 0.92306 
988 142 12 14 0.91983 
653 202 12 16 0.9136257 
575 93 11 14 0.9133875 
62 70 9 11 0.91038305 
295 69 10 13 0.9055516 
301 10 11 14 0.90529186 
870 129 12 15 0.89980495 
29 146 11 13 0.8929232 
342 137 12 14 0.89242834 
806 154 14 17 0.88967794 
96 153 11 15 0.8879633 
414 109 10 13 0.8857659 
421 201 11 15 0.88458097 
22 123 10 13 0.88355863 
246 60 9 13 0.88175535 
551 195 12 14 0.87482136 
515 190 11 14 0.87446606 
802 87 12 15 0.8735549 
392 189 12 16 0.8726012 
655 72 11 13 0.8679056 
145 20 9 12 0.8564993 
723 183 12 15 0.8511569 
269 45 12 16 0.8489692 
353 103 10 13 0.8393818 
550 92 11 14 0.82989854 
766 202 14 18 0.8275113 
525 207 11 14 0.82310486 
323 100 11 14 0.82176805 
212 86 10 12 0.81798387 
99 45 10 13 0.8136429 
55 100 9 12 0.8129369 
20 96 8 12 0.8125139 
518 64 11 13 0.80898577 
137 136 11 14 0.8087033 
616 71 11 15 0.8070065 
591 218 13 15 0.804553 
395 22 10 12 0.80317646 
448 200 12 16 0.800896 
209 255 16 18 0.798793 
726 144 11 13 0.7984611 
285 131 9 13 0.79668283 
690 236 12 15 0.7961242 
207 5 8 11 0.79399395 
469 219 12 15 0.79386127 
153 49 10 14 0.78809047 
699 20 12 15 0.7863457 
959 190 12 15 0.78538585 
910 99 12 15 0.7849995 
422 174 11 14 0.76960516 
653 103 12 15 0.7671254 
947 139 12 15 0.7666613 
521 90 10 14 0.7646759 
452 116 11 13 0.76334715 
629 198 13 17 0.7581505 
581 190 13 16 0.7543535 
230 1 11 14 0.754292 
616 133 11 14 0.7528527 
708 57 10 12 0.75084937 
297 98 10 13 0.7455834 
36 66 10 13 0.742267 
552 12 8 11 0.73903334 
68 147 12 15 0.73782516 
394 80 9 11 0.73499423 
444 83 10 12 0.7345725 
463 24 9 12 0.7301474 
239 91 10 13 0.72796154 
78 42 9 12 0.7173942 
698 174 12 15 0.71679884 
520 4 8 11 0.7011186 
487 54 9 12 0.69173646 
351 17 10 12 0.6871582 
666 226 12 16 0.6853596 
124 197 9 12 0.6751903 
172 0 11 12 0.66020197 
543 44 10 12 0.65760636 
491 87 10 14 0.6492935 
967 36 13 17 0.646829 
614 11 9 12 0.641299 
184 154 10 13 0.6408553 
315 132 10 13 0.63124686 
187 31 9 12 0.6247614 
926 168 12 15 0.623214 
311 43 9 11 0.6186181 
128 54 8 10 0.61763304 
98 134 9 13 0.6153694 
985 108 11 13 0.6141681 
650 44 9 12 0.6053441 
883 174 11 15 0.6039116 
49 39 9 12 0.5996842 
675 45 11 14 0.5993466 
556 160 11 14 0.5993087 
382 139 11 14 0.5964304 
554 217 13 15 0.5833659 
937 69 12 16 0.572182 
49 126 10 13 0.5713624 
825 67 9 12 0.56677043 
74 127 10 14 0.5664109 
410 143 11 13 0.5519714 
497 37 10 12 0.5504618 
120 72 9 12 0.540556 
509 160 10 12 0.5357212 
871 198 13 17 0.53078675 
116 23 9 11 0.53049314 
577 42 11 14 0.52917486 
966 227 11 13 0.52085024 
438 143 11 13 0.51021963 
271 165 11 14 0.50687146 
242 125 9 13 0.50629205 
144 87 11 14 0.50602776 
454 387 14 19 0.50288904 
333 70 9 11 0.50221777 
423 88 9 11 0.49345902 
174 115 11 13 0.47775546 
7 72 8 10 0.4755151 
393 51 9 12 0.45239913 
931 39 11 14 0.45058084 
203 118 10 13 0.431777 
373 16 8 11 0.4246243 
830 93 10 14 0.42341593 
343 179 13 15 0.41897953 
840 137 12 17 0.41618803 
542 69 10 13 0.41474107 
516 32 10 13 0.41387194 
388 118 10 12 0.41160095 
271 100 9 11 0.41137627 
802 202 12 16 0.39879107 
678 23 8 11 0.39487928 
998 21 9 11 0.39322385 
490 195 9 13 0.39130542 
672 368 17 19 0.38236737 
772 145 12 15 0.38045335 
940 115 10 12 0.3779126 
893 78 9 12 0.3771944 
475 146 11 14 0.37344176 
598 92 9 12 0.36691216 
237 154 11 13 0.34694025 
142 75 10 12 0.34477386 
271 66 9 12 0.33632493 
285 342 17 23 0.33530912 
79 72 10 13 0.33515185 
926 7 12 14 0.33434218 
84 19 9 12 0.3286041 
349 372 14 18 0.31571436 
361 56 7 10 0.31318098 
219 120 10 13 0.31149468 
653 19 9 12 0.30556437 
82 104 8 10 0.29944438 
0 88 7 12 0.28449446 
957 20 8 11 0.28197408 
550 303 12 14 0.25451168 
200 61 9 10 0.24586053 
624 317 13 19 0.2450131 
686 83 9 12 0.24316445 
335 52 8 10 0.24247268 
300 166 11 13 0.24120617 
596 12 9 12 0.23921946 
976 79 10 12 0.23521353 
340 167 11 13 0.22658712 
5 16 8 10 0.22647128 
509 143 9 12 0.22279234 
548 131 11 12 0.21876973 
771 182 12 15 0.21280552 
64 18 7 9 0.210304 
956 278 10 12 0.20929262 
426 53 9 12 0.2092745 
104 76 9 10 0.20313767 
686 583 19 25 0.19139776 
461 53 10 12 0.18891251 
518 134 9 10 0.18551075 
598 166 9 11 0.18471691 
334 252 14 16 0.17988417 
555 250 13 15 0.1784894 
904 66 11 13 0.17588188 
183 49 9 11 0.17291582 
624 102 11 14 0.16627027 
894 131 11 14 0.15789807 
896 45 8 11 0.15773971 
364 278 10 12 0.15311156 
575 117 9 12 0.14701504 
602 235 12 14 0.14224681 
174 45 8 10 0.14172293 
508 264 10 13 0.1415841 
370 78 9 12 0.13997307 
315 419 15 23 0.13366711 
104 0 7 8 0.13255216 
431 150 11 13 0.1312854 
760 287 9 12 0.12499738 
425 47 9 12 0.124183156 
360 60 8 11 0.11633401 
600 144 9 11 0.11609593 
940 208 10 13 0.11382476 
678 328 12 14 0.11356317 
113 29 9 12 0.112796895 
972 42 11 13 0.11199141 
604 284 11 13 0.108574495 
493 172 10 13 0.10638708 
458 37 8 10 0.10635525 
256 77 9 11 0.10634308 
1015 46 8 14 0.10621908 
661 172 12 14 0.10616296 
117 117 9 11 0.10587014 
102 95 8 10 0.1044114 
327 261 12 15 0.103740975 
600 230 11 14 0.10357216 
742 0 8 8 0.10268414 
440 118 8 11 0.1022648 
318 227 11 14 0.10197209 
787 150 13 15 0.10195984 
711 0 8 8 0.10032536 
13 38 8 11 0.09971824 
641 247 9 13 0.09951074 
792 227 12 16 0.09694907 
671 40 12 15 0.09508212 
567 6 8 10 0.09431395 
333 181 12 15 0.094029285 
725 294 9 11 0.09337166 
511 108 10 13 0.093104176 
130 23 7 10 0.09297702 
707 215 12 15 0.09218708 
996 280 12 14 0.09152282 
458 390 16 18 0.09140407 
830 134 13 16 0.090988226 
503 174 10 13 0.09076806 
389 123 10 11 0.08991623 
655 252 13 16 0.08976019 
725 222 10 14 0.08846136 
480 0 9 11 0.088206515 
768 112 10 12 0.08775118 
970 101 12 15 0.08735689 
407 0 8 8 0.086875685 
568 173 10 12 0.08661022 
644 6 9 12 0.08553027 
159 0 7 8 0.0839555 
-1 125 6 11 0.083513625 
558 182 10 14 0.0833517 
95 102 8 10 0.08326457 
837 56 9 12 0.08300346 
944 30 9 12 0.0819389 
385 113 9 12 0.0810946 
639 40 10 13 0.08029836 
458 23 9 12 0.07985683 
176 62 9 10 0.07858495 
334 75 10 12 0.07785641 
133 55 8 10 0.0777575 
433 108 8 11 0.07755197 
649 15 10 12 0.07709851 
525 148 10 14 0.07689863 
961 36 11 16 0.075761914 
948 90 10 13 0.0757455 
548 69 10 12 0.07475489 
159 13 7 10 0.074594624 
607 160 8 11 0.07423907 
682 80 9 11 0.073986694 
828 62 10 13 0.07302262 
192 0 8 9 0.07211638 
5 140 8 12 0.07128078 
96 69 10 12 0.071103536 
1008 0 9 11 0.071043365 
879 84 8 11 0.070158154 
718 108 10 12 0.06966746 
568 1 8 10 0.069653764 
505 164 10 12 0.069518514 
605 37 9 13 0.06945262 
120 47 8 10 0.06918865 
633 45 10 13 0.06806791 
543 259 13 16 0.065209 
263 78 8 10 0.06518989 
953 16 10 12 0.065050304 
183 133 8 10 0.06445659 
957 0 9 9 0.06400968 
286 56 9 10 0.06323838 
170 45 8 11 0.06299568 
468 23 9 12 0.062087696 
640 101 9 12 0.061998166 
407 125 8 11 0.060063384 
920 44 10 13 0.059170816 
316 204 11 13 0.05870627 
125 39 9 11 0.058330357 
95 64 9 12 0.0575726 
170 116 10 12 0.05752618 
933 49 9 13 0.057491574 
369 85 8 10 0.057324 
375 124 8 11 0.057223048 
766 285 10 13 0.05637165 
927 108 8 10 0.056181744 
679 -1 10 9 0.05612991 
228 52 12 14 0.05580844 
328 12 10 12 0.055698387 
545 0 8 9 0.054764103 
902 45 8 11 0.05469132 
126 48 9 12 0.05463399 
111 37 8 10 0.05441665 
214 35 9 12 0.05398467 
456 29 9 11 0.05350378 
720 44 9 12 0.053231627 
685 309 12 14 0.05286497 
683 103 10 11 0.05286442 
608 102 11 13 0.05242544 
750 134 11 13 0.05199891 
861 16 9 13 0.05196803 
606 43 9 12 0.051355768 
62 101 8 11 0.051206224 
379 170 12 15 0.050759047 
415 63 8 9 0.05069375 
289 111 9 10 0.050197423 
600 242 13 15 0.049961988 
73 61 9 11 0.0497926 
501 33 9 11 0.04971395 
605 31 9 11 0.04963567 
640 95 10 12 0.049522642 
901 29 9 11 0.04939932 
98 95 8 11 0.049272414 
944 36 10 14 0.048872888 
1014 30 8 12 0.048639644 
902 94 11 13 0.04861514 
207 147 10 14 0.04851834 
1013 139 11 16 0.04820861 
366 55 8 11 0.047665074 
559 124 9 12 0.047662836 
102 39 9 13 0.04762425 
660 6 9 10 0.04751576 
688 7 10 11 0.047289558 
623 31 9 12 0.04691885 
617 37 9 12 0.046745416 
375 102 9 12 0.04648127 
576 112 10 12 0.04645769 
513 134 10 12 0.046297543 
383 9 9 10 0.046296816 
823 138 13 14 0.046128977 
266 63 8 11 0.045999467 
728 94 9 11 0.045926522 
376 166 12 16 0.04585463 
695 155 12 14 0.04585263 
616 62 11 12 0.04569967 
821 213 14 16 0.045647085 
306 12 10 13 0.045418147 
852 156 11 15 0.045384802 
781 0 10 10 0.04501885 
159 132 10 13 0.045005467 
681 370 13 17 0.044829465 
566 180 11 14 0.04438615 
816 306 10 14 0.044166833 
889 55 8 10 0.043763667 
467 388 13 18 0.043575194 
690 285 9 12 0.043420117 
70 103 8 9 0.043226022 
374 84 9 10 0.0432247 
64 38 8 10 0.04298226 
352 71 9 12 0.04259177 
606 22 8 11 0.04257394 
462 14 9 11 0.04209273 
369 19 10 11 0.04187326 
621 61 11 13 0.041715223 
622 172 9 12 0.041677006 
552 119 11 13 0.041651797 
937 270 11 14 0.041646983 
511 85 9 13 0.041645907 
138 71 8 11 0.041613374 
287 61 10 12 0.041102532 
625 200 12 17 0.04091527 
333 12 9 12 0.04090638 
634 191 14 17 0.040818676 
344 0 9 10 0.04081578 
439 295 9 11 0.040767897 
919 39 9 11 0.040705997 
555 189 12 15 0.040182773 
440 124 10 11 0.040130757 
127 0 10 9 0.04004514 
572 174 11 13 0.039844777 
638 108 9 13 0.039783746 
114 47 8 11 0.03950694 
621 35 9 12 0.039437108 
440 46 9 12 0.03938808 
695 586 18 20 0.039265476 
121 52 7 10 0.039260656 
922 11 10 13 0.039144468 
557 119 10 12 0.039101772 
607 260 13 15 0.038996186 
770 264 13 16 0.038837366 
360 7 9 10 0.038824875 
438 110 9 12 0.038525674 
565 245 12 15 0.03852396 
639 141 10 12 0.038341094 
790 3 10 12 0.038336664 
439 53 8 10 0.038110655 
631 28 8 11 0.03807368 
577 127 11 13 0.037954703 
686 132 10 13 0.037885472 
599 161 10 12 0.03786843 
606 94 10 12 0.037822302 
947 165 11 15 0.037754267 
777 0 9 10 0.0375354 
903 55 8 11 0.037347045 
980 198 11 12 0.037301928 
514 67 9 12 0.0371817 
700 332 9 12 0.037142742 
482 54 9 12 0.03713483 
366 8 9 11 0.037051577 
671 69 10 12 0.03694261 
300 30 9 12 0.036455564 
222 15 8 11 0.03640015 
217 15 9 11 0.03613853 
199 103 8 10 0.035861235 
749 248 14 17 0.035831016 
1008 107 11 15 0.035797175 
472 46 10 13 0.035788685 
118 94 8 11 0.035693202 
857 55 9 12 0.035613865 
352 38 9 12 0.035523497 
641 13 8 11 0.035522237 
394 285 9 12 0.03550783 
976 107 11 14 0.03548936 
368 72 8 10 0.035410285 
240 70 9 12 0.035384905 
84 71 9 12 0.035275534 
109 77 9 11 0.03522946 
393 0 7 8 0.03507019 
385 62 8 10 0.035044782 
565 125 10 13 0.03504213 
153 0 8 9 0.035041887 
440 0 9 9 0.034867775 
630 107 10 13 0.03485337 
995 46 11 12 0.034732517 
600 21 9 11 0.03472752 
23 39 8 10 0.03463653 
889 126 11 14 0.034466892 
6 136 9 12 0.03439777 
771 152 12 17 0.0343884 
135 21 8 11 0.0343877 
688 190 9 11 0.034369547 
554 306 14 14 0.034325182 
112 94 8 11 0.03431854 
447 125 10 12 0.03428359 
621 167 9 11 0.034239866 
265 68 10 13 0.034190156 
191 6 8 10 0.034184236 
952 271 11 15 0.034103002 
486 4 8 11 0.034095507 
944 13 8 11 0.034089416 
1007 69 11 13 0.034064133 
87 108 8 11 0.034057338 
725 0 10 10 0.033992227 
150 15 9 12 0.03394872 
551 182 10 13 0.03379154 
462 58 9 12 0.03359026 
920 52 9 12 0.033442453 
457 48 10 12 0.033378076 
660 276 11 13 0.03334307 
1009 31 10 12 0.033338044 
523 216 12 15 0.033203624 
767 5 8 10 0.033150587 
844 126 15 19 0.03313388 
408 46 8 11 0.033106316 
376 135 10 13 0.033090673 
469 52 10 13 0.03307231 
103 14 7 10 0.032832894 
559 110 10 11 0.032550585 
267 101 9 11 0.032487836 
367 95 7 10 0.032447796 
144 54 9 11 0.032436907 
457 13 8 10 0.032384478 
686 62 9 11 0.032161586 
15 32 8 10 0.03206791 
290 69 10 12 0.031939615 
821 87 12 16 0.031718075 
252 61 9 12 0.03171025 
366 408 14 18 0.031557158 
783 45 10 13 0.031492405 
617 167 9 10 0.03144348 
97 76 9 11 0.031342965 
273 143 9 12 0.031327866 
894 67 12 14 0.0313277 
121 40 8 11 0.031236304 
413 54 9 10 0.031171119 
295 36 9 12 0.031156149 
375 46 8 10 0.031108655 
342 282 11 14 0.031074513 
935 148 10 13 0.030977659 
134 0 8 8 0.030973868 
191 127 7 10 0.030970184 
329 189 9 13 0.030952195 
278 62 9 12 0.030868283 
917 125 13 16 0.030849947 
88 118 8 11 0.030812634 
1015 22 7 11 0.030795282 
569 13 8 10 0.030791972 
943 144 12 15 0.030762892 
834 93 11 14 0.030632542 
544 7 7 9 0.030632365 
894 138 11 14 0.03060783 
760 1 9 10 0.030570116 
137 39 8 10 0.030475244 
632 52 9 12 0.030466758 
968 79 11 13 0.030441726 
998 231 12 15 0.030364545 
353 76 9 12 0.030303523 
230 78 9 11 0.030279359 
110 71 9 12 0.030243643 
76 63 10 12 0.030185495 
951 109 9 12 0.030107327 
568 62 8 11 0.030078711 
597 171 9 12 0.030077044 
429 126 9 12 0.030057948 
221 36 11 12 0.03000747 
279 113 8 11 0.02999501 
518 155 10 13 0.029956033 
306 186 15 18 0.029927004 
57 55 8 10 0.029890232 
773 285 9 12 0.029882366 
897 94 10 12 0.02981388 
611 7 9 12 0.029655548 
728 63 8 11 0.029538428 
933 11 9 12 0.029493695 
979 83 11 12 0.029395565 
144 26 10 12 0.02930001 
401 0 8 8 0.029276054 
1013 76 10 13 0.0292668 
201 122 10 13 0.029157674 
488 182 12 14 0.02913143 
1012 204 13 19 0.029085891 
894 231 12 16 0.029073538 
119 18 8 10 0.029051913 
97 41 10 12 0.02894347 
423 125 11 13 0.028800908 
22 46 8 10 0.028788477 
868 190 13 17 0.028772961 
424 40 8 10 0.028764611 
605 85 9 12 0.028730046 
397 107 10 13 0.028721971 
591 30 9 11 0.028683167 
393 16 9 10 0.028579267 
40 31 7 9 0.02852977 
430 223 11 15 0.028412787 
941 104 10 12 0.028397826 
851 126 12 16 0.02832533 
375 0 7 9 0.028285814 
51 130 10 13 0.02827782 
782 52 10 12 0.028235205 
410 54 7 10 0.028144754 
798 131 12 15 0.028115695 
656 0 8 9 0.027730945 
615 159 9 11 0.027719665 
112 112 9 11 0.027681118 
160 103 9 11 0.027549133 
473 6 8 10 0.02744469 
790 45 9 12 0.027444268 
566 188 10 12 0.027398128 
221 147 12 15 0.027392272 
87 151 11 13 0.027363412 
614 108 10 12 0.027290788 
855 230 13 16 0.027289947 
343 376 15 17 0.027200574 
463 8 7 10 0.027184114 
775 76 9 11 0.02716777 
309 166 12 13 0.027031194 
384 94 8 11 0.026965726 
544 296 10 13 0.02694959 
639 68 10 13 0.026940178 
606 107 12 14 0.026854122 
768 222 12 15 0.02684968 
679 116 12 14 0.026803143 
390 171 9 13 0.026765678 
719 246 10 13 0.026764888 
666 448 13 16 0.026733328 
23 31 7 9 0.02670668 
53 44 8 11 0.026636004 
294 108 8 11 0.026614828 
63 54 8 10 0.02656291 
566 132 10 12 0.026523093 
607 173 9 12 0.02649281 
496 42 10 12 0.026411587 
997 27 11 13 0.026372183 
457 8 8 10 0.026309483 
648 189 11 14 0.026308434 
654 181 12 15 0.026261946 
510 17 8 10 0.02625847 
844 109 13 15 0.026251558 
113 53 8 10 0.026236739 
537 63 10 13 0.026223628 
329 53 8 11 0.026212715 
543 75 10 12 0.02620398 
113 222 9 12 0.026121898 
311 111 8 10 0.026106503 
521 150 10 14 0.026062973 
568 119 10 12 0.026053809 
126 6 9 11 0.026043456 
669 149 12 15 0.026037615 
327 47 8 10 0.02598384 
424 157 9 11 0.025946809 
207 55 9 12 0.025890384 
231 134 8 10 0.025869912 
33 32 7 9 0.025857238 
429 132 10 13 0.025833156 
72 70 9 12 0.025700739 
912 39 9 12 0.025616795 
894 52 9 12 0.025609225 
255 6 11 12 0.025565606 
120 133 9 12 0.02555285 
681 126 10 13 0.025516164 
901 141 10 14 0.025426928 
330 64 9 12 0.025410203 
209 156 9 12 0.02540143 
102 64 8 10 0.025379779 
939 64 13 16 0.025275249 
934 31 10 12 0.025260013 
506 22 7 9 0.02525565 
1013 38 10 16 0.025200186 
321 87 7 9 0.02513346 
750 78 12 15 0.025097802 
88 62 9 11 0.025048826 
951 37 9 13 0.025038626 
136 62 8 10 0.024992418 
605 164 10 12 0.024962813 
375 39 10 12 0.024956655 
600 45 9 11 0.024909222 
295 46 9 11 0.024906266 
128 16 8 10 0.02486669 
1012 92 11 15 0.024841156 
377 120 9 12 0.02480388 
521 116 9 12 0.02470884 
412 287 9 11 0.024707409 
358 48 8 10 0.024643883 
3 70 8 12 0.024637768 
47 62 9 11 0.024633335 
177 54 9 11 0.024606075 
383 122 11 13 0.024604905 
200 143 10 13 0.024590185 
184 129 9 10 0.024553651 
683 324 12 14 0.024511332 
692 280 9 12 0.024430862 
76 150 11 13 0.024416968 
311 172 11 12 0.024374742 
550 0 8 8 0.024321869 
181 61 9 11 0.024261063 
358 38 8 11 0.0242205 
210 37 8 11 0.024203941 
277 96 8 11 0.024199974 
559 7 8 11 0.02419246 
417 92 9 11 0.024094248 
603 253 14 16 0.024048623 
993 285 11 11 0.024009598 
966 93 12 16 0.024002267 
144 104 9 12 0.023995254 
302 159 11 14 0.023931438 
72 29 8 10 0.023856048 
649 70 10 12 0.023756197 
191 133 8 10 0.023755137 
815 285 11 16 0.02368628 
191 79 10 12 0.023632083 
336 173 13 17 0.023612536 
164 132 12 14 0.02360459 
724 213 11 16 0.023594065 
501 42 9 12 0.02358463 
659 75 10 12 0.023572141 
48 32 8 11 0.02355813 
949 31 9 11 0.023555866 
288 346 19 27 0.02354749 
479 156 9 12 0.023479477 
383 30 8 11 0.023442611 
528 47 7 9 0.023418343 
593 173 9 12 0.023412595 
619 137 11 14 0.02340211 
721 0 9 9 0.023399778 
791 39 9 12 0.023389956 
233 126 9 12 0.023388011 
640 62 10 12 0.023366638 
333 198 13 16 0.023315791 
45 56 8 10 0.023298204 
277 68 8 11 0.023269936 
350 214 11 15 0.023254279 
679 107 12 14 0.02325383 
329 276 12 15 0.02322714 
392 8 8 10 0.023183795 
56 63 9 11 0.023178553 
799 40 9 11 0.023088466 
177 289 206 277 0.023073858 
624 312 12 14 0.023072587 
731 147 10 12 0.023063293 
96 128 10 13 0.023060031 
503 55 8 10 0.023059532 
559 30 10 12 0.023058511 
966 278 10 13 0.023005996 
958 78 10 12 0.022997461 
327 195 10 14 0.02294341 
209 31 8 11 0.022934085 
128 30 8 10 0.022929087 
234 151 10 14 0.02292482 
726 100 12 15 0.022854965 
490 38 8 10 0.022829747 
193 62 9 11 0.022816397 
571 93 10 14 0.022804447 
687 30 8 10 0.022778708 
369 0 8 9 0.022762993 
630 62 8 11 0.022707067 
616 246 10 12 0.022704571 
135 47 9 11 0.02267096 
431 39 9 11 0.02263309 
505 146 10 12 0.022606105 
356 197 12 16 0.02259368 
888 71 9 12 0.022547275 
143 62 8 10 0.022492671 
900 211 13 16 0.022457661 
535 78 9 12 0.022448456 
415 46 8 12 0.022435615 
54 121 9 11 0.022423938 
695 374 13 17 0.022397272 
593 87 10 12 0.022284195 
550 62 10 14 0.022284044 
266 95 8 12 0.022234406 
112 102 8 10 0.022210866 
439 103 9 11 0.022203267 
98 0 8 8 0.02218984 
1005 99 13 17 0.02216609 
958 110 8 11 0.022148602 
614 149 10 13 0.022121198 
355 14 9 13 0.022094024 
440 136 10 14 0.022088334 
100 138 11 13 0.02206672 
353 62 8 10 0.022065587 
433 276 9 13 0.022051968 
901 124 12 17 0.021965478 
830 0 9 9 0.02196506 
153 7 8 10 0.021935891 
97 50 10 12 0.021921339 
495 79 9 11 0.021888927 
205 113 9 12 0.021802071 
175 134 10 12 0.021782938 
153 40 9 11 0.021776184 
888 61 9 12 0.02175945 
97 22 7 10 0.021743074 
598 61 9 11 0.02168494 
613 286 11 13 0.021572642 
855 219 12 14 0.021564012 
419 88 8 11 0.021550827 
538 45 9 12 0.021545991 
518 140 9 13 0.02154456 
318 45 8 10 0.02153086 
592 46 9 11 0.021526866 
647 29 8 10 0.02151208 
424 132 10 13 0.021466367 
672 76 9 12 0.02145605 
696 39 10 12 0.021433162 
190 47 8 11 0.021412132 
153 131 10 14 0.021396885 
161 69 9 11 0.021385167 
528 22 8 11 0.021384887 
446 0 8 9 0.021317441 
936 142 9 13 0.021300057 
606 148 9 12 0.021280816 
368 101 9 12 0.02127792 
503 78 9 11 0.021261467 
41 54 9 10 0.021259552 
664 365 10 12 0.02125426 
103 101 7 9 0.02121832 
534 0 8 9 0.021208683 
637 51 10 12 0.021149501 
624 151 9 12 0.021133032 
679 583 15 22 0.02112828 
914 95 11 14 0.021086691 
472 15 8 10 0.021081464 
630 5 9 12 0.021066455 
718 158 9 12 0.021060947 
344 88 8 10 0.020955669 
58 21 8 11 0.02094935 
385 55 9 10 0.020941263 
634 202 12 15 0.020915665 
985 5 9 11 0.020900305 
199 39 8 10 0.020889647 
136 8 8 10 0.020885836 
366 62 7 9 0.020881355 
299 63 10 14 0.020872118 
128 59 8 11 0.020824082 
223 100 10 11 0.020823436 
526 134 9 11 0.020805655 
166 70 8 11 0.02078251 
239 77 9 10 0.020729063 
528 79 9 11 0.020673262 
518 128 10 12 0.020664113 
359 1 9 10 0.020630771 
233 87 10 12 0.020583026 
7 8 10 12 0.020582464 
699 197 11 14 0.020565098 
967 106 11 14 0.020513536 
299 356 17 23 0.020496208 
399 7 8 9 0.020441955 
415 125 9 12 0.020401375 
878 233 13 16 0.020340085 
179 112 10 11 0.020310214 
260 4 11 13 0.020309467 
70 87 9 11 0.02028706 
352 55 8 10 0.020272369 
543 212 11 14 0.020265942 
388 134 10 14 0.020252561 
974 278 11 14 0.020201156 
123 75 10 13 0.020188296 
512 127 10 11 0.020168617 
511 80 8 11 0.020151835 
128 244 9 11 0.020150933 
418 109 11 13 0.020114778 
222 94 10 11 0.0200323 
624 95 11 13 0.020004474 
