35_Basketball_Basketball_35_185
34
293 437 58 63 0.998933 
711 468 68 81 0.99369377 
607 719 21 29 0.9850948 
455 639 51 51 0.98296124 
646 714 21 27 0.4232232 
557 746 14 17 0.34135774 
562 761 16 20 0.16020806 
427 732 14 16 0.11327302 
135 683 8 11 0.11160317 
557 751 17 25 0.084728375 
159 686 6 9 0.06809319 
1011 638 12 16 0.056494746 
702 733 13 18 0.056141596 
633 729 15 22 0.0476489 
681 710 9 12 0.041230973 
636 719 16 23 0.040687304 
685 733 11 15 0.03804386 
630 721 14 22 0.03366813 
424 727 22 26 0.032475956 
378 735 8 10 0.029753651 
693 737 12 17 0.028566452 
351 732 8 11 0.02580586 
350 715 9 13 0.023636183 
564 851 11 13 0.02354636 
991 736 10 11 0.023345029 
686 744 13 18 0.023048235 
114 727 7 9 0.022451704 
631 763 15 17 0.021924213 
656 716 14 19 0.021872226 
644 724 16 20 0.021202065 
368 711 7 9 0.020989984 
173 638 8 11 0.020746248 
360 720 7 10 0.02060408 
134 742 7 9 0.020337502 
