35_Basketball_Basketball_35_635
24
544 289 29 38 0.99856734 
619 303 36 41 0.9979073 
282 310 31 36 0.9977064 
813 302 33 39 0.99743015 
421 316 30 39 0.99737537 
598 263 30 40 0.99712604 
458 278 28 33 0.9966246 
485 322 27 36 0.9965835 
753 313 31 41 0.99611866 
510 477 29 34 0.9957496 
447 418 33 41 0.99563867 
370 413 27 33 0.9952513 
698 341 31 37 0.9951131 
359 331 27 35 0.994873 
311 452 27 37 0.99456644 
277 275 27 32 0.9940937 
568 448 32 39 0.99241525 
213 317 23 28 0.9922091 
82 322 12 14 0.04018213 
851 297 12 20 0.026236488 
419 443 18 19 0.02578695 
648 290 11 15 0.025069535 
838 303 24 33 0.021250634 
558 448 23 35 0.020405019 
