35_Basketball_basketballgame_ball_35_50
120
410 206 24 32 0.9926882 
276 167 22 30 0.99208343 
951 272 29 38 0.9910697 
584 127 37 45 0.99038714 
209 278 40 52 0.9846629 
773 331 38 45 0.8051909 
863 102 7 9 0.3932844 
878 93 8 11 0.32827255 
998 108 9 12 0.3003605 
943 104 7 9 0.23443277 
929 118 8 11 0.18616635 
773 68 8 11 0.17150865 
889 117 7 10 0.16666268 
832 55 10 12 0.1464374 
969 104 8 9 0.108236946 
958 121 8 11 0.10137285 
848 85 7 9 0.09895885 
831 79 6 9 0.0988015 
937 97 7 8 0.09551027 
969 119 9 12 0.08898657 
403 190 12 16 0.0886215 
840 101 8 10 0.08554176 
871 112 8 10 0.08489504 
922 96 6 8 0.0807271 
846 81 7 10 0.07921688 
938 102 7 9 0.07921189 
914 118 7 10 0.07671692 
849 54 7 9 0.076549605 
839 97 8 10 0.075568 
929 112 9 11 0.0685 
889 95 7 10 0.06807175 
859 102 7 9 0.06658498 
887 149 8 11 0.062451914 
933 119 8 10 0.06240923 
657 46 7 9 0.062313348 
749 54 8 10 0.061349746 
842 80 7 9 0.059681583 
862 140 8 11 0.055799555 
855 117 7 10 0.05457479 
832 73 7 9 0.054202344 
880 111 8 10 0.053872876 
968 125 9 11 0.050628345 
722 79 7 10 0.049166866 
944 121 7 9 0.046041608 
879 102 8 9 0.045562755 
954 121 7 10 0.044620134 
826 78 8 10 0.044562694 
687 69 8 10 0.043007948 
858 136 8 11 0.04212706 
894 95 7 10 0.04128581 
714 87 7 10 0.041203048 
831 87 7 9 0.04095341 
928 103 7 8 0.04060669 
757 84 9 12 0.04020009 
893 112 8 10 0.039263293 
905 111 7 9 0.038867995 
970 109 7 10 0.03819753 
943 87 8 9 0.038123455 
993 119 9 11 0.03730347 
911 112 8 9 0.036836218 
-20 140 340 499 0.034976173 
895 102 7 10 0.033127435 
660 60 9 12 0.032427683 
824 111 7 9 0.032358915 
849 117 8 11 0.032036856 
893 117 8 10 0.03135516 
880 117 8 10 0.03132587 
770 116 8 10 0.030943397 
926 97 7 8 0.030855494 
785 55 7 9 0.030846052 
1013 109 9 12 0.030060535 
896 79 6 9 0.029747572 
941 97 8 9 0.02877639 
725 77 7 10 0.028433306 
887 134 8 9 0.028416593 
717 86 8 9 0.028190304 
938 165 8 11 0.027553502 
675 54 8 10 0.02750761 
952 110 7 9 0.02714609 
864 118 8 10 0.026420197 
905 78 7 10 0.025792496 
865 110 8 11 0.025394006 
904 104 8 10 0.025321906 
815 126 7 9 0.024722172 
839 72 7 8 0.02390133 
846 102 7 9 0.023890877 
791 112 8 9 0.023782382 
889 102 8 9 0.023737174 
791 119 7 9 0.023276428 
919 119 7 10 0.023072 
783 69 7 9 0.022922294 
973 104 7 10 0.022920856 
858 98 7 8 0.022770347 
849 149 9 12 0.022587541 
888 128 7 9 0.02257133 
842 85 7 10 0.022519149 
1008 110 8 11 0.022362618 
904 94 7 9 0.022323184 
754 80 9 11 0.022316776 
938 141 8 10 0.022179145 
996 114 10 13 0.022165472 
913 94 7 9 0.022120023 
855 112 8 11 0.022055628 
973 126 8 10 0.021921687 
703 72 10 12 0.021879774 
841 41 7 9 0.021823542 
785 64 7 9 0.021625923 
951 105 7 8 0.021618601 
942 158 8 11 0.021609232 
895 87 6 9 0.021602184 
657 54 10 14 0.021344393 
960 103 7 9 0.02133695 
847 49 8 10 0.021287233 
886 144 9 11 0.021181311 
887 48 8 11 0.021074519 
1005 79 10 12 0.021044692 
880 134 8 10 0.021020373 
959 111 7 9 0.020716956 
991 125 9 11 0.020641092 
919 141 7 10 0.020281646 
