35_Basketball_playingbasketball_35_674
62
372 151 62 78 0.9993911 
187 139 43 55 0.9949945 
152 65 33 43 0.99375653 
17 235 32 42 0.9917259 
173 16 29 37 0.98882514 
90 7 31 37 0.98858905 
859 260 32 38 0.98691165 
631 38 45 77 0.9859329 
290 116 29 37 0.9837626 
0 89 25 47 0.98041564 
213 75 27 35 0.9781211 
599 276 33 41 0.9777689 
267 84 30 38 0.95930004 
355 91 27 33 0.9534357 
979 29 37 78 0.94271606 
506 31 23 30 0.9340522 
350 11 24 32 0.9217121 
901 81 22 26 0.8984945 
602 26 22 29 0.8902233 
803 52 22 29 0.8554971 
551 35 25 30 0.84242064 
562 101 28 37 0.836118 
451 19 25 31 0.8350146 
951 251 22 27 0.8333001 
998 248 23 26 0.8166758 
408 18 27 35 0.8132534 
875 170 25 30 0.79592466 
452 47 24 30 0.7305939 
645 267 34 37 0.6551024 
842 135 24 28 0.63227206 
931 85 17 24 0.6073068 
979 126 21 24 0.5972248 
479 108 22 27 0.5897089 
744 51 21 26 0.577317 
801 122 23 27 0.3646844 
819 157 25 35 0.36247793 
784 88 25 31 0.28212973 
269 13 23 28 0.23516235 
486 149 29 34 0.22035842 
974 181 22 27 0.16083722 
579 71 25 32 0.13538584 
623 56 32 48 0.12139722 
965 298 22 28 0.0969755 
913 289 16 26 0.09430042 
164 0 25 22 0.084754705 
533 143 32 40 0.071252756 
274 0 27 26 0.067159995 
456 196 40 50 0.06585815 
977 174 16 20 0.062712446 
877 150 26 30 0.036614656 
260 18 23 30 0.034156263 
444 27 38 50 0.03351212 
260 0 30 31 0.033236798 
1000 314 19 27 0.031915072 
317 133 26 38 0.029718721 
956 293 21 30 0.029039992 
829 144 28 34 0.026645962 
300 91 18 22 0.024838984 
513 167 29 39 0.024159694 
614 67 24 34 0.02290007 
592 120 22 28 0.022304496 
157 0 19 19 0.020331042 
