35_Basketball_playingbasketball_35_65
38
906 353 18 23 0.9762517 
620 387 17 23 0.9731265 
852 414 15 19 0.9678545 
920 375 21 30 0.95726794 
744 376 16 20 0.9497766 
968 403 20 29 0.9441219 
1005 415 16 21 0.9044109 
801 421 15 19 0.9006779 
229 427 20 36 0.8642439 
680 231 10 12 0.742265 
450 344 22 27 0.66718364 
718 413 12 16 0.38796875 
677 267 10 11 0.13460338 
781 428 18 24 0.0978924 
518 233 19 26 0.094201826 
461 342 23 30 0.086581446 
495 348 12 19 0.08010796 
677 450 15 20 0.073876515 
534 313 15 24 0.06735268 
979 456 24 31 0.06603351 
523 239 24 22 0.062113024 
77 498 18 34 0.05383157 
510 305 22 29 0.051804744 
713 464 18 23 0.051260058 
539 32 13 15 0.05055441 
479 343 18 26 0.04833792 
892 387 16 20 0.043598387 
818 487 14 19 0.039753154 
524 308 19 27 0.037407167 
512 232 13 21 0.031953678 
537 234 19 23 0.028726716 
830 490 16 23 0.0286597 
819 455 12 16 0.028486703 
504 310 19 23 0.025612032 
848 271 8 11 0.025226366 
481 39 9 13 0.021330891 
444 357 17 20 0.020440886 
685 280 12 14 0.0201967 
