35_Basketball_Basketball_35_737
22
54 30 68 93 0.9978644 
848 10 88 120 0.9976585 
229 313 27 35 0.9951631 
646 234 57 92 0.9948769 
768 16 87 111 0.9937844 
956 432 18 25 0.9719999 
203 335 27 30 0.9452406 
703 250 51 79 0.9029052 
672 232 64 97 0.31028566 
940 469 19 21 0.29176536 
389 264 8 11 0.103083424 
393 97 9 11 0.070289455 
458 149 12 15 0.043394454 
380 266 10 13 0.036440264 
383 263 11 14 0.03414935 
362 278 10 12 0.030419175 
222 322 27 35 0.02957568 
510 211 18 19 0.027191421 
215 342 18 24 0.023622071 
985 519 10 13 0.023114251 
681 17 91 114 0.021080127 
356 463 46 45 0.020157767 
