35_Basketball_basketballgame_ball_35_446
79
466 326 113 162 0.99876666 
866 847 27 34 0.7050746 
790 937 23 27 0.70436686 
883 809 20 26 0.6165264 
317 809 21 26 0.5847767 
862 778 17 23 0.54523486 
762 828 16 22 0.52787596 
829 741 19 24 0.5253179 
234 849 18 24 0.51231575 
822 994 24 30 0.47107595 
926 760 22 29 0.46723908 
730 990 21 28 0.447397 
730 871 19 24 0.43012905 
254 803 20 25 0.41454756 
808 812 22 30 0.3500415 
861 897 27 32 0.34119406 
763 741 17 21 0.32755697 
716 953 24 29 0.32355744 
717 775 17 23 0.31911737 
867 652 18 25 0.30551234 
695 729 20 26 0.30120084 
807 867 16 19 0.2989983 
635 813 18 22 0.28583688 
291 853 25 34 0.20574427 
644 910 21 26 0.20174946 
899 987 29 37 0.18364346 
736 701 22 29 0.17547503 
780 781 14 18 0.14844002 
721 823 16 20 0.13547799 
885 951 21 26 0.12044657 
858 695 16 22 0.1166157 
713 849 17 19 0.10422227 
926 918 21 26 0.10388824 
340 769 27 34 0.10256115 
693 899 23 27 0.098482765 
751 650 21 26 0.08471098 
755 896 22 26 0.083911754 
906 740 17 21 0.08070154 
277 770 23 27 0.07775193 
689 866 18 22 0.06544973 
344 741 13 17 0.059480295 
780 906 18 23 0.059300173 
659 779 15 17 0.055504065 
742 737 17 19 0.05526241 
796 895 26 31 0.05496562 
337 785 25 28 0.04817808 
300 863 25 31 0.043507718 
661 843 22 26 0.04102706 
908 947 23 28 0.03898988 
817 779 23 27 0.034620665 
913 764 23 30 0.03401911 
227 776 24 28 0.03378511 
289 901 19 25 0.033443246 
796 971 22 30 0.033260662 
754 733 22 26 0.0323776 
880 937 26 32 0.03170172 
334 850 30 34 0.030679474 
215 905 16 20 0.030300738 
904 769 18 24 0.030232882 
213 817 18 23 0.028191984 
233 732 22 27 0.025697675 
877 850 27 34 0.025320146 
716 854 22 30 0.024646388 
815 840 23 27 0.024374068 
869 834 25 31 0.024227392 
229 742 18 21 0.024084868 
211 760 19 22 0.023996172 
251 761 18 20 0.023635603 
897 839 18 23 0.023226034 
697 1029 21 24 0.022945367 
242 766 24 30 0.022500178 
362 848 23 29 0.022289917 
718 754 15 18 0.022022862 
304 739 16 19 0.021695942 
690 779 17 20 0.021123277 
328 798 24 27 0.020712413 
275 1090 26 34 0.020706082 
800 874 25 31 0.020498032 
912 911 22 28 0.02042058 
