8_Election_Campain_Election_Campaign_8_118
101
291 165 55 69 0.9992193 
716 372 108 136 0.99903667 
407 208 72 87 0.9987947 
212 189 46 54 0.9987331 
893 330 54 71 0.9978143 
531 168 36 46 0.9969518 
650 202 36 43 0.9968905 
361 175 47 62 0.99569976 
532 289 70 107 0.98691666 
142 193 46 61 0.9780784 
994 239 28 35 0.9779823 
170 211 40 55 0.97669697 
698 245 79 107 0.97451526 
959 272 40 47 0.9699922 
213 280 34 51 0.935844 
42 190 30 50 0.9294338 
637 195 15 26 0.78439623 
883 250 26 39 0.7195068 
891 231 20 27 0.6930591 
983 202 12 15 0.6672777 
959 227 17 18 0.5124573 
830 238 30 57 0.4756294 
912 249 21 33 0.42186263 
903 200 9 11 0.40810093 
586 165 9 12 0.39204484 
924 495 99 179 0.36374778 
597 197 13 17 0.31384647 
197 196 40 51 0.29682064 
109 240 26 36 0.26945147 
723 198 14 17 0.21619825 
952 199 11 12 0.1957953 
823 184 9 11 0.18881437 
805 186 10 13 0.18115187 
929 196 9 12 0.17564104 
769 183 9 11 0.15967137 
58 243 17 24 0.15548822 
773 187 11 13 0.15184021 
712 187 10 13 0.15008867 
124 195 43 57 0.13973966 
860 187 11 14 0.13924244 
104 197 37 50 0.13479446 
822 229 26 54 0.12737684 
641 199 29 35 0.11315308 
949 241 28 37 0.101265594 
896 197 9 12 0.10000952 
888 195 9 12 0.08153554 
817 222 23 43 0.07526232 
388 211 31 47 0.07366806 
728 173 9 11 0.07203879 
374 200 37 51 0.0709407 
951 229 24 28 0.068111174 
736 182 9 11 0.06639408 
798 164 8 11 0.063584566 
905 263 38 51 0.06299431 
732 175 9 11 0.059212614 
921 191 8 10 0.058650956 
964 369 51 73 0.058605373 
627 166 11 13 0.056306794 
809 217 22 31 0.054693066 
978 198 11 15 0.053490005 
720 169 9 10 0.052995916 
955 201 12 14 0.052474536 
943 185 11 15 0.048888166 
911 245 13 21 0.047752783 
970 292 44 62 0.04582608 
2 553 25 31 0.04341409 
932 192 9 12 0.04090799 
811 215 15 19 0.040151354 
949 228 16 17 0.03989667 
725 169 10 11 0.039755948 
960 191 10 12 0.0395365 
891 242 22 35 0.03743967 
858 182 11 14 0.037069254 
839 176 9 11 0.036690038 
813 172 9 11 0.03548366 
597 149 10 12 0.035275437 
56 188 28 46 0.034835182 
845 181 8 10 0.034798793 
638 158 11 14 0.032221373 
972 320 49 64 0.03102801 
624 159 12 14 0.03024752 
101 249 26 33 0.030192379 
921 196 9 12 0.028648952 
897 258 15 22 0.028435182 
985 207 15 18 0.028366188 
892 248 37 50 0.028207038 
7 186 41 68 0.02809983 
100 241 20 28 0.02806783 
505 203 10 13 0.027551698 
876 231 32 44 0.027177349 
988 275 33 41 0.027160682 
91 244 18 24 0.026472509 
880 190 10 13 0.026094366 
808 168 10 12 0.025305195 
941 249 25 34 0.025205623 
766 213 15 17 0.024517588 
598 199 21 30 0.023255596 
907 198 10 12 0.023151804 
589 234 16 21 0.022580726 
919 259 19 26 0.020864675 
399 209 38 53 0.020319153 
