8_Election_Campain_Election_Campaign_8_76
27
684 289 32 41 0.9986791 
712 310 30 39 0.99830246 
514 247 35 46 0.9977562 
151 304 39 43 0.99735224 
343 295 36 45 0.9967976 
614 272 32 43 0.996382 
357 229 32 37 0.996342 
780 286 35 44 0.9952944 
70 308 37 46 0.99517363 
642 230 31 40 0.99408096 
445 228 34 42 0.9934923 
413 280 35 43 0.99189246 
554 256 30 41 0.991271 
842 273 40 50 0.99120307 
710 229 27 36 0.9910108 
19 288 42 51 0.9897856 
255 282 38 50 0.9832254 
297 221 30 38 0.97996026 
391 235 25 34 0.9731919 
580 244 26 33 0.8888402 
192 299 26 44 0.87367857 
603 218 27 35 0.53303885 
205 235 25 31 0.507102 
267 268 32 41 0.4694663 
530 249 35 49 0.093100555 
696 299 31 35 0.05193203 
719 292 27 32 0.036603898 
