8_Election_Campain_Election_Campaign_8_437
80
649 53 24 29 0.9880019 
476 253 23 29 0.98683584 
729 49 26 31 0.98502076 
581 255 23 28 0.98334736 
437 63 23 28 0.9822029 
364 64 23 28 0.9816637 
754 144 15 20 0.9773252 
570 53 24 29 0.9767884 
681 259 25 28 0.97623765 
587 147 14 20 0.9721834 
696 144 17 21 0.9657051 
641 146 15 20 0.9594052 
368 254 22 27 0.9589339 
150 161 15 19 0.951973 
150 64 15 18 0.9499809 
521 34 15 20 0.9452526 
250 265 22 26 0.94480276 
282 61 15 18 0.9313505 
259 165 20 24 0.9263634 
131 262 20 26 0.92106694 
26 157 15 19 0.89603156 
525 375 48 49 0.89019495 
215 162 15 18 0.8850166 
623 62 12 15 0.86759603 
23 70 14 18 0.84677136 
215 62 15 18 0.84374934 
89 67 14 17 0.79985255 
89 160 14 17 0.7768035 
412 73 13 17 0.75578165 
703 61 13 17 0.65735114 
448 307 37 64 0.6503123 
303 173 12 16 0.5670926 
784 61 13 16 0.5044338 
125 55 12 18 0.4959959 
524 262 12 17 0.42950556 
733 271 12 14 0.35942572 
190 54 11 15 0.30303478 
64 150 12 16 0.26224726 
188 152 12 17 0.23816545 
258 53 11 15 0.2163148 
127 151 11 16 0.19126637 
172 271 11 13 0.18158257 
630 267 13 16 0.15921341 
295 275 11 15 0.1459723 
769 161 12 15 0.100022614 
593 342 44 55 0.06900586 
536 49 12 14 0.068690166 
711 157 12 16 0.06856295 
602 162 11 14 0.06443798 
64 59 11 15 0.058663573 
249 201 13 19 0.054582145 
131 154 12 16 0.053382915 
77 142 14 17 0.048649944 
131 59 12 16 0.04497838 
203 142 15 19 0.040214155 
271 43 13 17 0.039948948 
3 149 11 16 0.039270207 
139 46 14 18 0.03879919 
0 61 9 16 0.03794913 
14 138 14 18 0.03711967 
132 52 13 17 0.03572128 
411 272 18 20 0.034437574 
412 59 13 17 0.033240397 
598 155 11 16 0.03315827 
654 154 13 18 0.032993212 
198 147 13 16 0.03245932 
1 216 44 68 0.031141303 
124 168 14 19 0.028107986 
490 51 11 15 0.028092332 
591 25 18 23 0.027253786 
274 137 16 22 0.026907606 
205 45 12 16 0.026059443 
482 17 19 22 0.025756156 
138 142 14 18 0.025253434 
382 39 16 21 0.024897031 
695 4 22 27 0.023949763 
487 44 13 16 0.020969983 
352 147 23 31 0.020433258 
123 148 18 25 0.020352641 
732 267 19 26 0.020325096 
