8_Election_Campain_Election_Campaign_8_157
93
164 421 34 46 0.998872 
218 455 22 29 0.97646743 
269 440 21 26 0.969451 
0 469 20 36 0.964581 
328 462 20 33 0.94680834 
804 460 14 17 0.81027794 
821 451 12 17 0.751455 
444 458 19 29 0.6600656 
725 414 18 23 0.4767651 
1005 343 15 20 0.40661693 
610 461 15 22 0.36733875 
334 434 12 16 0.27481812 
645 443 12 15 0.18500835 
653 441 11 18 0.1701956 
583 454 13 17 0.13481921 
864 454 10 13 0.12715003 
593 439 10 13 0.114850804 
921 448 7 10 0.10892646 
872 447 11 15 0.102564335 
667 444 12 18 0.09398042 
407 456 15 21 0.09324986 
631 428 9 12 0.08864552 
537 447 9 13 0.08836634 
867 459 11 14 0.07676275 
663 437 11 18 0.07652235 
905 454 10 12 0.07418668 
904 441 8 10 0.07177965 
561 462 11 13 0.068810284 
1005 445 9 12 0.067248285 
909 452 9 12 0.06602527 
586 548 18 20 0.063634254 
0 183 7 13 0.063013084 
654 326 12 16 0.06275807 
856 436 9 11 0.06266296 
937 447 10 12 0.061947007 
1002 341 12 17 0.05688458 
984 448 8 10 0.053433347 
575 446 10 13 0.05258804 
826 453 11 13 0.05218996 
848 447 9 12 0.04647555 
876 348 11 12 0.04624055 
564 479 14 18 0.045206632 
888 447 8 10 0.042802576 
960 448 8 9 0.04256075 
615 437 13 18 0.04234118 
758 376 10 12 0.042292517 
649 330 12 15 0.04149826 
921 271 11 13 0.04124403 
613 470 14 21 0.040737875 
453 457 18 31 0.040732834 
813 407 10 14 0.040687323 
664 492 12 16 0.03999402 
849 320 9 13 0.03974005 
875 341 12 14 0.03942968 
649 304 9 11 0.03817793 
952 389 8 9 0.037277125 
881 318 7 10 0.036373645 
1001 333 11 16 0.03616882 
460 415 9 12 0.033475935 
926 446 7 10 0.033204406 
953 455 8 9 0.03238091 
467 397 11 12 0.03212939 
799 454 15 18 0.03203806 
848 461 10 14 0.031403024 
834 438 10 12 0.031001974 
853 461 10 14 0.030483602 
15 206 7 9 0.029469224 
849 467 9 13 0.02944575 
905 444 10 12 0.029221531 
636 422 9 13 0.02867662 
540 463 11 15 0.02793484 
973 333 9 12 0.027464494 
400 456 13 20 0.027207091 
943 463 8 10 0.026806697 
799 301 10 12 0.026480373 
559 478 11 16 0.025935646 
373 457 16 23 0.025111152 
687 453 12 16 0.024722315 
808 319 9 12 0.023828417 
576 451 12 14 0.023707643 
794 490 13 15 0.02339709 
870 334 13 16 0.023380905 
839 446 8 12 0.023327293 
577 458 12 16 0.023289287 
943 453 8 10 0.022255309 
604 471 17 21 0.022007747 
948 255 9 11 0.021901712 
886 341 10 12 0.021815507 
943 440 7 10 0.021114057 
894 401 8 10 0.021062735 
414 453 17 26 0.020545457 
896 246 9 12 0.020174915 
581 462 15 21 0.020131884 
