8_Election_Campain_Election_Campaign_8_32
24
468 281 26 32 0.9975999 
109 239 27 35 0.99702126 
222 261 27 35 0.9963258 
663 274 25 33 0.99600285 
871 287 27 33 0.99534935 
617 292 22 30 0.9949463 
951 272 26 34 0.9944013 
364 286 23 31 0.9925645 
561 304 22 29 0.99249434 
722 277 23 28 0.9922978 
913 261 32 40 0.9922857 
322 291 23 30 0.9911193 
33 261 25 33 0.9900912 
792 290 25 32 0.98061335 
957 253 22 28 0.7587235 
988 254 20 25 0.34591857 
838 376 10 12 0.061146215 
883 515 12 14 0.05469456 
699 279 23 30 0.048292946 
861 382 12 14 0.04802167 
935 266 25 35 0.023814494 
815 523 11 13 0.02380498 
844 454 10 13 0.022787606 
812 387 12 14 0.020009335 
