8_Election_Campain_Election_Campaign_8_452
19
423 387 53 69 0.9980982 
783 318 91 106 0.99799466 
641 297 75 74 0.9963491 
972 392 45 72 0.99432087 
365 402 40 59 0.97967666 
75 446 44 50 0.976694 
150 447 41 49 0.9481923 
241 415 38 51 0.7263102 
591 358 50 66 0.18024799 
720 351 37 49 0.13602981 
-1 413 23 46 0.07906869 
19 425 25 32 0.07565004 
316 393 42 56 0.041729335 
749 369 12 17 0.039677955 
525 377 41 54 0.036458943 
65 447 28 36 0.034511104 
64 494 28 33 0.0232439 
1 425 35 54 0.021983698 
9 489 35 40 0.02142258 
