8_Election_Campain_Election_Campaign_8_252
221
294 441 52 69 0.9977379 
141 450 83 101 0.9946425 
922 310 28 35 0.9940673 
492 380 26 31 0.99135584 
413 392 24 33 0.9884227 
854 301 14 18 0.9816835 
365 390 26 29 0.9750509 
107 421 16 19 0.9713047 
876 311 16 20 0.96094656 
825 347 19 33 0.9591942 
986 287 23 27 0.9581497 
790 337 16 17 0.9504738 
886 332 18 24 0.94222146 
895 297 17 19 0.9329765 
86 452 19 26 0.88320243 
670 349 15 19 0.8825761 
843 326 22 26 0.8238854 
755 335 12 16 0.8116944 
607 364 15 17 0.806045 
651 363 14 19 0.72311383 
951 314 16 22 0.63804513 
58 476 20 33 0.5190833 
713 294 16 20 0.49648878 
300 389 12 14 0.44670367 
262 388 9 12 0.44642 
725 354 16 19 0.43262002 
647 348 14 16 0.3668125 
76 424 15 22 0.2807004 
632 341 12 16 0.27717656 
40 424 10 13 0.27404398 
670 401 16 21 0.25522178 
713 378 15 22 0.23556279 
868 290 12 16 0.21784149 
670 372 16 20 0.21099272 
654 300 9 12 0.20653014 
574 354 13 18 0.18744433 
375 361 14 19 0.17865573 
242 459 29 38 0.17110036 
706 353 13 16 0.16424839 
274 373 8 11 0.16338596 
237 391 9 10 0.15933672 
662 321 10 12 0.14493944 
912 302 10 13 0.1440395 
735 466 42 32 0.13550036 
304 371 12 15 0.12347599 
748 310 12 15 0.11485094 
579 400 20 33 0.1095785 
837 274 12 16 0.10797729 
285 391 10 13 0.10451463 
687 363 13 20 0.10239458 
738 335 11 13 0.10055232 
207 397 8 11 0.09560837 
493 337 15 17 0.09331495 
581 419 15 25 0.091012195 
653 343 12 15 0.09098113 
294 408 10 13 0.09051566 
816 316 11 14 0.08872476 
728 311 10 13 0.088052675 
661 337 10 12 0.08783455 
308 413 13 16 0.085421965 
293 375 9 11 0.08454891 
224 382 7 8 0.08318571 
307 382 13 16 0.082519874 
245 399 7 10 0.08225395 
489 329 25 29 0.08205622 
772 315 10 13 0.07924599 
161 396 7 10 0.07773311 
784 403 22 37 0.0774671 
967 306 10 14 0.07626402 
268 389 9 12 0.075102374 
281 388 9 12 0.073298186 
208 393 7 9 0.072177336 
534 34 14 17 0.071452975 
691 359 11 15 0.06968406 
980 297 15 18 0.06929971 
683 335 11 13 0.068946525 
976 299 12 16 0.06863655 
829 232 10 12 0.06809369 
296 395 11 12 0.06787638 
832 333 26 32 0.0668167 
954 260 10 13 0.066532806 
526 338 11 15 0.065500915 
938 286 12 13 0.065332845 
825 300 10 13 0.06417954 
746 299 12 15 0.06369086 
655 320 10 12 0.0632972 
637 346 11 15 0.06293158 
297 381 10 12 0.062292594 
659 367 18 23 0.061818838 
192 398 8 11 0.061450824 
646 354 14 18 0.06003023 
1007 274 14 19 0.057855867 
519 339 11 17 0.05749116 
676 363 15 20 0.055978924 
631 410 14 20 0.055738155 
836 244 12 14 0.055234317 
569 24 9 11 0.053090148 
806 326 12 15 0.052920535 
919 363 24 32 0.052617744 
0 423 10 13 0.0522683 
646 333 8 10 0.052197933 
12 283 10 13 0.05181598 
358 428 24 34 0.05172095 
829 296 9 12 0.04986446 
177 404 11 13 0.048900608 
269 397 9 10 0.04882309 
735 338 14 17 0.04564215 
848 244 12 15 0.04461271 
1007 326 15 23 0.0442161 
98 413 9 13 0.043782003 
532 339 10 13 0.043508004 
215 374 7 9 0.04349709 
740 346 14 17 0.04146703 
78 414 12 15 0.040814605 
202 416 9 11 0.040188424 
663 349 14 16 0.039283227 
622 358 11 13 0.03853265 
1 459 9 16 0.03853036 
730 457 32 31 0.03853007 
278 368 8 11 0.037749756 
669 359 17 24 0.03709537 
577 358 15 19 0.036687344 
2 427 12 16 0.03646937 
764 331 11 15 0.036444113 
368 361 13 17 0.03617635 
225 377 7 9 0.035562236 
662 302 8 9 0.035136186 
232 376 7 10 0.03452492 
117 403 9 13 0.034370646 
200 399 8 10 0.034069575 
237 383 8 11 0.03400755 
47 444 10 15 0.033768903 
807 317 12 15 0.033578824 
767 326 10 13 0.033407267 
640 335 9 13 0.03285756 
33 422 10 14 0.032723095 
564 363 15 17 0.03263098 
487 332 16 19 0.032399703 
940 291 11 14 0.03233814 
368 347 11 14 0.03186656 
868 331 13 18 0.031785276 
520 481 25 50 0.031637125 
501 327 25 31 0.031244319 
558 367 13 15 0.0310046 
664 297 8 10 0.030987281 
1008 270 10 14 0.030348098 
509 333 13 18 0.030181848 
265 396 9 11 0.0299631 
447 342 9 11 0.029936725 
82 422 12 17 0.029591257 
719 359 15 18 0.029568568 
668 380 16 20 0.02938867 
136 406 10 12 0.029231118 
279 385 8 11 0.028820425 
590 23 9 11 0.028747957 
838 310 12 15 0.028661534 
789 360 14 17 0.028581686 
348 387 12 18 0.028339578 
200 360 8 8 0.027966062 
63 436 11 16 0.027854048 
232 382 8 10 0.027496897 
308 406 23 27 0.027478645 
782 298 13 15 0.027435005 
135 426 13 15 0.027242603 
181 400 11 13 0.026996898 
298 378 20 23 0.026947478 
248 446 40 54 0.026551148 
524 1 14 11 0.026051676 
610 365 19 25 0.025955286 
56 412 10 14 0.02586924 
813 324 14 16 0.025836539 
821 308 12 18 0.025809957 
717 338 12 16 0.02565338 
581 45 10 12 0.025263773 
165 391 8 10 0.025249863 
640 368 12 17 0.024952803 
717 305 13 15 0.024861032 
237 376 8 10 0.024828631 
513 332 21 27 0.024312356 
622 480 26 38 0.0242791 
542 351 10 13 0.024266373 
647 328 9 11 0.024216251 
269 384 10 13 0.024101127 
799 325 11 14 0.023828315 
788 300 11 14 0.023816697 
640 355 11 14 0.02377186 
843 273 11 15 0.02367494 
712 321 12 16 0.023674654 
549 96 10 13 0.0235645 
819 322 14 17 0.02306193 
650 317 9 12 0.02303123 
686 348 12 16 0.022711353 
831 254 9 12 0.022598803 
688 318 9 12 0.022444002 
724 299 11 16 0.022428116 
816 353 22 31 0.022148138 
899 315 13 16 0.022124829 
428 396 23 30 0.022059219 
38 430 14 20 0.022020046 
729 361 17 19 0.021941839 
972 304 13 17 0.021785792 
831 459 10 14 0.021561354 
189 390 9 10 0.021538967 
124 503 14 19 0.021381868 
958 301 11 16 0.02128571 
82 430 14 20 0.021225072 
258 385 9 11 0.02117147 
571 351 11 14 0.021154735 
910 295 12 14 0.02088872 
224 404 10 12 0.02088317 
657 335 9 11 0.020880803 
579 373 14 17 0.020574398 
536 363 10 14 0.02056386 
1001 279 19 27 0.020556262 
453 393 15 20 0.020462546 
718 347 19 24 0.020263162 
217 383 7 9 0.02023747 
653 308 9 12 0.020103456 
600 369 12 16 0.020102011 
230 399 9 11 0.02005945 
127 393 7 9 0.020046657 
