8_Election_Campain_Election_Campaign_8_174
478
267 453 31 39 0.9990268 
737 483 63 71 0.9986999 
898 506 57 71 0.9986193 
9 479 45 59 0.99818027 
584 459 39 43 0.99816895 
129 415 33 41 0.99758863 
206 433 35 41 0.9975706 
166 523 73 83 0.9971232 
740 444 35 36 0.99595416 
819 579 86 102 0.995606 
502 347 32 37 0.995572 
167 455 34 40 0.9953849 
929 420 31 39 0.9952834 
655 420 25 29 0.99524033 
164 606 93 73 0.99459946 
951 467 42 48 0.9944946 
310 440 31 35 0.994087 
453 447 41 46 0.9939418 
71 471 42 52 0.9930675 
200 478 36 44 0.99289954 
256 421 31 31 0.9927961 
167 423 30 37 0.9927313 
621 505 41 50 0.9924015 
297 485 45 55 0.9920534 
579 413 32 34 0.9912816 
385 541 71 84 0.9894366 
424 504 49 58 0.98687357 
877 461 40 48 0.98525804 
610 417 22 29 0.98474044 
823 440 32 40 0.9838202 
90 393 23 28 0.98305756 
434 447 26 37 0.98294675 
34 384 22 30 0.9826386 
421 426 30 34 0.9764715 
669 599 67 67 0.97519976 
849 386 20 24 0.9729925 
770 379 19 23 0.9729081 
953 418 27 36 0.9717791 
306 416 24 27 0.96532404 
334 378 14 16 0.9608129 
321 476 35 44 0.95861226 
434 383 18 21 0.9568973 
755 372 15 21 0.95461506 
981 406 21 27 0.95432246 
692 399 19 22 0.94476295 
990 334 11 14 0.94331276 
933 336 21 25 0.9370402 
888 390 18 25 0.93480843 
853 307 12 15 0.92558384 
43 447 35 40 0.92080337 
212 404 22 25 0.91874593 
436 621 75 61 0.91873246 
654 396 23 27 0.90583295 
52 408 21 24 0.90213686 
729 398 16 21 0.8942316 
116 343 13 16 0.8942009 
183 350 9 11 0.8925868 
492 330 13 17 0.892482 
344 393 14 18 0.8826781 
796 397 19 22 0.85515136 
173 374 12 15 0.84268737 
805 413 19 24 0.8409361 
49 424 26 30 0.82143456 
643 382 16 18 0.80777925 
578 342 11 14 0.78266364 
164 348 9 12 0.772818 
129 374 11 14 0.7599728 
932 398 22 24 0.7495772 
626 379 14 17 0.7300683 
1001 438 22 33 0.7259461 
241 400 16 22 0.72119766 
614 359 12 15 0.70835453 
971 338 10 14 0.6956586 
427 437 29 35 0.6928134 
95 359 10 13 0.68889827 
640 339 10 15 0.676413 
541 374 16 19 0.6728493 
721 436 22 28 0.65400195 
150 390 16 21 0.6338273 
396 398 18 23 0.58646554 
558 359 9 13 0.5789743 
281 372 11 14 0.5772867 
1011 363 13 20 0.5768129 
895 340 10 12 0.57421947 
727 342 9 12 0.5686425 
787 462 25 32 0.5648433 
677 384 14 15 0.5414685 
0 372 11 17 0.5349562 
761 412 20 21 0.5202009 
408 374 11 13 0.48778167 
289 400 17 22 0.47489148 
290 426 17 24 0.46159166 
188 367 9 12 0.46058336 
476 371 11 15 0.448298 
177 402 16 18 0.44655615 
578 376 14 18 0.44399345 
831 373 13 16 0.44331565 
296 420 22 28 0.4420432 
704 373 10 12 0.43654135 
873 378 16 22 0.41324556 
1004 397 14 17 0.41114736 
441 418 25 31 0.39872906 
304 341 7 9 0.39342684 
290 356 9 11 0.38693947 
569 357 11 14 0.37741035 
377 377 16 20 0.37533733 
482 589 65 66 0.36845624 
361 379 12 17 0.36582804 
273 360 8 11 0.35780367 
919 320 9 11 0.35385686 
625 345 8 11 0.34976113 
257 366 10 12 0.34947208 
297 379 12 15 0.34945902 
800 375 11 13 0.32570156 
495 381 12 15 0.32372028 
915 392 14 20 0.3052273 
311 376 10 12 0.30417246 
228 382 13 16 0.30280623 
664 336 10 13 0.30280197 
725 372 11 13 0.29661205 
86 373 15 16 0.28880268 
88 449 25 28 0.28429067 
388 404 24 28 0.28054094 
597 380 10 13 0.2743725 
245 419 20 28 0.26626557 
374 324 8 11 0.2584558 
220 371 9 12 0.2559564 
154 335 7 10 0.25399193 
443 437 37 46 0.25347877 
455 381 15 18 0.24539907 
822 380 13 15 0.2419908 
440 346 10 14 0.23957685 
52 348 10 12 0.22511719 
981 292 9 11 0.22346273 
676 363 11 14 0.22195256 
91 375 16 18 0.21950936 
225 341 9 10 0.21071772 
485 360 11 12 0.20961966 
671 359 11 14 0.2026159 
377 414 31 40 0.19174401 
391 327 8 10 0.19086133 
963 415 26 31 0.18544945 
318 349 8 10 0.18146005 
877 375 12 15 0.17441268 
920 302 7 9 0.17337841 
301 375 9 13 0.17311913 
422 383 12 16 0.16583145 
160 373 9 12 0.1542294 
255 383 12 14 0.15379608 
192 333 7 9 0.15336065 
593 365 10 12 0.15160888 
159 366 9 12 0.15152593 
649 378 17 19 0.15055242 
742 364 10 13 0.1499913 
352 371 8 11 0.14547007 
321 345 7 9 0.14529747 
469 309 8 11 0.1399382 
943 298 7 9 0.13635044 
229 358 8 9 0.1344654 
685 327 8 10 0.13157514 
834 401 16 18 0.12587775 
181 370 11 15 0.12155496 
790 374 11 14 0.12058752 
669 462 20 30 0.116454855 
756 432 28 36 0.11396947 
315 329 7 9 0.11369835 
902 300 9 11 0.11013087 
467 348 13 16 0.10932395 
455 374 14 16 0.10874157 
718 380 14 16 0.108379036 
870 373 14 17 0.107447304 
685 446 19 23 0.107183 
637 364 10 13 0.106550425 
144 381 11 13 0.10563236 
755 394 13 16 0.10507666 
413 478 16 21 0.10021672 
357 330 7 8 0.0988949 
448 414 17 20 0.09885038 
165 553 86 96 0.098349914 
480 358 10 12 0.09765496 
430 367 11 12 0.09482426 
688 359 8 11 0.09481661 
200 373 9 12 0.09480427 
37 366 12 14 0.09472483 
262 358 8 10 0.09369496 
919 344 10 13 0.09328983 
452 421 25 31 0.093243696 
150 381 11 14 0.09099405 
61 447 28 33 0.09088602 
442 327 8 10 0.08973261 
277 366 11 14 0.08898846 
936 297 8 11 0.08887132 
658 377 14 16 0.08847596 
294 384 14 18 0.087951094 
326 365 9 10 0.08645871 
186 401 15 18 0.0848846 
880 387 18 26 0.08424705 
0 394 10 16 0.084195495 
312 452 34 41 0.084167965 
409 324 8 10 0.08339125 
40 333 7 9 0.08320078 
121 398 18 23 0.081837505 
474 510 39 57 0.08111446 
682 381 13 16 0.08010254 
255 352 7 8 0.079885 
130 394 17 20 0.07897658 
993 295 9 10 0.07840383 
104 343 8 11 0.07826959 
896 463 34 40 0.078170374 
905 311 9 12 0.07721832 
832 369 10 12 0.07660224 
354 329 7 9 0.076372385 
22 351 9 12 0.07624456 
151 419 30 36 0.07584496 
611 397 17 18 0.07581965 
12 372 11 14 0.075795956 
591 379 12 15 0.07450852 
496 619 66 60 0.07413715 
142 387 14 19 0.07226682 
1000 388 14 17 0.071876235 
206 382 11 13 0.071225405 
740 371 10 14 0.070671976 
195 398 13 16 0.069695115 
928 300 8 11 0.06876601 
734 371 11 14 0.068457134 
628 348 9 11 0.067741625 
866 366 12 14 0.066468135 
657 320 8 10 0.06594098 
769 313 7 9 0.06549148 
237 373 10 12 0.06401323 
961 301 8 9 0.06318488 
890 340 9 11 0.06288857 
238 368 9 10 0.061604705 
315 380 10 13 0.061356362 
563 432 16 25 0.061317954 
74 336 7 9 0.06082527 
239 335 6 8 0.0605263 
323 402 15 17 0.060062107 
280 399 20 25 0.059660226 
99 375 12 14 0.05944363 
336 341 7 9 0.059138816 
257 336 7 9 0.05870023 
968 297 7 9 0.05846594 
900 336 10 13 0.057296705 
827 380 15 19 0.056766227 
567 341 8 11 0.056439713 
1014 300 8 12 0.056212105 
69 392 17 20 0.055846743 
759 313 7 10 0.05569172 
157 499 39 45 0.05555331 
206 374 9 12 0.055319346 
753 313 7 10 0.055010725 
104 334 8 11 0.05497716 
633 360 9 11 0.05493481 
897 301 9 10 0.054699417 
535 373 14 17 0.054161314 
156 380 11 14 0.053918175 
44 364 12 14 0.053841636 
38 313 8 10 0.05295883 
865 450 40 49 0.052765552 
589 372 13 16 0.052730545 
453 335 8 11 0.051921446 
568 383 10 13 0.051821254 
800 464 17 22 0.051756535 
997 297 8 11 0.051300745 
305 358 8 10 0.04963538 
718 367 10 12 0.04950542 
608 374 10 13 0.04912234 
478 492 30 51 0.04884138 
412 378 12 16 0.0487809 
989 401 21 26 0.048163686 
996 380 13 17 0.04747706 
168 377 13 16 0.0474147 
29 356 10 11 0.047292843 
903 315 10 12 0.047018815 
174 308 8 10 0.046409268 
292 352 9 12 0.046090297 
248 403 16 19 0.04548106 
233 334 7 10 0.045463923 
306 425 28 33 0.045428738 
709 444 12 18 0.04507781 
731 389 16 18 0.04500264 
527 318 8 11 0.044681627 
776 312 8 11 0.044438176 
550 362 12 15 0.04441546 
991 377 14 17 0.044349488 
817 381 12 15 0.04414403 
383 341 8 10 0.043827042 
399 340 8 11 0.04370052 
453 340 9 11 0.043667592 
925 394 19 24 0.043657094 
4 421 14 21 0.043052793 
250 351 7 9 0.042968787 
665 356 12 14 0.042242024 
213 389 11 14 0.04205608 
168 388 11 13 0.041727465 
440 332 8 11 0.041672453 
393 350 9 11 0.041502353 
475 332 11 14 0.04096225 
496 359 28 32 0.040832028 
744 313 8 10 0.040270455 
243 406 22 28 0.039695658 
201 344 7 9 0.039488703 
34 333 7 9 0.039219722 
693 379 11 14 0.03908545 
709 379 13 15 0.038965102 
232 375 11 13 0.038928375 
782 312 7 10 0.038467657 
400 366 9 11 0.038299855 
470 378 11 15 0.038278043 
402 394 20 24 0.038154747 
676 392 14 18 0.037992034 
756 403 17 20 0.037816975 
871 388 14 21 0.037694953 
630 304 8 11 0.03717568 
542 366 13 16 0.037083417 
560 354 8 10 0.03685331 
46 333 7 9 0.036661018 
247 358 8 11 0.036601994 
73 340 8 11 0.036013603 
257 358 10 13 0.035889752 
314 351 8 10 0.03588588 
214 334 7 9 0.035803646 
135 397 26 31 0.035654522 
271 326 7 9 0.035477128 
151 340 8 11 0.035341006 
841 443 32 40 0.035321403 
64 342 8 10 0.035209358 
671 385 16 18 0.034904953 
235 380 12 15 0.03472884 
188 389 13 14 0.034569662 
402 372 10 13 0.03410953 
411 523 61 71 0.03400782 
80 372 13 16 0.03376747 
46 328 8 10 0.033375982 
414 385 14 17 0.03326313 
345 353 8 10 0.032841343 
543 359 11 14 0.032364454 
445 343 10 13 0.032299764 
31 366 13 15 0.032258134 
976 302 7 9 0.032172017 
213 397 16 20 0.0320873 
214 360 9 11 0.031961717 
631 261 7 10 0.03189329 
661 320 8 9 0.031750977 
210 335 7 8 0.031744543 
319 332 7 10 0.031702943 
448 356 11 12 0.03157957 
336 352 8 10 0.03142394 
330 401 14 17 0.031421997 
978 289 9 11 0.031318355 
150 376 9 12 0.031194229 
725 385 15 19 0.030722894 
453 358 9 11 0.030571287 
939 405 24 33 0.030394183 
383 402 15 19 0.030294362 
262 336 7 10 0.030085113 
763 463 49 62 0.029868089 
285 368 10 13 0.029858239 
5 366 13 16 0.029846873 
208 366 9 11 0.029804777 
453 350 8 12 0.029719062 
427 407 16 18 0.029680876 
416 345 7 9 0.029625315 
343 356 7 11 0.02943254 
719 318 8 10 0.029349769 
376 262 6 9 0.029151894 
95 353 10 13 0.02907343 
855 456 31 39 0.028848268 
998 404 22 28 0.028773176 
189 383 10 12 0.028716518 
327 341 7 10 0.028575154 
597 361 10 11 0.028406078 
79 341 8 11 0.028204253 
982 302 9 10 0.027989406 
302 366 9 10 0.027954351 
773 363 12 14 0.02793642 
313 406 23 24 0.027828394 
609 364 11 14 0.0277611 
573 382 15 18 0.027650718 
478 361 21 25 0.027556747 
124 342 10 12 0.027466854 
389 399 16 19 0.027397778 
346 327 6 8 0.027372323 
59 385 15 19 0.027311744 
337 358 8 10 0.02727759 
38 360 9 12 0.027185155 
525 261 8 11 0.027133284 
233 329 7 9 0.02690427 
696 375 10 13 0.026878731 
328 337 7 9 0.02685575 
413 325 8 10 0.026777832 
163 435 37 45 0.026774524 
187 334 7 9 0.026757501 
415 366 10 13 0.026661823 
392 331 9 10 0.026653145 
299 342 7 9 0.026575217 
414 349 8 10 0.026569026 
133 367 10 13 0.02648304 
625 305 8 10 0.026435174 
176 500 47 57 0.026356557 
298 396 13 18 0.02628911 
914 346 11 14 0.026278766 
604 399 17 21 0.026232757 
263 353 7 9 0.026190124 
271 343 6 8 0.02616614 
662 363 14 18 0.026152276 
336 337 7 9 0.026135694 
644 345 10 14 0.026118405 
284 603 58 70 0.025787715 
559 374 10 14 0.025756048 
670 352 10 11 0.025724359 
259 386 13 15 0.02556209 
19 349 8 12 0.025477137 
912 301 8 10 0.02530674 
475 350 11 14 0.025292948 
311 357 8 11 0.025231281 
711 367 11 13 0.025128473 
354 333 7 9 0.025076447 
53 354 11 15 0.025073543 
710 439 21 27 0.025012642 
393 344 7 10 0.025002632 
7 340 7 10 0.024982056 
617 402 15 18 0.024775578 
891 478 49 57 0.024751076 
793 309 8 10 0.024636973 
544 361 21 24 0.024636691 
47 358 11 13 0.024478834 
676 369 13 15 0.024419459 
631 257 7 9 0.024361666 
424 364 10 14 0.024152773 
67 366 11 13 0.024136087 
915 465 29 38 0.024073087 
127 388 13 17 0.023984885 
737 394 15 20 0.023973526 
24 262 8 9 0.023918869 
995 447 27 44 0.023601823 
403 482 41 50 0.023436254 
615 380 10 14 0.023436217 
135 350 9 11 0.023190994 
103 347 8 12 0.023108566 
22 344 8 10 0.023095286 
768 359 10 12 0.023020254 
927 339 15 18 0.02297464 
351 351 7 10 0.022829412 
256 341 7 10 0.022811117 
153 364 8 11 0.022807231 
144 360 8 11 0.022736063 
781 373 14 17 0.022710627 
78 334 8 10 0.0225548 
983 350 11 13 0.022551423 
240 342 7 9 0.022504857 
2 385 13 19 0.022442972 
281 336 7 9 0.022439104 
913 317 9 11 0.022279453 
237 386 12 15 0.02213702 
207 343 6 9 0.02208844 
477 326 10 12 0.021959726 
556 418 22 33 0.021950936 
304 351 9 10 0.021631928 
510 323 10 13 0.021467403 
837 333 9 12 0.021445623 
17 344 8 10 0.021373019 
136 358 9 11 0.021325056 
264 341 7 9 0.02121591 
407 342 8 10 0.021189904 
22 326 7 10 0.02116398 
864 357 10 14 0.021138765 
50 344 9 13 0.02091098 
318 399 15 16 0.020871466 
717 428 18 21 0.020801973 
334 396 13 17 0.020792048 
166 367 10 12 0.020714121 
392 366 10 13 0.020591954 
404 370 18 23 0.02014334 
935 500 46 63 0.020138977 
910 381 15 21 0.020098956 
796 371 19 22 0.020065645 
