8_Election_Campain_Election_Campaign_8_412
873
808 138 29 36 0.998019 
301 561 46 69 0.9966035 
250 170 27 36 0.995943 
900 351 33 44 0.9946149 
424 420 34 47 0.99442416 
639 423 36 47 0.9942871 
4 262 36 42 0.99382365 
965 206 30 36 0.9914722 
772 592 46 65 0.99109143 
271 257 31 39 0.9902192 
166 246 27 36 0.9895314 
512 178 23 31 0.9893197 
356 232 31 40 0.9887905 
644 304 30 42 0.9883662 
728 497 34 50 0.9881103 
487 257 33 41 0.98737425 
695 447 39 58 0.98655915 
616 513 43 59 0.98544586 
562 552 44 57 0.98538095 
976 259 30 39 0.9853057 
928 319 33 39 0.9819357 
551 149 26 31 0.9814454 
977 319 31 42 0.98135746 
859 453 39 46 0.97783136 
791 534 41 60 0.9771194 
620 388 34 46 0.9733603 
758 212 28 35 0.97195023 
699 205 26 33 0.9717817 
668 239 26 37 0.9706308 
106 348 37 44 0.9703724 
766 432 34 47 0.9697826 
569 215 25 32 0.9688137 
76 530 39 59 0.9685762 
615 290 27 37 0.96734446 
907 593 45 59 0.9668648 
274 487 35 43 0.9652844 
828 621 43 55 0.96229804 
968 534 35 47 0.9569884 
329 398 41 49 0.9557527 
12 504 33 55 0.9543685 
371 64 21 24 0.95256484 
147 550 41 56 0.9517214 
557 112 18 20 0.94545704 
137 300 33 46 0.9380966 
839 317 32 44 0.93467194 
666 182 26 36 0.93350965 
92 325 28 37 0.9335076 
361 142 21 27 0.9297738 
799 353 32 45 0.92740643 
368 496 35 48 0.92605895 
944 188 21 28 0.92325914 
775 125 22 30 0.92319715 
241 125 22 26 0.9204334 
31 454 23 38 0.91550297 
490 137 21 25 0.91358095 
482 579 34 44 0.91237056 
563 459 38 58 0.9089343 
394 114 16 19 0.9036781 
402 372 25 35 0.8949201 
492 217 28 32 0.89362055 
993 318 30 43 0.8929748 
275 17 18 20 0.88192105 
355 121 19 22 0.8733559 
696 29 11 14 0.8720787 
694 85 15 19 0.8642953 
717 102 14 17 0.844325 
559 185 23 29 0.8424246 
214 269 20 29 0.8423251 
855 570 34 47 0.8327911 
114 489 33 44 0.8269022 
290 33 19 22 0.8255112 
402 68 18 23 0.8242844 
555 370 37 52 0.823436 
626 142 20 23 0.8185491 
458 249 34 46 0.8147892 
944 403 41 57 0.80770046 
233 71 15 20 0.79417855 
280 95 18 22 0.7927474 
322 131 20 25 0.76717794 
178 384 27 34 0.7659739 
464 26 18 21 0.7570071 
92 419 25 36 0.754384 
270 217 24 28 0.7480653 
583 85 13 16 0.74690497 
810 414 29 50 0.7355362 
787 268 25 29 0.72444075 
522 82 17 19 0.7217596 
610 77 16 19 0.72135204 
860 263 26 38 0.68743753 
466 84 14 18 0.6854458 
761 312 27 38 0.68387216 
231 45 13 17 0.6496869 
622 255 26 33 0.6375016 
348 178 22 30 0.6361514 
526 30 12 17 0.6328893 
660 272 24 31 0.6028178 
365 581 39 58 0.6004742 
659 127 21 30 0.5846807 
952 619 45 61 0.58419746 
916 299 24 29 0.5814213 
265 540 40 58 0.5798039 
336 163 22 29 0.5782338 
89 457 24 34 0.56757605 
226 420 32 50 0.566791 
246 32 17 19 0.5666342 
717 313 29 36 0.56253386 
806 236 23 29 0.56122655 
734 118 14 20 0.5564354 
371 43 13 16 0.54932904 
193 537 30 47 0.54852253 
335 178 21 31 0.5473361 
635 91 11 15 0.54656506 
522 424 33 43 0.5459575 
778 153 22 26 0.5447213 
182 41 15 19 0.5412115 
481 400 27 36 0.5399063 
914 179 14 17 0.53746134 
83 125 23 30 0.53707373 
614 103 13 15 0.53399664 
863 348 29 39 0.52990675 
285 544 46 71 0.52935714 
603 127 15 20 0.52416253 
587 59 13 15 0.51207054 
303 65 15 17 0.51175916 
537 115 17 21 0.51102674 
907 199 17 22 0.50921506 
304 12 14 17 0.48926747 
374 399 29 37 0.48876795 
638 118 15 19 0.4847057 
661 194 27 36 0.47867054 
882 100 13 17 0.46567202 
165 5 13 16 0.45233065 
643 77 14 18 0.44763756 
701 121 16 18 0.4463254 
854 15 11 14 0.44072378 
341 73 17 21 0.43878514 
773 325 35 41 0.4336073 
916 514 36 52 0.43326283 
163 171 16 22 0.42528424 
466 173 20 26 0.42492905 
122 299 21 30 0.41847938 
501 412 36 48 0.41113916 
369 13 12 16 0.40673655 
206 9 13 16 0.40659404 
440 286 24 32 0.40063456 
874 75 12 14 0.39574698 
244 539 38 56 0.3757231 
189 98 21 26 0.36805472 
422 67 14 17 0.35372967 
30 122 12 16 0.34837073 
899 46 11 14 0.3266963 
619 589 39 50 0.32473603 
391 162 21 27 0.3188764 
685 361 29 48 0.31662422 
846 44 9 11 0.3091522 
544 141 22 29 0.30650315 
533 261 21 32 0.30642277 
203 149 12 15 0.30599785 
947 165 12 14 0.30587614 
105 546 30 43 0.30557886 
195 449 26 36 0.29782885 
762 100 12 16 0.29687414 
99 260 28 36 0.2946893 
150 54 11 14 0.29221895 
387 146 22 26 0.29028314 
652 101 12 15 0.28449896 
429 129 17 20 0.27755716 
601 28 10 14 0.27667713 
281 309 33 41 0.27530572 
821 46 9 11 0.2734978 
108 22 10 13 0.2687401 
631 297 31 42 0.26718858 
497 477 31 38 0.26413548 
531 580 29 48 0.26173252 
762 138 17 22 0.26162052 
653 107 12 15 0.25338596 
392 362 27 38 0.25117067 
551 55 11 16 0.24963544 
667 103 11 14 0.24577595 
544 3 14 19 0.24325655 
579 121 12 17 0.23259561 
766 79 10 13 0.23191379 
389 26 11 14 0.22963771 
369 97 14 17 0.22585447 
32 99 12 17 0.21688381 
405 34 12 15 0.21688381 
862 44 9 11 0.2151447 
236 47 13 17 0.21450475 
531 34 12 15 0.21351048 
958 72 11 14 0.21080498 
388 97 16 19 0.20986097 
922 219 21 30 0.20802681 
497 163 21 27 0.20757237 
432 137 17 23 0.20587912 
0 144 17 29 0.20529951 
375 189 22 30 0.2029307 
255 245 22 30 0.20292455 
626 61 13 16 0.20284823 
455 173 19 27 0.19917406 
152 97 13 18 0.19736354 
383 352 28 37 0.19524609 
739 4 16 19 0.1920598 
646 170 20 26 0.19132382 
414 34 13 16 0.18777487 
337 273 22 28 0.1876838 
52 0 10 11 0.1871216 
223 108 13 16 0.18487881 
322 85 17 22 0.18272136 
413 230 30 39 0.17619962 
567 18 9 12 0.1733519 
346 485 34 52 0.17239147 
468 105 13 16 0.17153314 
380 255 26 34 0.17114992 
442 568 40 52 0.17093484 
863 100 10 12 0.17015514 
599 166 21 27 0.16956215 
116 5 9 11 0.1694749 
495 14 12 15 0.16877498 
200 3 13 18 0.16707832 
447 66 13 16 0.16590741 
818 23 9 12 0.16289632 
879 219 27 35 0.16158134 
891 299 23 36 0.15838176 
926 66 11 14 0.15738598 
740 61 12 16 0.15525109 
123 405 23 31 0.15376528 
585 136 17 20 0.15149519 
905 297 26 34 0.15030801 
852 77 11 14 0.14935206 
861 192 21 27 0.14890853 
151 21 10 13 0.1486647 
981 0 11 11 0.14767398 
236 91 15 21 0.1470154 
956 114 15 17 0.14483055 
245 42 14 19 0.14468323 
429 156 21 28 0.1446221 
988 162 17 21 0.14208864 
167 217 22 31 0.14121464 
640 68 13 16 0.13955566 
521 32 12 17 0.13918568 
790 77 10 13 0.13907363 
486 407 35 42 0.13871707 
900 13 9 11 0.13794133 
667 121 14 20 0.1358998 
897 88 8 11 0.13576259 
585 53 11 14 0.1316786 
549 112 19 23 0.12980945 
384 36 11 14 0.12968637 
316 409 33 42 0.12880348 
513 355 26 35 0.12840723 
990 122 13 16 0.12779947 
124 437 24 33 0.12611966 
534 539 29 42 0.12584625 
958 39 11 15 0.1248136 
636 84 14 18 0.12448103 
838 603 45 54 0.12443522 
407 10 12 15 0.123695105 
380 2 13 15 0.12138628 
408 213 31 38 0.11963111 
291 114 16 18 0.11535671 
142 101 12 15 0.114821956 
43 156 12 17 0.11476086 
648 14 10 12 0.11369322 
444 243 30 37 0.11350263 
305 171 22 28 0.11153358 
835 90 11 15 0.11137557 
450 102 14 17 0.11089642 
32 336 25 34 0.10815882 
653 82 12 15 0.10677196 
854 70 10 12 0.10563237 
982 51 10 12 0.10354241 
216 351 37 45 0.103423655 
201 437 29 40 0.10309142 
653 41 13 15 0.10300495 
461 367 28 35 0.10151331 
557 43 10 13 0.10111894 
147 169 11 16 0.10095945 
283 113 18 23 0.10009638 
281 25 21 25 0.098964915 
964 142 14 16 0.098566554 
450 260 29 41 0.098433 
944 630 34 45 0.098197006 
511 108 16 19 0.09634998 
599 86 10 14 0.09584624 
73 182 20 28 0.09561379 
757 25 10 13 0.09556681 
928 34 10 13 0.09549479 
54 104 10 13 0.09543978 
790 414 35 51 0.095431134 
733 72 12 18 0.09507773 
309 45 12 15 0.094150394 
175 154 11 14 0.09394494 
234 79 16 22 0.09391758 
717 173 15 19 0.09382802 
216 508 29 38 0.09303527 
125 113 11 13 0.09283013 
703 127 18 20 0.09233496 
189 109 14 18 0.092290536 
857 63 10 12 0.09206697 
168 85 13 17 0.09198636 
171 10 13 17 0.091702074 
685 331 27 34 0.09160819 
776 63 10 13 0.0894612 
120 92 12 16 0.089228354 
944 85 12 15 0.08895657 
608 236 20 28 0.0886244 
114 150 14 19 0.088094845 
843 111 11 14 0.087934814 
604 23 11 15 0.08726884 
401 0 11 12 0.0868935 
291 75 13 16 0.08683467 
508 14 12 15 0.08639786 
355 10 12 16 0.08481462 
344 23 11 13 0.08355254 
77 220 15 21 0.08338079 
590 129 18 25 0.08308753 
392 46 13 16 0.082829714 
959 97 14 18 0.082752705 
877 204 15 19 0.08255963 
664 117 11 15 0.082398586 
646 35 12 16 0.08178159 
148 0 12 12 0.08137787 
639 35 10 14 0.08131124 
113 221 25 33 0.081214234 
909 117 11 14 0.08110106 
1012 183 11 17 0.07764721 
541 89 15 17 0.07632816 
213 433 30 42 0.07607209 
724 279 25 34 0.07582125 
809 4 10 13 0.07571349 
655 62 12 15 0.075025566 
859 132 12 16 0.074879736 
181 65 14 17 0.073804565 
360 186 21 28 0.07335392 
495 3 12 15 0.073192194 
156 53 13 15 0.07227784 
194 305 24 36 0.07149102 
859 13 9 13 0.07115374 
567 356 28 41 0.07060359 
103 0 8 9 0.070589915 
160 206 20 29 0.070423216 
782 37 11 13 0.06980216 
780 31 10 12 0.06956143 
76 106 10 14 0.06895685 
921 130 14 17 0.06876432 
994 372 25 34 0.068560086 
225 408 27 38 0.068488345 
441 140 18 25 0.06796094 
513 474 33 44 0.0679442 
444 192 23 32 0.06784237 
38 13 8 11 0.06733418 
796 226 26 32 0.06707294 
250 110 15 19 0.06674444 
110 99 9 13 0.06637561 
219 99 15 18 0.0660249 
847 0 9 10 0.06591789 
157 10 12 14 0.06553559 
267 53 15 18 0.06496991 
451 140 15 20 0.064902395 
197 241 24 33 0.064720556 
789 40 10 12 0.064630866 
109 134 14 18 0.06412069 
912 37 9 11 0.06396046 
790 277 27 33 0.063466735 
608 13 8 11 0.06259391 
329 79 20 25 0.06248592 
105 40 8 12 0.062310748 
118 62 10 14 0.062183175 
966 321 28 37 0.061640978 
126 85 11 17 0.06157599 
976 4 9 11 0.06114826 
330 158 21 28 0.06108648 
121 132 11 15 0.060639817 
57 119 9 12 0.06061369 
658 176 22 29 0.06037676 
889 68 10 13 0.059581783 
109 38 10 13 0.05872585 
764 333 29 39 0.058617268 
339 115 16 20 0.058604058 
152 15 12 14 0.058403593 
583 48 9 12 0.057894472 
79 15 8 10 0.057740446 
717 22 9 12 0.057713117 
684 145 16 20 0.057534497 
124 306 27 40 0.057502717 
727 27 10 13 0.05735022 
919 116 11 15 0.057329644 
226 492 31 40 0.0571061 
574 20 9 10 0.056941252 
888 121 13 16 0.05671492 
427 98 16 17 0.056060567 
63 87 8 11 0.055956062 
808 40 9 11 0.05572134 
702 48 10 12 0.05568502 
164 44 11 14 0.055561036 
85 1 8 10 0.055169757 
533 125 16 20 0.054975796 
574 102 13 17 0.054967172 
654 31 11 14 0.0546168 
661 248 35 49 0.054055303 
439 1 14 15 0.054043334 
94 6 9 11 0.053884614 
449 361 29 37 0.053446274 
244 114 22 28 0.053232636 
167 74 12 15 0.052990302 
124 42 14 17 0.052863777 
36 95 10 14 0.052846387 
480 383 24 35 0.05223436 
77 423 25 31 0.052205462 
127 0 9 10 0.052092373 
634 372 32 42 0.052081287 
127 50 12 16 0.05203971 
581 141 17 24 0.051562805 
938 106 14 19 0.051465195 
896 32 8 11 0.05141093 
340 155 24 26 0.05138137 
444 39 15 18 0.051284295 
210 125 13 18 0.050997492 
2 149 22 39 0.05099428 
331 120 21 26 0.050672673 
21 13 8 11 0.050570562 
953 28 9 12 0.050433833 
950 109 15 20 0.050355252 
582 31 10 12 0.050338063 
849 80 11 16 0.05023267 
492 178 16 22 0.050120138 
682 133 14 17 0.050059095 
796 79 10 13 0.049802482 
259 254 28 38 0.049589135 
769 138 22 28 0.049515128 
562 15 9 13 0.049410157 
206 265 36 48 0.04927603 
389 106 16 21 0.049001034 
631 28 11 13 0.04896008 
581 129 16 22 0.04880833 
525 113 20 24 0.048633818 
127 415 25 37 0.048230477 
670 131 20 28 0.047933504 
584 22 8 11 0.047932617 
397 29 12 16 0.047835626 
796 85 10 13 0.04771944 
918 3 9 12 0.04744705 
230 97 14 19 0.047374777 
373 477 38 49 0.047365412 
691 144 18 20 0.046881825 
67 132 11 15 0.04660388 
429 81 14 18 0.04660058 
259 231 24 32 0.046512138 
646 92 13 16 0.046476744 
-1 195 24 39 0.046476115 
792 103 10 14 0.046450544 
133 132 11 15 0.04621763 
253 153 25 31 0.04585534 
207 356 29 37 0.045524705 
516 54 13 16 0.045446713 
622 14 9 11 0.045185894 
728 290 29 41 0.045086674 
0 109 9 17 0.044830807 
726 121 14 20 0.04461239 
163 52 10 14 0.0442732 
79 22 8 12 0.0441684 
942 165 20 25 0.044108607 
674 582 32 42 0.044096217 
369 319 24 39 0.04403234 
335 74 15 19 0.043978255 
691 7 10 12 0.043822464 
379 42 12 15 0.043518394 
573 63 10 14 0.04350083 
615 12 10 12 0.043417446 
637 21 10 12 0.043376602 
716 476 42 55 0.043224797 
132 116 10 12 0.04319799 
58 87 8 10 0.043197196 
434 147 21 29 0.043118216 
863 109 9 12 0.042891238 
620 45 11 13 0.04275359 
167 405 30 40 0.042730056 
47 47 8 11 0.042627007 
904 30 8 10 0.042568967 
103 504 37 51 0.042511865 
475 374 17 22 0.042487748 
611 87 16 19 0.04234117 
72 103 10 13 0.042209182 
69 224 17 21 0.04217571 
719 512 28 40 0.041797698 
501 15 12 16 0.04170964 
294 68 15 18 0.041701194 
386 5 12 14 0.041675862 
537 460 41 56 0.041605234 
330 6 14 20 0.041595627 
158 103 13 17 0.041503474 
261 9 13 16 0.041281875 
938 595 47 65 0.041279383 
762 295 23 35 0.04117545 
553 39 10 14 0.041169073 
88 262 30 43 0.04114411 
495 150 23 29 0.040709678 
505 252 29 35 0.040543344 
97 0 9 9 0.04051839 
696 357 33 49 0.04050186 
347 399 38 42 0.04030855 
331 487 33 45 0.04009349 
383 147 16 21 0.039686862 
821 409 31 48 0.039552294 
32 142 11 15 0.039355353 
234 482 28 38 0.03932042 
477 0 10 10 0.03931701 
630 77 11 15 0.03923906 
465 165 17 22 0.03921852 
79 28 9 12 0.039033692 
841 0 10 12 0.038999327 
270 13 16 20 0.038936127 
317 46 13 15 0.038882095 
421 94 14 18 0.038694825 
700 110 15 20 0.038528446 
620 251 18 24 0.038512763 
574 90 14 17 0.03844553 
438 19 11 13 0.038420595 
628 192 17 24 0.038202286 
846 395 25 38 0.037994906 
308 147 15 19 0.03797852 
204 168 16 21 0.037959844 
644 365 34 39 0.0379494 
793 506 34 52 0.037895095 
716 129 16 18 0.03772899 
568 68 10 11 0.037567362 
342 91 15 20 0.037426684 
854 116 10 14 0.037408803 
608 282 22 30 0.037090383 
281 37 14 18 0.037068095 
771 413 38 52 0.03704961 
66 37 8 11 0.03670451 
152 459 29 33 0.036647927 
627 129 22 25 0.036624394 
82 189 15 21 0.036564738 
384 23 12 15 0.036557708 
908 125 11 15 0.03655718 
926 208 24 31 0.03648801 
172 68 13 17 0.03642709 
998 187 12 15 0.036135226 
604 33 11 14 0.036105264 
8 84 9 12 0.03567184 
698 136 17 20 0.035651177 
508 60 13 16 0.035403926 
579 106 14 17 0.03515791 
27 145 13 19 0.035146486 
513 114 20 25 0.035106562 
758 322 18 27 0.034956988 
747 61 11 13 0.034951683 
784 42 12 14 0.03491469 
443 547 38 47 0.034897815 
258 148 18 21 0.034764495 
236 37 14 19 0.034694925 
68 432 23 31 0.03461268 
869 117 8 11 0.034546975 
587 151 16 23 0.034531895 
50 104 9 12 0.034471177 
808 99 14 18 0.03429632 
933 194 17 22 0.034041822 
812 93 12 15 0.034032527 
420 206 27 35 0.03398477 
861 77 11 14 0.03390947 
99 194 22 29 0.03378673 
486 217 17 21 0.033731718 
777 37 11 13 0.03364343 
345 98 15 17 0.033554215 
468 3 13 14 0.03353534 
169 148 12 15 0.033485807 
253 96 15 18 0.033374332 
604 277 14 19 0.033278916 
589 157 20 27 0.03323088 
238 14 11 13 0.0332166 
855 94 12 15 0.033202317 
445 113 17 21 0.03319588 
109 184 25 33 0.03314914 
134 165 16 19 0.033132643 
761 96 11 13 0.033049677 
955 501 27 33 0.03304808 
664 210 19 25 0.032972068 
910 99 10 13 0.032947898 
765 7 10 13 0.03287937 
944 321 29 36 0.032815848 
711 104 16 20 0.032762337 
1012 265 12 18 0.032691974 
1000 70 11 14 0.03267477 
270 22 15 20 0.032663688 
750 223 25 32 0.032576945 
933 134 13 16 0.032575753 
617 80 14 19 0.032562222 
438 36 15 19 0.032559585 
113 2 10 10 0.032445814 
502 0 12 10 0.03237599 
499 184 18 22 0.032186333 
237 535 28 40 0.03207008 
688 339 33 50 0.03200343 
311 161 22 27 0.031854384 
401 161 18 24 0.031807654 
529 88 17 19 0.03179655 
237 -1 12 10 0.031789802 
644 62 12 15 0.031782333 
865 182 23 30 0.031663753 
237 431 31 43 0.031653043 
88 4 9 12 0.03156801 
900 93 9 11 0.031442396 
633 35 11 14 0.03142618 
189 380 28 34 0.031167075 
549 551 34 51 0.031135242 
631 120 16 20 0.031047352 
76 152 14 19 0.030952595 
135 37 11 13 0.030940184 
695 151 21 26 0.030838463 
727 6 9 12 0.030802596 
0 479 12 25 0.030771878 
639 14 9 11 0.030716322 
81 329 27 36 0.03066485 
523 96 16 19 0.030347284 
155 156 11 14 0.030317549 
67 320 30 44 0.030295571 
282 535 34 52 0.030205462 
573 300 15 17 0.03019142 
877 52 10 13 0.03008882 
0 21 7 13 0.030038519 
351 172 18 22 0.029985916 
878 20 9 12 0.029973116 
949 5 10 12 0.029972857 
124 499 40 49 0.02991841 
875 579 42 53 0.029902568 
1007 154 14 19 0.029826652 
956 24 9 12 0.02980807 
905 131 12 14 0.029755605 
102 219 22 29 0.029743822 
813 12 10 12 0.029706664 
792 290 28 34 0.029591948 
37 31 8 12 0.029560294 
435 201 24 31 0.029560212 
913 291 19 22 0.029537579 
158 1 13 12 0.029491566 
873 185 14 18 0.029344076 
984 437 32 39 0.029298546 
696 425 42 53 0.02925151 
255 0 12 12 0.029173287 
559 69 11 13 0.029152693 
241 68 16 19 0.02912313 
912 565 46 59 0.028926602 
953 36 12 15 0.028913504 
371 25 14 16 0.028866155 
704 309 29 36 0.028764768 
199 61 14 17 0.028529096 
339 355 17 18 0.028283449 
935 405 31 43 0.028200861 
638 174 18 22 0.02813723 
69 1 8 9 0.02809172 
631 182 22 29 0.028088901 
77 641 45 47 0.028077725 
632 12 8 11 0.02797801 
912 45 9 12 0.02795029 
378 561 43 62 0.027939359 
924 227 25 38 0.02791787 
514 102 17 18 0.027902307 
798 244 28 33 0.027898544 
497 323 26 35 0.02784686 
751 278 26 35 0.027735868 
216 94 14 18 0.027565489 
791 90 12 14 0.027222466 
497 198 25 32 0.027203517 
70 37 8 11 0.027172485 
701 25 11 14 0.027152574 
871 83 10 12 0.02712304 
368 411 41 48 0.02712074 
698 95 15 19 0.027098969 
588 124 15 20 0.027089853 
35 205 14 22 0.026903452 
774 159 17 21 0.026802793 
436 77 15 17 0.026786026 
310 136 23 28 0.026735218 
60 103 11 13 0.026631685 
815 71 8 10 0.026591282 
883 209 16 21 0.026517818 
311 87 15 20 0.02648732 
84 141 16 21 0.026331734 
608 506 32 44 0.026329314 
273 401 31 39 0.026264887 
612 29 10 12 0.026234144 
279 121 15 21 0.026224209 
101 5 9 10 0.026216524 
386 182 24 30 0.026187507 
176 38 12 16 0.026160246 
231 0 12 11 0.026140913 
701 162 22 30 0.026132187 
932 77 11 16 0.02607852 
121 116 11 14 0.02604357 
166 61 11 15 0.025961673 
79 40 10 12 0.025945399 
746 9 13 16 0.025904 
323 76 15 18 0.025885202 
175 63 12 15 0.02588223 
572 353 18 23 0.025830342 
58 222 23 29 0.02582818 
631 8 8 11 0.025750509 
12 146 22 31 0.025716165 
462 346 31 36 0.025662491 
720 26 10 13 0.02558401 
1007 181 18 28 0.02543655 
516 15 10 14 0.02540431 
154 199 20 30 0.025397677 
197 260 24 31 0.0253309 
764 343 16 23 0.02528089 
119 12 10 12 0.025219943 
461 5 14 15 0.025210332 
298 40 15 19 0.025170628 
0 55 7 11 0.025120435 
589 46 11 14 0.025071798 
878 301 25 33 0.024928916 
714 272 24 32 0.024909478 
126 15 9 13 0.02486032 
275 75 15 19 0.024843078 
213 148 13 17 0.024829555 
600 177 23 32 0.024811212 
239 347 31 43 0.024668584 
22 326 24 35 0.024663074 
936 23 10 11 0.024650337 
348 20 11 13 0.024557535 
697 328 29 34 0.024540486 
422 2 13 16 0.024538118 
928 47 10 12 0.024523739 
422 161 17 23 0.024484454 
163 543 38 48 0.024469359 
133 3 11 14 0.024460632 
279 369 25 40 0.024456106 
522 60 14 16 0.02444447 
300 144 16 20 0.024405638 
856 330 32 39 0.024392763 
870 38 9 11 0.024390578 
203 309 25 36 0.024332047 
96 39 9 11 0.024254339 
90 205 23 32 0.02419734 
735 111 13 17 0.024041558 
868 101 9 12 0.023964774 
385 335 32 42 0.023847511 
733 23 11 15 0.023799974 
72 78 7 11 0.023799134 
716 421 30 33 0.023776138 
187 296 23 35 0.0237678 
814 41 10 12 0.023751698 
116 52 12 16 0.023726003 
921 20 9 11 0.02371311 
750 206 27 33 0.023705842 
569 142 23 29 0.02369643 
49 134 9 12 0.02368197 
784 519 31 44 0.023654902 
718 83 14 16 0.023627393 
206 118 14 17 0.023606228 
55 62 8 10 0.02356812 
473 83 15 19 0.023562096 
832 72 8 10 0.023553435 
298 28 16 19 0.02344252 
903 39 10 13 0.023424843 
429 582 37 46 0.023383874 
760 629 12 16 0.023298545 
98 131 15 20 0.023288367 
118 38 11 14 0.023236457 
345 29 13 16 0.023200167 
716 108 16 21 0.023179416 
858 44 9 13 0.023177564 
301 49 14 16 0.023173911 
411 4 14 17 0.023159128 
81 249 27 36 0.023126194 
578 207 28 36 0.023121282 
479 174 20 27 0.023112753 
140 415 26 35 0.023068849 
874 194 16 23 0.023054332 
584 64 13 16 0.022936588 
925 22 10 12 0.022922006 
653 52 12 14 0.022914555 
443 166 21 27 0.02282869 
369 248 29 39 0.022820726 
117 21 11 14 0.022796996 
425 364 30 42 0.02276909 
969 146 15 17 0.02275975 
110 310 32 39 0.022749692 
768 302 25 35 0.022715716 
368 46 20 24 0.022699894 
848 268 25 32 0.022660986 
498 361 29 39 0.022606611 
199 99 16 20 0.022581074 
659 286 28 37 0.022579156 
863 84 9 11 0.022492755 
626 285 19 24 0.022449387 
131 43 12 16 0.022424605 
881 96 11 15 0.022410613 
347 34 13 17 0.022359688 
895 255 22 32 0.02229902 
494 29 12 16 0.022271583 
141 96 20 25 0.022238394 
117 87 19 25 0.02223436 
990 53 11 13 0.02214836 
142 165 20 25 0.02214477 
957 533 31 43 0.022117175 
566 100 13 15 0.022110345 
523 108 15 20 0.022105705 
854 124 12 17 0.02209522 
423 129 15 20 0.022037968 
892 99 11 15 0.021993738 
444 337 30 37 0.021990342 
123 215 27 37 0.021985391 
451 42 12 17 0.021983167 
623 21 10 12 0.021977087 
201 149 20 26 0.021960102 
545 550 18 25 0.021937449 
932 499 27 43 0.021863831 
186 46 14 18 0.021857955 
917 37 9 12 0.02184381 
759 0 8 9 0.021827588 
830 316 26 40 0.021811083 
137 67 11 14 0.021774163 
616 190 23 32 0.02170875 
520 19 10 13 0.02163651 
932 47 10 14 0.021604413 
310 421 25 34 0.021557197 
761 5 9 13 0.021506753 
112 326 39 49 0.021448227 
631 156 24 30 0.02142854 
545 54 12 16 0.021393772 
39 8 8 11 0.02138384 
932 158 15 20 0.021361759 
122 180 24 30 0.021288682 
4 282 28 40 0.021255257 
738 72 13 17 0.021179207 
127 4 10 13 0.021164743 
577 52 10 13 0.021096302 
378 203 20 25 0.021082588 
921 196 22 29 0.020980092 
996 131 13 17 0.020975105 
114 287 26 35 0.020968154 
742 306 29 38 0.020960668 
178 212 25 32 0.020944197 
733 359 27 39 0.020935282 
547 96 16 18 0.020912476 
106 244 29 36 0.020908743 
815 87 11 13 0.02087246 
923 136 16 18 0.020867461 
23 327 15 20 0.020864433 
659 30 10 13 0.02082961 
0 60 8 13 0.020829516 
0 72 11 17 0.020816503 
695 217 26 34 0.02081129 
719 16 9 12 0.020753233 
103 69 8 12 0.02071602 
869 0 9 10 0.020696213 
34 13 8 11 0.020615442 
385 266 30 44 0.020605572 
736 0 13 14 0.020603992 
927 0 9 9 0.02057378 
581 179 15 21 0.020519547 
674 124 15 19 0.020508163 
347 117 17 21 0.02050216 
213 116 13 17 0.02048935 
326 141 22 30 0.020489005 
521 267 29 35 0.020461304 
902 111 11 14 0.02042117 
0 324 10 21 0.020351939 
284 197 14 18 0.020323541 
396 253 26 34 0.020306386 
185 100 13 17 0.020209884 
225 516 30 40 0.020204948 
124 127 14 17 0.020154329 
954 166 13 16 0.020132776 
235 4 13 14 0.020120664 
652 20 11 12 0.02010278 
409 246 32 39 0.020074489 
923 118 11 14 0.020035775 
667 220 28 39 0.02003025 
390 320 31 40 0.020015135 
