8_Election_Campain_Election_Campaign_8_297
38
641 260 44 53 0.99842644 
160 452 56 63 0.99785894 
498 279 36 45 0.9975418 
782 241 49 60 0.99651045 
599 274 34 44 0.98970443 
921 300 32 42 0.9765678 
414 316 31 39 0.959511 
579 276 22 28 0.58677673 
539 272 25 30 0.52374536 
401 297 28 34 0.31188548 
485 157 11 14 0.30573472 
62 452 49 60 0.16052751 
194 451 35 46 0.15681866 
508 140 17 20 0.119041055 
937 304 32 41 0.103627 
379 294 43 52 0.07628428 
771 315 19 24 0.06938945 
404 237 14 17 0.050524708 
501 140 16 22 0.04973909 
326 231 9 13 0.043369357 
583 37 12 16 0.041499604 
540 617 18 22 0.03679592 
822 184 10 11 0.03630012 
394 230 27 33 0.035504878 
389 175 12 16 0.034219906 
433 241 16 26 0.03287009 
324 314 14 16 0.031410996 
200 440 29 33 0.029813616 
720 141 10 13 0.02845688 
519 235 21 30 0.02729986 
764 179 17 27 0.026848406 
313 253 10 12 0.026394976 
495 145 13 18 0.025950415 
408 293 21 23 0.022445552 
522 262 36 52 0.022135502 
371 302 27 40 0.021764454 
576 109 9 12 0.021168163 
515 137 19 25 0.021085382 
