8_Election_Campain_Election_Campaign_8_148
254
239 362 105 140 0.9997559 
815 288 63 73 0.9993771 
742 264 55 66 0.9992079 
964 297 55 70 0.9991386 
426 292 87 109 0.9986559 
504 285 64 88 0.9985154 
676 254 60 69 0.9984396 
505 212 52 64 0.9980654 
574 317 69 87 0.99802905 
625 355 86 111 0.9978181 
371 241 60 82 0.99773896 
717 446 104 150 0.9976554 
427 230 58 66 0.9976547 
0 210 69 94 0.99754447 
584 187 44 54 0.9954288 
885 423 72 79 0.99502087 
314 269 77 101 0.9922546 
895 576 109 162 0.99221534 
129 84 27 32 0.9914693 
853 489 86 114 0.9877127 
478 148 29 37 0.98731786 
195 113 23 30 0.9853221 
101 204 53 58 0.9817493 
372 122 16 21 0.9815865 
757 219 26 29 0.97725517 
6 372 64 152 0.9527871 
753 100 11 15 0.93919593 
635 178 24 29 0.93741846 
480 111 17 21 0.9362735 
614 134 16 19 0.93236744 
660 107 11 14 0.929518 
722 131 19 21 0.89974606 
799 124 11 15 0.89915293 
323 102 19 23 0.89517045 
169 94 22 26 0.89422035 
510 152 19 26 0.8859676 
220 98 15 23 0.86561006 
660 148 13 18 0.8432401 
552 121 14 19 0.84302706 
565 149 21 24 0.8380401 
782 99 10 14 0.82467437 
8 9 12 15 0.8163859 
807 98 11 14 0.7475789 
686 121 12 15 0.7007083 
764 117 11 14 0.70066816 
37 12 11 13 0.6808252 
300 70 10 13 0.6149052 
685 92 11 13 0.59842557 
995 142 16 20 0.59358394 
233 53 8 10 0.55350494 
218 294 84 107 0.49825415 
267 78 12 14 0.48029116 
557 73 9 11 0.45371732 
705 123 12 15 0.44398895 
272 66 11 14 0.4275486 
492 150 24 32 0.41319382 
892 250 39 50 0.4037794 
926 136 19 26 0.38546166 
116 23 11 14 0.37704733 
247 83 13 16 0.37673867 
889 124 17 20 0.37565613 
93 14 9 12 0.3660189 
605 88 9 11 0.36345 
851 121 12 17 0.35793576 
591 103 10 13 0.3481439 
484 86 9 12 0.3431558 
621 86 9 11 0.2839949 
628 103 11 14 0.2725408 
701 99 10 13 0.26498562 
652 86 9 11 0.26076445 
796 160 14 22 0.2594837 
605 157 17 20 0.23758537 
876 531 99 150 0.21778548 
551 102 10 13 0.2140006 
707 116 11 15 0.21297847 
213 55 8 11 0.19861564 
838 131 14 15 0.19559343 
430 246 67 87 0.18329549 
540 301 68 94 0.18293667 
682 87 9 11 0.18283181 
575 100 10 13 0.16719012 
730 95 8 10 0.1653256 
797 164 20 28 0.15621765 
899 124 14 19 0.14755534 
876 151 20 29 0.14682505 
270 202 10 14 0.14168309 
823 108 13 16 0.13736993 
949 143 17 21 0.12840307 
724 113 13 16 0.12175373 
588 93 9 11 0.1187807 
596 159 20 21 0.118360214 
148 266 57 80 0.11811304 
489 71 7 10 0.10988594 
719 126 14 19 0.10261842 
624 106 11 14 0.10232967 
653 241 26 36 0.10112065 
702 164 15 20 0.1004359 
291 37 7 10 0.09983528 
641 79 9 12 0.0968686 
647 81 9 12 0.09243237 
834 194 31 48 0.09221553 
733 109 11 13 0.09187328 
312 64 7 10 0.08990174 
775 117 9 12 0.08753271 
923 161 27 46 0.087029025 
506 95 8 12 0.08564583 
-19 482 74 133 0.08529088 
520 69 7 9 0.082097344 
471 288 70 91 0.08099316 
755 130 11 15 0.0789345 
597 69 10 12 0.07749082 
728 79 9 11 0.07743246 
583 102 10 12 0.07648184 
158 12 8 11 0.07454791 
665 86 8 10 0.0744341 
616 102 9 12 0.07372824 
152 11 9 12 0.07293344 
503 69 7 10 0.071999505 
251 88 13 16 0.071294144 
69 30 11 14 0.06825933 
495 72 8 11 0.067416765 
585 89 8 11 0.064976856 
574 108 10 14 0.063657485 
403 140 11 13 0.0627694 
631 95 11 12 0.06010404 
738 224 12 17 0.059207 
231 105 17 21 0.05910306 
760 122 11 15 0.056288145 
530 79 8 10 0.05616386 
590 88 9 11 0.05493823 
722 64 8 11 0.052495386 
637 243 33 37 0.051849566 
221 104 21 24 0.051135514 
864 452 95 100 0.050163377 
772 134 13 16 0.049815163 
885 118 15 19 0.049416803 
736 103 9 11 0.04929067 
295 17 7 9 0.049205717 
654 48 9 11 0.04895389 
669 86 8 10 0.048842907 
127 13 8 11 0.04881022 
722 111 10 13 0.048657455 
418 273 66 89 0.04845943 
939 138 14 21 0.048102412 
256 32 9 10 0.04756353 
655 141 14 19 0.04663102 
585 107 10 13 0.04633118 
598 80 9 11 0.045244627 
185 53 7 10 0.04512683 
286 77 11 14 0.04507578 
262 53 8 10 0.044942826 
528 84 10 13 0.044742327 
704 109 11 14 0.044633187 
596 109 10 13 0.043727517 
622 91 10 11 0.043709427 
486 90 11 13 0.04304627 
143 15 9 11 0.04256306 
832 131 14 16 0.0421827 
487 76 9 11 0.041981984 
24 55 10 12 0.041106626 
730 113 14 17 0.040252477 
49 555 42 67 0.039807666 
504 65 8 9 0.039168764 
241 82 12 17 0.03855573 
938 185 17 26 0.03689236 
313 30 7 10 0.036663897 
623 178 27 38 0.036618277 
701 336 58 67 0.035871055 
656 52 9 12 0.035500515 
346 133 17 19 0.03535608 
845 1 11 12 0.0351626 
574 72 8 11 0.035140216 
750 125 12 18 0.035065968 
923 143 27 39 0.035055183 
180 101 21 28 0.03498439 
527 71 7 9 0.03477856 
30 53 10 12 0.03472303 
546 102 10 12 0.034634475 
519 132 12 16 0.034061015 
730 127 16 19 0.03361085 
355 152 12 14 0.03254762 
217 95 12 19 0.032114312 
735 88 8 10 0.031840328 
821 130 11 16 0.031703826 
555 107 12 13 0.030860363 
655 133 13 16 0.030357357 
632 76 8 11 0.029899595 
780 115 10 13 0.02943404 
616 92 9 12 0.029429171 
827 113 14 17 0.029325323 
632 63 8 9 0.02930721 
605 117 11 14 0.029150223 
231 71 10 13 0.029127905 
70 25 9 11 0.028727984 
623 81 8 11 0.028442018 
318 31 8 11 0.028317735 
263 80 12 16 0.027991181 
184 97 16 20 0.027934192 
695 95 9 13 0.027925402 
944 191 18 24 0.027587213 
599 115 11 14 0.027553653 
258 54 8 9 0.027438924 
726 66 9 12 0.027305461 
261 31 9 10 0.027172076 
535 30 7 9 0.027138963 
240 76 11 15 0.027082833 
347 171 12 15 0.026456151 
516 2 14 14 0.02618425 
252 78 12 15 0.026121233 
355 133 14 16 0.025903791 
607 350 70 82 0.025842959 
0 84 8 14 0.0256659 
153 0 11 11 0.025547212 
89 20 9 12 0.025345497 
601 90 10 13 0.02534131 
631 45 9 11 0.025325662 
890 159 14 20 0.025180612 
653 90 10 12 0.025063848 
318 37 8 10 0.02490454 
732 297 55 66 0.024810934 
239 70 9 12 0.024714267 
772 123 14 17 0.02468581 
148 62 12 16 0.024646342 
297 74 11 13 0.024631567 
938 171 41 52 0.02426317 
48 95 11 15 0.024184197 
1014 140 10 15 0.02405914 
733 79 9 11 0.024054829 
186 301 76 91 0.023851829 
751 85 8 10 0.023825603 
0 54 7 14 0.023794461 
751 80 8 10 0.023697846 
36 52 10 13 0.023405122 
225 37 7 10 0.023377584 
605 68 11 12 0.022822397 
744 102 10 12 0.022800468 
60 1 15 18 0.022780323 
569 109 10 14 0.022622632 
613 69 9 11 0.022275984 
728 100 9 11 0.022188732 
777 73 9 10 0.022109589 
518 78 9 12 0.022089649 
625 230 35 45 0.021998288 
31 8 12 16 0.021671908 
655 113 13 16 0.021459399 
654 125 13 15 0.02125464 
284 118 12 16 0.020557318 
695 164 15 19 0.020471264 
167 14 8 10 0.020371255 
157 92 12 17 0.020295406 
247 39 7 9 0.020283306 
616 81 8 11 0.020269087 
612 117 14 16 0.020232268 
817 109 11 15 0.020112563 
