8_Election_Campain_Election_Campaign_8_244
21
385 96 111 152 0.9998647 
510 130 116 161 0.9997712 
648 70 93 117 0.9995432 
104 66 138 164 0.9993593 
784 122 65 78 0.998781 
849 139 88 107 0.9983699 
253 160 82 97 0.9943112 
731 133 55 71 0.9897221 
1 168 63 105 0.9437995 
358 171 38 50 0.55306274 
946 150 53 74 0.31376943 
26 162 65 82 0.20067093 
439 98 123 177 0.061415687 
977 139 42 82 0.050893053 
804 113 79 104 0.04478412 
736 96 27 35 0.040723525 
913 138 76 102 0.03096896 
346 137 94 105 0.030238712 
764 134 58 72 0.024061142 
0 172 36 51 0.020961814 
331 200 42 61 0.020835316 
