8_Election_Campain_Election_Campaign_8_86
26
117 175 55 69 0.99938166 
9 155 55 74 0.9990006 
577 231 54 71 0.9978131 
376 219 43 57 0.99474263 
475 277 37 48 0.98754454 
211 231 38 50 0.98519343 
461 252 28 33 0.9713179 
346 261 30 38 0.9621423 
183 -4 94 113 0.33531082 
910 278 25 39 0.101785235 
467 263 31 42 0.07509618 
789 187 30 33 0.057686724 
35 251 11 13 0.0494986 
668 303 11 15 0.03164928 
812 228 26 34 0.028573332 
869 248 14 17 0.027297968 
914 278 16 22 0.026642624 
363 230 39 50 0.026217401 
334 264 28 33 0.02608042 
55 168 27 45 0.025558515 
803 304 30 32 0.025402222 
278 616 11 15 0.023273023 
920 304 12 17 0.021700364 
311 297 9 12 0.021572363 
830 355 11 14 0.020129245 
360 251 29 39 0.020079114 
