8_Election_Campain_Election_Campaign_8_498
42
685 41 127 154 0.99951446 
69 118 93 113 0.9989737 
398 148 45 60 0.99886936 
481 176 51 69 0.998803 
262 133 87 111 0.99851876 
574 142 71 82 0.9984781 
346 148 57 76 0.9980562 
203 178 63 74 0.9924178 
922 255 116 164 0.99221134 
540 163 37 48 0.9867806 
774 136 59 81 0.967508 
885 207 41 49 0.9147662 
959 181 51 62 0.7344833 
737 97 103 124 0.722556 
3 169 29 40 0.62940145 
535 140 28 36 0.5097867 
844 205 34 39 0.45814776 
449 171 28 46 0.30438134 
654 142 29 38 0.26920855 
515 165 43 59 0.17905232 
27 194 51 62 0.16243602 
873 211 33 42 0.11097202 
857 208 35 43 0.10618886 
597 553 31 35 0.07077401 
459 182 44 58 0.070172176 
460 165 13 17 0.056155603 
484 148 33 38 0.037865743 
435 174 28 38 0.032615583 
895 166 38 43 0.03134239 
895 184 43 55 0.028862696 
835 194 32 43 0.028847538 
943 184 77 106 0.028791 
652 139 49 67 0.027595771 
514 163 25 40 0.02693139 
449 151 37 51 0.02544115 
9 185 44 57 0.022829652 
42 161 59 72 0.022707181 
1 397 12 21 0.021659587 
463 170 33 46 0.021152284 
228 136 29 45 0.020695647 
498 159 34 36 0.020561919 
479 157 46 56 0.020246875 
