8_Election_Campain_Election_Campaign_8_347
24
211 131 34 44 0.9942268 
752 166 29 38 0.98960286 
922 586 14 17 0.9569314 
23 571 14 20 0.8785256 
177 565 12 16 0.6253137 
968 579 12 15 0.4013106 
477 582 10 15 0.3926618 
852 574 11 16 0.34308767 
1010 574 10 14 0.15075922 
961 587 9 12 0.13780075 
966 632 12 14 0.10366082 
965 588 10 14 0.09132929 
465 582 10 13 0.08353405 
147 566 12 15 0.07855305 
912 592 9 12 0.050774496 
933 615 13 15 0.048321616 
890 580 11 13 0.041107904 
952 598 11 14 0.032344524 
182 656 10 12 0.029767355 
930 563 15 18 0.028162787 
1012 567 11 17 0.02253201 
972 589 10 14 0.021835053 
56 574 8 11 0.021214414 
129 714 14 17 0.020491675 
