8_Election_Campain_Election_Campaign_8_218
32
536 341 52 60 0.9992735 
431 321 57 74 0.99913824 
600 340 48 54 0.9989612 
844 253 103 127 0.99869776 
694 327 48 66 0.99785346 
670 551 60 73 0.9977743 
173 380 83 98 0.9949739 
789 257 56 68 0.99496365 
288 337 67 79 0.9884114 
118 286 51 66 0.95917314 
396 335 32 43 0.9536988 
154 340 44 56 0.93167824 
474 331 29 47 0.8256114 
85 326 53 68 0.5589852 
241 336 11 13 0.19154854 
283 286 47 58 0.12257451 
816 255 80 106 0.12164205 
658 351 37 51 0.097048976 
72 290 81 94 0.07163843 
287 302 56 66 0.07150621 
431 123 50 86 0.05811636 
125 321 74 87 0.056917172 
485 331 33 50 0.053733297 
249 360 36 44 0.05195074 
586 344 29 39 0.042115092 
242 313 8 11 0.0411457 
573 342 30 45 0.034998838 
134 375 31 53 0.031647127 
520 366 26 39 0.030917443 
148 348 78 101 0.029623602 
245 315 9 13 0.025701854 
818 297 53 80 0.020348381 
