8_Election_Campain_Election_Campaign_8_84
88
122 542 44 59 0.9983882 
35 526 29 35 0.9927857 
311 494 24 33 0.9916524 
209 507 25 38 0.9892765 
490 191 16 21 0.977145 
289 500 21 29 0.97201884 
535 514 21 27 0.9572423 
75 502 21 29 0.9558064 
880 507 19 27 0.94715595 
921 600 30 57 0.93671143 
447 186 14 19 0.933415 
256 430 19 23 0.9222854 
128 484 18 23 0.9016884 
185 488 15 20 0.8647937 
978 489 23 27 0.86033165 
631 203 19 23 0.8333951 
90 501 24 33 0.81754535 
526 177 13 18 0.75448126 
562 180 14 16 0.74073666 
449 539 22 32 0.7099784 
777 491 18 28 0.6340578 
673 248 14 18 0.56598085 
7 529 19 28 0.44326112 
844 485 13 14 0.39569888 
165 467 11 14 0.35351995 
604 215 12 15 0.2986132 
289 420 11 14 0.23185025 
197 459 10 13 0.22374964 
220 467 9 12 0.2112632 
545 201 16 23 0.20096952 
33 411 10 13 0.12568393 
156 448 9 11 0.121542566 
970 460 21 26 0.116827786 
160 464 11 13 0.104227796 
228 442 10 14 0.10115804 
672 273 12 14 0.09875668 
219 481 14 17 0.09774401 
174 381 7 9 0.08837802 
207 424 8 11 0.074823074 
55 416 9 12 0.07086532 
831 464 9 12 0.07063543 
170 381 7 10 0.06919854 
882 389 13 17 0.06742963 
206 428 9 12 0.06076325 
228 423 9 12 0.056672 
227 427 12 16 0.05649798 
179 477 11 13 0.055164628 
452 558 18 23 0.05211461 
945 506 15 17 0.05138296 
987 434 15 16 0.04719404 
287 426 12 17 0.04642551 
28 422 12 16 0.04566572 
171 469 11 13 0.04441344 
821 360 9 11 0.044069044 
992 488 16 21 0.042562712 
609 218 15 17 0.039063253 
552 175 9 12 0.038567588 
206 437 9 11 0.038089365 
182 423 7 10 0.03747595 
840 479 13 16 0.035550535 
174 415 7 9 0.03441739 
170 415 7 10 0.034054313 
24 427 14 19 0.033896524 
174 449 8 10 0.031892374 
23 398 8 10 0.03169871 
973 472 24 28 0.031615656 
772 582 31 40 0.03126717 
156 91 11 14 0.03078273 
157 476 14 16 0.02865207 
825 464 8 11 0.028092867 
8 411 11 14 0.027555604 
169 378 8 9 0.026779482 
582 197 13 18 0.026364172 
955 468 12 16 0.02521011 
167 400 8 11 0.025058538 
554 181 9 12 0.024892475 
176 482 11 15 0.024518248 
198 464 11 15 0.023998395 
457 565 16 22 0.023990925 
14 407 10 13 0.023655681 
203 460 10 14 0.02358429 
169 448 8 10 0.02333641 
782 501 18 22 0.022690691 
448 570 22 24 0.021308322 
293 434 12 16 0.021153904 
575 195 11 15 0.020963568 
215 479 12 16 0.020646231 
194 491 13 17 0.02050001 
