51_Dresses_wearingdress_51_606
20
620 81 114 150 0.99979776 
257 226 102 124 0.9995302 
407 228 12 17 0.84541327 
486 235 14 19 0.18795224 
471 234 11 15 0.13024335 
98 117 14 18 0.07829893 
378 237 8 11 0.07784481 
233 6 17 20 0.055546775 
477 234 14 17 0.047173783 
136 233 8 10 0.038645577 
148 78 11 13 0.035649344 
89 237 9 11 0.032211374 
113 246 8 10 0.026795557 
444 247 9 13 0.02598137 
380 196 18 23 0.025799278 
173 5 10 12 0.022813762 
146 59 11 13 0.022742908 
816 329 50 65 0.021422239 
526 234 9 12 0.021295736 
362 244 11 15 0.020225337 
