51_Dresses_wearingdress_51_140
22
449 82 102 137 0.99956757 
129 351 45 69 0.9865562 
615 147 26 35 0.9132012 
255 317 35 46 0.9069871 
184 299 40 58 0.8915062 
883 364 28 34 0.1919058 
980 278 31 41 0.13726942 
26 472 26 34 0.07767848 
1 420 25 46 0.058877446 
947 248 22 29 0.058146194 
705 143 24 28 0.05132059 
927 274 22 29 0.05127418 
548 143 17 22 0.05082695 
982 491 22 30 0.035235386 
315 326 31 40 0.03422885 
125 321 44 62 0.030445557 
940 349 29 39 0.02861764 
274 320 31 39 0.027530769 
991 448 31 45 0.026513165 
320 282 29 40 0.02300644 
152 300 45 56 0.02083266 
556 174 25 40 0.020443415 
