51_Dresses_wearingdress_51_727
45
793 24 63 92 0.9990723 
608 45 58 75 0.9990646 
280 75 100 182 0.998014 
498 52 18 23 0.8169302 
542 66 19 27 0.5519241 
640 4 27 27 0.53703356 
467 249 43 66 0.35114065 
963 0 14 14 0.22212821 
500 20 13 16 0.18543233 
691 67 26 30 0.1811517 
909 69 14 19 0.1702897 
519 67 11 14 0.14424095 
566 57 13 18 0.11720743 
984 54 13 16 0.093895 
585 66 17 20 0.092335895 
659 5 16 19 0.08496245 
598 23 15 19 0.059652932 
711 48 14 19 0.05817701 
883 54 16 20 0.056771614 
762 28 17 21 0.053649224 
922 93 14 16 0.049562264 
744 30 38 52 0.046790056 
937 67 12 14 0.04499438 
4 392 16 21 0.042157263 
877 55 25 35 0.042021953 
527 81 14 18 0.0403814 
769 106 11 13 0.038505137 
883 88 17 20 0.036725894 
739 14 11 12 0.03407681 
877 79 26 34 0.033302937 
949 107 27 32 0.03293301 
698 8 20 23 0.031191438 
1011 0 13 18 0.030175915 
920 12 12 14 0.029964192 
583 20 11 14 0.029288307 
953 60 10 13 0.028553953 
933 107 29 33 0.02818728 
939 83 15 18 0.027676493 
493 35 11 14 0.026616102 
989 13 13 15 0.025858613 
999 43 20 29 0.025521405 
971 8 24 29 0.025155673 
587 54 24 38 0.02160271 
587 20 14 18 0.020870483 
909 77 15 23 0.020242933 
