51_Dresses_wearingdress_51_1035
26
172 227 113 143 0.9998072 
407 44 87 119 0.9985807 
580 272 89 104 0.9972042 
854 180 89 101 0.99613637 
735 27 19 24 0.9172123 
288 55 17 21 0.72228456 
329 48 19 20 0.645294 
599 39 13 21 0.4480987 
605 34 15 24 0.38205934 
664 29 21 26 0.25662187 
266 99 15 19 0.115858324 
516 0 21 20 0.09567756 
660 38 17 22 0.07674177 
288 115 11 13 0.0685101 
658 51 15 17 0.06579806 
705 14 18 23 0.060538255 
646 35 13 20 0.054160975 
620 35 14 20 0.04144092 
604 45 15 23 0.03976667 
654 31 18 25 0.03688277 
638 35 13 20 0.033129208 
610 50 15 21 0.030359704 
610 31 17 22 0.028451277 
629 36 13 20 0.024760893 
701 22 17 23 0.023892185 
334 54 20 21 0.023412563 
