51_Dresses_wearingdress_51_739
30
437 109 133 184 0.9989095 
254 171 28 36 0.9974911 
907 278 33 43 0.99667466 
639 261 31 37 0.99633104 
269 294 34 42 0.99608815 
726 218 75 96 0.99530065 
865 242 33 43 0.9923735 
224 240 29 36 0.991931 
573 292 51 61 0.9842296 
683 182 30 38 0.9758716 
998 254 26 39 0.9528874 
359 227 25 34 0.8091193 
556 224 29 34 0.54636824 
846 299 27 30 0.4498354 
46 240 51 117 0.4417032 
221 299 28 38 0.24127474 
954 278 24 31 0.23176767 
544 239 43 60 0.15868488 
264 229 35 41 0.13625973 
962 285 27 38 0.07825649 
341 230 29 35 0.073783435 
890 289 17 24 0.054424625 
665 161 12 15 0.041236483 
545 292 37 43 0.036326203 
229 287 29 41 0.035288274 
952 280 16 21 0.03142733 
331 243 29 37 0.02801131 
236 276 25 33 0.023274709 
846 293 18 23 0.022027912 
633 244 28 36 0.02036361 
