51_Dresses_wearingdress_51_464
34
392 227 265 339 0.9998248 
25 384 132 164 0.9990513 
742 418 56 65 0.9940871 
895 389 26 33 0.7479558 
787 274 20 24 0.7112268 
806 324 22 27 0.7042567 
230 739 496 777 0.2593574 
844 417 25 31 0.23994528 
706 363 19 20 0.15076719 
738 297 14 17 0.10409547 
991 314 23 33 0.09893602 
1002 322 20 34 0.097363755 
706 382 24 34 0.07374602 
999 434 25 54 0.06914769 
898 332 16 24 0.06481877 
948 317 29 40 0.063244954 
736 439 50 69 0.057449367 
908 446 23 29 0.057437442 
779 426 47 59 0.039138876 
951 300 27 37 0.03735102 
984 391 30 35 0.033029735 
954 390 18 23 0.032710858 
738 307 15 19 0.03221267 
891 289 21 33 0.031671397 
885 394 18 23 0.029133536 
703 392 39 50 0.029087875 
709 458 48 69 0.028331684 
705 359 30 34 0.027837006 
711 355 20 22 0.027463527 
919 447 28 38 0.026680304 
843 426 32 44 0.02386981 
810 319 17 19 0.023608185 
1011 325 14 25 0.02315147 
932 420 24 30 0.021590574 
