61_Street_Battle_streetfight_61_432
101
646 321 25 32 0.9967781 
739 322 27 36 0.99515957 
179 149 27 36 0.99363375 
847 324 23 29 0.9935161 
101 154 28 35 0.99344397 
806 416 28 41 0.9933256 
500 299 27 34 0.992804 
148 235 36 45 0.9925689 
637 518 32 42 0.9908873 
141 299 34 44 0.99050236 
966 376 26 32 0.9837389 
499 505 33 39 0.98158514 
586 218 18 23 0.9804663 
621 271 23 30 0.9800751 
886 324 25 28 0.97082114 
714 400 28 38 0.96553206 
900 283 15 19 0.96538967 
793 288 19 24 0.96242255 
762 248 14 19 0.961794 
846 273 15 20 0.9584194 
824 269 12 16 0.9567808 
633 216 16 21 0.95268095 
418 532 28 40 0.9520956 
833 288 15 18 0.9485046 
653 204 14 18 0.9470315 
796 263 13 16 0.8766998 
264 174 17 21 0.875698 
523 209 19 23 0.8692378 
213 213 27 37 0.8674144 
300 209 24 28 0.8219563 
850 399 28 33 0.81634843 
934 271 10 12 0.7912329 
548 239 23 28 0.7237928 
223 102 21 26 0.48225936 
508 187 14 20 0.41281545 
873 299 14 20 0.37204537 
319 151 16 24 0.35441482 
413 163 29 49 0.3478117 
945 334 21 23 0.34074473 
611 245 15 17 0.30280045 
642 245 15 19 0.18767403 
453 190 21 29 0.18580991 
326 182 14 20 0.17686483 
926 403 15 18 0.16795743 
271 216 23 29 0.16353069 
217 296 35 38 0.1345793 
279 196 15 19 0.11930766 
981 378 22 31 0.11892085 
291 214 22 30 0.10432478 
157 131 18 21 0.09851904 
822 311 21 28 0.09548377 
284 220 15 23 0.081906326 
186 108 14 16 0.07490205 
461 183 11 15 0.07406733 
321 115 12 16 0.06631223 
122 120 17 18 0.06434898 
940 296 15 17 0.061034616 
916 392 24 30 0.057646073 
324 110 10 15 0.05644857 
218 309 41 47 0.055328235 
471 168 12 16 0.0496166 
662 168 8 10 0.049472295 
969 297 15 19 0.049168505 
638 169 8 10 0.040957987 
836 371 18 22 0.04041654 
765 358 18 23 0.04002203 
228 197 23 31 0.03986239 
733 266 14 19 0.0385649 
981 320 16 19 0.03606614 
964 275 12 15 0.035276834 
428 169 26 48 0.034220148 
831 346 15 20 0.034103613 
230 187 15 18 0.033112057 
909 277 11 14 0.03114052 
247 221 13 17 0.030484932 
803 266 11 15 0.030420303 
217 168 19 20 0.030118704 
260 212 25 31 0.030079864 
230 326 38 35 0.029558377 
734 477 41 50 0.029359523 
617 248 18 21 0.028548263 
275 292 26 34 0.028471952 
126 179 27 34 0.028289134 
624 256 22 28 0.027475666 
230 195 17 19 0.027350836 
348 116 10 15 0.026476992 
646 207 15 19 0.025183026 
227 179 16 20 0.025066657 
509 175 12 16 0.024676284 
933 278 12 17 0.024662983 
658 168 7 9 0.024485163 
286 298 29 38 0.024189742 
153 166 22 28 0.02355159 
280 245 19 23 0.022969631 
626 249 18 21 0.02254224 
420 172 18 30 0.022073831 
733 234 11 16 0.021848118 
939 325 17 20 0.021347925 
862 406 18 23 0.021157924 
928 284 10 13 0.02082308 
250 219 23 27 0.02047166 
