61_Street_Battle_streetfight_61_211
47
977 623 36 47 0.99432784 
322 540 33 42 0.9941636 
34 509 45 57 0.993458 
172 531 38 44 0.99109405 
832 165 80 151 0.9857153 
274 524 33 44 0.9847401 
127 541 39 53 0.9829652 
881 620 35 47 0.9803074 
222 530 30 40 0.9707309 
350 568 31 37 0.96306884 
989 578 33 42 0.95125985 
911 565 31 40 0.9045477 
949 580 24 31 0.79120773 
422 983 168 127 0.61241055 
888 558 22 27 0.42974964 
256 942 129 103 0.28348136 
200 532 28 41 0.24611402 
971 562 21 26 0.23346691 
960 531 16 20 0.23267472 
112 884 52 42 0.22912364 
1010 515 13 22 0.20769067 
954 573 17 19 0.20717031 
4 536 18 22 0.1488656 
90 523 25 31 0.12176058 
891 565 25 34 0.10972417 
666 895 77 66 0.107335545 
152 531 38 53 0.10066801 
753 569 15 18 0.084984995 
318 410 44 106 0.075098015 
877 572 17 20 0.06647526 
94 530 27 39 0.060186103 
254 505 25 30 0.04718796 
260 489 14 18 0.040132742 
331 910 276 207 0.03979606 
962 567 17 22 0.03966177 
982 568 26 33 0.039588206 
343 559 29 33 0.03894013 
843 586 23 30 0.03755733 
930 672 39 51 0.036246322 
106 529 26 36 0.028735435 
353 565 44 57 0.02770794 
143 963 56 56 0.027594365 
257 488 23 31 0.026975298 
244 973 125 126 0.026911184 
11 520 26 40 0.024670849 
958 578 18 23 0.022804813 
978 587 35 47 0.020385852 
