61_Street_Battle_streetfight_61_936
21
832 381 34 41 0.9909773 
499 220 36 48 0.98553884 
126 265 37 46 0.9519693 
703 327 36 31 0.9274551 
672 326 32 37 0.9238215 
966 259 39 49 0.87659746 
879 250 30 36 0.17871398 
1006 205 16 20 0.088701814 
846 277 30 33 0.063904166 
685 329 41 38 0.055972066 
997 261 27 38 0.053630233 
956 206 16 20 0.03763384 
1006 257 16 22 0.032919195 
361 337 27 29 0.032833442 
954 264 31 40 0.029263657 
975 243 32 40 0.027651012 
194 262 24 35 0.027422844 
978 208 16 17 0.02688064 
807 259 14 16 0.026202967 
890 249 35 41 0.024499452 
482 263 25 30 0.021996107 
