61_Street_Battle_streetfight_61_276
27
197 60 27 37 0.9979665 
51 77 25 30 0.9969246 
345 61 25 32 0.9966788 
778 42 26 35 0.9960057 
524 37 24 31 0.9955989 
8 51 24 31 0.99553525 
636 38 26 32 0.995138 
174 44 22 30 0.99501294 
254 47 25 33 0.9947129 
313 22 27 36 0.99445665 
810 20 24 31 0.9941777 
938 28 24 31 0.9933262 
125 46 23 28 0.99163 
670 40 24 30 0.9915303 
391 36 26 31 0.9912186 
66 124 25 34 0.98968494 
152 60 24 31 0.98805004 
439 54 25 27 0.9861801 
583 35 25 29 0.9852288 
488 47 20 26 0.9616785 
961 32 22 28 0.9585666 
466 43 20 24 0.84049976 
467 66 17 21 0.13101687 
468 54 17 23 0.08053403 
456 53 22 28 0.042226408 
165 52 25 33 0.035147756 
547 56 14 20 0.027950047 
