61_Street_Battle_streetfight_61_913
33
232 315 28 35 0.9877692 
130 309 38 51 0.9279607 
141 197 15 17 0.46768853 
706 171 19 23 0.19183162 
141 461 11 15 0.113101974 
200 198 11 14 0.095085315 
176 205 15 18 0.090339206 
118 198 11 16 0.07371352 
199 203 14 19 0.056739666 
110 321 32 38 0.051682353 
160 187 14 17 0.05062665 
207 146 12 15 0.044438366 
898 129 96 121 0.03803594 
126 215 12 14 0.036908302 
271 463 9 11 0.036868628 
95 204 14 20 0.035851132 
192 203 11 15 0.033486586 
802 160 26 31 0.03189367 
133 215 10 14 0.031283323 
110 238 12 18 0.02980513 
182 184 10 12 0.02964805 
200 192 10 13 0.025482945 
136 201 13 16 0.024040228 
414 539 13 15 0.023527171 
238 205 13 16 0.022800565 
100 118 10 13 0.022693252 
94 116 12 15 0.022555945 
113 201 11 15 0.022153532 
122 201 13 16 0.021595601 
329 490 25 27 0.021494733 
230 206 12 15 0.021344202 
191 478 8 10 0.020842882 
120 213 12 15 0.020198775 
