61_Street_Battle_streetfight_61_430
91
570 471 27 35 0.9942661 
138 450 19 23 0.9868238 
917 581 21 27 0.97631705 
691 453 17 21 0.9693924 
841 460 16 20 0.9691014 
864 485 19 23 0.9688529 
796 458 14 17 0.9674433 
290 452 17 25 0.9617073 
232 462 20 25 0.95011985 
36 452 19 23 0.9460299 
952 434 20 25 0.9453456 
922 433 20 22 0.94183356 
911 389 15 18 0.9136721 
90 463 17 21 0.91341543 
907 431 14 20 0.9068629 
164 458 16 20 0.9035159 
199 461 16 20 0.89830476 
453 450 19 23 0.88796943 
624 463 21 25 0.8835199 
518 460 22 25 0.8824342 
476 452 15 19 0.806963 
428 477 16 20 0.7850077 
597 444 11 14 0.7837819 
273 460 11 15 0.7778568 
977 451 15 17 0.776283 
738 459 19 21 0.71413225 
367 459 19 32 0.62180644 
552 469 16 20 0.5829392 
66 445 15 18 0.5049959 
709 456 17 20 0.42702836 
139 379 13 16 0.4168365 
969 538 32 64 0.36125824 
860 453 13 17 0.31516573 
311 462 13 18 0.30694437 
758 451 16 21 0.28780788 
318 429 11 14 0.12589043 
672 446 11 13 0.12030949 
769 105 24 29 0.117259294 
17 465 16 20 0.11701881 
746 451 17 23 0.108376965 
955 415 14 17 0.09854137 
51 453 14 17 0.09126217 
214 433 15 18 0.08639609 
764 448 12 16 0.08393987 
386 459 14 16 0.07890035 
68 459 15 20 0.06391857 
1011 371 11 19 0.063115135 
380 458 15 22 0.0629519 
212 440 18 22 0.061122123 
380 479 12 19 0.060342588 
411 535 14 17 0.05964793 
632 460 17 21 0.055951077 
897 487 15 18 0.05406067 
675 435 12 14 0.05342076 
1002 477 21 31 0.052786928 
1003 394 17 21 0.04973625 
268 571 14 17 0.049172662 
991 442 14 18 0.04724105 
748 27 14 16 0.046586353 
560 467 23 28 0.04380692 
213 459 13 17 0.040409975 
1012 450 12 18 0.03993478 
655 456 13 17 0.03904799 
850 458 15 18 0.037226096 
659 474 12 16 0.033234976 
724 455 22 27 0.03298454 
3 467 21 26 0.031642094 
764 109 18 22 0.03012638 
359 460 17 25 0.029043669 
218 449 15 21 0.028010923 
0 433 10 17 0.026761556 
613 465 14 20 0.025359038 
983 404 13 15 0.025047693 
1000 401 15 18 0.024982357 
727 451 12 17 0.024573527 
591 447 15 19 0.024569975 
1011 388 12 19 0.024499385 
97 462 15 18 0.024479596 
374 467 19 33 0.023976903 
636 453 14 17 0.023800934 
180 483 12 16 0.023422774 
73 444 15 17 0.02338103 
733 453 16 19 0.022809876 
891 586 12 15 0.022434887 
118 463 12 16 0.022406893 
842 486 17 20 0.021902433 
973 427 15 17 0.021280043 
998 421 15 19 0.02122954 
907 350 13 16 0.021154972 
749 456 23 25 0.020812234 
777 97 20 27 0.020462098 
