52_Photographers_photographertakingphoto_52_578
23
948 168 63 71 0.9994154 
752 176 57 74 0.99935895 
803 152 52 65 0.9988199 
354 141 52 66 0.9986595 
280 184 67 77 0.9986172 
498 254 55 66 0.9971976 
66 145 84 106 0.9917836 
570 150 51 67 0.9811287 
105 121 69 90 0.9738546 
671 200 9 11 0.42257494 
459 211 12 14 0.25457036 
449 252 26 35 0.058810595 
204 213 28 30 0.050827015 
466 212 14 17 0.034983438 
628 182 13 17 0.03433328 
460 214 15 19 0.025900017 
325 195 32 43 0.025712064 
217 219 16 16 0.02561801 
228 203 13 15 0.025156518 
622 181 21 30 0.023731152 
255 221 10 12 0.023468597 
617 212 27 41 0.022902055 
573 270 44 54 0.020205263 
