52_Photographers_taketouristphotos_52_266
69
604 446 56 94 0.9965533 
322 389 26 33 0.9895522 
677 636 122 145 0.9504336 
453 374 31 41 0.9404323 
243 411 24 40 0.8318441 
346 377 14 21 0.47032574 
374 341 13 17 0.44446567 
595 301 15 17 0.42716697 
311 330 14 20 0.35031164 
412 340 9 12 0.21008115 
127 212 19 22 0.19394282 
538 313 19 21 0.1655503 
412 301 10 11 0.14633508 
389 355 13 17 0.14276354 
492 304 19 21 0.116574444 
174 337 22 28 0.114639536 
310 302 16 20 0.114029 
336 380 21 29 0.108284496 
636 308 22 26 0.10814187 
279 339 14 18 0.1065398 
547 306 17 20 0.08657577 
573 324 13 17 0.07311407 
445 376 15 23 0.060392343 
535 305 14 20 0.05790807 
619 376 15 22 0.056766048 
460 301 14 20 0.051190354 
395 278 11 14 0.049857747 
587 314 17 19 0.04777042 
389 340 10 13 0.04756743 
766 496 86 118 0.04529365 
170 222 22 28 0.04499715 
293 380 22 35 0.044379916 
579 322 15 18 0.043947753 
742 331 12 15 0.04244026 
119 216 16 19 0.042382468 
107 184 14 16 0.0420299 
592 327 21 26 0.038943257 
179 231 16 21 0.03859259 
586 320 21 24 0.03594961 
409 337 8 11 0.034940187 
186 260 13 18 0.034655895 
738 526 111 148 0.033550397 
593 310 18 20 0.03162893 
775 308 24 29 0.03035488 
444 308 15 17 0.03011917 
230 349 11 15 0.029750457 
422 388 12 15 0.029714227 
310 339 16 23 0.02910907 
213 419 28 38 0.027611822 
305 312 21 27 0.027183479 
496 310 19 21 0.027075965 
384 335 10 15 0.026926791 
230 343 11 14 0.026561858 
450 377 20 27 0.025924426 
641 301 18 20 0.024898935 
187 421 25 41 0.024893248 
552 300 16 19 0.024621218 
352 341 10 13 0.024465026 
443 317 17 17 0.024236865 
303 330 16 20 0.02377332 
513 341 9 11 0.02342289 
213 397 28 31 0.02276654 
352 336 9 12 0.02194064 
568 318 12 16 0.021359455 
631 306 15 19 0.021245698 
252 352 11 14 0.02104486 
185 281 14 22 0.020832554 
584 302 12 15 0.02082307 
176 213 11 13 0.020548718 
