52_Photographers_photographertakingphoto_52_428
21
501 313 140 112 0.997092 
1001 263 9 12 0.08250759 
926 255 10 12 0.06915481 
911 251 10 12 0.062461317 
975 178 12 14 0.060364973 
924 259 10 13 0.049603563 
985 285 11 14 0.048241623 
579 283 113 113 0.04503267 
639 251 75 130 0.04450867 
924 238 11 12 0.04340932 
973 264 9 11 0.031245785 
960 279 9 12 0.027257858 
947 222 11 13 0.02666245 
1000 238 9 12 0.026141156 
984 261 9 10 0.024242664 
932 245 10 12 0.023964815 
999 247 7 10 0.022554338 
917 245 10 13 0.021625785 
853 238 12 13 0.021074882 
994 247 8 10 0.021022847 
984 257 7 9 0.020332526 
