52_Photographers_taketouristphotos_52_51
24
448 933 35 47 0.9970572 
722 724 9 11 0.12223457 
840 872 8 10 0.06364967 
713 711 7 10 0.054552257 
527 22 10 13 0.050483957 
464 1198 8 12 0.043883406 
712 734 9 12 0.03938271 
709 717 8 10 0.03546525 
755 710 15 16 0.03236838 
743 711 8 10 0.032097504 
422 1234 9 10 0.029622063 
913 857 8 10 0.029328002 
433 1302 9 12 0.027149804 
734 893 7 10 0.026661439 
759 814 9 10 0.024283992 
743 704 8 10 0.024280818 
544 4 12 12 0.023485731 
433 1215 8 10 0.022561751 
717 705 8 10 0.022475606 
766 1283 25 28 0.022325473 
845 872 8 10 0.02212614 
743 717 8 10 0.021803819 
746 888 7 10 0.020611085 
921 705 8 10 0.020585826 
