52_Photographers_taketouristphotos_52_281
34
412 656 37 44 0.99405247 
156 635 29 35 0.46877816 
627 588 33 56 0.37286302 
153 619 30 36 0.11025303 
102 609 28 40 0.08814121 
290 616 19 21 0.07896532 
258 690 17 18 0.068055995 
167 644 24 30 0.06278963 
840 631 12 15 0.05653416 
813 807 23 30 0.047386594 
611 781 48 52 0.045021124 
290 600 16 18 0.040727343 
774 566 8 10 0.040719513 
710 577 15 19 0.03282684 
790 665 11 14 0.0321918 
785 569 9 12 0.031651136 
745 607 16 19 0.03028853 
751 573 10 12 0.030205367 
113 605 29 40 0.02996342 
262 144 14 17 0.02922459 
782 611 13 16 0.028908065 
260 648 26 31 0.02742324 
871 641 11 13 0.026351836 
237 713 11 16 0.02510031 
699 580 16 19 0.023384936 
788 612 14 17 0.023302756 
659 589 12 17 0.023175832 
342 587 11 13 0.021671815 
757 792 58 83 0.02157465 
92 606 27 33 0.021557929 
635 577 25 42 0.02145896 
822 625 13 15 0.021078547 
390 560 10 12 0.021075984 
811 802 15 23 0.020653868 
