52_Photographers_photographertakingphoto_52_506
56
433 301 48 59 0.9947429 
966 321 8 10 0.1795773 
526 313 8 10 0.1299541 
16 313 7 9 0.08008135 
320 393 7 9 0.07117139 
618 347 8 11 0.069968954 
554 308 9 12 0.06986439 
556 304 8 11 0.06378996 
8 298 7 9 0.057023514 
17 316 8 10 0.05532864 
66 306 6 8 0.04413955 
814 327 7 9 0.04279764 
921 350 7 10 0.041261423 
582 343 9 11 0.03976852 
95 349 7 9 0.039355002 
33 308 7 10 0.038315248 
538 317 7 10 0.037784778 
42 369 6 9 0.037447162 
122 447 6 9 0.035675015 
3 359 8 11 0.035243314 
992 349 7 10 0.033564948 
528 359 7 9 0.031199748 
609 359 8 9 0.031164354 
568 288 7 9 0.030898433 
30 358 7 9 0.030391982 
905 310 7 9 0.02994092 
80 320 7 8 0.029255936 
542 313 8 10 0.027295575 
992 325 7 9 0.027075557 
722 317 7 9 0.026161272 
911 334 7 9 0.026107864 
762 389 6 9 0.025489027 
17 380 9 12 0.02528436 
613 319 7 9 0.024756406 
1013 341 9 13 0.024733584 
0 312 6 8 0.024263723 
66 310 7 9 0.024218539 
1008 318 6 8 0.023732075 
951 318 7 10 0.023346849 
761 366 6 9 0.02329712 
674 338 7 9 0.023082748 
22 368 7 9 0.022921024 
519 393 8 11 0.02290883 
0 375 8 10 0.022807999 
910 310 7 9 0.022724172 
128 462 6 9 0.022581296 
713 350 7 9 0.021567633 
769 318 6 8 0.021163166 
56 317 6 9 0.021085816 
824 313 6 8 0.02101786 
982 312 7 9 0.020795466 
983 319 7 9 0.020618143 
522 316 10 13 0.020592466 
687 358 8 10 0.020421065 
550 316 9 11 0.020197103 
208 413 7 9 0.020033805 
