52_Photographers_taketouristphotos_52_123
20
736 267 114 132 0.99930155 
219 121 123 160 0.99850947 
644 212 52 88 0.9937982 
961 427 28 32 0.68759555 
863 283 37 65 0.07556287 
901 419 34 41 0.07167159 
942 306 12 15 0.054459415 
923 216 13 17 0.050430976 
936 979 10 12 0.046844132 
901 558 9 11 0.044927385 
938 996 16 19 0.043516766 
955 863 15 19 0.035719685 
978 867 12 15 0.032019805 
915 989 11 16 0.029007614 
928 911 11 15 0.027607048 
966 285 13 13 0.026114939 
904 333 9 12 0.02298549 
906 462 16 20 0.021724226 
982 287 11 13 0.020808298 
944 360 9 11 0.020382006 
