52_Photographers_taketouristphotos_52_328
45
247 141 140 207 0.9973997 
743 497 8 10 0.12239658 
989 716 9 12 0.086108275 
662 519 10 12 0.07384694 
860 622 10 13 0.059025023 
752 493 8 11 0.05848513 
846 610 11 13 0.052969288 
849 525 8 10 0.052280933 
970 526 9 10 0.047148325 
868 535 9 11 0.043227516 
757 573 9 11 0.043009132 
761 470 8 9 0.034694616 
886 574 9 10 0.034180477 
754 489 8 10 0.03277621 
878 510 9 11 0.0327002 
705 494 8 10 0.031971928 
817 580 9 12 0.028349793 
909 465 9 10 0.02779914 
729 438 8 10 0.02747766 
947 691 12 14 0.027050344 
705 470 7 9 0.02627611 
863 496 8 11 0.026207322 
841 582 8 11 0.025711527 
720 504 9 11 0.025653781 
886 621 10 11 0.024914615 
944 462 11 13 0.024807563 
760 479 7 9 0.024552887 
894 568 7 10 0.024336722 
757 492 8 10 0.023922376 
713 480 7 9 0.023699349 
797 718 9 11 0.023090806 
673 510 8 10 0.022548482 
574 496 8 10 0.022403572 
769 516 10 13 0.022299698 
703 521 8 11 0.02197349 
959 444 11 14 0.021522522 
729 488 7 10 0.021441473 
918 549 10 11 0.021418657 
864 528 9 12 0.021295559 
737 501 8 10 0.02119392 
672 503 9 10 0.021176497 
852 614 12 13 0.02078691 
737 495 9 11 0.020640846 
726 504 9 11 0.020451186 
890 567 8 11 0.02044325 
