52_Photographers_photographertakingphoto_52_263
34
626 262 27 35 0.99564785 
801 284 22 39 0.98784083 
402 292 23 31 0.9858375 
353 299 21 30 0.9828705 
136 294 20 31 0.9813835 
753 282 21 38 0.97602254 
685 246 22 36 0.9665503 
39 279 20 29 0.9478465 
470 305 15 19 0.8460492 
315 308 13 16 0.57960445 
673 368 38 51 0.56551033 
270 300 13 17 0.45974728 
62 390 18 22 0.35363993 
77 316 20 24 0.3187658 
633 308 28 29 0.22146943 
69 385 19 28 0.08386538 
179 313 14 17 0.076887116 
272 304 16 20 0.07346861 
32 374 27 35 0.071347825 
781 378 47 58 0.049804434 
858 462 45 56 0.041312695 
865 339 26 38 0.039789774 
718 392 38 53 0.038728535 
465 302 12 19 0.038091615 
577 343 7 11 0.03673107 
456 444 13 16 0.034036815 
81 391 16 23 0.031001331 
713 382 29 46 0.030558104 
863 358 41 55 0.030112281 
342 302 16 22 0.029272268 
545 119 430 465 0.02826856 
857 354 29 42 0.027336327 
480 304 14 19 0.025265219 
71 314 17 21 0.021577418 
