52_Photographers_taketouristphotos_52_288
22
985 73 31 42 0.9964994 
703 301 34 45 0.9959253 
768 12 29 35 0.9924257 
842 202 36 46 0.99128515 
830 387 33 47 0.9827188 
880 29 27 40 0.9628901 
720 28 25 30 0.9532521 
1003 314 20 28 0.92923516 
170 201 9 11 0.49923348 
270 221 11 12 0.30086178 
70 210 10 13 0.17939226 
880 78 28 29 0.06753781 
812 256 13 18 0.052721463 
608 12 26 37 0.052571505 
984 214 32 40 0.043231294 
677 1 23 26 0.03547269 
574 143 35 40 0.030381447 
775 445 43 51 0.029975176 
957 357 17 19 0.025823353 
803 253 22 30 0.022094643 
168 218 12 13 0.020427123 
697 60 15 18 0.02042363 
