29_Students_Schoolkids_Students_Schoolkids_29_524
22
185 154 45 53 0.99589646 
428 65 42 47 0.9914813 
564 314 41 35 0.98996174 
207 29 39 49 0.9827397 
615 353 43 51 0.9713558 
415 316 45 39 0.9436285 
126 236 55 33 0.8282592 
173 451 50 69 0.5996119 
675 544 43 54 0.58391887 
794 170 12 15 0.0704357 
590 208 17 18 0.04392578 
438 52 438 526 0.039093483 
543 532 9 11 0.033584736 
256 135 32 46 0.027950343 
249 415 44 53 0.025813121 
121 223 35 38 0.024642948 
638 364 37 45 0.022683313 
500 511 12 16 0.022559596 
623 521 21 21 0.02215338 
505 496 10 11 0.021784449 
214 405 45 55 0.02142895 
599 605 12 15 0.020164264 
