29_Students_Schoolkids_Students_Schoolkids_29_10
41
658 367 24 30 0.99483794 
576 335 22 29 0.99089056 
525 376 23 28 0.9905633 
422 352 25 34 0.9878479 
482 366 21 30 0.9872242 
458 293 19 23 0.9805268 
526 318 16 21 0.94225067 
465 328 20 27 0.92958546 
628 351 22 24 0.9208624 
558 280 14 18 0.9199164 
524 275 12 15 0.866634 
485 303 13 15 0.8323223 
613 319 20 26 0.59894425 
595 290 13 16 0.59411 
508 289 13 16 0.55807734 
523 360 17 22 0.13662657 
503 297 13 15 0.108056106 
434 366 23 33 0.09763375 
525 299 12 15 0.07014545 
427 482 17 20 0.046459444 
653 361 21 28 0.0430921 
483 274 11 13 0.037552822 
638 354 21 26 0.03616081 
545 199 10 14 0.034752022 
539 389 21 29 0.034459006 
514 291 12 15 0.033002455 
603 313 15 19 0.03287449 
516 284 12 14 0.029953795 
615 261 10 12 0.029534465 
607 322 16 21 0.027796892 
519 300 13 15 0.027396863 
598 309 15 19 0.025554853 
550 372 14 18 0.02360515 
500 321 14 18 0.02348962 
615 254 11 13 0.023053683 
419 337 17 20 0.02277509 
637 165 11 14 0.022274006 
421 340 22 31 0.022228232 
582 129 15 17 0.022146711 
634 254 9 12 0.021383459 
599 264 9 11 0.020033259 
