29_Students_Schoolkids_Students_Schoolkids_29_251
27
50 559 73 82 0.99950624 
383 481 65 74 0.9994271 
484 472 59 71 0.99924076 
214 266 67 69 0.9992157 
657 269 61 74 0.9991043 
747 493 72 88 0.99903834 
48 314 60 66 0.9989925 
905 215 67 69 0.99885404 
316 331 55 68 0.99877304 
501 220 66 83 0.99869764 
733 299 72 83 0.9986809 
638 171 57 72 0.9985751 
375 275 55 57 0.9983004 
263 468 69 81 0.99819225 
112 198 59 70 0.99806005 
407 112 51 58 0.995971 
549 355 73 69 0.99581844 
897 97 48 57 0.995682 
219 198 47 48 0.9520519 
380 209 48 53 0.9198871 
508 145 46 58 0.854547 
246 354 56 64 0.6348522 
975 237 41 64 0.044335607 
559 249 42 53 0.039482594 
536 238 52 67 0.03448594 
581 494 15 18 0.031951364 
508 174 58 74 0.028397039 
