29_Students_Schoolkids_Students_Schoolkids_29_624
67
145 147 47 58 0.99692804 
759 260 9 13 0.88906366 
558 286 16 21 0.85488206 
343 247 7 9 0.45703003 
252 252 8 10 0.33372176 
684 260 10 13 0.30050758 
283 254 8 9 0.28975683 
407 250 7 9 0.24228331 
677 283 9 13 0.2162633 
236 278 9 11 0.18018916 
798 253 7 10 0.17235899 
696 251 9 12 0.16656294 
205 263 8 10 0.15114377 
737 245 7 9 0.13417244 
1007 260 13 17 0.0921159 
687 255 10 12 0.087681234 
279 263 9 12 0.077862404 
741 261 8 11 0.061613392 
414 303 14 17 0.060359113 
671 242 7 10 0.058296815 
426 277 9 12 0.051738296 
57 259 10 13 0.05030028 
262 276 8 10 0.045401532 
510 260 9 12 0.044727627 
553 289 13 18 0.04435535 
232 255 8 11 0.04342156 
679 267 11 14 0.0428586 
286 269 10 15 0.041973066 
804 304 9 12 0.039710946 
542 300 11 14 0.03953822 
823 240 9 11 0.03504843 
102 263 7 9 0.03324574 
576 308 12 15 0.032663293 
783 262 6 9 0.032631338 
737 261 9 12 0.03224098 
508 277 9 12 0.03167316 
727 262 8 11 0.031185726 
504 247 9 10 0.030783031 
767 278 9 11 0.029745996 
690 249 8 10 0.028230207 
286 261 10 12 0.027494842 
777 261 8 10 0.027064355 
223 261 8 10 0.027008887 
496 307 9 13 0.026763648 
200 269 8 10 0.02672004 
225 295 9 11 0.02670247 
239 255 7 10 0.02580959 
721 247 8 11 0.025573615 
741 244 8 11 0.02530196 
39 269 10 12 0.025187049 
727 247 8 10 0.02492391 
271 248 8 10 0.024891192 
815 254 8 9 0.024883553 
304 293 9 11 0.02386341 
285 250 8 10 0.023615463 
241 261 7 10 0.023535602 
768 249 8 10 0.023406025 
292 270 9 12 0.022259044 
238 274 8 10 0.022251712 
725 254 9 11 0.021973513 
281 275 10 14 0.021734018 
14 291 204 313 0.021446884 
699 248 10 12 0.021331407 
759 239 7 8 0.02130258 
231 260 8 11 0.021113876 
694 260 10 12 0.020801611 
721 253 9 12 0.020522399 
