29_Students_Schoolkids_Students_Schoolkids_29_130
27
99 259 55 68 0.9975147 
238 242 31 32 0.9841562 
379 167 40 50 0.98264474 
533 243 31 40 0.94306093 
607 430 43 61 0.8752657 
676 497 37 62 0.60353786 
319 210 14 17 0.36119503 
249 291 31 27 0.2571614 
26 302 23 39 0.21387887 
359 199 11 14 0.15393525 
379 243 20 20 0.13587736 
14 234 13 16 0.087835565 
352 198 9 13 0.08696174 
467 202 24 30 0.0672618 
314 211 22 30 0.056371894 
154 260 26 32 0.054934133 
0 263 32 61 0.04899979 
12 278 33 58 0.045341827 
625 423 32 47 0.044615842 
387 234 18 23 0.037934326 
40 249 13 17 0.032034673 
482 208 14 19 0.027930282 
234 281 36 40 0.026893128 
273 295 17 22 0.025154533 
246 196 9 11 0.022569627 
266 279 24 36 0.021827132 
256 285 21 23 0.021321224 
