29_Students_Schoolkids_Students_Schoolkids_29_684
34
455 40 51 65 0.99950933 
207 61 58 67 0.99631065 
789 479 7 10 0.5854811 
658 494 8 10 0.16411576 
845 461 9 12 0.14987414 
991 471 7 9 0.10352568 
964 463 9 12 0.08993774 
831 468 9 11 0.08314251 
565 526 10 12 0.081447914 
843 457 8 11 0.06015156 
293 510 8 9 0.058466166 
322 519 6 8 0.057097886 
358 130 33 45 0.052983202 
215 538 8 9 0.047921237 
674 496 7 9 0.036202732 
637 502 11 12 0.032855455 
987 472 7 9 0.030759573 
838 469 9 11 0.029751282 
700 502 8 11 0.029282194 
960 467 11 16 0.029198345 
848 467 9 11 0.02906421 
559 525 13 16 0.028725537 
425 541 8 10 0.028707704 
549 525 14 16 0.028627345 
601 494 8 9 0.028362043 
1000 464 8 10 0.028026778 
880 488 8 11 0.027978303 
952 453 9 11 0.027459394 
949 447 9 11 0.026535941 
678 495 7 9 0.02471235 
853 469 8 10 0.021674758 
440 518 7 8 0.020971786 
295 537 8 10 0.0207056 
638 513 13 18 0.020600423 
