29_Students_Schoolkids_Students_Schoolkids_29_158
29
577 697 74 88 0.99836475 
594 397 46 55 0.99809533 
552 500 46 56 0.98529994 
508 236 11 15 0.27940845 
730 214 9 11 0.2710688 
687 170 11 15 0.15920913 
753 267 9 11 0.1037642 
438 164 10 12 0.099258475 
767 251 11 13 0.07498318 
773 250 11 14 0.067838535 
431 276 9 13 0.059669178 
455 184 10 13 0.054826036 
52 1095 112 160 0.05453669 
40 232 30 41 0.040573105 
664 226 10 14 0.04039712 
737 229 10 13 0.03328344 
763 197 12 15 0.032076597 
719 223 9 12 0.03204876 
452 226 12 14 0.031596728 
521 157 9 11 0.031395074 
924 362 15 16 0.030776758 
619 319 13 14 0.030330181 
368 87 10 13 0.0302736 
630 213 11 13 0.02706875 
827 390 45 57 0.025204122 
780 252 9 13 0.023736442 
600 246 12 13 0.021989614 
548 266 13 14 0.020637969 
533 737 482 467 0.020522822 
