29_Students_Schoolkids_Students_Schoolkids_29_494
54
295 323 59 62 0.99873215 
351 241 53 61 0.99843806 
786 129 28 36 0.9953751 
462 155 34 37 0.992336 
382 167 34 34 0.9915202 
283 27 41 47 0.9865095 
718 130 29 44 0.98441446 
437 161 23 29 0.9590326 
542 148 25 37 0.9436667 
352 162 21 30 0.83830637 
822 134 22 26 0.8197534 
606 193 24 46 0.6879901 
657 139 24 39 0.63212067 
863 142 25 27 0.5642007 
478 238 37 43 0.43205604 
570 164 26 39 0.4292969 
909 142 24 27 0.42756456 
892 134 15 28 0.38920987 
261 303 30 48 0.23792942 
249 221 30 46 0.23196821 
672 237 36 50 0.11260232 
558 166 23 34 0.09743614 
506 153 23 29 0.07889799 
482 33 434 482 0.06978279 
618 142 24 32 0.06514536 
509 169 18 23 0.06305041 
548 237 38 50 0.061585188 
588 178 36 52 0.054318476 
74 173 57 66 0.053392474 
655 276 14 18 0.047832895 
227 281 30 45 0.04715685 
382 218 37 48 0.045019858 
527 204 23 28 0.044851214 
574 170 39 52 0.04307985 
409 417 30 37 0.039677292 
238 236 38 45 0.03669875 
579 404 22 19 0.033785984 
231 253 39 50 0.033562783 
269 304 40 57 0.033285994 
667 225 26 45 0.031961337 
649 130 22 39 0.030457666 
291 567 52 46 0.029463422 
159 299 46 60 0.02737983 
873 130 22 32 0.025718194 
652 151 39 50 0.024762059 
238 269 25 43 0.02474027 
523 301 15 18 0.023499798 
809 126 25 34 0.023340495 
210 356 45 60 0.023188693 
626 148 30 34 0.022571879 
354 405 39 52 0.021896308 
577 156 26 36 0.020879097 
363 162 30 35 0.02082151 
515 147 22 31 0.020275993 
