29_Students_Schoolkids_Students_Schoolkids_29_489
27
440 232 123 141 0.99975485 
818 56 58 72 0.999172 
622 135 86 110 0.9987625 
517 9 43 58 0.9935191 
109 24 45 54 0.9828279 
286 18 31 46 0.97708845 
586 -1 26 44 0.9345169 
398 57 40 56 0.92844355 
312 8 31 42 0.9098873 
15 178 63 115 0.9074365 
952 36 38 61 0.6944636 
891 -1 40 29 0.35842392 
298 15 30 42 0.28252697 
26 60 28 37 0.2678484 
749 100 13 16 0.16382344 
738 102 15 19 0.12836404 
0 62 26 44 0.11554942 
519 548 12 15 0.09462349 
764 92 11 15 0.07569411 
767 138 11 16 0.055405583 
726 84 13 16 0.042216875 
11 63 30 44 0.04049914 
757 103 14 19 0.032529846 
796 243 37 41 0.029698927 
744 116 12 15 0.028830664 
798 95 11 14 0.027993057 
758 91 22 28 0.022442058 
