29_Students_Schoolkids_Students_Schoolkids_29_311
30
300 379 13 17 0.98403513 
233 377 18 23 0.9759813 
445 393 17 20 0.95947576 
120 369 11 15 0.9426261 
47 373 15 18 0.90581393 
0 364 8 12 0.6971598 
447 365 12 15 0.66450465 
204 380 13 17 0.59793407 
684 416 17 23 0.21744104 
201 387 14 17 0.20210063 
436 436 17 26 0.17498058 
75 389 10 12 0.15417801 
829 426 9 13 0.11052842 
32 372 9 12 0.098251894 
688 424 16 20 0.09555853 
138 405 10 13 0.07032676 
18 430 12 16 0.05941135 
164 379 9 12 0.048750114 
94 381 12 14 0.042150065 
720 435 14 21 0.033517536 
367 389 9 11 0.031181 
471 432 8 13 0.030821025 
32 380 11 15 0.030651106 
687 409 19 22 0.03049223 
21 418 13 16 0.028614433 
13 373 8 12 0.027637305 
446 374 14 18 0.0247614 
39 373 11 14 0.023905959 
2 407 13 20 0.022522476 
211 386 12 17 0.02105135 
