29_Students_Schoolkids_Students_Schoolkids_29_21
44
461 153 108 137 0.9997781 
743 199 124 173 0.9993901 
315 93 57 73 0.9990823 
616 59 48 64 0.99868053 
207 106 53 64 0.9985599 
944 60 56 69 0.9984006 
152 82 49 61 0.997357 
73 142 69 84 0.9958473 
877 14 38 47 0.9945555 
766 62 54 67 0.99326104 
74 62 35 44 0.99282104 
10 72 27 34 0.9909051 
578 54 35 46 0.99068856 
112 56 41 49 0.9877642 
730 36 33 46 0.9875723 
452 59 42 55 0.98274565 
582 16 26 33 0.9805865 
804 20 32 38 0.97054255 
404 51 25 33 0.96895796 
663 28 28 34 0.9637521 
435 34 33 40 0.9577364 
993 30 29 42 0.95063764 
924 36 38 51 0.94764024 
467 23 27 32 0.92409855 
500 48 33 46 0.84694076 
361 77 33 41 0.6147288 
513 91 51 64 0.51859665 
385 79 23 33 0.17044267 
491 57 28 42 0.093945995 
337 88 49 62 0.06668723 
362 100 28 41 0.049069498 
734 22 33 41 0.04029551 
548 115 48 63 0.03869142 
153 57 28 34 0.037157744 
493 100 85 112 0.03643357 
422 43 27 38 0.03535951 
88 59 29 40 0.032594755 
167 95 51 62 0.031100024 
448 35 39 50 0.030045815 
476 61 30 43 0.03001641 
396 83 22 33 0.027634274 
-2 101 19 38 0.02468052 
495 74 43 61 0.023384113 
412 57 27 38 0.020023404 
