29_Students_Schoolkids_Students_Schoolkids_29_316
34
633 181 114 141 0.9997004 
166 153 103 128 0.9994673 
97 1 57 63 0.9992735 
937 0 68 72 0.9991406 
257 17 68 80 0.9991296 
327 20 57 66 0.9980539 
26 132 77 86 0.99771935 
156 20 50 59 0.99758327 
499 0 70 56 0.9974941 
290 123 78 98 0.9972692 
763 0 51 55 0.9968286 
406 0 48 52 0.9965402 
885 99 83 98 0.99619067 
828 10 80 91 0.9960227 
707 0 61 53 0.9959473 
554 109 87 104 0.994467 
565 3 43 51 0.9904923 
205 23 43 53 0.98931015 
60 -2 42 39 0.9834035 
654 0 37 40 0.9820201 
-1 56 57 78 0.9812893 
483 16 36 51 0.17069726 
14 77 60 83 0.10632809 
286 9 74 91 0.06390083 
999 3 24 40 0.0616818 
-1 393 36 73 0.060103245 
372 23 30 43 0.042456552 
398 198 14 19 0.041559465 
143 25 29 41 0.036336415 
489 4 44 49 0.029505778 
1010 10 14 24 0.028657274 
732 61 11 14 0.021027459 
841 34 89 110 0.020558631 
626 133 26 39 0.02048556 
