29_Students_Schoolkids_Students_Schoolkids_29_161
20
575 159 116 164 0.998823 
845 83 89 108 0.9972361 
518 151 75 103 0.9906081 
367 180 24 36 0.9399683 
469 182 16 26 0.36564022 
553 143 96 142 0.23855136 
478 235 15 18 0.107923575 
467 248 13 16 0.041047096 
782 17 87 115 0.040032905 
203 304 25 37 0.036063448 
888 8 46 56 0.034215517 
972 72 13 14 0.03320387 
462 234 24 29 0.030557984 
751 37 59 85 0.028159011 
495 218 33 46 0.027346566 
358 189 28 36 0.025804512 
472 184 24 33 0.024990994 
485 272 15 20 0.021832641 
481 273 11 16 0.021032358 
350 182 27 31 0.020828603 
