29_Students_Schoolkids_Students_Schoolkids_29_310
38
95 207 60 77 0.9994143 
652 188 60 72 0.999403 
468 198 56 71 0.99939 
832 211 63 78 0.9993703 
283 197 57 77 0.9991534 
547 161 100 116 0.9929007 
762 181 79 105 0.8509604 
362 211 102 135 0.8223037 
488 416 9 12 0.7782072 
469 418 9 12 0.588036 
372 404 9 12 0.55698806 
354 406 9 11 0.4701007 
680 382 9 11 0.46768817 
838 408 10 14 0.45601746 
80 399 10 12 0.43467218 
660 386 10 13 0.41314206 
703 382 10 12 0.21812108 
509 420 9 12 0.1832675 
858 400 12 14 0.13558199 
444 436 12 15 0.10411559 
386 406 9 11 0.09462364 
434 433 16 19 0.091141865 
885 401 10 12 0.055470176 
349 413 12 15 0.041281886 
100 398 11 11 0.038693294 
349 420 10 13 0.038585167 
518 432 12 13 0.033316832 
506 417 9 12 0.027661009 
123 402 11 13 0.026693555 
602 172 76 97 0.024515389 
355 420 12 13 0.023980243 
527 446 13 14 0.023574684 
409 423 9 13 0.02351544 
518 163 82 104 0.022882843 
471 439 8 11 0.02238115 
383 400 8 11 0.021925723 
345 415 10 14 0.020754676 
356 412 12 15 0.020133875 
