29_Students_Schoolkids_Students_Schoolkids_29_312
39
498 66 88 122 0.99911565 
685 40 9 10 0.41982734 
745 24 8 10 0.29253668 
719 12 9 12 0.22541504 
790 29 9 12 0.1399056 
765 24 8 10 0.13711873 
767 4 8 10 0.119657815 
733 23 8 10 0.10537409 
717 33 9 11 0.0883997 
736 9 7 9 0.072222255 
721 295 265 328 0.071396165 
672 44 9 11 0.06955202 
699 15 8 11 0.06530977 
861 28 10 12 0.054950103 
702 39 8 10 0.052105587 
618 24 8 10 0.04112451 
745 6 9 10 0.037746634 
725 12 8 11 0.037250835 
670 24 9 12 0.037015628 
820 19 10 13 0.03391631 
776 38 9 11 0.03374998 
714 37 9 11 0.033565797 
790 33 13 14 0.033485025 
733 36 9 12 0.033407073 
617 28 8 10 0.030862074 
759 62 14 16 0.030256467 
726 8 9 11 0.030094912 
183 76 8 12 0.029969588 
732 30 10 12 0.029736819 
621 45 8 10 0.026912702 
697 21 8 10 0.02633486 
750 12 8 10 0.024829429 
745 13 8 10 0.024595862 
715 13 8 12 0.022802418 
687 23 8 10 0.022416802 
686 8 7 10 0.020686965 
639 29 9 12 0.020646317 
638 24 9 12 0.020353565 
686 14 7 9 0.020325439 
