29_Students_Schoolkids_Students_Schoolkids_29_358
53
268 362 17 21 0.98192847 
489 381 17 21 0.9736415 
573 391 17 21 0.9706361 
545 379 18 23 0.960682 
844 409 20 27 0.95515245 
624 375 20 27 0.9537627 
940 422 22 25 0.9207374 
711 374 21 24 0.87977815 
672 388 18 23 0.8301169 
768 391 19 23 0.80672795 
433 400 17 22 0.78799486 
498 421 18 22 0.77095354 
340 443 16 20 0.7267005 
363 423 15 19 0.56475055 
473 434 15 17 0.48170283 
311 439 14 18 0.45971924 
739 425 15 20 0.33740136 
887 403 15 19 0.32387686 
251 435 15 18 0.28199688 
534 420 16 19 0.23559068 
401 409 15 17 0.18132657 
797 405 16 23 0.15782137 
534 403 16 19 0.14145368 
475 413 13 17 0.124549076 
778 379 13 16 0.11593046 
326 445 13 17 0.076071255 
333 446 16 19 0.070285305 
694 372 16 22 0.06939299 
286 436 15 18 0.055302154 
776 388 16 21 0.045475166 
715 365 15 18 0.042418756 
803 396 16 21 0.041878488 
252 423 20 27 0.03839795 
459 430 11 16 0.037263088 
811 395 12 17 0.03398735 
346 413 14 17 0.033196986 
368 420 15 19 0.027572853 
454 413 14 16 0.02677503 
948 413 16 19 0.026562082 
566 377 13 16 0.026449807 
694 385 16 21 0.025918936 
965 438 11 15 0.025844593 
412 410 14 17 0.024687044 
826 398 17 20 0.024410984 
798 387 15 17 0.024052551 
802 413 14 19 0.023889707 
789 357 227 236 0.022136139 
571 371 15 17 0.02195758 
878 399 20 25 0.021710018 
483 411 15 18 0.02151753 
418 421 12 16 0.021271357 
396 418 15 17 0.020563819 
364 415 15 17 0.020400349 
