29_Students_Schoolkids_Students_Schoolkids_29_66
29
450 169 33 44 0.99314815 
397 105 36 46 0.9909305 
645 128 36 45 0.9908573 
16 138 22 43 0.9846777 
319 108 38 47 0.98065645 
188 91 29 44 0.9674301 
474 123 28 46 0.96218777 
324 193 27 53 0.94776815 
817 177 20 35 0.9029049 
283 116 22 38 0.9018526 
112 123 24 49 0.7570998 
170 145 22 40 0.72525734 
704 200 21 44 0.6750663 
917 174 19 35 0.58474565 
779 142 19 32 0.45314538 
-1 164 18 44 0.37430182 
905 172 21 35 0.16249709 
505 124 30 44 0.1621957 
877 149 16 25 0.1295648 
103 106 28 53 0.109405436 
979 142 27 32 0.067197375 
535 84 22 38 0.06108027 
8 152 23 40 0.047794912 
447 475 12 14 0.03911024 
234 127 20 23 0.037889514 
716 203 22 38 0.02828296 
486 129 38 43 0.024690665 
628 477 11 12 0.022440337 
911 210 12 17 0.021697206 
