29_Students_Schoolkids_Students_Schoolkids_29_221
47
264 229 27 37 0.9924367 
524 192 14 21 0.9821295 
226 217 36 63 0.961498 
734 190 9 12 0.9224288 
381 217 24 51 0.89863795 
291 234 17 26 0.7588958 
445 269 23 51 0.689103 
493 201 8 10 0.5065596 
767 192 8 10 0.46590772 
783 183 8 10 0.40109354 
813 214 7 10 0.38604552 
758 216 10 12 0.37872806 
162 239 16 22 0.35176066 
715 194 8 10 0.35172108 
566 195 9 11 0.33463526 
761 191 8 10 0.111025035 
71 279 12 15 0.087833636 
562 198 9 10 0.07987128 
245 215 26 47 0.0763991 
754 191 7 10 0.07569879 
165 239 24 33 0.05872121 
127 296 10 13 0.04930794 
151 241 23 24 0.047581647 
169 236 15 22 0.037595503 
825 159 8 10 0.037092716 
712 221 8 12 0.036165264 
543 192 9 12 0.033161853 
800 165 8 9 0.032975268 
31 291 14 17 0.03152505 
794 221 7 10 0.030289315 
573 197 8 10 0.02979134 
736 222 8 11 0.028991431 
814 210 8 10 0.027572962 
316 258 17 23 0.027533218 
834 189 8 10 0.02751456 
733 215 9 12 0.027382595 
783 205 7 9 0.027341817 
526 325 14 21 0.026744945 
779 183 8 10 0.026470918 
719 158 7 9 0.024743179 
451 260 28 53 0.023486024 
601 182 8 10 0.023401355 
763 215 10 12 0.022390384 
765 221 10 11 0.021232547 
560 205 9 11 0.021145614 
501 206 9 11 0.020938892 
582 189 9 11 0.020927778 
