40_Gymnastics_Gymnastics_40_698
23
357 75 36 42 0.99416924 
776 87 50 49 0.9920712 
582 43 36 41 0.9919117 
861 38 35 40 0.9915686 
253 44 40 51 0.9867684 
290 117 58 43 0.9369671 
527 475 39 61 0.57653546 
633 38 23 25 0.5580438 
531 14 26 34 0.26337633 
573 136 44 42 0.2501901 
200 25 34 44 0.22052798 
187 28 34 51 0.1475753 
176 34 25 37 0.14609975 
126 11 28 30 0.10667332 
630 285 47 48 0.10393451 
160 2 19 17 0.052208148 
517 446 49 63 0.045845147 
140 0 30 33 0.027859708 
954 22 18 21 0.02516741 
121 12 21 24 0.024837578 
156 30 40 55 0.02226774 
516 473 33 49 0.022252314 
828 111 33 41 0.020326285 
