40_Gymnastics_Gymnastics_40_47
23
593 68 71 99 0.9965264 
810 497 29 43 0.9111462 
440 77 25 32 0.41746664 
992 477 27 49 0.30553144 
332 39 25 35 0.10784595 
43 133 19 23 0.08532484 
3 133 22 29 0.06930609 
171 635 37 45 0.056097437 
360 101 29 31 0.052477665 
321 101 25 33 0.048463054 
989 4 25 31 0.044186566 
95 539 30 39 0.035402 
84 43 17 26 0.030728761 
875 16 35 51 0.030016728 
283 29 26 34 0.027818304 
102 117 24 30 0.027778126 
130 171 16 21 0.02611701 
358 110 36 41 0.024758155 
732 47 23 28 0.024099108 
548 76 16 23 0.023875846 
564 457 54 45 0.02201792 
90 153 27 34 0.021604998 
661 41 33 43 0.020745443 
