40_Gymnastics_Gymnastics_40_593
122
301 185 44 58 0.99791425 
171 263 42 53 0.9956142 
754 196 36 49 0.9952238 
939 300 39 50 0.992939 
627 201 41 54 0.9918201 
543 182 40 51 0.9907862 
841 254 40 49 0.9901078 
73 292 35 45 0.98934364 
420 208 37 49 0.9886614 
36 245 44 54 0.98496664 
15 108 21 28 0.9187256 
99 42 19 24 0.8891248 
21 47 24 30 0.8809323 
112 118 18 22 0.8242642 
166 139 20 25 0.7782652 
230 252 20 27 0.7599666 
557 133 21 27 0.72982985 
770 0 19 23 0.68155116 
16 218 18 22 0.645051 
948 119 18 22 0.62153023 
910 27 16 22 0.61382574 
777 172 27 37 0.5635742 
868 193 17 22 0.55288666 
708 98 24 31 0.5519218 
840 36 17 19 0.5453569 
413 115 24 29 0.5410788 
410 66 19 23 0.49296632 
233 34 15 19 0.4754084 
91 162 23 28 0.42806786 
932 176 16 21 0.41777983 
0 270 17 21 0.32300243 
547 72 18 21 0.25985196 
971 72 19 24 0.24210438 
656 63 18 23 0.20014013 
696 30 13 16 0.1964229 
842 80 17 25 0.1790452 
40 117 14 18 0.13372134 
362 19 16 19 0.12882845 
628 62 19 22 0.116118014 
77 63 12 15 0.11604047 
84 178 26 35 0.115726285 
237 190 16 22 0.113067254 
695 2 20 22 0.112226374 
70 234 23 29 0.10621914 
1007 31 16 23 0.10269212 
662 31 15 20 0.101491936 
162 27 17 21 0.1004859 
-1 69 8 14 0.09930722 
459 91 13 17 0.09135855 
142 232 20 29 0.09061223 
945 257 20 22 0.08762684 
644 16 13 17 0.08044024 
710 33 18 21 0.07986547 
223 137 27 36 0.07809508 
748 167 24 32 0.074309886 
700 261 16 22 0.07132085 
550 76 26 35 0.07109912 
508 33 14 16 0.06574265 
73 160 15 18 0.06358812 
626 35 19 20 0.05974868 
837 86 14 20 0.053863153 
823 0 15 14 0.051000744 
500 11 15 17 0.050884 
505 82 15 17 0.04923887 
618 1 20 20 0.04558976 
954 89 14 17 0.044720255 
792 103 21 29 0.044018693 
150 22 23 28 0.042437527 
643 19 20 29 0.04168824 
622 150 26 36 0.04019205 
554 87 28 37 0.039348703 
704 109 31 40 0.03811183 
756 180 31 44 0.037971865 
600 17 13 16 0.037769854 
371 61 15 19 0.03700871 
520 23 10 13 0.036624394 
552 57 46 58 0.0364332 
633 39 17 19 0.03510572 
1005 38 19 32 0.034710012 
154 63 18 21 0.034688372 
886 18 17 21 0.03441614 
885 116 15 20 0.03386417 
866 50 16 21 0.032947715 
12 50 17 22 0.029739179 
75 466 21 27 0.02944937 
496 36 11 16 0.029182585 
780 187 17 25 0.02902456 
436 12 22 28 0.028756324 
640 60 22 26 0.028311724 
348 64 28 35 0.027967796 
795 62 17 24 0.027939593 
965 102 15 18 0.027893938 
355 21 24 31 0.027649224 
85 197 18 22 0.026739236 
886 32 17 22 0.026445461 
314 14 26 30 0.026195338 
280 18 18 22 0.026073722 
709 67 25 29 0.025989505 
624 48 24 27 0.025898792 
853 161 15 23 0.025813472 
502 34 13 16 0.025161518 
151 259 30 43 0.025100917 
304 -1 20 17 0.02486768 
703 185 13 19 0.024515878 
926 192 15 17 0.02415413 
677 65 14 19 0.024054201 
789 65 15 22 0.023973232 
665 65 15 19 0.0235584 
436 24 17 21 0.023257306 
107 219 19 25 0.023045959 
803 54 12 16 0.022664253 
249 63 16 23 0.022447834 
971 146 26 36 0.022115732 
452 91 21 26 0.022110285 
832 90 13 18 0.021601792 
697 28 20 24 0.021506602 
413 46 27 31 0.0209303 
68 246 17 23 0.020807065 
979 0 15 13 0.020778777 
885 61 15 20 0.020610258 
27 0 15 13 0.020602511 
481 89 28 34 0.02001455 
