40_Gymnastics_Gymnastics_40_242
39
479 448 101 65 0.98262906 
756 570 16 22 0.20645894 
212 501 10 14 0.12255891 
799 597 14 17 0.10868805 
750 423 11 14 0.070198946 
775 529 13 16 0.060923643 
377 429 9 12 0.05772238 
903 555 11 14 0.056141023 
724 422 12 16 0.054463565 
860 553 16 22 0.04444271 
413 582 15 19 0.041858077 
976 484 13 16 0.040172584 
164 207 502 473 0.039021105 
78 516 11 13 0.03771763 
654 253 11 12 0.037293658 
110 489 8 11 0.0372484 
22 521 14 17 0.03306642 
340 585 9 11 0.03306321 
233 509 11 14 0.031224193 
767 469 13 16 0.03117246 
757 544 16 20 0.030349148 
271 556 13 16 0.029922482 
296 432 11 12 0.02974513 
714 548 16 21 0.029634027 
813 420 9 11 0.028496245 
771 474 11 14 0.028025439 
751 480 9 13 0.027685868 
834 419 10 13 0.026555024 
327 568 11 13 0.025805164 
747 565 15 19 0.02543169 
450 456 82 54 0.025172103 
662 429 12 15 0.023660505 
407 580 14 18 0.022428429 
610 137 10 12 0.02209023 
911 480 12 14 0.021440256 
413 577 12 15 0.02113258 
727 540 15 17 0.020826286 
879 518 9 11 0.020792214 
800 484 10 13 0.020641241 
