40_Gymnastics_Gymnastics_40_638
32
457 324 29 41 0.6024985 
972 320 10 13 0.5458205 
959 376 8 11 0.18205942 
937 381 9 11 0.10069185 
870 331 9 12 0.07250709 
733 259 12 18 0.06812518 
831 359 9 12 0.047957864 
920 374 11 13 0.045204323 
656 356 14 16 0.04233765 
710 265 15 18 0.041839875 
866 329 8 11 0.041554898 
910 412 12 18 0.03959059 
847 334 12 14 0.03817531 
671 363 11 15 0.035526797 
1005 239 11 13 0.035172503 
976 356 8 11 0.031120013 
743 286 14 19 0.02997992 
862 430 10 13 0.027047174 
975 372 8 10 0.025046118 
969 352 7 10 0.024770396 
734 289 11 15 0.023391822 
950 333 9 11 0.022964027 
876 338 10 14 0.022915702 
823 347 10 13 0.022720853 
832 348 9 13 0.02240119 
864 380 9 12 0.022243284 
509 624 9 13 0.021253504 
688 327 11 14 0.02124522 
644 375 13 17 0.021150686 
893 343 9 11 0.021124383 
999 376 10 11 0.020719681 
847 326 12 16 0.020624751 
