40_Gymnastics_Gymnastics_40_727
33
79 475 29 37 0.9878498 
218 538 37 42 0.975003 
667 171 18 24 0.89331484 
591 74 19 21 0.7701966 
697 558 34 35 0.767782 
866 433 25 29 0.61069846 
324 125 12 16 0.49209294 
416 125 13 15 0.33004433 
20 100 24 42 0.12433578 
634 108 12 14 0.116857834 
364 187 13 18 0.10659801 
409 128 10 12 0.09561267 
359 92 10 13 0.079453975 
361 100 11 13 0.06653523 
420 120 12 15 0.057351757 
358 172 9 11 0.051909506 
366 104 12 16 0.049280364 
345 102 10 11 0.048589807 
394 155 10 13 0.041869868 
401 127 9 12 0.03746018 
702 517 10 12 0.033431564 
352 93 10 13 0.03298587 
501 206 14 17 0.032155085 
340 134 9 13 0.031125225 
534 221 14 16 0.031041333 
859 436 22 23 0.030190628 
431 194 10 14 0.02814648 
335 133 11 15 0.026064727 
109 443 12 14 0.021065488 
348 172 12 13 0.020396298 
359 191 14 20 0.020389136 
383 110 9 11 0.020359753 
651 533 39 43 0.02017155 
