40_Gymnastics_Gymnastics_40_171
110
485 321 98 133 0.9993044 
892 1305 38 49 0.9515332 
0 1302 27 36 0.94287086 
784 1335 28 37 0.93642926 
697 1298 30 41 0.8972096 
691 1179 28 36 0.8696861 
819 1217 30 43 0.8497183 
270 1179 28 36 0.7934408 
322 1177 23 28 0.75264764 
763 1102 27 34 0.71951306 
94 1320 27 36 0.71798676 
613 1208 32 42 0.6759325 
840 1100 23 31 0.65569264 
246 1137 27 35 0.6364503 
794 1184 27 34 0.61034596 
52 1125 30 41 0.5977842 
672 1277 25 31 0.59418005 
168 1264 29 36 0.5932776 
907 1112 25 33 0.5278603 
272 1080 28 36 0.52048284 
943 1169 26 34 0.4754638 
634 1000 25 31 0.46265885 
189 1189 25 34 0.4543572 
194 992 24 31 0.41906318 
195 1107 25 32 0.4164081 
978 1063 25 31 0.40894908 
68 1079 25 33 0.3885357 
886 1055 24 30 0.37581655 
654 964 23 30 0.3698845 
373 1125 24 30 0.3466466 
314 971 24 31 0.3301142 
238 919 24 30 0.32934535 
931 1256 26 33 0.30834904 
373 872 18 23 0.26149336 
719 1221 31 40 0.25784177 
715 1154 25 31 0.24717344 
0 1169 21 40 0.245824 
251 1293 32 38 0.24511941 
28 1036 25 30 0.21745627 
649 881 16 20 0.21322563 
116 794 22 29 0.1754042 
714 990 24 32 0.17242719 
57 1335 29 35 0.16445991 
122 974 19 23 0.16049148 
152 1162 27 32 0.15942709 
441 1070 24 33 0.15636928 
63 766 23 31 0.14550133 
32 859 26 35 0.13672264 
248 1034 25 33 0.12730062 
326 858 18 22 0.118740894 
173 1031 23 30 0.11600008 
132 849 23 26 0.10803713 
175 878 24 32 0.10398417 
133 900 23 30 0.09024337 
678 1386 40 44 0.08512442 
826 1041 22 26 0.0850476 
166 936 24 31 0.07498669 
241 1104 24 28 0.0717355 
938 1102 25 31 0.06999968 
695 864 25 30 0.069415115 
900 1151 26 29 0.06622678 
195 824 24 32 0.06489356 
716 947 28 34 0.062417347 
106 1112 24 29 0.060641963 
763 976 30 34 0.060262438 
769 854 21 24 0.05979731 
95 883 25 34 0.059618358 
1004 1021 19 31 0.050451998 
77 913 21 26 0.045908466 
130 1012 17 21 0.04524572 
976 1305 31 34 0.0422054 
276 1004 21 26 0.041209735 
2 1122 24 32 0.040020674 
905 906 28 35 0.0398021 
375 1181 18 23 0.038408 
140 1139 42 48 0.03629133 
68 1287 25 31 0.03607481 
0 936 13 22 0.03424558 
853 903 28 34 0.033688277 
410 1157 28 31 0.030452302 
970 954 15 19 0.029942667 
433 1110 27 34 0.029940795 
728 891 28 36 0.029794522 
769 1187 30 36 0.029762847 
894 1264 30 35 0.029374136 
985 1152 25 32 0.028333575 
198 821 17 21 0.027490903 
156 1352 25 28 0.027233513 
153 1347 41 52 0.027062032 
373 863 15 22 0.026630828 
123 1046 23 28 0.026464766 
812 884 27 36 0.026024116 
149 1126 31 38 0.025869828 
38 1385 25 33 0.025690952 
697 923 24 28 0.0255695 
172 972 18 21 0.025025869 
63 834 28 31 0.024943756 
248 1300 44 56 0.02471224 
86 865 26 33 0.024625951 
261 881 23 29 0.024065824 
57 1402 29 32 0.024037417 
988 1147 17 20 0.023601431 
902 1196 25 30 0.02358223 
142 1168 40 47 0.023532199 
962 974 28 34 0.023301266 
45 1392 29 35 0.021079628 
404 816 14 21 0.021034572 
768 960 27 35 0.020928118 
793 1002 24 30 0.020667385 
751 1043 27 32 0.020040805 
