40_Gymnastics_Gymnastics_40_484
23
495 270 78 103 0.99471045 
637 82 56 69 0.97932535 
123 102 48 60 0.7413669 
834 73 43 55 0.73076695 
808 206 45 55 0.62792015 
477 71 46 62 0.42311406 
140 -3 37 41 0.30409533 
983 187 32 57 0.20208932 
977 0 38 49 0.1368124 
473 95 50 68 0.08630009 
810 323 48 65 0.04648217 
0 -6 41 53 0.04022542 
100 96 46 61 0.038798757 
821 -1 32 24 0.035287138 
641 31 32 39 0.03285218 
494 139 45 62 0.0314278 
2 52 25 35 0.029255614 
605 -3 53 50 0.024180379 
769 205 37 55 0.023543125 
820 413 56 73 0.023524515 
104 228 45 59 0.023326976 
996 108 28 46 0.022033872 
314 85 42 53 0.021752736 
