40_Gymnastics_Gymnastics_40_646
31
917 303 56 66 0.99891984 
119 299 49 51 0.99868244 
771 315 54 65 0.99806756 
838 164 49 55 0.99799323 
380 277 48 59 0.9976478 
594 304 46 57 0.9957983 
502 312 47 54 0.99569476 
548 197 45 56 0.9954963 
262 256 44 55 0.9952866 
712 169 42 50 0.99253255 
392 150 40 53 0.9908885 
960 67 16 19 0.8453361 
1000 79 11 15 0.80251825 
174 83 14 17 0.5231191 
1002 44 10 14 0.44025558 
936 83 10 13 0.39442432 
893 79 12 15 0.2491743 
274 65 13 17 0.24095714 
275 71 14 21 0.06843782 
1014 95 10 15 0.045646477 
284 80 14 19 0.044815417 
1008 100 11 15 0.041545887 
439 55 10 14 0.03603581 
369 69 9 15 0.03342585 
898 83 12 14 0.032571062 
179 77 14 18 0.030600816 
954 69 11 15 0.028147142 
48 115 11 14 0.022849677 
951 74 11 15 0.022622772 
939 79 11 14 0.021333436 
918 84 9 12 0.021266222 
