40_Gymnastics_Gymnastics_40_273
29
792 124 33 41 0.99825364 
672 72 30 39 0.99788123 
98 111 37 44 0.9977437 
200 125 32 41 0.99772626 
317 69 30 38 0.9977259 
490 125 33 41 0.99770266 
389 121 34 42 0.9976655 
754 65 30 39 0.9973545 
581 74 29 38 0.997279 
823 57 31 40 0.99725527 
407 77 31 39 0.9971596 
895 127 32 41 0.99696356 
591 125 33 41 0.99690115 
692 125 35 42 0.99679834 
486 61 30 38 0.9965515 
486 259 37 48 0.9963916 
232 65 28 36 0.99631375 
825 232 38 46 0.99625117 
374 233 36 45 0.99619186 
180 229 37 44 0.99613166 
146 67 30 38 0.99597675 
670 249 38 46 0.9957546 
298 128 36 43 0.994249 
549 275 35 44 0.992792 
540 225 36 41 0.10683843 
225 228 29 36 0.060771495 
421 133 25 32 0.024134338 
647 212 27 44 0.023241784 
740 275 38 45 0.022853756 
