40_Gymnastics_Gymnastics_40_331
45
500 93 56 64 0.9774889 
786 409 15 20 0.6978594 
746 179 15 19 0.33541983 
854 409 15 19 0.19905394 
884 409 16 21 0.14535363 
773 369 16 21 0.13212565 
891 405 17 24 0.11809243 
849 295 17 20 0.11585472 
436 314 15 20 0.11188213 
915 300 17 23 0.11148669 
489 402 19 22 0.10694121 
799 291 11 14 0.09128108 
871 289 13 21 0.090808176 
834 361 27 29 0.08823603 
805 254 17 21 0.0875936 
876 411 17 21 0.06574183 
769 468 18 22 0.06028062 
875 278 21 27 0.042310752 
4 260 16 22 0.041958597 
940 332 17 20 0.039944857 
860 402 22 25 0.036080442 
916 397 17 22 0.03598552 
895 395 22 30 0.032620758 
746 331 15 18 0.03190498 
857 287 19 25 0.03093719 
811 387 24 28 0.03056809 
869 415 18 21 0.02935527 
1002 412 16 22 0.026929904 
957 351 25 32 0.026867362 
1006 305 15 18 0.025665395 
859 395 16 18 0.02533715 
972 336 17 21 0.024549346 
27 339 20 21 0.024361722 
796 363 18 21 0.023858659 
375 314 14 18 0.02266217 
870 255 27 31 0.022237005 
977 428 20 23 0.022226568 
813 404 22 27 0.022151276 
965 339 26 33 0.022047892 
907 400 15 21 0.021920983 
749 363 23 28 0.021653235 
577 204 33 40 0.021599032 
933 357 15 20 0.021454467 
700 374 13 18 0.020651259 
973 407 22 27 0.020092394 
