40_Gymnastics_Gymnastics_40_887
23
760 375 54 66 0.99964476 
873 105 48 64 0.999516 
661 276 52 61 0.999276 
135 397 53 69 0.9990532 
329 399 50 66 0.9990146 
522 380 56 69 0.99899894 
214 136 45 57 0.99881566 
686 40 44 59 0.9987816 
249 277 47 63 0.99874485 
384 288 49 63 0.99862576 
808 268 47 63 0.9985885 
745 98 46 62 0.99851686 
358 146 47 59 0.99813545 
482 137 50 58 0.9981133 
521 272 50 65 0.99808264 
106 278 45 62 0.9976441 
97 146 45 57 0.99692315 
623 133 46 53 0.9964804 
552 63 43 57 0.9964689 
313 73 45 58 0.9958929 
433 83 42 52 0.99081695 
838 60 47 53 0.9895761 
187 83 42 55 0.9856076 
