40_Gymnastics_Gymnastics_40_642
28
869 246 54 66 0.9996685 
783 295 49 62 0.999255 
623 289 51 60 0.9992545 
86 280 46 59 0.9989557 
526 287 49 56 0.99875534 
415 271 46 58 0.9986778 
207 273 41 52 0.9959363 
336 317 40 51 0.99457693 
262 339 41 49 0.9945551 
295 291 19 30 0.8541314 
259 281 17 21 0.24051268 
588 288 30 47 0.17478855 
267 284 13 17 0.16491158 
277 289 11 15 0.11553972 
712 309 45 48 0.05668156 
600 296 30 46 0.054313436 
72 325 17 21 0.053032257 
40 341 13 17 0.04610322 
296 337 27 35 0.04237521 
295 288 11 15 0.035615213 
282 337 31 41 0.035130378 
560 286 41 55 0.03387692 
255 286 24 30 0.03367576 
0 299 10 15 0.023399182 
590 308 32 45 0.02284375 
993 299 10 12 0.022179741 
326 297 23 32 0.02214222 
966 318 46 74 0.02058994 
