40_Gymnastics_Gymnastics_40_920
30
121 161 62 77 0.99944335 
396 173 62 79 0.99943393 
259 171 60 75 0.9993856 
569 152 72 80 0.9991798 
479 171 65 78 0.9990408 
746 124 76 94 0.99615425 
993 231 6 8 0.14077497 
960 222 7 9 0.13721392 
920 61 9 12 0.088758804 
984 221 6 9 0.06507844 
1 218 15 20 0.050061714 
935 72 8 9 0.04217754 
1006 214 9 11 0.038825285 
961 218 7 9 0.037512887 
974 233 7 9 0.036721364 
1003 213 8 10 0.036240153 
1012 309 9 14 0.034034822 
478 126 7 10 0.03198644 
971 233 6 9 0.0318008 
962 87 8 10 0.027352836 
999 246 8 10 0.027339572 
985 69 6 9 0.026324145 
1013 224 8 11 0.024992324 
944 345 9 10 0.023866294 
975 78 7 8 0.023722624 
992 262 7 9 0.023607677 
881 111 6 8 0.023266675 
978 216 6 9 0.022107815 
1008 248 7 9 0.021082254 
946 62 7 10 0.020016316 
