40_Gymnastics_Gymnastics_40_668
131
190 67 108 134 0.99944025 
391 182 97 121 0.99875367 
649 197 81 90 0.99731606 
279 199 119 145 0.9970584 
497 191 83 117 0.99643 
862 212 94 101 0.99605525 
100 260 172 155 0.99266934 
760 245 13 16 0.9099449 
694 80 9 11 0.8960801 
654 33 8 10 0.6996189 
583 31 8 10 0.67964816 
612 47 9 11 0.6550577 
754 36 8 11 0.6192824 
20 425 45 51 0.60518306 
97 54 11 14 0.5550638 
557 45 9 12 0.4030737 
713 42 10 13 0.3864152 
79 75 9 11 0.33651224 
638 47 8 10 0.32823795 
673 41 8 10 0.32731006 
978 275 17 23 0.2915246 
848 61 12 16 0.2591913 
676 45 9 12 0.2502909 
108 79 9 12 0.24503331 
672 62 9 11 0.21650715 
89 40 8 10 0.21256661 
672 70 9 12 0.20945866 
786 56 9 11 0.20499617 
798 47 9 11 0.19697069 
180 223 176 156 0.18117125 
631 32 7 9 0.17354329 
688 32 9 11 0.17217335 
799 54 8 10 0.15852432 
657 47 9 11 0.13325228 
20 43 10 13 0.13264813 
81 54 10 13 0.13102013 
677 39 9 12 0.12787841 
2 98 10 13 0.12775788 
17 73 10 14 0.11561098 
879 31 9 11 0.11389503 
15 62 10 14 0.10718524 
712 60 7 10 0.10311088 
85 59 9 11 0.098996565 
24 92 9 12 0.097888514 
607 31 7 9 0.09476261 
693 32 9 11 0.08609583 
60 51 10 15 0.08428263 
101 45 9 11 0.08248187 
519 32 8 10 0.08231995 
438 93 9 12 0.082046844 
710 78 7 10 0.0814365 
658 72 8 10 0.079928465 
862 42 10 12 0.070595 
70 95 13 15 0.0687588 
624 33 8 10 0.06324255 
661 46 8 11 0.06230858 
789 59 9 11 0.061608814 
694 55 8 10 0.06107239 
677 54 8 10 0.059040874 
704 101 10 13 0.05830833 
776 72 8 11 0.05688487 
521 61 7 9 0.053993836 
769 55 8 10 0.05123722 
576 65 9 11 0.05087171 
470 44 9 11 0.0492758 
648 47 8 11 0.048815377 
103 42 7 9 0.04820841 
716 56 10 12 0.04544692 
705 78 7 11 0.0450216 
879 53 8 11 0.04462786 
6 84 9 12 0.044087425 
651 37 7 10 0.04363047 
5 79 9 12 0.043441042 
908 44 9 12 0.04314695 
624 37 7 9 0.04233947 
71 63 8 10 0.041895237 
323 172 144 158 0.0414989 
60 38 9 11 0.04028629 
86 44 8 11 0.037981108 
632 38 8 10 0.036795795 
432 91 11 14 0.036287915 
805 72 8 11 0.036066998 
782 72 8 10 0.03536071 
674 56 9 11 0.035283208 
661 71 9 11 0.035103235 
661 77 8 11 0.03391164 
912 616 7 9 0.033463243 
616 39 8 11 0.032900542 
794 46 9 11 0.030891245 
926 45 9 10 0.030803824 
229 145 148 163 0.030712083 
81 48 8 11 0.030412812 
602 32 7 9 0.030195367 
0 126 10 18 0.03009584 
616 33 8 9 0.02983717 
724 234 27 39 0.029704988 
775 55 8 11 0.029427277 
31 70 9 11 0.029262688 
557 50 10 13 0.029145341 
862 63 8 10 0.028531857 
751 238 21 27 0.02842144 
559 59 9 13 0.02772002 
93 40 9 10 0.02762458 
690 55 8 11 0.02754037 
672 32 7 9 0.027021596 
756 33 8 10 0.026605528 
874 55 9 10 0.02655953 
695 48 8 10 0.026193965 
1 84 8 13 0.026106821 
74 70 9 11 0.025523279 
33 78 9 11 0.025293605 
1 149 16 22 0.024068361 
849 32 8 9 0.02352911 
589 32 8 10 0.023178164 
62 57 10 14 0.022618128 
777 61 8 11 0.022263028 
769 32 7 9 0.02203477 
910 38 9 13 0.021972043 
527 61 7 10 0.02172478 
696 103 9 11 0.021652563 
898 62 9 12 0.021484632 
639 52 8 10 0.021435149 
769 38 7 9 0.021413807 
676 61 9 11 0.021163296 
94 49 18 23 0.021107795 
737 78 9 12 0.020992171 
565 46 9 12 0.020670589 
5 46 10 13 0.020515481 
545 54 8 10 0.020334681 
655 52 8 10 0.02012718 
775 39 7 9 0.020056216 
