40_Gymnastics_Gymnastics_40_255
44
191 353 12 15 0.118527904 
139 367 14 16 0.10235734 
554 360 73 62 0.07184742 
901 406 9 12 0.051801752 
839 419 9 12 0.05171995 
916 388 13 15 0.05147594 
248 409 9 11 0.04738539 
929 447 10 13 0.046250805 
537 446 9 11 0.045934826 
855 428 10 13 0.043983508 
863 416 10 13 0.042467847 
918 430 11 13 0.042463932 
506 405 7 10 0.040401287 
235 343 11 13 0.04034042 
141 415 11 14 0.03624882 
553 491 9 12 0.03615451 
572 445 12 16 0.03587573 
703 372 9 11 0.03441328 
745 397 11 14 0.032724157 
260 358 10 12 0.03140717 
920 455 9 11 0.0311754 
98 258 16 25 0.03028832 
164 183 14 16 0.029587112 
806 360 10 12 0.02934959 
654 283 9 13 0.029313255 
899 270 12 15 0.028657792 
246 277 12 15 0.028254285 
157 291 14 16 0.028080253 
773 453 10 14 0.027465485 
902 354 12 14 0.02675362 
114 357 13 16 0.02610503 
183 287 11 13 0.025758334 
876 364 12 15 0.02571955 
205 294 12 13 0.025227046 
753 364 11 14 0.024958923 
863 360 8 11 0.024868887 
113 284 11 15 0.02402431 
147 282 16 18 0.023774372 
676 181 10 12 0.023084665 
662 423 9 11 0.022932377 
899 478 13 16 0.022818109 
924 437 10 12 0.022569701 
228 446 11 14 0.021647427 
720 354 11 14 0.02076661 
