40_Gymnastics_Gymnastics_40_566
46
463 156 61 81 0.99901533 
481 609 24 33 0.6466272 
593 615 18 23 0.5559187 
224 246 19 23 0.4070401 
141 236 24 32 0.35362253 
100 299 22 30 0.29367965 
201 194 21 28 0.21858366 
76 240 24 32 0.1403218 
148 128 25 28 0.13198677 
124 197 22 28 0.12725446 
30 357 22 28 0.09019363 
54 186 26 33 0.08702484 
808 593 20 24 0.08502438 
21 25 24 29 0.077900305 
6 253 26 33 0.06706902 
141 335 23 34 0.059041467 
263 146 19 22 0.056212813 
593 38 18 23 0.052881904 
218 140 19 24 0.05242915 
33 131 28 32 0.052059267 
778 217 30 40 0.047850728 
698 202 17 21 0.046418153 
41 312 24 29 0.046201315 
699 630 18 22 0.043903682 
617 179 20 25 0.04027962 
74 184 26 31 0.039483856 
345 187 19 21 0.03814912 
70 336 22 31 0.036325734 
284 250 16 21 0.03341479 
131 192 25 29 0.0324264 
740 129 23 31 0.030570991 
12 317 21 28 0.029234696 
722 71 21 27 0.026243964 
258 147 27 38 0.023987113 
41 188 29 34 0.02305884 
267 237 17 21 0.022863958 
655 150 24 31 0.022746712 
268 182 23 29 0.022670196 
414 658 24 28 0.021922285 
30 212 25 32 0.02191837 
149 193 17 20 0.021705193 
270 247 22 26 0.02166521 
188 171 22 27 0.021357382 
597 88 21 29 0.02119292 
699 43 25 33 0.02022191 
6 278 25 32 0.020071287 
