40_Gymnastics_Gymnastics_40_740
30
388 786 222 335 0.9998598 
944 1222 12 16 0.21531694 
880 1304 10 13 0.20661652 
982 1228 10 13 0.14596996 
873 1228 11 14 0.123114735 
933 1116 9 12 0.11213644 
841 1306 10 13 0.102841884 
865 1363 12 17 0.088984735 
916 1223 13 16 0.08291137 
985 1365 12 15 0.07013971 
973 1305 11 14 0.05494583 
856 1122 10 14 0.041378397 
911 1326 14 16 0.039259665 
663 770 20 22 0.035303146 
955 1359 14 17 0.034881257 
970 1337 14 19 0.034002576 
983 1298 13 16 0.033693023 
145 1283 12 13 0.029846957 
27 1077 16 20 0.024788637 
29 1413 10 12 0.024631971 
920 1380 14 17 0.023699809 
956 1408 16 20 0.023467822 
132 107 128 150 0.023363648 
837 1328 15 16 0.02252907 
949 1295 11 13 0.022082776 
41 1470 16 18 0.021448556 
940 1330 11 14 0.021402942 
41 900 11 13 0.021049215 
83 56 205 242 0.021047976 
887 1214 13 16 0.020521743 
