40_Gymnastics_Gymnastics_40_260
58
196 528 31 42 0.9965739 
452 216 39 50 0.9682995 
999 590 26 44 0.9451087 
356 276 38 63 0.9444512 
799 543 22 30 0.92166495 
767 538 23 32 0.8949326 
61 533 27 34 0.8639935 
911 553 21 32 0.6264112 
676 663 9 10 0.34148753 
649 630 9 12 0.32805586 
681 631 8 10 0.24481885 
624 671 8 10 0.23962502 
701 660 9 12 0.19249198 
904 635 13 17 0.18139528 
560 647 9 10 0.15478016 
606 656 9 11 0.14426745 
281 571 16 24 0.13920024 
535 680 9 12 0.13404787 
638 653 9 11 0.12495181 
550 647 8 10 0.106491156 
607 660 9 11 0.086782716 
601 655 8 11 0.08659453 
863 654 14 18 0.08579085 
685 631 8 10 0.083959155 
630 669 9 11 0.08261414 
546 606 8 11 0.077816404 
497 353 20 36 0.053211827 
566 647 7 10 0.051833585 
549 636 10 13 0.051343765 
577 677 9 12 0.04479344 
676 689 11 15 0.039667454 
673 667 9 12 0.039343275 
71 529 20 29 0.037748683 
655 635 8 11 0.036038212 
633 664 9 11 0.03590197 
894 551 25 32 0.03440227 
637 663 8 10 0.034239188 
900 625 21 29 0.03288403 
559 652 9 11 0.032852057 
853 551 17 22 0.031811096 
625 676 8 10 0.031225571 
590 653 11 13 0.029747678 
861 191 14 19 0.029685697 
614 655 8 11 0.028828409 
725 692 9 12 0.02857008 
282 573 26 39 0.027742427 
630 677 8 10 0.027197689 
539 678 10 13 0.02677547 
713 660 10 13 0.025891533 
954 584 15 19 0.025691109 
662 661 9 11 0.023919715 
635 648 8 10 0.02330597 
887 595 24 33 0.022720829 
575 671 10 13 0.021297907 
333 41 421 577 0.020402089 
718 703 9 10 0.020356644 
663 637 9 11 0.020312672 
51 543 22 24 0.020214893 
