40_Gymnastics_Gymnastics_40_422
75
396 307 51 58 0.11209258 
564 565 13 16 0.100392446 
509 526 8 11 0.06324403 
732 494 9 12 0.059866447 
148 243 13 15 0.057630762 
783 547 9 12 0.056881603 
760 501 8 11 0.05489779 
775 439 9 12 0.053864166 
786 472 9 12 0.053215552 
1009 465 8 9 0.052420516 
861 493 8 11 0.04967649 
839 506 9 12 0.04345435 
788 572 10 14 0.04014569 
729 499 9 11 0.03825625 
179 238 15 17 0.037243754 
390 566 8 10 0.036673915 
1005 423 8 11 0.036623035 
598 553 8 10 0.036526058 
679 540 8 10 0.036147043 
547 573 11 14 0.035913173 
709 534 10 13 0.03562974 
114 233 14 18 0.035624024 
704 476 10 13 0.035298243 
630 564 9 12 0.034668945 
534 537 8 10 0.034619603 
269 304 11 14 0.034427684 
370 524 9 13 0.034348015 
941 549 8 11 0.0334785 
805 577 8 10 0.032545693 
26 526 8 12 0.03200929 
757 452 9 10 0.030698195 
965 585 10 12 0.030455949 
496 549 9 12 0.02931847 
553 525 8 10 0.029310832 
169 245 10 12 0.029058997 
776 510 8 10 0.02877494 
568 521 7 9 0.0283472 
726 462 8 9 0.02818357 
857 502 8 10 0.028057514 
794 535 9 11 0.028038535 
672 463 9 11 0.027143167 
248 238 11 13 0.027013222 
782 509 8 10 0.026887376 
590 558 8 11 0.02688575 
634 510 9 12 0.026497921 
806 564 8 10 0.026064366 
173 242 14 16 0.026029404 
231 228 15 17 0.025405705 
63 432 11 13 0.025166836 
650 550 8 11 0.025120338 
985 422 7 9 0.02477338 
52 480 9 12 0.024351517 
781 522 11 13 0.0240511 
812 525 9 11 0.024040762 
623 478 9 11 0.023964165 
541 508 8 11 0.023895092 
958 556 8 10 0.023801623 
849 528 7 8 0.023673983 
839 558 8 10 0.023441285 
873 553 10 14 0.023060469 
126 254 12 13 0.022930242 
839 487 8 10 0.02263228 
813 480 9 11 0.02223409 
893 174 14 15 0.02165123 
670 517 8 10 0.021571128 
424 541 9 12 0.021366568 
749 517 9 11 0.021365725 
340 511 8 11 0.021215899 
917 509 9 11 0.020819366 
521 542 8 10 0.020598425 
872 493 9 12 0.020383483 
776 452 9 11 0.020258404 
591 527 8 11 0.020218663 
559 525 7 10 0.020111067 
894 492 8 11 0.020029899 
