40_Gymnastics_Gymnastics_40_492
69
472 151 36 49 0.99710995 
556 131 40 50 0.99477875 
549 46 25 32 0.99296534 
309 7 22 31 0.9923551 
359 151 40 49 0.99174 
510 54 22 31 0.9887728 
654 123 39 52 0.9887107 
208 16 24 31 0.98570293 
486 64 20 28 0.9846538 
379 -1 22 25 0.9740743 
587 79 23 28 0.9377635 
361 75 21 30 0.9375053 
268 16 21 30 0.93413305 
468 78 20 27 0.9261901 
37 1 19 29 0.91138595 
310 71 19 33 0.90981656 
340 0 25 23 0.9001333 
449 -2 23 21 0.8419597 
427 80 14 18 0.70192444 
413 -1 20 19 0.58366734 
164 16 23 27 0.5351299 
446 109 19 26 0.50483173 
387 67 14 17 0.3696802 
404 22 21 25 0.33538455 
353 0 20 21 0.30578196 
405 69 12 18 0.279061 
259 9 24 32 0.2264212 
74 0 16 15 0.18034837 
303 48 24 33 0.13397917 
333 95 12 15 0.11136207 
396 67 15 19 0.10930139 
375 72 22 28 0.0783768 
99 37 15 18 0.066611655 
216 -2 20 20 0.0638339 
599 79 18 23 0.063536584 
228 30 21 27 0.061279573 
115 16 20 23 0.060645916 
157 21 20 23 0.056662366 
476 71 24 30 0.056058094 
203 55 17 27 0.055737853 
385 73 23 29 0.05285801 
571 3 17 24 0.05076781 
478 48 16 21 0.04655847 
447 57 13 18 0.044170294 
494 4 16 19 0.04263056 
549 105 25 30 0.0414836 
0 0 10 19 0.04013765 
517 29 17 21 0.039927382 
4 84 14 18 0.038939275 
4 2 18 28 0.038600154 
58 3 14 18 0.03615504 
968 1 33 42 0.034013696 
144 -2 26 22 0.033915628 
606 103 16 22 0.033051893 
908 8 17 17 0.030279582 
397 71 20 29 0.028220726 
225 0 16 13 0.027082188 
915 0 17 12 0.02675097 
25 38 21 30 0.026478345 
978 1 17 19 0.025358543 
932 0 15 12 0.025286335 
426 28 17 22 0.025202226 
254 8 18 24 0.025086503 
556 0 12 11 0.023654977 
1008 25 12 17 0.023469815 
200 -2 25 23 0.02337132 
321 84 19 28 0.022252742 
50 3 16 22 0.021708235 
316 1 24 30 0.021112924 
