40_Gymnastics_Gymnastics_40_891
32
922 359 31 41 0.9988914 
547 379 29 38 0.9987172 
259 279 30 38 0.9984485 
607 484 30 39 0.9983407 
737 499 32 40 0.99833506 
676 394 31 38 0.998298 
523 305 28 34 0.9982424 
582 322 25 33 0.9982089 
322 295 28 36 0.99805814 
874 350 31 40 0.998038 
387 482 29 34 0.99789834 
760 332 30 37 0.997785 
843 348 27 33 0.9977235 
185 310 29 36 0.9976635 
381 287 27 36 0.99763536 
457 478 29 36 0.9976058 
521 480 30 37 0.9975926 
678 488 31 41 0.9975031 
122 297 31 40 0.9973552 
70 306 31 39 0.9973449 
606 389 31 42 0.9969223 
477 386 30 34 0.9966523 
697 337 28 34 0.99657637 
762 413 30 35 0.9957594 
450 305 28 33 0.99569786 
669 280 29 39 0.9924132 
823 336 23 32 0.9898963 
890 352 24 33 0.04101216 
835 338 27 35 0.03977942 
502 484 15 19 0.027844518 
492 483 13 17 0.021427969 
907 354 21 31 0.020024171 
