40_Gymnastics_Gymnastics_40_762
25
581 433 111 170 0.9970304 
288 1123 37 47 0.7527997 
123 944 29 36 0.38804978 
216 1071 36 45 0.11551786 
22 945 33 43 0.090841964 
63 875 30 41 0.08208769 
65 1220 24 32 0.06401697 
818 628 22 28 0.059114072 
163 1146 38 48 0.057694547 
863 1109 32 42 0.0535345 
213 1217 32 43 0.04243255 
903 620 25 30 0.036034342 
21 972 34 45 0.031740334 
3 934 46 68 0.030471412 
925 968 33 44 0.030430729 
247 1241 29 35 0.030137807 
337 1207 32 40 0.02766787 
972 1101 39 46 0.026977038 
18 835 42 59 0.026342789 
521 964 25 32 0.025926353 
201 1189 38 53 0.024414446 
920 835 32 40 0.023885587 
114 266 29 39 0.022788435 
848 961 28 36 0.020633884 
119 1067 29 37 0.020123439 
