22_Picnic_Picnic_22_313
32
157 304 31 39 0.9961266 
699 276 24 32 0.9944102 
305 309 26 37 0.99366647 
619 190 24 30 0.9923988 
768 352 24 38 0.80754185 
512 238 17 24 0.7668394 
221 300 18 30 0.42706716 
77 210 12 15 0.3570345 
647 340 22 28 0.2621092 
742 266 20 26 0.10590502 
822 273 16 18 0.08561565 
775 358 27 40 0.07731246 
543 223 8 11 0.074434236 
511 202 14 16 0.06760669 
39 204 10 13 0.06703574 
543 249 10 14 0.057651356 
560 223 8 10 0.05366852 
569 240 9 12 0.0368578 
23 196 10 13 0.032516025 
0 212 9 12 0.032318164 
44 204 9 12 0.031221103 
471 196 8 10 0.028729623 
525 227 10 12 0.028364427 
57 199 8 11 0.026376566 
552 264 9 12 0.026303753 
400 590 10 12 0.025287563 
650 357 17 23 0.02471543 
786 374 17 25 0.022645846 
739 298 13 15 0.021978287 
62 206 10 11 0.021164384 
354 618 32 33 0.020814894 
196 294 18 24 0.020129856 
