22_Picnic_Picnic_22_444
127
375 418 9 13 0.85026497 
400 350 9 11 0.77667695 
208 406 11 15 0.6825369 
296 395 9 13 0.63121724 
619 427 12 15 0.58183944 
502 387 10 13 0.49781677 
569 333 10 12 0.47300518 
506 337 8 11 0.43590936 
680 338 10 14 0.41405952 
511 402 11 15 0.31012827 
138 344 9 12 0.24266611 
455 339 9 12 0.2386967 
606 328 8 10 0.23252623 
580 426 11 15 0.22579645 
533 328 8 10 0.22509488 
564 436 10 13 0.18361647 
545 415 9 12 0.18151255 
638 348 9 11 0.17017634 
368 361 9 11 0.14413005 
813 347 10 14 0.13111573 
619 434 11 16 0.12566233 
220 413 13 16 0.123480804 
764 335 10 13 0.120915405 
425 369 9 11 0.11978643 
211 408 14 17 0.11758016 
623 357 8 10 0.116117604 
553 325 7 10 0.113340914 
621 326 8 10 0.0927386 
809 344 10 13 0.08853672 
408 384 7 11 0.08527355 
518 367 9 12 0.08458585 
663 335 8 10 0.07808986 
799 337 8 10 0.07613355 
557 325 8 10 0.07583205 
213 398 13 16 0.06468576 
430 403 9 11 0.06152902 
723 301 7 10 0.061184406 
463 427 11 14 0.05854863 
649 343 8 10 0.056860704 
192 437 9 13 0.055375528 
143 359 8 11 0.05460179 
449 340 8 11 0.053961724 
526 367 9 12 0.05313784 
500 415 10 14 0.053094402 
558 320 8 10 0.051348228 
684 335 10 13 0.05095728 
146 318 8 10 0.050753493 
590 328 8 10 0.048676703 
494 419 12 15 0.047253072 
460 340 9 11 0.045822848 
506 387 12 14 0.045474984 
544 325 9 11 0.045306668 
592 360 8 11 0.04495574 
370 415 11 14 0.044092406 
527 318 9 11 0.043331943 
713 319 9 13 0.04326438 
586 327 7 10 0.04307299 
628 428 9 13 0.042906374 
722 349 8 11 0.04136484 
289 398 9 12 0.04136171 
726 345 8 11 0.041115724 
263 387 10 13 0.04038428 
269 389 9 12 0.039729133 
441 452 10 13 0.038748268 
220 398 10 12 0.03816321 
479 360 8 10 0.037517402 
395 349 8 11 0.037421394 
654 343 8 10 0.03722395 
270 383 9 12 0.03590609 
587 390 11 15 0.035778433 
594 318 7 9 0.03573664 
488 420 11 14 0.03417899 
770 318 9 12 0.034143902 
154 344 8 11 0.03369663 
496 336 7 10 0.03293558 
590 333 8 10 0.03285165 
714 335 8 10 0.031565376 
647 334 8 11 0.03141099 
585 342 8 11 0.03092057 
650 361 8 10 0.030154124 
494 364 9 11 0.02985094 
507 395 19 24 0.029509831 
264 407 10 13 0.0293656 
657 335 8 10 0.029263956 
465 452 10 14 0.028674666 
350 436 9 12 0.028593127 
548 417 10 13 0.028193718 
513 327 8 10 0.028089002 
135 325 7 9 0.028077234 
586 334 8 10 0.025573852 
545 321 7 10 0.025499877 
470 414 10 13 0.025437078 
820 347 10 14 0.025396401 
488 361 8 11 0.025306853 
231 405 10 14 0.025191156 
774 340 10 12 0.02482248 
422 311 7 9 0.024789847 
434 388 8 11 0.024539808 
472 332 9 13 0.024523534 
590 342 8 10 0.02449894 
812 354 11 16 0.024432898 
574 329 8 10 0.024266092 
617 390 10 13 0.022981623 
488 343 8 10 0.022879284 
518 327 7 9 0.022858772 
468 421 11 15 0.022760825 
502 394 13 17 0.0227439 
641 334 7 10 0.022570174 
594 364 8 11 0.022342883 
379 415 10 14 0.022192556 
170 349 8 10 0.02193739 
373 365 8 10 0.021845758 
228 412 10 14 0.021751743 
655 377 7 10 0.02143229 
129 321 7 9 0.021284113 
634 344 8 11 0.021225993 
497 341 7 10 0.021176724 
721 375 8 11 0.021113526 
138 358 9 11 0.021106726 
268 411 10 13 0.02103071 
674 339 10 13 0.020720862 
129 325 6 9 0.020372234 
504 402 12 15 0.020331698 
602 333 8 10 0.020248786 
423 351 7 9 0.020239916 
768 326 10 11 0.020180421 
174 349 8 11 0.020075388 
