22_Picnic_Picnic_22_541
66
85 632 50 64 0.98324454 
966 107 22 26 0.5177593 
681 151 10 14 0.3916112 
980 75 13 15 0.18884075 
696 150 10 13 0.18497068 
941 82 12 16 0.15343529 
360 1111 11 15 0.15222955 
51 904 7 9 0.13995497 
507 181 9 12 0.115707725 
453 99 9 11 0.09320096 
681 131 11 14 0.09028017 
578 43 16 20 0.08654119 
552 102 9 13 0.084697515 
798 77 9 12 0.0731285 
166 333 9 12 0.07059708 
493 153 8 10 0.065510385 
787 82 12 15 0.063660316 
579 102 10 13 0.05096765 
40 893 6 9 0.0457542 
921 76 11 15 0.042392056 
481 84 10 13 0.03932982 
463 158 8 11 0.038514882 
923 99 11 15 0.038276922 
994 146 12 16 0.038074754 
282 231 7 10 0.03533584 
182 301 9 11 0.03446339 
903 148 11 15 0.033890266 
751 59 9 12 0.033687714 
528 97 7 10 0.03240508 
711 284 9 10 0.032235257 
800 114 11 13 0.031845316 
635 74 15 19 0.031506725 
712 1068 9 10 0.031045254 
158 369 9 14 0.030717341 
76 343 17 19 0.030069252 
492 183 9 12 0.029674947 
504 190 9 11 0.02960389 
494 191 9 10 0.02939071 
525 100 8 10 0.02927924 
213 1027 8 11 0.028474592 
463 861 8 10 0.028288895 
478 118 8 10 0.0281752 
509 157 9 12 0.02767072 
490 166 8 11 0.027569348 
521 149 9 11 0.027040884 
172 334 9 12 0.026594464 
735 78 10 12 0.026541991 
767 150 9 13 0.02606081 
263 1082 6 7 0.025147798 
986 76 15 16 0.025128048 
520 101 9 11 0.0248184 
462 154 8 10 0.02373336 
552 163 10 14 0.02279657 
511 151 8 11 0.02230567 
612 1073 9 12 0.022090834 
490 157 8 11 0.021905733 
486 93 13 15 0.02168994 
551 97 9 11 0.021238666 
526 144 8 10 0.02116209 
613 1101 9 11 0.021024201 
479 1196 8 10 0.021004306 
729 85 9 11 0.020970937 
651 149 12 14 0.020645969 
7 357 11 13 0.020395882 
485 79 12 15 0.020219207 
703 180 9 13 0.020100527 
