22_Picnic_Picnic_22_36
47
637 227 32 41 0.9979716 
460 440 34 42 0.9934355 
287 504 25 36 0.9878395 
635 650 41 53 0.98766065 
125 504 38 68 0.96740013 
180 480 38 51 0.9227748 
779 437 36 66 0.57056123 
693 575 23 39 0.448655 
812 284 11 13 0.42648518 
382 280 10 12 0.37203258 
555 560 18 37 0.25262606 
554 285 7 10 0.23517703 
148 493 35 57 0.22389053 
36 364 16 16 0.16227096 
686 631 31 42 0.13314469 
455 316 9 11 0.13192128 
794 277 7 10 0.12822565 
46 369 16 20 0.10389235 
479 352 9 10 0.1013044 
188 704 37 41 0.070312 
217 676 45 60 0.06790828 
797 278 8 11 0.053570513 
461 317 8 12 0.0462491 
616 550 24 35 0.041527018 
52 373 14 18 0.041342363 
418 359 15 16 0.04071565 
455 324 10 13 0.038259406 
894 646 8 10 0.03656447 
801 284 8 11 0.03542552 
613 660 29 41 0.03462089 
603 542 30 37 0.03421026 
535 347 9 13 0.028767748 
379 284 8 11 0.02814193 
807 281 10 13 0.028006451 
162 504 35 41 0.027993957 
461 325 8 11 0.027968276 
418 370 16 18 0.02792311 
461 312 8 10 0.027772348 
373 301 7 11 0.026876712 
712 294 10 14 0.026739545 
172 717 45 37 0.024101969 
807 342 8 11 0.023647774 
561 335 8 10 0.023623962 
206 690 35 53 0.022977317 
387 489 32 40 0.022878895 
798 272 8 10 0.0221143 
820 285 9 13 0.02123385 
