22_Picnic_Picnic_22_732
894
585 540 8 12 0.81900966 
150 591 9 12 0.77378345 
281 602 11 17 0.7525221 
57 656 16 20 0.7334864 
850 620 12 16 0.7284164 
606 610 11 15 0.7174415 
789 547 9 12 0.70774686 
426 573 10 12 0.6939579 
577 559 9 12 0.6907503 
339 611 11 16 0.6836126 
224 588 9 12 0.682221 
769 535 9 13 0.67972827 
215 628 13 18 0.59788114 
159 536 9 11 0.59362197 
197 526 12 15 0.5917311 
518 564 9 12 0.55162036 
214 609 11 13 0.49007216 
366 564 9 12 0.47759625 
407 573 9 11 0.46656755 
561 540 9 11 0.44132885 
148 521 9 10 0.4369264 
192 605 10 13 0.43406722 
6 516 8 11 0.42765573 
366 587 9 11 0.40291452 
526 603 10 13 0.40254387 
656 588 9 13 0.37831283 
873 509 8 10 0.3774503 
185 542 9 11 0.3736567 
488 564 9 11 0.3682268 
592 583 10 12 0.36272144 
216 537 8 9 0.34021786 
472 558 8 10 0.3386164 
169 521 8 11 0.31327876 
296 545 8 9 0.30942735 
724 583 9 12 0.3066436 
706 567 8 11 0.30268756 
320 582 9 12 0.30011955 
173 521 9 11 0.29748824 
109 589 11 15 0.29682553 
616 548 8 11 0.28835732 
590 587 9 12 0.28763005 
930 511 7 10 0.28692332 
413 626 10 14 0.28206933 
77 518 7 9 0.26161525 
448 540 9 11 0.26070812 
325 585 8 10 0.2582909 
66 505 8 10 0.25760344 
15 502 9 11 0.24311891 
729 642 11 17 0.23851639 
702 547 8 11 0.23478016 
200 494 6 8 0.22585142 
88 526 7 9 0.22278567 
670 626 16 19 0.21720187 
890 536 7 9 0.21347848 
256 584 8 10 0.21065725 
855 557 7 10 0.20752278 
759 626 10 14 0.20628832 
425 529 8 9 0.20015998 
183 558 8 11 0.1994195 
110 510 8 9 0.19902395 
121 581 9 12 0.19892201 
743 523 8 11 0.19747572 
822 555 10 11 0.19715042 
143 628 14 17 0.19440566 
245 553 8 11 0.19349872 
877 461 8 11 0.19085644 
655 519 7 9 0.18156171 
640 544 7 9 0.17958964 
503 543 9 11 0.17550077 
333 551 8 10 0.17029488 
211 549 7 10 0.16950537 
239 574 10 14 0.16926311 
110 561 9 11 0.16817687 
278 511 7 9 0.16736317 
3 549 11 15 0.16697797 
126 525 7 9 0.16416687 
934 509 7 10 0.15995802 
511 524 8 10 0.15966032 
142 502 7 9 0.15885764 
710 525 7 10 0.15743425 
327 526 7 9 0.15684123 
400 532 8 10 0.15528749 
190 505 8 10 0.15425827 
470 533 7 9 0.15404743 
358 545 6 9 0.15364279 
112 564 9 11 0.15183745 
104 494 7 9 0.14987142 
722 615 10 12 0.14802366 
679 512 6 8 0.14800228 
783 529 7 9 0.14781456 
744 636 12 15 0.14652328 
630 566 9 11 0.14248316 
922 541 7 10 0.1413255 
248 589 8 10 0.13985269 
140 579 10 13 0.13907483 
751 510 6 8 0.13871455 
528 550 8 10 0.1385013 
64 567 9 11 0.13743253 
830 518 8 10 0.13672939 
716 551 10 12 0.13644004 
138 494 8 10 0.13561857 
990 568 9 11 0.13539416 
772 540 9 11 0.13372216 
720 535 8 10 0.13227217 
926 542 8 10 0.13191688 
514 566 9 11 0.13135192 
289 496 7 9 0.13066472 
441 559 10 12 0.12634608 
85 503 8 10 0.12622865 
997 540 9 11 0.12404202 
622 549 8 10 0.12248011 
826 518 7 9 0.12176915 
888 514 7 8 0.12033382 
603 503 7 9 0.12023118 
877 510 7 9 0.119881056 
48 660 16 16 0.11710298 
637 549 8 10 0.11353143 
253 604 10 12 0.113285296 
70 569 8 10 0.113042295 
200 598 9 11 0.11250485 
456 557 7 9 0.11249193 
956 533 11 14 0.11015706 
681 574 8 10 0.10978996 
710 572 9 10 0.10950952 
630 581 8 9 0.10812478 
59 540 11 14 0.106348954 
825 453 7 9 0.10423707 
897 519 8 11 0.10404451 
973 540 10 12 0.10380395 
239 535 7 9 0.10341821 
412 582 10 13 0.10284899 
777 505 7 9 0.10283552 
138 502 7 9 0.10250844 
505 587 10 12 0.10207018 
862 494 7 9 0.10198311 
880 544 8 9 0.10089683 
45 493 8 11 0.10064229 
921 535 8 11 0.10053463 
569 496 6 9 0.10028003 
894 537 8 10 0.100253776 
214 540 9 11 0.09904447 
793 520 8 10 0.09873691 
846 567 7 9 0.098394156 
30 556 12 15 0.09640326 
225 495 6 8 0.096354656 
493 565 8 11 0.09625916 
938 536 8 11 0.095145576 
702 583 8 10 0.09506534 
504 560 8 10 0.094983734 
914 464 6 8 0.09389762 
752 526 8 11 0.09282554 
388 574 8 11 0.091894865 
806 454 8 10 0.090733446 
269 545 8 11 0.08973141 
690 513 7 9 0.089009576 
361 565 10 12 0.088865064 
504 549 8 10 0.08788832 
738 591 8 11 0.08759162 
831 368 7 9 0.087554015 
543 511 7 9 0.08721238 
864 581 8 10 0.08687063 
275 511 7 8 0.086686246 
61 536 9 10 0.08641206 
463 497 7 9 0.08571601 
798 526 8 9 0.08556914 
422 532 8 11 0.08546678 
153 607 10 13 0.085411526 
408 551 7 9 0.08540293 
577 511 6 9 0.08467189 
252 613 9 12 0.08427958 
242 556 9 10 0.08422697 
62 521 8 9 0.08353461 
398 559 8 10 0.08304753 
418 535 7 9 0.08297143 
319 558 6 9 0.08267297 
449 519 7 8 0.082288615 
176 503 7 9 0.08202647 
143 594 10 13 0.0817272 
162 495 7 10 0.080781095 
591 522 8 10 0.08053779 
1014 566 9 14 0.07960798 
859 495 7 9 0.07932857 
550 549 8 10 0.07899662 
177 510 8 10 0.07887717 
361 527 6 9 0.0788686 
361 588 10 12 0.07885869 
489 518 8 10 0.07843994 
166 590 9 12 0.07800974 
738 521 7 10 0.07771704 
58 536 8 11 0.07758741 
847 517 8 10 0.07742482 
902 526 6 9 0.07717132 
617 504 8 10 0.077041686 
24 520 7 9 0.07670041 
977 519 8 10 0.07665545 
615 528 8 9 0.07620331 
606 534 8 11 0.076192364 
878 671 13 16 0.07607997 
726 501 7 10 0.075696796 
906 510 7 9 0.07484013 
398 589 7 10 0.07467715 
263 527 6 9 0.07457303 
462 501 7 9 0.0745022 
323 525 6 8 0.07448086 
345 528 6 8 0.07351171 
86 590 10 15 0.07323754 
926 535 8 11 0.07305453 
694 512 7 8 0.07303351 
106 509 8 10 0.072803654 
848 559 8 10 0.07225271 
96 544 8 11 0.07173091 
184 548 10 12 0.07167999 
758 496 8 9 0.071420304 
745 504 6 9 0.07041292 
347 582 10 12 0.07016317 
498 544 8 10 0.07014771 
883 629 11 16 0.0701339 
593 567 8 10 0.069740154 
63 526 8 9 0.069579914 
31 503 7 9 0.069401875 
662 574 8 9 0.069300085 
415 518 7 9 0.068986714 
453 540 8 11 0.06884319 
23 525 7 10 0.068837896 
850 462 7 9 0.06819625 
167 501 7 9 0.06801629 
314 579 9 13 0.06765902 
630 520 8 10 0.067396626 
336 495 7 8 0.06713921 
154 537 8 10 0.067067534 
674 503 6 8 0.066916905 
466 533 8 9 0.06688961 
317 577 9 11 0.06573898 
626 486 7 9 0.06567696 
768 512 6 9 0.0656201 
240 569 9 12 0.06553493 
234 519 8 9 0.065408245 
904 591 9 11 0.06538291 
664 553 7 9 0.065130465 
856 575 7 10 0.06456335 
881 535 7 10 0.06373459 
238 518 7 9 0.06291297 
336 519 7 8 0.062588595 
273 583 8 11 0.06226626 
891 447 6 8 0.06152265 
632 526 7 9 0.06147606 
754 496 7 9 0.061475765 
462 584 8 10 0.061451867 
625 604 9 11 0.060189072 
199 521 10 13 0.060004942 
880 549 7 9 0.059934057 
630 575 9 11 0.05905081 
410 520 7 8 0.058908146 
528 535 7 9 0.058884583 
514 560 8 11 0.05878798 
600 526 7 9 0.058148567 
167 497 7 9 0.058067974 
329 487 6 8 0.05789886 
346 535 7 9 0.057500742 
598 549 8 10 0.057042122 
674 511 7 9 0.05675848 
825 368 9 11 0.056694817 
687 580 8 11 0.05645157 
854 534 7 9 0.056431215 
807 544 8 10 0.056344863 
264 591 8 10 0.056248724 
238 528 8 10 0.056043737 
817 513 7 9 0.05584486 
528 509 7 9 0.055765767 
417 541 8 11 0.055559125 
256 534 6 9 0.05519058 
586 589 9 11 0.054962914 
921 481 7 10 0.054943267 
553 505 6 7 0.054906745 
903 567 7 10 0.054905433 
353 565 8 10 0.054603755 
195 495 7 8 0.054423362 
231 551 8 10 0.054346055 
649 527 7 8 0.054160196 
977 464 9 11 0.053788237 
894 447 6 8 0.053583454 
849 456 7 9 0.053518366 
377 494 6 8 0.05330254 
254 588 8 10 0.053286612 
291 604 10 14 0.053059258 
38 528 8 10 0.053047415 
351 560 8 10 0.052690785 
38 518 7 9 0.05264526 
33 519 7 10 0.05256842 
455 519 7 9 0.052496176 
514 573 8 10 0.052128524 
695 534 7 9 0.051601145 
368 605 10 14 0.051516373 
800 542 9 10 0.051190395 
816 518 7 8 0.051178258 
393 598 8 11 0.050740127 
229 584 9 12 0.050240863 
685 576 8 11 0.050226506 
48 548 7 11 0.05010724 
209 544 8 10 0.05009129 
798 535 8 11 0.04986701 
625 534 8 10 0.04971509 
71 511 8 10 0.049472008 
544 535 8 9 0.04928003 
401 565 9 12 0.049249034 
6 544 10 15 0.0487902 
724 604 10 14 0.048780084 
650 519 8 10 0.04876528 
0 500 8 10 0.048731048 
652 629 11 16 0.04861936 
305 494 6 9 0.048605334 
439 606 11 16 0.048439953 
190 547 8 11 0.048203558 
568 513 7 8 0.048072863 
393 504 6 7 0.048065834 
720 540 8 11 0.04800339 
238 513 7 9 0.047881223 
903 541 7 9 0.047776617 
855 529 8 9 0.04773211 
370 496 6 8 0.047643468 
272 590 8 11 0.047633268 
102 543 7 10 0.047563866 
623 543 9 11 0.047490373 
941 583 11 13 0.047325827 
2 497 7 9 0.047314707 
537 568 8 10 0.0470356 
249 534 7 9 0.04676856 
720 513 6 8 0.04675028 
688 501 7 9 0.04673578 
344 542 7 9 0.046732325 
257 528 7 9 0.046655923 
762 512 7 9 0.046549294 
598 573 8 12 0.04654391 
686 557 8 9 0.046161342 
186 504 7 10 0.046100896 
62 550 9 11 0.04605537 
161 501 8 10 0.045706294 
940 540 9 11 0.04531432 
616 496 7 9 0.045239925 
54 588 12 18 0.04523954 
207 510 7 9 0.045206454 
584 510 7 9 0.045024265 
609 486 5 8 0.0448715 
784 504 8 10 0.044847135 
935 465 7 8 0.04483037 
117 565 7 10 0.04475094 
265 597 8 12 0.044701707 
817 502 7 9 0.04451105 
337 489 7 8 0.04450131 
847 512 7 9 0.044427026 
264 512 6 7 0.04438677 
793 525 8 10 0.04421739 
121 496 7 8 0.04410488 
776 510 8 10 0.044025354 
104 504 9 10 0.043948434 
850 533 7 9 0.043929245 
543 574 7 10 0.0438748 
630 487 7 10 0.04383835 
336 558 7 10 0.043829676 
994 520 7 9 0.043817826 
136 549 7 9 0.04373889 
723 502 7 9 0.043640614 
87 496 7 8 0.04347175 
998 519 7 9 0.043374743 
135 534 8 10 0.043181352 
918 463 6 8 0.04317261 
808 526 7 9 0.04309196 
407 543 8 10 0.042859033 
831 536 8 10 0.04281545 
296 526 6 9 0.04269344 
184 509 8 10 0.042523436 
665 557 7 9 0.042515453 
678 569 7 9 0.04217805 
880 623 11 14 0.042061534 
831 513 7 10 0.041930817 
383 495 5 7 0.041557208 
298 510 6 9 0.041521914 
223 568 7 9 0.041487254 
205 573 9 11 0.041267104 
751 504 7 9 0.041246515 
432 542 8 10 0.041162144 
553 510 7 10 0.04114918 
224 503 7 9 0.041147422 
458 583 8 10 0.041146025 
543 567 7 9 0.041080084 
377 552 7 9 0.04088357 
397 598 8 12 0.040804934 
42 487 7 10 0.040590346 
592 559 8 11 0.040586684 
330 535 7 9 0.04020468 
429 569 9 12 0.040203735 
962 510 6 9 0.0400013 
393 590 8 11 0.039983056 
456 513 7 9 0.039938867 
746 510 7 9 0.03979791 
841 518 7 9 0.039748922 
585 520 8 10 0.03971202 
344 487 6 8 0.039641306 
664 628 12 16 0.039623067 
351 589 9 12 0.039587893 
232 503 6 8 0.039584205 
689 626 11 15 0.03949603 
89 544 9 11 0.039421063 
345 576 9 12 0.039401926 
312 525 6 9 0.039400492 
249 529 7 9 0.039380386 
241 503 7 8 0.03936637 
136 576 11 14 0.03934982 
815 365 8 10 0.039343763 
33 526 8 10 0.039278015 
406 526 7 10 0.039263 
682 553 8 10 0.039183963 
646 631 13 18 0.03913818 
310 488 7 9 0.039123245 
170 568 8 10 0.03901465 
552 527 6 9 0.03901179 
88 521 8 10 0.038926207 
655 513 8 9 0.03888658 
264 566 8 11 0.038715888 
784 510 7 9 0.03855541 
479 560 8 10 0.03841478 
306 489 7 9 0.038145438 
533 598 11 14 0.037874505 
560 512 7 9 0.037811354 
544 518 7 9 0.03776162 
983 541 7 11 0.03773631 
95 549 7 10 0.037734497 
626 519 8 10 0.037630055 
649 511 7 9 0.03762449 
295 502 6 9 0.0375608 
711 521 7 9 0.03738589 
687 497 7 8 0.037360884 
245 568 9 11 0.0373356 
394 527 7 10 0.037266918 
424 510 7 9 0.0371279 
234 527 8 10 0.037090894 
538 572 7 10 0.03708807 
698 544 8 11 0.036982443 
176 495 7 9 0.036846757 
606 542 9 10 0.036822837 
697 582 8 11 0.036751673 
855 456 6 9 0.036721498 
266 548 8 10 0.03660228 
482 495 7 8 0.036600467 
462 574 8 11 0.03659601 
522 599 9 14 0.036533523 
728 512 7 9 0.036482085 
129 542 7 9 0.036326114 
487 495 6 8 0.0362912 
625 575 8 10 0.03620741 
464 487 7 8 0.036159743 
760 646 11 12 0.036064427 
120 502 7 9 0.036045242 
696 504 6 8 0.035882544 
776 517 8 10 0.035775203 
161 512 6 8 0.03565496 
234 534 8 10 0.035590246 
675 568 7 9 0.035587087 
193 531 10 13 0.035567943 
863 527 7 9 0.035505366 
319 553 7 9 0.03545103 
761 438 6 9 0.035413142 
169 572 8 11 0.035345115 
383 591 9 12 0.03533249 
264 520 6 8 0.035331026 
793 489 7 8 0.035306767 
824 514 7 9 0.0352545 
312 495 7 8 0.03503374 
504 565 8 10 0.034902465 
509 543 8 11 0.034894485 
116 588 10 13 0.03488743 
720 585 10 13 0.034806423 
842 456 6 8 0.03478771 
607 528 8 9 0.034687836 
345 481 7 8 0.034575313 
784 519 7 9 0.03456519 
697 528 7 9 0.034559604 
803 454 7 10 0.0345575 
305 560 7 9 0.034461744 
521 535 7 9 0.034432918 
599 521 7 9 0.034303248 
914 534 7 9 0.03423542 
203 526 9 12 0.034221694 
183 562 11 14 0.03419792 
829 371 9 11 0.034196075 
585 581 9 13 0.034152858 
446 624 9 13 0.034127325 
837 350 8 11 0.034119606 
726 534 8 10 0.03409824 
718 567 8 11 0.03408517 
319 542 7 9 0.033991262 
103 525 7 10 0.033963986 
856 580 9 11 0.03394003 
459 502 6 9 0.03393599 
271 598 9 13 0.033929802 
590 510 8 9 0.033924818 
473 519 7 10 0.033866197 
849 529 8 9 0.033841833 
986 567 9 13 0.03382212 
90 593 14 18 0.033820655 
289 521 6 8 0.03365567 
679 503 7 9 0.033575296 
791 505 7 9 0.03355658 
314 558 7 10 0.03339358 
863 519 7 9 0.03338992 
241 597 9 11 0.03331749 
901 520 8 10 0.03327585 
513 510 6 8 0.033259716 
336 527 6 9 0.0332267 
221 622 12 20 0.03318904 
815 535 8 10 0.0330416 
128 501 7 9 0.032872617 
426 505 6 8 0.032868333 
631 511 7 9 0.03285891 
599 568 8 11 0.03284041 
265 606 9 11 0.032756805 
345 496 8 9 0.032729242 
952 539 11 13 0.03263291 
641 536 7 10 0.032609653 
270 605 10 13 0.03253914 
2 513 9 12 0.0325384 
1001 599 11 14 0.032494687 
628 601 9 11 0.032466367 
935 506 8 9 0.0323948 
280 494 6 8 0.032364484 
416 559 7 10 0.03229294 
377 558 8 10 0.032234285 
895 575 7 11 0.03202022 
258 502 6 8 0.03201991 
121 520 8 10 0.031984843 
724 619 10 12 0.031963903 
290 501 7 9 0.03195085 
896 540 8 10 0.031826 
831 526 8 9 0.03166129 
967 534 9 12 0.031568423 
873 528 7 9 0.031520467 
335 545 7 9 0.03146549 
497 502 5 8 0.03145651 
953 527 8 11 0.031453226 
4 630 10 12 0.031429064 
55 549 9 12 0.031352293 
879 528 7 9 0.031336296 
569 550 7 10 0.031142808 
64 559 8 10 0.031113641 
224 520 6 8 0.031109648 
513 505 6 8 0.031056413 
559 579 9 12 0.031011695 
322 487 6 8 0.030907389 
655 524 7 9 0.030894017 
15 508 8 11 0.030887071 
825 495 6 8 0.030796863 
905 505 7 9 0.03073676 
79 513 8 10 0.030699428 
833 496 6 8 0.030646166 
593 575 10 12 0.030605936 
73 490 6 7 0.030603515 
434 590 8 11 0.03059698 
583 545 10 13 0.03059038 
301 543 8 10 0.030582516 
208 495 6 9 0.030582504 
29 562 11 15 0.030575028 
489 528 7 9 0.030502379 
481 489 7 8 0.03049196 
185 536 8 10 0.030415017 
63 571 9 13 0.03039119 
640 520 7 8 0.030345732 
248 598 9 11 0.030331776 
224 510 6 9 0.03029762 
664 519 6 9 0.030250417 
824 536 8 10 0.030222753 
650 503 6 9 0.030187633 
732 645 14 20 0.030162068 
913 529 7 9 0.030106781 
165 536 8 11 0.030010274 
568 580 9 13 0.029967582 
72 552 8 11 0.029926423 
302 510 6 9 0.029858716 
797 520 8 10 0.029835645 
70 527 9 10 0.029784359 
522 494 7 9 0.029699536 
592 548 8 11 0.029565396 
220 610 9 14 0.029553862 
624 510 7 8 0.029376226 
135 544 8 10 0.029349929 
295 521 7 9 0.029347744 
527 544 7 9 0.029232947 
544 494 6 9 0.029228358 
71 542 8 11 0.02921895 
839 534 8 10 0.029184356 
24 565 11 14 0.029179642 
405 535 8 10 0.029060198 
1 628 8 12 0.028899362 
239 541 8 10 0.028893929 
600 543 9 11 0.028869638 
264 534 7 9 0.028775744 
494 518 7 9 0.02868874 
58 520 8 9 0.02862183 
509 549 8 11 0.028601542 
145 536 6 9 0.02850421 
661 568 9 12 0.028486017 
753 533 8 10 0.02845331 
273 560 7 9 0.02844455 
344 560 7 9 0.028405998 
291 544 8 10 0.02840475 
86 566 9 13 0.028377447 
329 544 7 9 0.028355245 
792 573 10 13 0.028335463 
226 551 8 10 0.028318863 
816 497 7 8 0.028287219 
412 574 10 12 0.028275073 
792 534 9 11 0.028193623 
374 589 8 11 0.02818817 
997 567 10 12 0.028185425 
842 512 7 10 0.02818446 
204 597 9 11 0.028183393 
898 567 7 10 0.028180566 
520 527 7 9 0.02814456 
511 494 7 9 0.028109431 
401 552 7 10 0.028088963 
656 502 7 8 0.027988482 
689 517 7 9 0.02798476 
574 552 10 13 0.027977303 
424 520 7 9 0.027849406 
72 495 7 9 0.027757159 
957 527 10 13 0.027655143 
257 497 7 8 0.027639361 
697 495 6 8 0.02759182 
383 527 7 9 0.027581846 
383 510 6 8 0.027518293 
247 502 6 8 0.02751516 
353 550 7 10 0.027503196 
218 503 7 9 0.02747643 
1008 565 11 14 0.027393168 
202 510 7 9 0.027377479 
584 494 6 8 0.02736359 
922 512 7 10 0.027289636 
551 544 9 11 0.027282 
65 652 12 19 0.027272366 
521 543 7 9 0.027250813 
537 520 7 8 0.027231239 
758 632 13 16 0.027210645 
420 619 10 14 0.0271882 
808 548 7 10 0.027137702 
538 495 6 8 0.027133813 
249 488 7 8 0.02708419 
168 488 7 8 0.02707154 
469 616 9 13 0.027059061 
536 527 7 9 0.02702473 
982 498 7 9 0.026950791 
346 589 8 12 0.026919743 
728 527 7 9 0.026832916 
848 504 7 8 0.02679965 
87 509 7 9 0.026782926 
5 470 9 11 0.0266768 
729 519 7 9 0.026646636 
482 504 6 7 0.026586603 
440 495 7 8 0.026562389 
418 514 6 8 0.026477344 
927 528 7 10 0.026453234 
695 518 7 9 0.026403239 
875 457 7 9 0.026400788 
552 519 7 9 0.026351932 
1 542 10 16 0.026341358 
422 542 7 10 0.02630958 
400 504 7 8 0.026285218 
696 567 8 10 0.026276324 
626 566 8 12 0.02622395 
156 611 10 13 0.026197601 
856 519 8 10 0.026180528 
488 503 6 8 0.026165202 
841 559 9 10 0.02615294 
805 646 10 13 0.026112117 
792 494 7 8 0.026099661 
32 510 8 10 0.026063105 
746 642 13 15 0.026060387 
415 551 8 10 0.026043577 
46 587 14 18 0.02603697 
464 481 6 8 0.026029252 
183 583 10 13 0.026028408 
526 495 7 8 0.025977338 
567 575 8 11 0.025954958 
346 503 6 9 0.025949411 
672 488 6 7 0.025937038 
407 511 7 8 0.025920682 
704 504 6 8 0.025919864 
689 535 7 9 0.025915723 
664 502 6 8 0.02582243 
664 528 7 9 0.025820175 
137 560 7 9 0.02577854 
825 489 6 8 0.025710031 
219 588 9 11 0.025695609 
360 637 10 13 0.025687344 
714 512 7 8 0.025625162 
199 593 9 11 0.02557713 
129 536 7 10 0.025541147 
865 511 7 9 0.025430664 
909 590 9 12 0.025334118 
351 496 7 9 0.025331005 
496 534 8 9 0.025327008 
703 511 7 8 0.025324695 
601 509 7 9 0.025294252 
249 496 6 8 0.02528713 
39 512 8 10 0.025277318 
535 534 7 10 0.025264597 
920 529 8 9 0.02520602 
40 596 10 14 0.025164671 
328 521 7 9 0.025124133 
518 634 10 14 0.025062941 
72 557 8 10 0.025061537 
713 534 8 10 0.025057849 
641 511 7 8 0.025036145 
546 550 8 10 0.025010217 
157 589 9 12 0.025000148 
647 535 7 10 0.024956098 
196 610 11 13 0.024953587 
760 503 7 8 0.024951851 
119 541 8 10 0.024921777 
479 519 6 9 0.024875289 
328 504 6 9 0.02487186 
295 497 6 8 0.024845695 
554 589 12 16 0.024818676 
111 493 7 9 0.024781466 
776 489 7 9 0.02466547 
182 519 7 10 0.024654986 
378 490 6 8 0.024612367 
537 510 7 9 0.024561647 
290 526 6 8 0.024498204 
506 520 7 10 0.024488356 
482 565 8 10 0.024450637 
809 519 7 9 0.024399968 
428 526 8 10 0.024395268 
222 593 10 13 0.024383025 
217 519 7 10 0.024341915 
584 489 6 8 0.024339845 
471 553 9 11 0.02431191 
592 505 6 8 0.024223205 
373 565 8 10 0.024221592 
263 561 7 9 0.024208805 
263 503 6 8 0.024172774 
631 494 7 9 0.02416672 
857 488 7 8 0.024131427 
497 548 7 10 0.024112815 
207 504 7 9 0.024106972 
888 541 7 10 0.024104772 
217 511 6 9 0.024016993 
496 497 6 8 0.023976805 
840 528 7 9 0.023946527 
365 570 11 13 0.023944547 
45 581 12 15 0.023930684 
447 495 6 8 0.023926953 
138 490 7 8 0.023924178 
921 414 9 11 0.023901228 
951 396 8 11 0.023896359 
981 520 8 10 0.023853712 
105 490 6 9 0.023792202 
144 559 7 9 0.02376524 
621 505 7 9 0.023754522 
735 511 8 9 0.023688607 
624 528 8 9 0.023537569 
571 557 8 12 0.023506725 
264 489 7 8 0.02346747 
464 557 8 10 0.023432741 
445 565 8 11 0.023424195 
88 532 8 10 0.023412734 
58 495 6 9 0.023393957 
345 552 7 9 0.023383122 
757 527 8 10 0.023364568 
234 513 7 9 0.023338174 
873 534 7 9 0.023305833 
431 521 7 9 0.023303881 
817 348 8 10 0.023190454 
220 535 8 11 0.023110714 
136 511 7 9 0.023107518 
657 551 7 9 0.023057308 
544 561 7 10 0.023052901 
664 543 8 9 0.023027144 
493 560 9 11 0.023026288 
936 471 7 9 0.02302375 
449 513 7 9 0.022974854 
98 494 6 9 0.022955691 
148 622 12 18 0.022944992 
664 534 7 10 0.022933912 
369 543 7 9 0.022931878 
817 551 9 11 0.022929356 
944 510 7 10 0.02282767 
602 534 8 11 0.022820536 
656 536 7 9 0.02280132 
71 534 8 10 0.022786865 
928 517 7 9 0.02278472 
351 512 6 8 0.022782583 
271 566 7 10 0.022776766 
968 510 7 10 0.022698792 
506 525 8 10 0.022670895 
506 511 6 8 0.022641743 
263 495 7 9 0.022614114 
568 501 7 10 0.022609191 
153 541 8 10 0.022569465 
265 573 7 10 0.02248899 
980 628 10 15 0.022444768 
376 543 7 9 0.022433659 
681 496 7 9 0.022395836 
496 529 6 9 0.022394564 
31 496 7 9 0.022370521 
377 527 7 9 0.022343162 
999 525 8 11 0.02228075 
487 597 9 12 0.022203537 
103 521 7 9 0.02220208 
162 489 6 8 0.02219 
82 590 10 14 0.02215613 
261 583 8 11 0.022122623 
415 566 7 10 0.022097725 
842 448 7 8 0.022056976 
816 455 6 8 0.02200452 
560 518 6 9 0.021999002 
711 582 9 12 0.021988224 
217 495 6 8 0.021982571 
720 518 7 8 0.021982234 
584 576 9 12 0.021934912 
830 454 7 9 0.021933056 
430 505 7 8 0.021873849 
190 574 9 11 0.021815976 
360 485 7 9 0.021810075 
65 489 6 8 0.02176218 
135 478 7 9 0.021744367 
372 583 9 11 0.021630697 
367 479 7 9 0.021614239 
580 563 9 11 0.021581426 
489 534 8 9 0.021530665 
800 488 6 8 0.02152693 
400 521 6 9 0.021523798 
705 521 8 10 0.021495124 
448 551 8 11 0.021480044 
463 567 9 11 0.02143088 
814 527 8 10 0.021409094 
833 503 6 8 0.021405531 
944 556 11 14 0.021403428 
647 560 7 10 0.02140174 
603 606 10 16 0.021390233 
319 537 7 9 0.021376606 
481 543 7 10 0.021345625 
377 535 6 9 0.021304913 
799 511 7 9 0.021276794 
640 527 7 9 0.021273129 
630 535 7 10 0.021266518 
384 551 8 11 0.0212651 
696 487 6 8 0.02125896 
634 544 7 10 0.021232154 
640 503 7 8 0.021207595 
791 510 7 9 0.021196857 
736 629 8 11 0.021166537 
520 520 8 9 0.021155262 
82 495 6 9 0.0211162 
152 559 8 10 0.021112286 
713 588 8 11 0.021080846 
713 557 9 12 0.021035286 
440 512 6 8 0.021030212 
486 550 9 11 0.021019435 
209 633 13 16 0.021007877 
304 505 6 8 0.021007651 
569 517 6 9 0.020983266 
241 497 6 8 0.020947618 
752 543 8 10 0.020922374 
391 549 8 11 0.020918032 
351 518 7 8 0.020895716 
776 528 8 10 0.020863272 
738 503 7 9 0.020853316 
13 548 9 14 0.020835081 
791 456 8 10 0.020823952 
663 512 7 9 0.020820616 
217 527 7 9 0.020808293 
233 543 8 9 0.02080011 
319 496 6 8 0.020755354 
80 572 8 11 0.020725586 
687 598 8 11 0.020718751 
680 517 7 9 0.020676754 
671 543 7 9 0.020663539 
762 433 7 9 0.020598635 
976 524 9 11 0.020569429 
846 448 8 9 0.020505777 
289 511 6 9 0.020476643 
360 503 6 7 0.02047104 
432 510 7 8 0.020419525 
823 478 6 9 0.020401523 
911 468 7 10 0.020322336 
672 518 7 9 0.020290341 
190 581 8 12 0.020284887 
143 543 8 10 0.020244464 
379 511 6 7 0.020222653 
129 512 7 9 0.02012798 
665 486 7 8 0.020118782 
215 556 8 10 0.02010628 
390 545 8 10 0.020086594 
224 558 8 11 0.020083176 
142 489 7 9 0.020051362 
