22_Picnic_Picnic_22_310
52
266 211 50 62 0.9987709 
856 220 26 31 0.9921199 
647 225 40 56 0.9873864 
451 210 23 33 0.98390305 
600 184 20 32 0.9656763 
521 273 20 29 0.86726564 
763 193 21 30 0.8639169 
147 275 13 17 0.8484417 
688 193 22 30 0.7630497 
179 282 14 17 0.61729836 
39 277 14 19 0.5279908 
653 187 24 29 0.51215374 
908 237 18 23 0.41809174 
967 207 15 17 0.35731062 
110 275 10 13 0.24904275 
672 190 30 35 0.2312678 
915 212 11 14 0.14098828 
989 205 15 21 0.13850884 
108 307 10 13 0.12911692 
826 216 9 12 0.091054566 
869 187 8 11 0.08798168 
980 237 26 33 0.08705479 
91 303 11 15 0.0779272 
760 189 14 23 0.058574785 
828 219 12 18 0.05743122 
831 225 14 20 0.057123084 
968 245 29 32 0.05598007 
938 244 23 29 0.052220717 
901 238 14 17 0.05165065 
160 286 10 15 0.051050823 
9 275 10 17 0.04795237 
965 208 23 27 0.04304734 
854 191 8 10 0.03803797 
219 256 15 24 0.03575265 
160 260 10 12 0.03364537 
42 196 12 17 0.03143101 
925 198 12 15 0.030762 
863 174 7 9 0.028570395 
30 278 17 21 0.027245713 
912 206 11 16 0.026320577 
932 186 11 15 0.02567791 
950 244 25 31 0.024537606 
981 207 25 34 0.0237907 
153 275 13 18 0.023516666 
214 248 14 24 0.023395136 
911 217 12 16 0.02309049 
96 326 9 11 0.021863282 
192 210 7 9 0.02128153 
911 190 8 10 0.020449018 
889 187 9 12 0.020363227 
164 285 11 14 0.02013748 
921 196 10 14 0.020051174 
