22_Picnic_Picnic_22_308
57
383 329 33 42 0.99425936 
517 293 31 34 0.97837216 
588 230 29 35 0.94874436 
636 234 13 18 0.8968538 
949 192 55 92 0.89355457 
815 261 12 16 0.87577087 
562 277 28 34 0.87177753 
742 263 13 17 0.6940665 
890 255 8 11 0.5053127 
242 254 11 12 0.38142505 
764 252 11 14 0.34231824 
694 245 13 18 0.25095418 
699 244 15 18 0.199675 
800 277 10 12 0.17529908 
800 272 9 11 0.14169353 
736 253 10 14 0.10431041 
797 283 9 12 0.09046228 
700 238 12 16 0.08998786 
737 260 12 15 0.07745797 
699 257 14 19 0.07641842 
705 249 13 17 0.07638028 
727 241 8 11 0.07444827 
836 267 10 13 0.07396591 
605 288 17 21 0.07256479 
661 234 14 21 0.070606984 
865 271 8 10 0.06942104 
837 253 9 11 0.069119744 
848 264 7 10 0.059292063 
793 284 9 12 0.056776457 
749 298 10 13 0.044083465 
740 256 11 13 0.042387433 
877 303 8 10 0.04135036 
864 265 7 9 0.03875456 
825 277 9 11 0.03772053 
732 246 10 13 0.036266226 
632 232 11 15 0.03441049 
849 288 9 11 0.032393932 
693 228 10 13 0.032006245 
719 243 10 13 0.031309556 
832 264 9 13 0.030433176 
856 256 8 10 0.030005187 
759 259 12 15 0.028428314 
758 300 8 11 0.028351633 
690 250 10 14 0.028273119 
358 237 8 10 0.026947921 
793 269 9 12 0.026253175 
793 261 9 12 0.025470166 
247 271 11 14 0.024646776 
810 262 10 13 0.023965307 
748 273 12 15 0.023293024 
869 271 7 10 0.023259977 
253 270 10 13 0.022702426 
856 271 8 10 0.021472635 
855 262 8 9 0.021449396 
804 271 10 13 0.021309528 
643 240 12 15 0.020541113 
789 205 9 10 0.020170698 
