22_Picnic_Picnic_22_140
35
419 349 23 27 0.98691934 
313 342 26 33 0.9821485 
568 370 23 27 0.9817145 
786 381 26 34 0.9600729 
632 386 24 29 0.8338279 
923 431 15 25 0.5716088 
923 375 20 28 0.4130224 
868 370 17 25 0.19578391 
863 513 54 61 0.15613034 
69 411 23 38 0.10491941 
623 373 24 31 0.10147624 
859 414 23 35 0.051920008 
623 370 14 19 0.050682917 
35 416 27 39 0.047873355 
299 344 27 33 0.045252874 
894 422 19 33 0.04057154 
832 613 9 11 0.036460273 
620 392 27 30 0.035971288 
874 374 25 28 0.030235432 
436 442 15 22 0.028662147 
923 361 24 28 0.028180543 
935 377 19 22 0.025380146 
904 375 19 28 0.025218595 
665 424 30 48 0.025038496 
462 432 12 17 0.023840077 
854 404 22 33 0.023751693 
643 375 25 30 0.023411607 
144 389 22 31 0.023217333 
856 505 12 15 0.023013784 
908 426 19 31 0.02237474 
616 444 24 40 0.022144357 
653 363 16 20 0.0210158 
891 380 25 26 0.02033677 
788 371 18 24 0.02029538 
917 370 16 26 0.020238265 
