50_Celebration_Or_Party_houseparty_50_19
28
521 398 36 47 0.99710053 
863 427 42 57 0.9861266 
655 444 28 41 0.98040193 
454 423 21 28 0.9751389 
133 376 41 51 0.96645343 
405 432 25 41 0.959173 
217 418 29 48 0.85338414 
747 492 13 17 0.38768458 
787 436 16 21 0.29878905 
769 434 15 20 0.26666912 
545 456 29 37 0.11157036 
61 89 66 87 0.06562478 
153 374 34 41 0.06498228 
709 507 25 33 0.04917459 
677 480 20 31 0.04562822 
706 483 14 18 0.041855205 
202 414 33 50 0.04138663 
582 674 10 14 0.03619399 
687 469 12 16 0.03431754 
259 477 19 22 0.029777529 
718 485 11 16 0.029254338 
56 580 13 19 0.025058093 
67 290 26 36 0.02504115 
172 377 15 21 0.024697144 
345 367 11 14 0.024078809 
202 47 428 569 0.023732902 
682 466 21 31 0.021462174 
665 453 25 37 0.020305501 
