50_Celebration_Or_Party_houseparty_50_432
145
717 36 59 79 0.9978635 
513 842 33 42 0.9971993 
720 840 36 47 0.9970804 
469 320 24 32 0.9956721 
628 825 31 40 0.9955069 
402 602 25 32 0.9954776 
416 64 25 34 0.99536264 
566 828 30 38 0.99530584 
335 284 30 43 0.99365085 
629 74 38 51 0.99249095 
312 614 25 31 0.99003863 
312 58 25 42 0.9892988 
251 614 25 35 0.9866392 
617 279 21 28 0.9834833 
393 319 18 23 0.9825593 
491 68 43 65 0.98221636 
695 271 20 33 0.97277063 
538 287 22 33 0.9667116 
148 565 13 18 0.96443963 
569 86 20 34 0.95790756 
250 318 19 28 0.9391907 
887 352 10 12 0.9305522 
375 56 18 25 0.8699196 
444 71 21 34 0.8461739 
834 325 13 18 0.83525956 
353 74 19 28 0.8098192 
144 852 11 13 0.8012869 
183 100 7 10 0.7966602 
478 586 16 23 0.65179086 
396 864 9 11 0.606283 
457 851 16 23 0.60432965 
296 869 16 24 0.5698673 
126 102 9 11 0.53780335 
158 97 8 10 0.44227785 
738 604 9 12 0.3920447 
14 826 11 13 0.36268255 
345 868 9 12 0.3603479 
144 601 9 12 0.3186514 
105 100 7 10 0.30167684 
410 864 8 11 0.26944467 
179 564 12 15 0.24224979 
673 606 6 9 0.24192092 
625 600 7 9 0.23931597 
119 571 11 14 0.22608536 
477 594 20 30 0.22588485 
204 562 12 15 0.2165599 
493 61 12 18 0.21016309 
9 822 10 13 0.184244 
470 591 15 20 0.15903899 
988 322 10 13 0.12225655 
5 569 9 11 0.10648289 
430 855 8 10 0.10510177 
200 559 12 16 0.098581284 
382 877 8 11 0.0982414 
484 600 21 31 0.091944605 
821 308 9 12 0.088067785 
272 861 11 16 0.087979265 
117 576 11 15 0.071563914 
650 607 8 10 0.07074823 
288 325 23 29 0.07042395 
756 592 12 14 0.06731472 
2 573 8 11 0.06541367 
186 563 15 17 0.06486501 
467 856 13 19 0.064550646 
608 593 8 11 0.05974405 
375 860 8 12 0.059370734 
177 560 9 13 0.059354376 
732 667 18 21 0.05823491 
55 87 8 10 0.0565039 
33 815 8 11 0.054094326 
431 63 25 36 0.053941503 
374 870 9 13 0.050831176 
111 581 10 13 0.048224412 
330 870 8 11 0.047782406 
664 600 6 8 0.04621651 
335 45 11 15 0.043779906 
26 884 9 13 0.043568697 
647 600 7 8 0.042228118 
376 875 10 13 0.04213947 
426 855 8 11 0.041827366 
293 836 10 12 0.041621502 
177 81 8 10 0.04126423 
640 251 12 16 0.04124662 
367 868 11 13 0.040584005 
135 590 9 12 0.039970152 
98 118 7 9 0.03894444 
615 598 7 9 0.036847875 
657 600 7 10 0.03633561 
977 357 10 13 0.035921063 
645 622 8 10 0.035675965 
20 827 9 13 0.03554471 
383 885 9 12 0.035410173 
755 603 12 16 0.03517059 
953 376 8 10 0.034570962 
829 320 13 17 0.033404715 
114 573 11 14 0.03264415 
936 393 12 16 0.032317784 
87 112 6 9 0.03198375 
420 691 15 20 0.031647515 
288 869 14 20 0.03141581 
983 349 11 13 0.031249527 
73 599 7 10 0.031132726 
488 62 21 33 0.030947475 
137 598 9 11 0.029786492 
210 557 12 17 0.029551648 
334 912 8 11 0.028573772 
740 600 9 13 0.028509928 
138 852 11 14 0.027921831 
229 68 10 12 0.027710857 
349 865 9 12 0.02746014 
25 806 9 11 0.027404405 
129 589 8 12 0.027178533 
97 568 8 10 0.027166938 
697 609 8 10 0.026781369 
528 294 25 29 0.026452646 
168 86 8 10 0.026397195 
183 80 7 10 0.02634806 
124 568 10 13 0.025774755 
55 881 11 16 0.025624156 
447 855 10 14 0.025450625 
334 876 8 11 0.02539583 
218 836 10 14 0.025102714 
366 861 12 13 0.025077967 
152 117 7 10 0.024593767 
89 608 8 10 0.024575494 
728 615 9 11 0.024539508 
485 62 15 22 0.024397528 
628 599 8 10 0.024255995 
260 866 14 20 0.023886573 
364 60 20 30 0.023848576 
298 325 18 22 0.023730056 
30 806 9 11 0.022658875 
429 859 10 12 0.022522874 
446 68 39 51 0.021993706 
176 568 12 16 0.02179274 
137 127 8 11 0.021768842 
594 600 7 10 0.021724647 
124 578 11 14 0.021677194 
975 350 11 13 0.021587094 
665 590 8 10 0.020842155 
114 374 13 16 0.020447811 
197 567 13 17 0.0204076 
205 100 9 12 0.020366006 
164 572 10 14 0.020263018 
642 599 7 9 0.020091718 
