50_Celebration_Or_Party_birthdayparty_50_18
37
233 375 25 33 0.9924959 
335 364 23 29 0.9862548 
134 402 25 39 0.98357314 
849 376 23 31 0.9832162 
639 339 20 23 0.9549409 
612 345 20 26 0.9510168 
544 353 21 25 0.9481084 
717 333 20 26 0.9433724 
808 347 19 24 0.9433277 
764 400 20 29 0.922946 
664 397 20 32 0.9168732 
470 354 14 25 0.7306939 
395 368 19 27 0.36878833 
545 425 24 32 0.3348129 
700 298 18 22 0.25489265 
927 381 16 18 0.2329267 
948 341 18 24 0.13983747 
380 371 13 18 0.1130201 
804 425 12 14 0.0918171 
423 429 28 30 0.08818666 
536 430 23 30 0.08788468 
860 363 17 20 0.07964185 
277 455 20 33 0.07641401 
531 440 16 20 0.056302316 
852 363 17 19 0.050417136 
307 453 21 34 0.0408667 
468 377 15 18 0.040257577 
389 369 17 23 0.034425627 
936 380 17 18 0.033526253 
941 340 16 20 0.030674664 
560 430 17 26 0.025491232 
254 220 9 13 0.024739405 
554 333 17 21 0.023821324 
536 204 9 12 0.023048753 
811 330 15 19 0.021358157 
463 361 20 29 0.021081366 
620 231 21 26 0.020919863 
