50_Celebration_Or_Party_houseparty_50_715
187
807 556 13 16 0.30824882 
805 645 14 19 0.20754415 
732 601 16 19 0.1733238 
630 564 14 17 0.1663602 
774 580 13 15 0.15843062 
570 616 17 21 0.15009035 
699 598 13 17 0.12813538 
671 556 11 14 0.1262316 
860 599 15 20 0.122886464 
521 572 11 15 0.11863411 
726 572 11 15 0.1168223 
559 516 9 12 0.110313244 
835 563 14 20 0.0965898 
965 576 19 22 0.09467499 
877 576 18 22 0.093454935 
800 525 9 12 0.079948336 
524 594 15 19 0.07963851 
463 563 10 13 0.07454935 
778 651 13 16 0.07448119 
618 484 9 11 0.072889276 
27 483 11 14 0.07283713 
607 565 14 18 0.06892429 
651 575 14 16 0.06751693 
558 579 13 17 0.06458572 
795 600 15 19 0.06449708 
259 637 13 18 0.064227335 
666 630 16 20 0.06276688 
666 493 8 11 0.06172287 
901 622 16 21 0.06022841 
269 637 14 19 0.060181938 
616 546 13 16 0.059959333 
680 533 12 14 0.058949582 
783 554 11 15 0.056555104 
478 607 11 14 0.056268357 
606 557 12 14 0.055383153 
810 573 14 17 0.05512747 
530 540 9 13 0.053242728 
94 531 13 17 0.051667415 
96 586 13 17 0.05118947 
648 555 12 14 0.04862139 
496 541 11 13 0.046387278 
668 604 15 17 0.04633444 
774 501 9 11 0.045495544 
806 501 9 13 0.045105543 
724 548 11 14 0.04489016 
113 492 8 11 0.044476077 
726 543 10 13 0.04437211 
749 602 14 17 0.044144314 
596 565 13 18 0.04142149 
582 462 8 10 0.040968046 
816 518 10 13 0.0409604 
456 486 7 9 0.04037375 
437 564 11 14 0.040248938 
756 563 14 16 0.040171076 
611 630 13 16 0.039689623 
917 583 14 17 0.03930144 
697 502 8 11 0.03851636 
885 542 13 16 0.038468696 
494 525 8 11 0.03819866 
831 612 15 19 0.03750584 
753 512 7 9 0.03750212 
685 584 13 16 0.03691086 
122 477 7 11 0.036835708 
646 463 7 10 0.03678818 
580 581 13 15 0.036612354 
834 625 16 20 0.03619774 
359 647 14 17 0.035586763 
191 556 13 17 0.03551484 
842 564 14 20 0.035431884 
938 564 16 20 0.034762878 
611 554 13 16 0.03441417 
719 553 13 15 0.03440061 
228 623 17 19 0.03430584 
150 534 10 13 0.034255654 
941 596 23 30 0.03418902 
597 602 14 17 0.034002654 
564 516 10 12 0.03368241 
689 650 19 23 0.033522885 
137 478 7 10 0.033360746 
598 556 13 15 0.033121284 
800 531 11 14 0.033065397 
829 509 11 14 0.033020996 
536 564 13 16 0.032709446 
633 456 6 8 0.03261946 
674 471 7 9 0.032325443 
752 541 9 12 0.03173421 
432 470 7 10 0.030707452 
733 628 13 17 0.030476084 
831 588 13 16 0.030395843 
993 599 18 22 0.03017341 
800 502 10 13 0.030105287 
468 515 9 12 0.030026872 
660 617 15 18 0.02995962 
537 509 10 13 0.029907852 
832 558 13 17 0.029865658 
494 534 11 13 0.029751971 
823 668 13 16 0.029340206 
538 485 8 10 0.029283602 
607 576 13 16 0.029260274 
672 510 8 12 0.02911618 
721 526 9 12 0.029022727 
749 581 12 14 0.028079616 
799 508 9 11 0.028062053 
697 470 7 9 0.027691063 
847 548 13 15 0.027419103 
184 440 7 8 0.02725399 
537 516 10 13 0.027208555 
693 587 12 14 0.027164556 
611 603 13 17 0.027102211 
208 519 8 10 0.026570601 
678 551 10 13 0.026471175 
257 598 16 19 0.026423126 
14 478 10 14 0.026377587 
588 501 9 12 0.02635036 
793 508 7 10 0.026179299 
787 643 12 16 0.026179263 
970 605 14 18 0.026079267 
605 627 14 17 0.025994793 
452 511 9 12 0.025691886 
582 171 15 21 0.025425794 
478 501 8 11 0.025351958 
151 546 12 15 0.025250463 
682 485 8 10 0.025217703 
736 558 10 13 0.02514888 
853 549 13 14 0.025084585 
743 512 8 9 0.025083408 
309 597 10 14 0.024931047 
477 495 8 11 0.024881206 
500 547 10 13 0.024875527 
734 565 10 14 0.024709385 
192 511 11 13 0.024627274 
609 479 7 9 0.024561277 
1 460 8 12 0.024362568 
173 532 11 14 0.024329908 
513 486 9 11 0.024286197 
698 619 14 18 0.024265101 
669 514 10 12 0.024206297 
535 469 8 10 0.024107575 
792 525 10 13 0.02403292 
512 502 9 11 0.024026556 
435 654 15 18 0.023868935 
708 596 12 15 0.023657963 
845 556 12 15 0.023522524 
597 620 15 20 0.023518145 
45 566 15 20 0.023489166 
102 507 11 14 0.02343799 
28 508 12 14 0.023433942 
57 471 9 11 0.023396034 
213 578 14 16 0.023155693 
527 477 8 11 0.023040112 
597 610 14 18 0.02283747 
719 511 8 10 0.022665434 
678 571 12 14 0.022613771 
524 578 11 14 0.022599382 
853 660 15 18 0.02242263 
666 617 16 20 0.022297692 
271 406 8 10 0.022077996 
527 471 8 11 0.022009676 
610 654 15 20 0.02189076 
663 516 10 12 0.021844791 
731 571 11 15 0.021734698 
284 584 15 21 0.021699896 
673 502 8 11 0.02167539 
453 610 12 15 0.021580217 
815 501 9 12 0.021418095 
504 558 11 14 0.021385496 
769 502 9 11 0.02132262 
151 441 8 9 0.021217486 
834 606 15 18 0.021199152 
598 486 9 11 0.0211876 
556 523 11 13 0.021137387 
664 556 12 15 0.02107127 
695 508 9 12 0.020910619 
800 520 9 12 0.020864168 
736 471 6 8 0.020808145 
753 517 9 10 0.020781383 
503 439 7 9 0.020680051 
736 512 7 10 0.020628313 
439 548 11 12 0.020546032 
769 519 7 10 0.020541636 
694 561 13 15 0.020533081 
607 471 7 9 0.02049569 
931 543 15 18 0.020478442 
439 543 9 11 0.020380858 
697 496 8 10 0.020380715 
652 616 15 20 0.020013386 
487 617 13 17 0.020013187 
