50_Celebration_Or_Party_birthdayparty_50_283
33
250 373 50 70 0.99867404 
124 457 56 72 0.9980478 
811 179 36 42 0.9974589 
594 307 37 47 0.9968387 
12 460 74 105 0.9924879 
439 271 27 35 0.99196666 
652 168 42 51 0.9912144 
888 297 28 35 0.99019617 
362 355 38 51 0.9891677 
467 357 29 36 0.98820996 
458 313 23 28 0.97670096 
773 334 39 52 0.9076884 
179 113 42 60 0.7209632 
765 345 26 36 0.20214018 
890 427 44 69 0.15863933 
484 259 18 21 0.120537214 
772 471 49 69 0.118203074 
852 232 24 31 0.056080528 
669 507 43 74 0.048101455 
887 397 49 67 0.047634855 
484 181 17 22 0.041374393 
749 292 18 26 0.039671253 
423 248 10 12 0.03743928 
452 196 15 21 0.037333194 
750 232 9 11 0.030646874 
459 350 24 33 0.029640269 
724 234 20 29 0.028203115 
616 193 30 32 0.02802471 
766 465 35 51 0.024650892 
872 438 36 61 0.023749785 
447 345 23 30 0.023121938 
913 427 45 69 0.02140303 
752 236 10 12 0.020352473 
