50_Celebration_Or_Party_houseparty_50_17
20
383 391 67 88 0.9994173 
27 398 96 117 0.9993631 
812 105 59 69 0.99849784 
644 139 53 67 0.9983577 
354 156 53 68 0.9983327 
499 388 63 77 0.9982601 
721 353 73 92 0.99809605 
474 103 55 74 0.9979127 
221 61 65 79 0.9957495 
193 387 79 104 0.99304235 
925 385 80 104 0.98928076 
21 70 11 14 0.687163 
264 496 482 504 0.15391268 
116 696 19 22 0.07107885 
50 680 31 38 0.031296488 
2 237 10 17 0.030750241 
662 309 10 12 0.02871431 
101 162 9 10 0.025197927 
17 66 18 23 0.024940414 
649 317 9 12 0.021504292 
