50_Celebration_Or_Party_birthdayparty_50_134
113
854 284 31 35 0.9926853 
81 352 17 22 0.91102374 
617 310 7 10 0.8817257 
799 300 10 12 0.76805884 
13 337 20 24 0.72687924 
890 339 20 27 0.5812441 
446 350 10 13 0.5551593 
581 312 8 9 0.5030969 
435 364 10 13 0.5030908 
421 340 9 11 0.41403815 
553 313 8 10 0.39962924 
597 333 11 14 0.38671413 
640 309 8 10 0.35595265 
612 350 9 12 0.3339566 
540 350 11 14 0.30636778 
725 297 8 10 0.2744869 
597 352 10 12 0.22928694 
760 303 11 14 0.2203629 
528 334 8 11 0.19638005 
652 304 9 10 0.18332082 
506 335 7 10 0.18244293 
496 332 7 10 0.1487186 
384 351 8 9 0.14850459 
443 349 8 12 0.12423432 
486 322 7 9 0.11955714 
640 335 11 14 0.11691771 
557 344 13 16 0.11561769 
385 365 9 13 0.10335615 
142 389 12 15 0.10090475 
412 364 12 15 0.100478165 
5 339 19 20 0.09293423 
875 314 20 30 0.089114346 
422 348 10 12 0.084827535 
804 361 18 21 0.081768885 
478 333 10 12 0.08052254 
431 360 10 14 0.074259646 
794 301 9 12 0.074173786 
544 332 9 11 0.070801795 
624 325 10 14 0.06529288 
720 336 12 18 0.06475997 
486 341 10 11 0.06263928 
564 348 10 14 0.06097177 
446 344 10 12 0.057960484 
486 334 10 12 0.057829354 
516 392 9 11 0.056982506 
486 356 10 13 0.056897905 
482 326 8 11 0.055726536 
429 349 9 11 0.055517267 
626 350 9 12 0.05290063 
505 342 9 11 0.050600708 
706 301 8 11 0.0499323 
314 392 7 9 0.04846244 
478 339 10 13 0.048446786 
582 316 9 11 0.04818545 
419 338 8 10 0.04815161 
505 350 8 10 0.04581357 
580 349 9 11 0.041713927 
592 354 13 14 0.04170564 
551 348 13 15 0.04057343 
494 351 8 11 0.038673893 
636 358 9 12 0.038648624 
494 356 8 12 0.03853659 
479 356 13 14 0.03716663 
897 346 18 23 0.037013575 
430 343 9 11 0.036580864 
314 399 6 9 0.03634961 
647 307 9 12 0.036000315 
712 342 10 14 0.035535052 
352 334 7 9 0.03552783 
551 327 9 11 0.035333347 
477 346 14 18 0.035097472 
419 364 12 14 0.03486837 
494 343 9 12 0.03383956 
556 315 8 12 0.033774875 
509 349 9 11 0.033067416 
473 340 10 13 0.032984145 
473 335 10 12 0.032781757 
311 374 7 9 0.032023583 
265 424 10 13 0.031018255 
737 309 9 12 0.030325051 
613 366 10 13 0.030198174 
576 326 8 11 0.029212851 
438 359 10 14 0.029102677 
883 326 20 30 0.02908551 
693 333 9 11 0.028988782 
327 367 7 9 0.028566837 
607 343 9 13 0.028273884 
927 338 15 21 0.02815059 
754 303 8 11 0.028097788 
320 336 8 10 0.027970975 
441 343 8 11 0.027108084 
90 392 15 22 0.026260378 
320 376 7 9 0.025550757 
722 299 10 12 0.025302649 
384 344 8 11 0.025233803 
417 349 10 13 0.02507203 
407 371 9 12 0.0249177 
716 326 12 14 0.024484722 
589 320 8 10 0.023526687 
354 329 6 9 0.023393784 
509 357 10 13 0.023026587 
359 344 7 9 0.022923224 
609 364 10 13 0.02284774 
182 333 14 18 0.022665266 
367 328 7 10 0.02223409 
319 382 7 10 0.02207631 
603 333 10 14 0.021978337 
636 395 17 19 0.021552498 
718 310 10 12 0.020663794 
471 346 13 16 0.02029106 
611 310 8 11 0.020180594 
533 333 9 12 0.02012931 
401 374 9 11 0.020018691 
