50_Celebration_Or_Party_birthdayparty_50_43
20
520 256 37 44 0.9971324 
486 442 44 56 0.997031 
583 43 36 41 0.99684924 
206 265 43 57 0.9967253 
626 407 44 54 0.9961718 
772 413 43 54 0.99602556 
754 240 38 48 0.9954817 
396 261 38 45 0.9950653 
639 253 38 45 0.9948784 
462 95 33 43 0.9947635 
715 95 34 41 0.99317545 
298 111 39 47 0.9924959 
350 416 47 56 0.9913174 
202 74 39 49 0.9822636 
624 546 21 23 0.51673263 
588 96 18 21 0.21115735 
208 155 23 27 0.061567668 
793 547 19 22 0.05328974 
398 321 19 20 0.050423037 
193 382 30 33 0.035225846 
