50_Celebration_Or_Party_birthdayparty_50_249
21
151 272 61 65 0.9990947 
351 270 57 60 0.9984555 
660 188 53 67 0.99833727 
575 237 51 63 0.99818796 
805 187 61 73 0.9968941 
207 221 36 47 0.39140728 
591 154 24 37 0.07104558 
158 210 15 21 0.058368452 
731 31 22 29 0.043230515 
550 139 26 34 0.042316593 
758 28 12 15 0.03232241 
589 153 16 24 0.031491265 
367 240 54 65 0.030744903 
380 224 47 56 0.030696834 
543 138 21 31 0.028690698 
560 143 31 35 0.02823546 
610 90 35 46 0.026907943 
573 146 28 33 0.02660297 
195 230 32 43 0.025200522 
215 228 45 53 0.022153359 
589 159 39 50 0.020661479 
