50_Celebration_Or_Party_birthdayparty_50_75
48
238 385 31 36 0.99652314 
117 603 28 35 0.9952676 
116 382 28 34 0.9946491 
405 193 88 111 0.9941162 
178 599 29 34 0.993912 
51 598 35 45 0.9899462 
175 384 30 35 0.9862132 
237 453 33 40 0.98279655 
57 456 29 35 0.98061347 
157 472 16 21 0.96246076 
663 128 25 30 0.8193695 
59 389 14 17 0.81450933 
55 530 28 32 0.6873699 
183 472 16 22 0.33211803 
823 400 8 11 0.28736052 
541 464 8 10 0.16721933 
685 134 15 20 0.0926368 
304 398 11 16 0.063941285 
563 467 13 16 0.06343446 
353 408 12 15 0.061465476 
281 522 28 28 0.061006043 
757 159 8 10 0.05747116 
369 410 18 20 0.057463583 
676 129 22 29 0.046495937 
560 461 11 14 0.044749983 
2 125 40 66 0.044600498 
633 169 10 11 0.03357003 
687 458 13 19 0.03202943 
767 142 12 14 0.0311609 
412 460 10 13 0.029920818 
158 456 14 19 0.029920712 
302 410 16 20 0.029468577 
594 200 17 20 0.029293092 
755 508 32 28 0.0284786 
743 486 24 32 0.02818517 
539 467 8 12 0.027909461 
889 553 38 33 0.025711773 
772 142 15 17 0.02422177 
643 468 15 18 0.024025528 
357 405 23 25 0.023854107 
585 395 13 15 0.023441296 
790 380 8 11 0.023401521 
377 416 15 18 0.02292 
942 426 12 14 0.022269897 
579 464 13 19 0.021781933 
710 476 11 16 0.02077104 
223 652 22 34 0.02053736 
473 464 17 21 0.020275086 
