50_Celebration_Or_Party_houseparty_50_609
212
215 348 65 78 0.99809545 
211 214 33 44 0.9970703 
126 236 31 42 0.99403524 
139 256 45 50 0.9892545 
286 244 43 55 0.9867865 
889 175 19 24 0.9725999 
412 234 25 37 0.9709721 
599 253 29 43 0.96619874 
844 193 21 28 0.9644551 
473 179 25 34 0.9585517 
799 211 21 30 0.9540428 
991 255 32 50 0.90574306 
995 122 12 15 0.8975602 
769 188 20 27 0.8645808 
819 166 12 16 0.86130345 
86 223 22 35 0.85706407 
834 171 13 16 0.8510781 
545 285 36 47 0.8499272 
787 156 13 17 0.82807726 
310 322 48 78 0.811479 
636 168 13 17 0.7908949 
331 204 19 27 0.7761344 
872 172 13 17 0.74120796 
679 192 17 29 0.6767506 
714 190 14 21 0.67328674 
813 190 14 19 0.63534284 
532 123 10 13 0.6022699 
854 228 20 31 0.57462734 
832 134 12 15 0.5628448 
923 154 14 17 0.54413646 
185 212 19 29 0.48834723 
274 182 21 26 0.48019263 
741 157 11 15 0.47777367 
193 180 16 18 0.4598824 
891 133 11 13 0.39047614 
85 344 26 61 0.3632792 
993 190 28 38 0.35293055 
880 155 11 14 0.3420634 
445 165 13 17 0.33208087 
955 208 16 21 0.32479084 
803 119 12 15 0.30938426 
227 195 18 22 0.29052186 
269 182 17 22 0.28479263 
174 167 11 15 0.275232 
485 128 9 11 0.2307644 
769 134 11 14 0.22470433 
325 157 11 15 0.2091875 
953 190 20 24 0.18255515 
964 189 15 19 0.18255235 
601 189 15 19 0.18178718 
658 258 25 30 0.17961836 
520 159 10 13 0.1745716 
582 130 11 15 0.16437192 
139 200 14 17 0.16312732 
223 150 8 11 0.16101004 
722 240 27 38 0.16049626 
527 177 14 18 0.15204775 
588 169 12 16 0.15133902 
572 147 10 14 0.14854994 
422 54 10 14 0.14600946 
648 119 10 13 0.13193052 
676 260 22 30 0.12427362 
930 127 12 16 0.1223223 
796 178 16 19 0.12120994 
539 133 12 14 0.12078458 
806 187 17 20 0.11908502 
749 157 13 15 0.1140795 
946 206 21 28 0.11290345 
548 166 12 15 0.11277707 
470 149 11 14 0.11225928 
539 204 17 21 0.11016047 
829 229 13 16 0.101072446 
135 229 33 36 0.09982662 
989 138 11 14 0.09630762 
157 188 14 16 0.09432072 
487 162 12 16 0.09300426 
215 165 9 11 0.09282257 
797 165 11 14 0.091400005 
342 181 14 17 0.09105641 
53 206 12 18 0.090850115 
269 163 11 14 0.08729502 
854 132 9 12 0.08599043 
891 139 12 15 0.08084552 
848 133 10 12 0.07839632 
750 179 14 17 0.07356673 
361 175 16 21 0.07269432 
885 149 11 14 0.06850702 
460 54 10 13 0.066543415 
642 200 14 20 0.064651676 
577 126 11 14 0.06262879 
714 279 31 46 0.059952416 
145 221 26 30 0.05678838 
162 192 14 16 0.05671344 
239 161 11 15 0.05510454 
557 192 15 20 0.05441492 
389 189 14 16 0.05379984 
756 189 22 26 0.053518113 
566 251 40 55 0.053495206 
846 140 11 16 0.05276874 
747 188 15 21 0.049898896 
539 210 28 32 0.049714465 
872 280 27 50 0.044347133 
599 147 12 17 0.044007733 
876 164 14 18 0.043190666 
742 141 11 14 0.042897664 
427 52 13 16 0.04241135 
873 141 8 11 0.0404628 
517 67 10 13 0.040157862 
536 156 11 14 0.04000271 
725 146 11 15 0.039973434 
702 191 19 25 0.039903227 
540 225 28 32 0.039463174 
265 185 13 18 0.039196987 
331 554 91 120 0.03887507 
813 1 11 11 0.03809229 
568 144 10 13 0.03768135 
847 164 12 14 0.037560977 
623 77 11 13 0.03596403 
527 180 20 27 0.03554727 
742 151 13 17 0.035382237 
331 156 14 19 0.035244636 
408 131 10 13 0.034949817 
357 198 16 18 0.034540527 
464 148 14 18 0.033583764 
543 260 39 48 0.0333496 
809 123 12 15 0.03311586 
544 195 22 27 0.03305758 
535 135 13 17 0.032998636 
611 221 16 24 0.032902345 
361 164 12 15 0.032896977 
339 162 16 17 0.0327281 
863 126 9 13 0.03197811 
848 128 8 11 0.031805288 
807 3 12 13 0.031620797 
269 171 15 19 0.03115337 
438 119 15 19 0.030975027 
710 126 10 13 0.03082208 
540 152 11 14 0.03035118 
245 228 21 31 0.03024776 
632 198 22 28 0.029958785 
578 120 9 12 0.029424082 
275 175 14 16 0.028991077 
712 130 11 13 0.02897298 
522 162 13 15 0.028939929 
982 134 13 18 0.028241735 
291 171 13 16 0.028032389 
495 54 11 12 0.027620919 
429 45 12 16 0.02758326 
447 155 21 27 0.027379585 
517 51 9 12 0.027025009 
183 220 26 40 0.026886035 
734 160 14 18 0.026880516 
844 171 13 16 0.026862882 
962 211 16 22 0.026656393 
865 226 18 24 0.026405863 
882 161 14 18 0.026156697 
440 140 24 29 0.026154425 
525 152 10 12 0.025870921 
446 169 22 31 0.025760831 
500 69 11 12 0.025458911 
201 179 13 16 0.025416331 
231 164 10 13 0.025150662 
545 76 10 12 0.025001658 
392 191 17 23 0.024780361 
605 225 17 25 0.024765026 
447 110 9 12 0.024741549 
573 203 23 32 0.024604341 
604 143 12 17 0.02416986 
823 228 21 28 0.02411134 
347 225 17 25 0.023965336 
400 149 11 15 0.023801783 
830 195 13 18 0.023407232 
97 218 15 25 0.0233077 
543 169 15 18 0.023291966 
347 174 15 19 0.02311113 
651 122 11 13 0.0230284 
669 77 9 13 0.022841917 
994 186 20 23 0.022670308 
363 145 14 16 0.022593876 
652 148 11 13 0.022388048 
280 174 23 27 0.022360958 
558 113 216 230 0.02222496 
949 181 15 19 0.022133794 
721 192 15 22 0.02211786 
693 108 10 12 0.022107042 
287 168 12 14 0.021717308 
852 173 13 15 0.021633774 
519 178 15 20 0.021584647 
534 244 42 47 0.021556057 
805 127 14 17 0.021492256 
772 223 16 23 0.021371799 
554 170 14 17 0.021368159 
72 228 30 32 0.021357391 
369 177 16 21 0.021271193 
579 148 13 15 0.021149378 
812 182 15 19 0.021131888 
144 193 22 25 0.021054184 
46 157 8 11 0.020907741 
620 180 13 18 0.020712856 
860 178 14 19 0.020651119 
898 180 22 30 0.020630317 
333 199 15 20 0.020611607 
803 36 12 14 0.020540822 
549 159 13 16 0.020469936 
476 142 12 15 0.020459035 
380 183 22 26 0.020377994 
774 184 14 18 0.020291958 
736 83 9 12 0.020205582 
456 45 10 13 0.020163912 
705 119 10 12 0.020146215 
444 137 16 19 0.020118106 
444 187 15 19 0.020054946 
