41_Swimming_Swimmer_41_607
69
401 76 118 192 0.9966241 
225 103 10 13 0.22058754 
220 143 12 16 0.1724674 
268 152 14 18 0.12917045 
102 60 9 10 0.11409913 
22 198 9 11 0.10098367 
49 89 7 10 0.08839313 
254 112 8 11 0.08604944 
175 115 9 12 0.07530754 
86 120 9 12 0.070717394 
135 86 8 11 0.06417441 
517 205 16 19 0.062750444 
56 161 7 9 0.061810642 
286 113 11 14 0.058316924 
299 128 11 13 0.056805164 
257 92 9 12 0.055353176 
100 135 9 11 0.053587545 
134 135 10 12 0.0513716 
903 65 8 9 0.048376195 
132 126 10 12 0.04823455 
97 60 8 10 0.044960417 
189 126 10 13 0.043763313 
248 110 10 13 0.043715253 
128 124 10 11 0.04344331 
909 79 9 12 0.04323873 
183 60 8 10 0.041683793 
969 97 11 14 0.04166096 
239 135 15 19 0.039479915 
905 69 8 10 0.038616806 
40 158 7 10 0.037828304 
183 116 9 11 0.03620807 
121 86 9 11 0.035409458 
0 246 7 12 0.034289606 
191 112 7 10 0.033599537 
262 112 7 10 0.03349578 
120 117 8 12 0.033440407 
32 153 8 11 0.03207158 
127 84 8 12 0.031863272 
142 59 8 11 0.03171703 
216 110 7 11 0.031223051 
956 109 9 11 0.030081827 
221 134 12 16 0.029679436 
40 31 7 10 0.027959492 
282 110 9 13 0.02720413 
152 31 7 8 0.02702818 
236 184 16 21 0.026679313 
896 87 8 10 0.026535561 
190 117 8 10 0.026393881 
53 88 8 10 0.025245469 
63 32 7 8 0.025160039 
215 155 10 13 0.025126988 
881 86 7 10 0.024089253 
119 112 8 11 0.023841172 
30 125 10 13 0.023613892 
178 60 8 10 0.023554187 
78 31 7 9 0.023527069 
198 126 9 11 0.0234694 
38 153 8 10 0.023068048 
23 79 9 10 0.022944488 
118 94 8 9 0.022931902 
944 35 9 12 0.022059377 
881 70 7 8 0.021963464 
126 119 10 12 0.02155394 
185 132 9 12 0.02109642 
912 62 8 10 0.021079099 
49 161 7 10 0.020563884 
136 37 7 9 0.020461777 
280 116 9 12 0.020332752 
166 39 8 9 0.020020144 
