41_Swimming_Swimming_41_243
30
904 246 61 69 0.99834585 
114 732 61 67 0.99780995 
92 98 145 130 0.9976699 
743 242 56 63 0.99568343 
423 756 33 41 0.9801294 
250 642 24 32 0.9790598 
742 892 49 65 0.97696656 
508 783 38 55 0.9646611 
472 761 34 43 0.947106 
550 807 36 52 0.92261606 
628 873 44 61 0.843239 
258 606 20 24 0.7380927 
421 901 38 60 0.70923555 
241 596 16 23 0.5149436 
74 670 21 29 0.28878644 
59 664 21 27 0.24536303 
64 675 28 33 0.07857593 
232 596 14 18 0.058705494 
754 80 30 40 0.057100736 
439 887 56 60 0.050432704 
478 640 392 464 0.039834708 
197 575 16 21 0.039347533 
115 573 24 28 0.028713925 
459 758 26 33 0.028163973 
656 874 49 53 0.028136788 
940 96 11 14 0.0271747 
484 753 31 34 0.025531642 
121 636 19 24 0.021413825 
566 805 31 44 0.021318518 
116 596 26 33 0.021282304 
