41_Swimming_Swimming_41_822
27
298 697 32 43 0.99549687 
643 436 15 19 0.98554856 
526 388 11 15 0.90906566 
193 737 32 33 0.899355 
584 459 12 15 0.8283994 
718 450 12 16 0.75799894 
730 525 15 19 0.32040858 
874 565 16 21 0.094218604 
526 413 14 19 0.06268267 
647 601 9 10 0.06151514 
723 448 13 16 0.05943414 
727 456 14 17 0.056381505 
668 458 11 15 0.04909276 
768 453 11 15 0.03604139 
727 467 14 16 0.033938624 
597 597 11 12 0.032729805 
549 448 12 17 0.03052185 
577 459 11 14 0.030201111 
619 470 11 13 0.02827409 
518 415 13 18 0.026928041 
574 507 12 15 0.02603569 
758 562 14 16 0.025420146 
712 442 19 27 0.0223763 
629 587 11 15 0.02228151 
621 613 11 11 0.02036586 
599 459 10 13 0.020169515 
768 448 9 13 0.02009645 
