41_Swimming_Swimmer_41_1001
25
205 374 18 23 0.8869891 
241 358 10 14 0.19761717 
140 381 10 12 0.17793888 
239 393 9 11 0.11790829 
87 420 13 16 0.0860916 
125 375 9 11 0.085171916 
209 468 40 51 0.069498785 
150 366 10 13 0.05605659 
179 363 11 13 0.053103298 
295 388 8 11 0.04841716 
291 404 10 13 0.047066413 
258 375 8 10 0.040522456 
87 361 8 10 0.0345802 
255 389 8 10 0.029084064 
132 481 53 63 0.02850842 
136 368 8 9 0.028420215 
80 359 8 12 0.02532725 
211 368 14 18 0.024762636 
137 373 10 14 0.02464336 
238 377 9 11 0.023588305 
145 365 10 13 0.022855295 
289 357 9 11 0.022740636 
228 409 15 19 0.022108173 
200 374 14 18 0.021893129 
102 366 9 11 0.020282246 
