41_Swimming_Swimmer_41_380
48
465 224 18 20 0.9376586 
605 108 11 13 0.7078229 
566 104 9 12 0.44128492 
585 174 14 17 0.3550383 
591 202 14 17 0.35001987 
898 222 15 19 0.30384532 
890 216 24 29 0.13350482 
403 288 19 22 0.13312541 
908 189 31 34 0.11340175 
623 143 10 14 0.10487926 
828 183 35 34 0.06836718 
443 277 13 16 0.06475362 
490 293 18 24 0.06458188 
932 222 16 20 0.06290342 
459 264 14 18 0.062148023 
488 261 14 16 0.058665935 
889 210 43 47 0.05686064 
511 135 10 12 0.05527379 
610 108 10 12 0.04943428 
505 195 11 16 0.046328 
841 181 44 49 0.035502307 
858 189 27 30 0.034168962 
401 271 21 23 0.03117689 
939 233 14 18 0.030560063 
598 182 10 13 0.03021495 
517 135 9 12 0.030189719 
657 174 8 11 0.029518055 
597 154 9 12 0.029265327 
563 108 9 12 0.028582642 
599 115 9 13 0.027651923 
500 221 11 15 0.027320892 
561 120 8 10 0.026854446 
397 285 16 20 0.026754104 
663 173 8 10 0.026507014 
572 103 9 12 0.026366575 
527 294 15 16 0.025454422 
908 149 12 13 0.024603773 
600 105 11 14 0.02382811 
828 199 17 19 0.023398586 
558 212 11 15 0.022820642 
599 258 14 19 0.022744397 
560 126 10 13 0.022714708 
608 127 11 13 0.021613942 
410 292 17 20 0.021482235 
423 470 10 15 0.021216782 
505 340 41 47 0.02119268 
563 267 13 14 0.021097846 
550 133 8 12 0.020440072 
