28_Sports_Fan_Sports_Fan_28_487
135
512 435 37 43 0.9986779 
910 449 38 46 0.99831533 
47 444 40 55 0.99812466 
708 324 40 44 0.99778974 
969 282 37 45 0.99766785 
823 492 37 50 0.9976376 
340 555 34 37 0.99752647 
939 146 36 41 0.9973375 
570 340 34 44 0.9965828 
667 156 34 40 0.9960091 
618 316 33 40 0.9959383 
602 182 37 45 0.9953341 
163 145 35 42 0.994601 
130 443 36 45 0.9945529 
329 64 33 41 0.9944443 
663 493 41 53 0.99436945 
546 504 42 45 0.99381036 
621 94 32 40 0.993619 
915 528 40 51 0.9932151 
675 9 31 36 0.99321073 
991 105 32 42 0.9928116 
713 108 33 38 0.9923579 
785 82 33 41 0.99217343 
883 306 38 46 0.9920427 
955 352 40 43 0.99198556 
556 243 33 38 0.9919791 
406 584 39 48 0.9914664 
745 561 38 41 0.9907568 
726 591 33 41 0.99073774 
956 211 39 44 0.9905786 
109 267 37 47 0.9900205 
460 510 41 51 0.9898197 
667 78 31 44 0.9895113 
857 423 41 50 0.9888411 
730 283 37 45 0.98800266 
787 217 41 45 0.98799884 
416 259 33 43 0.98737305 
819 275 38 47 0.9872521 
857 239 39 42 0.9870974 
213 109 32 41 0.98679245 
798 400 35 45 0.98674417 
962 481 40 54 0.98627234 
673 275 37 46 0.986129 
592 384 39 44 0.985852 
873 165 36 44 0.98511213 
798 -3 32 40 0.9849296 
553 566 41 48 0.9847644 
423 195 32 38 0.98427737 
453 285 40 46 0.9839881 
58 380 38 53 0.98308545 
992 337 28 41 0.9825058 
470 34 31 42 0.98168933 
159 275 33 41 0.97930187 
463 205 38 46 0.97915375 
261 551 43 55 0.9788304 
430 65 28 39 0.9779994 
162 2 28 35 0.97574234 
819 563 46 51 0.9753661 
735 238 41 43 0.9731663 
14 221 32 36 0.9707295 
594 439 36 41 0.9620463 
407 25 33 39 0.9617946 
206 14 26 35 0.96110576 
345 -1 32 37 0.961019 
491 377 41 50 0.9607809 
198 308 33 41 0.9583328 
171 507 38 48 0.9568584 
-2 459 34 45 0.9410318 
483 254 31 36 0.93792665 
221 196 33 39 0.9276197 
143 230 26 34 0.9165494 
546 11 24 33 0.9114838 
840 350 35 42 0.8819284 
0 339 23 41 0.8517211 
36 88 33 44 0.83534425 
620 537 35 41 0.7326313 
603 0 29 31 0.67065424 
426 469 43 51 0.56853366 
186 394 34 38 0.5159088 
754 -2 30 30 0.42214885 
1000 416 24 48 0.39236292 
795 171 28 30 0.3030641 
145 27 19 24 0.29908833 
47 114 32 44 0.2201443 
448 119 27 40 0.17178856 
771 198 29 36 0.15436229 
96 105 23 26 0.15109451 
480 -1 20 14 0.13032691 
350 133 38 45 0.12217136 
896 0 30 22 0.1171259 
279 522 26 29 0.103068545 
363 127 32 36 0.08655467 
673 401 27 41 0.08329673 
224 256 37 49 0.08222627 
27 447 39 55 0.075926 
848 0 22 20 0.07172104 
719 300 41 44 0.06544637 
27 80 28 38 0.064782016 
236 372 29 32 0.05475519 
440 488 43 50 0.05295087 
914 427 30 35 0.052845206 
14 73 32 42 0.04611247 
519 235 27 33 0.042966906 
875 427 43 53 0.040980864 
218 485 31 36 0.038703874 
692 447 37 51 0.03867479 
2 72 30 46 0.03723842 
195 89 24 33 0.03656901 
5 45 25 31 0.035834227 
284 113 40 45 0.033119526 
470 408 29 36 0.032750264 
524 110 34 38 0.032089833 
977 93 29 38 0.029985625 
171 408 15 20 0.029466916 
338 143 40 51 0.028192703 
16 468 29 40 0.027003111 
445 202 38 50 0.026289921 
178 404 29 32 0.026031474 
547 6 19 22 0.02584679 
844 0 34 36 0.02544629 
751 395 44 57 0.025217164 
421 29 23 26 0.02514103 
542 597 30 37 0.024583992 
409 -1 22 19 0.024277644 
8 55 32 44 0.024046607 
61 121 29 36 0.023370558 
242 136 29 42 0.02278232 
535 7 26 32 0.022730878 
117 245 40 47 0.022227764 
48 -1 27 24 0.022189846 
157 520 15 17 0.021712126 
170 530 36 44 0.021172004 
267 396 17 24 0.021128714 
423 49 30 40 0.020745598 
233 377 42 49 0.020039605 
