28_Sports_Fan_Sports_Fan_28_118
45
638 310 95 114 0.9990307 
0 366 83 105 0.99582976 
487 314 92 130 0.9936055 
12 199 79 93 0.99304855 
48 80 32 40 0.9921795 
711 206 34 47 0.9874895 
95 124 31 37 0.97646934 
329 160 34 53 0.97427803 
543 222 42 57 0.950726 
837 437 64 81 0.9045281 
530 135 23 26 0.47089967 
426 350 50 74 0.35828403 
38 44 16 20 0.33639443 
485 144 37 49 0.26006553 
123 42 14 19 0.23359467 
658 177 28 35 0.2134592 
779 32 13 18 0.13471459 
316 286 45 60 0.12583585 
888 50 16 20 0.11121401 
723 73 13 15 0.088137716 
1 8 12 19 0.08004283 
1 91 23 28 0.0709525 
606 199 40 55 0.07004753 
440 329 81 109 0.059341416 
744 12 19 20 0.058204398 
836 46 19 23 0.054317743 
673 29 13 16 0.04974751 
480 13 11 14 0.040694736 
166 46 24 30 0.040626574 
813 46 12 14 0.03964612 
504 149 29 40 0.037676003 
117 27 24 34 0.036231425 
818 92 12 15 0.033112902 
717 33 13 17 0.032412156 
469 198 35 42 0.028484052 
911 28 10 12 0.027605668 
181 81 37 46 0.02541011 
319 158 31 43 0.02274784 
726 15 13 17 0.022112837 
742 0 13 10 0.0218335 
641 60 11 14 0.0214292 
134 154 30 43 0.021238636 
730 2 13 16 0.02114126 
808 0 11 11 0.020720756 
309 152 23 32 0.020180063 
