28_Sports_Fan_Sports_Fan_28_327
18
162 271 103 131 0.9997608 
828 181 89 110 0.99751955 
91 304 39 47 0.99574065 
87 241 42 56 0.9925976 
730 271 39 44 0.97812325 
953 245 21 30 0.95306516 
1 269 21 34 0.95060325 
651 264 43 52 0.94470394 
998 271 26 53 0.8402191 
981 132 39 64 0.8076167 
347 61 101 226 0.76974666 
771 281 36 44 0.7194506 
349 255 33 39 0.61016595 
746 269 44 51 0.16808106 
271 467 594 602 0.08105235 
983 285 35 58 0.05314712 
964 247 30 32 0.042327087 
722 289 32 42 0.03458383 
