28_Sports_Fan_Sports_Fan_28_2
79
624 231 146 168 0.99804294 
209 339 129 150 0.99714226 
18 287 9 12 0.29049113 
525 436 14 16 0.20595622 
74 318 9 12 0.20049196 
57 333 8 11 0.12308125 
113 317 7 10 0.10938689 
58 327 8 11 0.07777155 
136 293 8 9 0.07415522 
398 414 14 19 0.069501035 
510 431 9 11 0.06371096 
97 357 9 11 0.06355378 
950 499 11 14 0.05586264 
528 400 8 10 0.054571826 
57 304 8 10 0.053209282 
96 326 6 9 0.052990705 
441 393 7 9 0.052120186 
123 301 7 9 0.051368017 
111 312 8 11 0.049802117 
77 323 9 11 0.04877592 
47 294 7 9 0.04845266 
976 469 9 11 0.045052588 
119 342 8 10 0.043541975 
426 390 7 9 0.041241374 
17 374 10 12 0.040684577 
80 337 7 8 0.03962421 
455 359 7 8 0.039155826 
7 303 9 12 0.037282936 
121 327 7 9 0.03629912 
492 439 12 15 0.03603134 
63 309 7 9 0.034863744 
460 433 19 28 0.034411266 
495 445 11 13 0.034409128 
465 398 7 9 0.0342802 
62 305 7 9 0.033873267 
63 321 7 10 0.03143786 
470 421 11 15 0.031367082 
8 309 8 10 0.03127722 
434 344 6 7 0.03100818 
416 399 8 10 0.030870166 
72 337 8 10 0.030342782 
415 383 7 9 0.030233607 
496 392 7 9 0.030165277 
40 319 10 12 0.029479302 
448 405 8 10 0.028890258 
439 358 7 8 0.02876436 
375 382 12 17 0.028281229 
519 366 7 9 0.027657155 
49 278 7 9 0.027320785 
9 267 9 12 0.027137903 
130 333 8 11 0.026942374 
471 397 7 9 0.026825938 
1 316 6 10 0.026477272 
94 321 8 10 0.026404126 
120 335 8 10 0.02633742 
417 406 9 13 0.025788732 
457 400 7 9 0.02532964 
505 430 9 11 0.02530827 
937 469 15 16 0.025205225 
932 501 18 22 0.024992691 
391 296 7 8 0.024475612 
526 404 8 10 0.024017405 
112 279 7 8 0.023905244 
106 310 7 9 0.023269098 
48 272 6 9 0.022819482 
438 343 6 8 0.022586085 
443 374 6 9 0.02252845 
114 294 6 8 0.022492195 
520 442 11 15 0.021777434 
1013 471 9 12 0.02141049 
88 288 6 8 0.021318639 
496 398 7 9 0.021276554 
78 312 8 10 0.021178953 
128 296 8 10 0.020773826 
122 297 7 9 0.020508017 
447 391 6 8 0.020397197 
73 279 6 8 0.020307463 
113 344 8 10 0.020302616 
104 328 7 9 0.020113915 
