28_Sports_Fan_Sports_Fan_28_590
32
770 463 33 37 0.9965064 
599 612 33 34 0.9946891 
550 168 29 37 0.9943562 
198 292 27 39 0.9809589 
50 37 28 37 0.9790989 
32 266 21 36 0.9652806 
546 308 29 35 0.81090015 
320 399 21 38 0.67242885 
917 210 33 38 0.65703326 
241 245 25 32 0.37160477 
310 398 22 40 0.2356112 
706 637 18 25 0.20507155 
36 67 15 21 0.0822386 
564 306 29 32 0.05553323 
701 594 12 14 0.054066166 
318 268 24 32 0.05220876 
42 91 15 22 0.040827863 
691 549 25 32 0.038519632 
922 219 19 24 0.037824847 
497 138 218 304 0.029842926 
713 636 23 30 0.02937192 
670 183 15 19 0.028766207 
255 248 19 24 0.026461372 
-18 102 461 501 0.02645186 
911 223 32 40 0.026265115 
238 251 16 23 0.025266413 
689 184 10 13 0.024666626 
901 244 13 16 0.024405168 
697 630 22 31 0.024019456 
330 409 16 27 0.02194851 
685 7 8 10 0.021263566 
638 609 14 23 0.020417916 
