28_Sports_Fan_Sports_Fan_28_480
20
488 214 61 76 0.9989371 
696 159 89 117 0.9974833 
979 236 30 38 0.9965405 
419 84 90 159 0.9937116 
560 268 45 52 0.87012285 
6 196 25 38 0.6626263 
666 244 16 22 0.2360374 
536 256 27 36 0.21185635 
468 172 70 110 0.1489978 
15 198 26 43 0.118225195 
671 248 29 35 0.086424574 
550 261 34 40 0.039515913 
582 281 42 56 0.030158779 
668 237 26 32 0.026445117 
646 251 10 13 0.023394993 
883 256 17 21 0.02241757 
647 245 11 14 0.021907838 
514 228 53 67 0.020676423 
626 266 25 34 0.020468706 
990 24 11 14 0.020317435 
