28_Sports_Fan_Sports_Fan_28_126
63
421 383 61 69 0.99822515 
459 202 86 104 0.99811065 
308 248 78 94 0.9980475 
405 298 24 31 0.94923705 
70 311 13 17 0.9354967 
103 277 10 12 0.8187939 
127 285 9 12 0.77565825 
175 286 7 9 0.3274108 
41 289 8 10 0.2716752 
395 303 26 29 0.22507825 
841 297 8 9 0.11010443 
856 319 7 9 0.103367925 
818 302 6 8 0.10027589 
65 271 7 9 0.08408335 
45 291 9 12 0.07123827 
854 200 7 9 0.07024344 
280 282 12 14 0.06682073 
855 253 8 10 0.0662851 
174 302 8 10 0.061642874 
389 314 19 20 0.061443523 
918 301 8 10 0.056945764 
880 297 7 9 0.056800257 
846 298 7 8 0.055639006 
0 268 7 11 0.052905243 
963 297 7 9 0.051728252 
126 297 11 13 0.049090836 
823 297 6 8 0.04615181 
132 286 9 11 0.04478018 
818 317 8 11 0.044747602 
703 295 6 7 0.04393585 
65 277 8 10 0.04343247 
821 301 7 10 0.041890133 
832 287 7 8 0.039873336 
818 310 8 11 0.039628766 
833 320 7 9 0.035826772 
895 302 7 10 0.034413323 
935 303 8 9 0.0343202 
0 304 8 12 0.03373315 
118 310 9 12 0.030443532 
657 292 10 13 0.03043859 
133 339 8 12 0.030245803 
689 287 6 8 0.029842427 
101 282 10 13 0.02935152 
144 289 7 9 0.02901372 
808 296 6 8 0.02834784 
66 309 12 16 0.028023005 
144 294 8 9 0.027755667 
775 301 7 9 0.027223667 
801 311 8 11 0.027178358 
816 281 8 10 0.026992211 
134 295 9 11 0.025897793 
705 311 8 10 0.02565091 
839 286 7 9 0.024996404 
821 318 8 10 0.024981689 
977 298 7 8 0.024122704 
825 287 6 8 0.023287214 
840 319 7 8 0.022804111 
487 157 8 10 0.022073472 
846 238 7 9 0.021964105 
217 278 7 9 0.021681855 
70 278 8 9 0.020959718 
992 333 8 9 0.020814488 
294 284 12 19 0.020610673 
