28_Sports_Fan_Sports_Fan_28_751
28
193 125 48 65 0.99724895 
519 236 67 75 0.99153674 
17 155 40 54 0.9904075 
129 3 31 42 0.9697194 
171 135 25 42 0.5579332 
930 43 37 45 0.06998404 
101 0 25 22 0.068072714 
324 480 38 44 0.06376681 
798 -1 17 13 0.058490463 
681 24 41 50 0.057227638 
401 341 55 69 0.05485733 
92 183 13 17 0.050455153 
937 0 25 20 0.04977327 
175 39 40 50 0.040549733 
365 321 36 45 0.03978495 
8 46 30 37 0.037482195 
621 62 30 39 0.030605737 
435 362 27 38 0.02981482 
371 332 59 68 0.029163087 
853 470 49 67 0.028864296 
302 44 31 36 0.026837286 
161 0 27 24 0.026335489 
424 357 28 35 0.026050702 
438 364 17 22 0.023886804 
97 156 15 19 0.023755487 
419 363 15 20 0.02287305 
21 0 27 31 0.022685496 
371 322 95 112 0.021265734 
