28_Sports_Fan_Sports_Fan_28_244
30
892 311 28 34 0.8781711 
954 288 27 36 0.7900576 
588 77 52 65 0.5552065 
929 279 21 28 0.5524472 
322 72 56 82 0.22381261 
972 292 26 33 0.20473021 
384 87 52 79 0.1997395 
883 272 18 23 0.1475296 
767 327 20 27 0.10498737 
946 205 18 23 0.06890421 
340 83 63 82 0.061132483 
243 98 44 69 0.04844179 
943 282 28 34 0.039809838 
889 198 16 20 0.03617497 
964 251 23 26 0.03597755 
865 263 27 30 0.035089746 
358 333 48 70 0.032734293 
984 296 20 26 0.03216277 
852 199 17 20 0.029614989 
668 331 47 61 0.028926024 
1006 232 16 19 0.028089194 
1010 375 14 24 0.02311579 
672 85 28 40 0.022868007 
795 259 30 35 0.02186781 
865 251 17 19 0.021034302 
885 314 20 24 0.020967966 
20 329 16 20 0.020915078 
967 290 20 27 0.02033035 
808 293 24 26 0.02013879 
229 120 49 70 0.020078912 
