28_Sports_Fan_Sports_Fan_28_697
45
743 1290 77 92 0.9837337 
527 378 164 167 0.55356705 
53 1412 32 47 0.08185479 
142 1408 31 43 0.078093685 
470 1436 47 60 0.06680415 
149 1367 29 35 0.060101796 
709 1252 86 111 0.05975772 
-1 1294 51 70 0.056010853 
268 1427 25 30 0.053359497 
255 1376 31 41 0.046888728 
56 1330 30 35 0.046704598 
197 1515 30 27 0.043877102 
49 1506 34 37 0.04323 
36 1451 27 33 0.0432164 
715 654 199 348 0.0394582 
166 1498 30 36 0.037813406 
193 1368 27 34 0.036662173 
239 1453 25 30 0.0348386 
222 1384 26 31 0.03082426 
-1 1322 52 88 0.030242361 
590 425 119 139 0.030206582 
62 1416 42 54 0.029835925 
683 1228 87 113 0.028435376 
157 1305 27 35 0.02836113 
449 343 225 301 0.028136645 
22 1301 29 37 0.027598517 
125 1314 28 36 0.027399072 
125 1212 30 32 0.02722819 
34 1404 33 40 0.026471857 
102 1261 34 38 0.02627695 
291 1389 30 39 0.02619998 
370 50 113 130 0.025874425 
3 1267 49 62 0.025393264 
487 1458 36 47 0.025344318 
43 1332 43 62 0.0247898 
173 1507 41 44 0.024254669 
325 1429 26 34 0.023970831 
198 1238 53 68 0.02327865 
185 1322 25 29 0.022799004 
616 612 370 568 0.021921718 
503 350 133 144 0.021799937 
1 1406 42 57 0.021588705 
529 1403 40 58 0.021018893 
287 1465 16 18 0.020774126 
866 1274 47 64 0.020231837 
