28_Sports_Fan_Sports_Fan_28_7
1087
873 1127 103 146 0.9997435 
471 647 118 143 0.9996922 
144 676 59 61 0.99774736 
940 850 67 99 0.9967519 
542 599 35 39 0.9951597 
587 632 38 43 0.99182606 
197 559 32 36 0.9893287 
296 432 24 29 0.9884086 
82 859 73 105 0.987081 
651 579 24 40 0.9821561 
3 566 37 47 0.97714764 
922 232 16 19 0.9745993 
841 539 25 29 0.9695435 
55 781 50 60 0.96842885 
90 566 39 50 0.96805924 
146 870 52 79 0.96645075 
206 659 41 56 0.96504474 
806 140 10 14 0.9636812 
812 808 35 44 0.9623964 
260 345 23 29 0.9612658 
979 661 33 40 0.9519991 
169 525 22 34 0.94834256 
53 612 32 50 0.946621 
960 202 12 16 0.9447056 
587 92 14 16 0.94442844 
9 73 15 20 0.9405641 
291 277 15 22 0.9394431 
62 502 23 33 0.9353845 
885 70 10 12 0.9294113 
972 297 14 17 0.92686373 
141 212 12 14 0.9257016 
318 628 52 74 0.921071 
194 300 20 30 0.90615845 
865 353 15 19 0.90301526 
602 507 22 25 0.90049326 
844 458 14 16 0.8995597 
820 118 11 15 0.89896053 
942 277 14 17 0.8979784 
882 402 14 18 0.8954943 
26 293 19 22 0.8907294 
847 47 9 12 0.8878148 
806 416 20 22 0.8847325 
814 1218 61 101 0.88309634 
686 63 11 14 0.88181746 
351 101 12 15 0.87555194 
923 312 14 17 0.870443 
118 350 20 28 0.8679356 
955 108 11 14 0.8676775 
718 729 48 68 0.86128426 
53 266 17 20 0.85475564 
90 13 13 16 0.85061944 
924 171 11 13 0.8439945 
189 416 26 27 0.8410918 
927 691 38 45 0.81222564 
941 170 12 15 0.8110888 
49 227 16 18 0.81086963 
164 219 12 14 0.80842507 
705 108 14 18 0.80723536 
303 108 13 15 0.80634874 
1007 341 13 16 0.80467045 
890 239 13 15 0.80078566 
91 388 21 33 0.79913944 
876 131 14 16 0.7965936 
916 152 11 14 0.7941342 
632 51 12 15 0.79121 
604 50 12 15 0.7899273 
142 260 14 17 0.7897916 
495 586 21 30 0.78692824 
32 385 23 28 0.7848102 
245 401 24 32 0.77489763 
484 70 10 12 0.76506096 
885 301 15 18 0.75792724 
20 20 11 14 0.75665265 
285 37 10 13 0.7545978 
355 47 12 15 0.750717 
915 386 15 17 0.73717284 
711 542 21 31 0.7320336 
339 29 11 14 0.71850336 
857 236 10 13 0.71699506 
783 117 13 16 0.7167095 
111 39 14 18 0.7066534 
871 221 14 17 0.7056132 
995 198 12 15 0.7007834 
259 159 13 18 0.69780564 
47 7 12 15 0.69359475 
171 92 12 15 0.6865184 
668 633 29 44 0.68480706 
549 120 12 14 0.6821948 
517 92 12 15 0.6784826 
829 45 9 12 0.6779858 
980 82 10 13 0.6660637 
175 34 11 15 0.6564969 
842 148 10 12 0.6465296 
407 114 14 19 0.64162666 
126 11 11 13 0.6387828 
222 224 13 16 0.6241929 
776 7 8 10 0.6229297 
451 61 10 14 0.6069616 
989 180 10 12 0.6018392 
200 131 12 15 0.5996029 
905 33 7 9 0.59771013 
749 131 12 14 0.59280616 
5 191 15 21 0.59171915 
553 28 10 14 0.591702 
39 124 14 18 0.58537114 
246 34 11 14 0.5803314 
932 114 11 14 0.5802502 
73 45 11 15 0.57257617 
562 5 9 11 0.57040924 
700 87 11 13 0.56452334 
837 511 13 17 0.56215465 
793 92 9 12 0.56033283 
574 47 11 14 0.55838 
987 274 13 17 0.55822843 
346 138 15 16 0.5554757 
467 53 9 12 0.5549337 
630 107 11 14 0.5544562 
215 356 22 27 0.55009836 
799 261 14 16 0.5457113 
175 244 13 16 0.5431565 
873 92 9 12 0.5380893 
336 0 10 11 0.53786224 
737 92 11 14 0.5250358 
750 113 11 14 0.52081436 
963 125 11 14 0.520152 
622 84 9 12 0.51797634 
636 22 9 12 0.5148728 
202 99 12 15 0.5123171 
984 53 9 11 0.5058669 
866 258 13 16 0.5049537 
902 88 9 12 0.5024431 
73 19 11 13 0.50179505 
920 189 11 14 0.49987316 
520 37 10 12 0.49647677 
664 43 10 12 0.48688653 
140 75 14 18 0.4856272 
85 203 14 17 0.4800411 
204 197 13 17 0.47272813 
201 237 12 17 0.47188088 
894 174 11 14 0.47073764 
745 76 10 13 0.46695727 
700 588 15 18 0.4649982 
979 527 18 26 0.46311757 
126 270 17 22 0.4630801 
421 666 32 49 0.4617306 
709 51 12 15 0.46076125 
884 154 11 14 0.45479476 
590 11 10 12 0.45472693 
779 279 11 14 0.45220903 
1010 301 12 15 0.44902334 
917 43 9 12 0.44841167 
859 71 9 12 0.44665253 
791 25 9 11 0.44557673 
430 63 12 15 0.4436314 
289 567 23 35 0.43191612 
401 58 11 15 0.4206578 
391 79 12 16 0.41984951 
130 313 18 22 0.4171213 
941 132 12 13 0.41061115 
616 39 12 14 0.4095101 
360 125 12 15 0.40843964 
878 9 9 12 0.40746173 
614 124 12 15 0.4064433 
952 73 9 11 0.4031522 
76 239 14 18 0.39957035 
819 540 20 20 0.3962966 
250 309 17 24 0.3958972 
320 52 12 14 0.3956045 
108 72 13 16 0.38672778 
549 55 10 13 0.3859685 
761 84 11 13 0.38190955 
144 15 11 14 0.37246233 
638 5 8 9 0.36957654 
934 14 7 10 0.3688261 
263 94 12 13 0.36406678 
550 78 13 15 0.360198 
56 558 25 33 0.35986388 
651 108 13 15 0.356995 
836 121 10 12 0.3553522 
767 688 35 42 0.34934333 
477 9 10 14 0.34932446 
778 381 13 16 0.34856373 
647 114 13 15 0.3481652 
1006 236 13 17 0.3453026 
386 562 27 35 0.34425202 
957 455 17 18 0.34149596 
445 18 9 13 0.34138903 
920 647 24 29 0.33695677 
846 427 11 12 0.33392718 
984 227 12 16 0.32942933 
895 488 12 18 0.32561773 
518 533 34 48 0.32283273 
833 230 10 13 0.32150686 
964 236 11 15 0.3186167 
-14 1071 81 180 0.31721517 
45 325 13 18 0.31414285 
904 55 8 10 0.3075167 
790 422 12 15 0.3065519 
903 141 11 14 0.30186126 
87 86 12 15 0.2959102 
543 1 10 11 0.2875738 
56 36 12 14 0.28754938 
944 1 9 10 0.2869291 
676 93 11 14 0.28419766 
974 128 10 12 0.2785239 
824 67 9 11 0.2773302 
140 331 13 19 0.27731568 
608 124 12 14 0.2723738 
952 89 8 11 0.2701034 
132 39 10 12 0.26779097 
437 46 10 12 0.26535302 
271 230 14 18 0.2646902 
740 60 9 11 0.26164484 
910 132 11 13 0.26098046 
915 597 18 26 0.2606657 
91 200 14 18 0.2582892 
502 95 9 12 0.25792742 
384 32 10 12 0.25746435 
913 69 9 11 0.25055122 
682 4 8 10 0.25020468 
333 82 11 14 0.24954012 
0 198 21 31 0.24581145 
814 189 13 16 0.24425267 
696 594 21 29 0.24212296 
62 165 13 19 0.2417731 
117 870 59 85 0.24168743 
862 172 12 15 0.2415283 
651 102 11 13 0.24020308 
481 54 10 12 0.23952119 
929 78 9 12 0.23865014 
440 89 12 15 0.2293397 
215 93 13 16 0.22806318 
509 61 12 13 0.22540504 
855 275 14 18 0.22453 
208 77 10 12 0.2220756 
52 173 12 18 0.22074789 
836 254 10 12 0.2145408 
909 0 10 10 0.21312578 
800 128 9 12 0.2127748 
846 67 8 10 0.20092884 
1007 364 12 15 0.20077725 
991 591 22 30 0.19816865 
1002 119 9 11 0.19711672 
240 15 8 11 0.19668593 
766 104 10 11 0.19653212 
182 64 11 16 0.1957071 
759 754 34 49 0.19557154 
271 51 11 13 0.19543271 
604 29 9 11 0.19263282 
1002 581 22 33 0.19240192 
924 370 15 17 0.19107048 
590 32 9 11 0.1869382 
834 6 8 10 0.18458647 
289 205 13 17 0.18407336 
375 45 10 15 0.18366632 
402 39 8 11 0.1828051 
815 230 10 13 0.18257503 
713 72 9 11 0.18203984 
743 85 10 13 0.17988044 
430 23 8 11 0.17901567 
996 163 11 14 0.17702158 
269 124 12 14 0.17369202 
577 23 9 11 0.17272338 
393 4 9 10 0.17136772 
303 8 9 11 0.17113826 
213 265 16 18 0.1704186 
853 119 10 13 0.16923982 
560 139 11 13 0.16706543 
493 40 9 12 0.16558564 
82 282 18 20 0.16287507 
208 229 11 16 0.16247141 
893 627 18 24 0.16183098 
291 359 20 25 0.1583738 
130 383 16 21 0.15743269 
951 151 10 13 0.15508789 
846 163 10 13 0.15481095 
909 55 9 10 0.15423022 
225 11 9 13 0.15420593 
461 5 9 11 0.15346286 
205 301 20 29 0.15346043 
624 109 12 14 0.14963098 
952 55 9 11 0.14925283 
159 124 13 15 0.14611946 
926 527 11 14 0.14462781 
199 0 8 9 0.14175159 
605 4 9 11 0.14146483 
936 45 8 10 0.13901342 
454 114 13 16 0.13649713 
721 92 9 12 0.13495706 
841 29 9 10 0.13495257 
977 37 9 11 0.13289325 
96 241 12 15 0.13256046 
729 37 8 11 0.13118258 
1014 56 9 13 0.12997496 
820 504 12 17 0.12983282 
503 40 9 12 0.12776148 
519 12 8 10 0.1273852 
283 365 16 22 0.12655485 
658 532 26 32 0.12611328 
982 30 8 10 0.12367971 
464 37 11 13 0.123345405 
885 269 12 15 0.12287189 
77 122 14 18 0.12205034 
895 262 10 13 0.120957434 
43 117 14 17 0.12055378 
441 546 17 19 0.120155 
919 215 12 15 0.1199045 
160 94 10 13 0.11916247 
796 29 8 10 0.11896837 
24 273 13 16 0.118643776 
134 129 12 16 0.11695214 
965 23 10 12 0.116659045 
388 518 16 20 0.11521836 
754 37 9 12 0.11430037 
821 17 7 10 0.11406267 
990 127 10 13 0.11297831 
957 70 8 11 0.11270968 
276 79 10 13 0.11232347 
31 566 25 34 0.111169934 
519 44 10 12 0.11078079 
623 21 7 10 0.11016305 
1 863 33 79 0.10765392 
323 46 11 15 0.10666985 
438 31 8 10 0.10656781 
687 138 12 15 0.10644642 
736 567 18 21 0.105937794 
628 86 11 13 0.10540754 
397 659 52 70 0.105169386 
10 185 15 22 0.10273933 
127 229 12 14 0.10055988 
820 188 13 16 0.10029437 
219 301 15 20 0.10008616 
528 105 12 15 0.09908911 
324 596 81 112 0.09845878 
815 170 10 12 0.0982127 
857 292 13 17 0.097732484 
704 15 9 12 0.0976182 
448 44 9 12 0.0970592 
15 526 16 22 0.096911885 
934 651 25 34 0.09665956 
912 77 9 10 0.0966001 
663 32 9 12 0.09654072 
966 16 8 10 0.096115634 
916 543 16 24 0.095532455 
834 325 15 17 0.09344144 
489 43 10 12 0.092971176 
772 640 41 52 0.09247351 
818 365 14 19 0.09245447 
414 20 7 10 0.09200319 
297 146 11 15 0.09180865 
758 54 8 10 0.09157109 
478 124 13 14 0.09156203 
686 5 7 9 0.09128948 
150 230 13 17 0.08996232 
846 24 8 9 0.08964823 
863 126 10 13 0.08927068 
665 13 9 11 0.089215 
984 24 8 11 0.0891173 
424 684 35 51 0.08910976 
533 109 10 13 0.089074075 
122 156 13 17 0.088919334 
180 5 9 12 0.08861509 
431 27 9 12 0.088294834 
119 237 12 14 0.086989395 
372 565 42 59 0.08586758 
787 642 25 30 0.0854459 
877 87 9 12 0.08529467 
457 2 9 10 0.085149415 
685 30 9 11 0.08507559 
212 85 13 15 0.08471297 
43 150 15 20 0.08458597 
944 88 10 12 0.084579185 
881 39 8 9 0.08447138 
657 44 9 12 0.08385723 
90 279 16 22 0.08352833 
522 90 12 16 0.08302191 
318 59 11 14 0.08301905 
425 28 9 11 0.08283489 
101 0 10 10 0.08195485 
667 38 10 13 0.08131851 
809 54 8 11 0.08051055 
917 92 8 11 0.08041878 
428 112 19 23 0.08022923 
455 31 8 10 0.07883466 
207 0 10 9 0.07807533 
607 98 10 13 0.0775823 
749 672 50 68 0.0772578 
87 52 13 15 0.077132426 
204 399 19 21 0.07710254 
907 139 11 14 0.076793276 
949 32 9 11 0.07673974 
300 559 39 45 0.076648325 
235 532 27 28 0.07654839 
754 54 8 11 0.07618787 
222 188 11 15 0.07581941 
649 60 10 12 0.07470449 
758 16 9 10 0.073570475 
273 355 22 30 0.07335526 
799 63 9 11 0.07324922 
480 60 11 14 0.07281423 
958 40 9 11 0.07273335 
273 83 10 13 0.072493 
927 82 10 13 0.07242325 
886 39 8 10 0.07191699 
728 0 7 9 0.07159113 
662 110 9 12 0.07141439 
971 287 15 18 0.07106819 
184 215 11 16 0.070710726 
752 62 8 10 0.0700489 
793 70 9 12 0.06957553 
761 655 47 63 0.06945208 
964 444 17 24 0.068966776 
536 117 10 13 0.068884805 
828 63 9 12 0.06882305 
951 37 9 11 0.068815395 
389 36 8 11 0.06830968 
212 227 10 14 0.067270465 
169 36 12 14 0.06703859 
30 124 11 15 0.06693939 
432 16 7 10 0.066928215 
476 131 13 15 0.0668653 
843 1158 93 137 0.06665831 
14 181 15 19 0.06652944 
620 115 12 15 0.06612239 
290 371 22 28 0.06576831 
872 590 12 14 0.065656394 
742 143 11 13 0.06530957 
978 13 8 10 0.065005146 
177 0 10 11 0.06483071 
899 87 8 11 0.064503625 
1001 492 18 21 0.064460956 
585 36 10 12 0.064448275 
765 79 9 12 0.06432394 
11 346 22 28 0.06409561 
470 30 9 11 0.06403673 
336 62 10 13 0.06396859 
952 15 8 9 0.0639414 
210 271 16 20 0.063726105 
702 70 8 10 0.06367523 
478 117 14 15 0.063426 
670 15 9 11 0.06329841 
797 68 10 13 0.06302553 
669 511 15 19 0.062726855 
854 189 11 13 0.062508985 
179 31 12 15 0.06227403 
104 382 22 28 0.062161345 
768 45 9 12 0.06166742 
583 29 10 12 0.061550837 
187 253 12 14 0.06124632 
671 87 12 16 0.061138544 
893 103 9 12 0.06100092 
194 0 9 10 0.060901884 
733 37 8 10 0.060682423 
959 63 9 12 0.060291078 
835 235 11 13 0.06028207 
843 25 7 9 0.06026717 
100 266 13 20 0.059763074 
128 43 12 17 0.0597542 
911 87 9 12 0.059750393 
1010 333 14 21 0.05971902 
632 91 11 13 0.059697345 
936 21 8 10 0.05896479 
262 229 11 15 0.05835755 
815 248 10 13 0.058186784 
221 88 12 15 0.057616923 
977 31 9 11 0.057528637 
115 406 27 33 0.057311647 
878 269 15 17 0.057143286 
375 4 14 14 0.056819767 
833 260 10 13 0.056513824 
143 141 9 12 0.056458943 
872 54 8 10 0.056420196 
864 0 9 9 0.056393005 
287 126 12 14 0.055838976 
323 91 13 16 0.055650353 
934 72 9 10 0.0555935 
806 254 12 14 0.055318777 
993 68 11 13 0.055187475 
465 132 11 15 0.055169534 
617 62 9 11 0.05513752 
982 143 11 13 0.05503712 
872 127 12 15 0.054955065 
913 64 9 11 0.054929372 
748 528 16 22 0.054768704 
255 313 23 29 0.054107357 
806 61 10 12 0.054074876 
883 195 12 16 0.054038458 
929 56 8 10 0.053559575 
917 292 12 14 0.05321269 
309 37 10 11 0.053153936 
912 15 8 10 0.052942395 
880 54 7 10 0.052871183 
655 0 9 9 0.05282323 
90 189 14 17 0.05267334 
328 84 12 15 0.052642573 
257 228 10 15 0.052636787 
868 266 13 19 0.05262851 
558 34 10 13 0.052062478 
1000 123 9 12 0.051739126 
981 162 11 13 0.051618915 
845 28 8 11 0.051593374 
754 46 8 11 0.05149003 
123 233 13 16 0.051396333 
961 15 7 9 0.051387914 
21 -1 10 10 0.051088657 
773 101 10 12 0.050965905 
2 331 22 29 0.05077131 
275 124 11 14 0.050690915 
671 98 12 14 0.05060889 
366 637 60 85 0.050385088 
702 19 9 12 0.05028666 
898 141 10 14 0.05024598 
327 100 12 15 0.05012595 
749 83 9 12 0.050100047 
768 71 9 11 0.05003763 
70 334 16 21 0.049866352 
861 267 13 20 0.049716644 
904 15 7 9 0.049659863 
997 16 8 10 0.049636804 
297 354 16 21 0.049548544 
939 117 11 13 0.049508087 
888 45 9 11 0.04942424 
566 32 9 11 0.049417265 
182 251 12 15 0.048948262 
898 55 9 11 0.048697926 
905 124 11 13 0.048371725 
780 259 9 13 0.0482973 
45 200 12 14 0.04828946 
24 123 11 15 0.04821119 
976 8 7 9 0.048114598 
586 7 8 11 0.04811319 
454 79 10 14 0.048007406 
570 51 10 13 0.047798637 
369 98 12 16 0.047589786 
295 7 9 11 0.04752025 
987 220 13 17 0.047452595 
424 0 8 9 0.047053114 
365 14 10 11 0.047006596 
281 100 10 13 0.046764974 
942 17 8 9 0.046674937 
168 28 12 15 0.04647865 
258 328 26 34 0.046477508 
318 122 14 16 0.046096046 
313 60 10 12 0.04604492 
342 143 14 17 0.045793343 
225 574 26 33 0.045562506 
181 12 10 13 0.04555126 
617 16 8 11 0.045424234 
336 23 12 14 0.045359746 
571 630 27 39 0.045348026 
937 347 14 14 0.045317393 
929 72 9 12 0.045275204 
470 23 9 11 0.0450555 
934 9 9 11 0.045015287 
381 51 9 14 0.04470458 
497 93 11 14 0.044635106 
510 44 9 12 0.044525515 
1011 437 13 19 0.044229105 
896 14 8 10 0.044068217 
167 96 13 16 0.043923218 
406 44 9 11 0.04387082 
840 64 9 11 0.04379563 
929 29 9 11 0.043781664 
992 159 12 14 0.04353197 
193 402 25 29 0.043235272 
956 55 9 10 0.043169003 
719 38 9 11 0.04308035 
22 521 22 31 0.04307841 
968 54 9 12 0.04304947 
246 0 9 11 0.04304354 
324 59 11 13 0.042924237 
548 70 14 16 0.04288568 
829 51 10 12 0.042883713 
296 59 11 13 0.042823657 
990 214 10 13 0.042777255 
184 78 11 13 0.042617086 
476 139 14 16 0.042608738 
0 137 9 20 0.042495463 
871 47 8 10 0.042484682 
557 25 9 10 0.042429652 
997 171 11 14 0.042419028 
245 15 8 10 0.042340424 
716 76 10 12 0.042230815 
784 80 8 10 0.041885156 
803 194 14 16 0.04183435 
957 88 9 12 0.04179254 
918 15 8 10 0.041699752 
990 76 11 14 0.0416041 
220 185 10 11 0.041568514 
299 325 18 24 0.041567158 
103 140 10 13 0.041543268 
266 98 12 15 0.041405525 
837 277 11 17 0.041270684 
131 50 10 15 0.041269578 
780 7 8 11 0.041225053 
910 383 14 17 0.041193623 
78 276 15 19 0.04098628 
513 88 19 24 0.04095051 
635 57 12 15 0.040871657 
791 76 9 10 0.040780697 
971 278 14 16 0.040715538 
114 70 13 16 0.0406746 
86 78 14 16 0.040651944 
934 56 8 10 0.04042412 
891 267 10 13 0.040346406 
920 111 9 12 0.04033765 
156 228 13 17 0.04004959 
855 134 11 13 0.04001884 
673 632 19 27 0.04000465 
917 65 8 11 0.039861508 
904 135 11 14 0.039620962 
558 94 11 13 0.03949652 
919 54 8 10 0.039472938 
821 254 10 13 0.03945199 
663 8 10 11 0.03945049 
518 51 11 13 0.039338246 
927 284 11 14 0.039337672 
612 98 10 13 0.03933682 
290 8 8 10 0.03924093 
938 92 9 12 0.03913087 
385 81 13 16 0.039080027 
787 23 9 10 0.038916893 
645 135 10 13 0.038796064 
856 0 9 10 0.03878063 
999 363 14 17 0.038625482 
889 0 8 9 0.038623128 
916 126 10 13 0.03857466 
1002 0 7 8 0.03852676 
638 26 9 12 0.038450588 
1015 180 9 14 0.03842246 
749 71 9 12 0.03834901 
546 59 10 12 0.038290918 
78 799 47 60 0.038141727 
241 30 10 13 0.038123634 
47 505 37 44 0.03810931 
592 20 10 13 0.038067263 
759 90 11 13 0.03805258 
903 104 9 12 0.037873074 
330 30 8 12 0.037836302 
453 56 10 13 0.037800435 
231 85 10 13 0.037760668 
9 274 14 18 0.037740704 
913 39 9 11 0.03761333 
133 12 10 13 0.03727305 
781 84 8 10 0.03719862 
725 91 10 13 0.037152745 
1 15 8 13 0.037112374 
527 6 8 11 0.03706995 
869 623 16 21 0.037034053 
880 46 8 10 0.03701365 
971 417 14 19 0.036877774 
393 553 23 30 0.036744934 
87 71 12 14 0.036744423 
545 77 12 14 0.036604695 
606 24 9 11 0.036502127 
469 57 10 13 0.036388166 
746 744 35 51 0.036373653 
534 21 9 12 0.036296688 
838 245 10 13 0.036292795 
757 46 10 13 0.03628661 
516 61 12 13 0.03619286 
281 408 26 32 0.036125746 
632 28 10 12 0.035967927 
706 595 23 31 0.035926864 
693 6 8 9 0.03576794 
886 86 9 11 0.035551075 
918 201 13 16 0.03526661 
80 726 27 37 0.035259966 
94 261 15 21 0.03523794 
771 7 8 10 0.035228547 
599 24 9 11 0.035200525 
669 125 11 15 0.035179593 
617 111 10 13 0.035146832 
168 43 10 13 0.03472134 
520 68 11 13 0.034654986 
996 212 12 16 0.03456007 
208 565 32 38 0.034486655 
783 102 9 10 0.034434058 
297 565 18 22 0.034239188 
206 62 10 12 0.03416404 
92 76 12 16 0.03409328 
745 110 11 14 0.03406299 
776 86 9 10 0.03400732 
945 72 9 12 0.033934392 
303 46 10 12 0.03386592 
691 63 11 13 0.03382385 
81 818 57 74 0.033797894 
695 67 10 13 0.03376939 
790 98 10 13 0.03376843 
545 29 10 12 0.033631183 
1013 542 11 18 0.033552665 
128 125 13 16 0.03328442 
929 9 8 11 0.033256195 
439 38 10 12 0.03324192 
140 0 10 10 0.03315322 
294 379 24 29 0.033094093 
887 31 7 9 0.033051595 
168 89 11 13 0.03300872 
894 46 8 10 0.032762215 
487 589 37 50 0.03264043 
519 130 13 17 0.032614935 
505 23 8 10 0.032594346 
483 107 14 16 0.032581914 
636 87 11 14 0.0323705 
230 165 11 14 0.0323705 
761 102 10 12 0.03236656 
865 47 7 10 0.03236293 
511 23 8 11 0.032305907 
232 30 9 13 0.03211326 
775 133 11 14 0.03211207 
589 74 12 15 0.032096222 
17 560 30 41 0.032093577 
872 235 10 13 0.031981584 
909 452 15 16 0.031950746 
890 23 8 10 0.03192601 
805 67 10 13 0.031923212 
73 570 29 38 0.031914484 
1012 356 11 18 0.03188378 
728 5 9 12 0.03187342 
974 189 12 16 0.03185282 
990 85 9 11 0.031784546 
895 108 10 13 0.031720795 
794 418 18 22 0.031712107 
423 52 8 10 0.03151035 
890 101 9 11 0.031488862 
136 136 12 16 0.0314769 
894 22 8 11 0.031459488 
751 32 9 13 0.031449523 
734 33 8 10 0.031430952 
165 119 12 17 0.031116107 
847 109 10 12 0.031012347 
524 45 9 13 0.030992052 
777 117 11 14 0.030940281 
1014 275 10 14 0.030939631 
774 96 10 12 0.030854216 
319 69 11 14 0.030834895 
1014 219 10 15 0.030820748 
935 60 8 11 0.030798359 
368 45 10 14 0.030790828 
940 46 8 10 0.030734953 
647 121 12 15 0.03060365 
430 663 54 71 0.0305663 
448 6 8 10 0.030444996 
50 204 14 17 0.030413695 
934 395 14 18 0.030363865 
929 23 8 11 0.030301968 
596 14 9 11 0.03025912 
287 392 26 31 0.030118467 
672 19 9 11 0.030097397 
452 541 13 18 0.030027336 
654 20 9 11 0.030009622 
928 39 9 12 0.029994609 
898 92 9 12 0.029758826 
35 551 31 42 0.029733682 
685 85 10 15 0.029724069 
228 6 10 14 0.029688664 
512 96 12 16 0.0296381 
662 115 9 14 0.029589402 
919 21 8 9 0.029554393 
310 31 10 12 0.029436328 
987 232 12 15 0.02936282 
970 516 23 32 0.029332692 
262 104 13 17 0.029325897 
526 64 9 12 0.029282162 
624 29 9 12 0.02922417 
61 41 12 16 0.029198749 
639 37 10 12 0.0291814 
612 51 11 15 0.029153906 
977 71 8 11 0.029106047 
759 0 8 9 0.029079283 
624 53 11 14 0.029047664 
945 55 9 12 0.029041126 
961 28 9 11 0.029013535 
647 537 32 37 0.029009633 
76 50 11 15 0.02898905 
465 21 9 11 0.0289697 
970 6 7 10 0.0289571 
985 118 8 10 0.028956877 
863 108 9 12 0.028910708 
877 581 12 18 0.0288126 
579 50 11 13 0.02879232 
1015 150 9 12 0.02876578 
136 81 13 16 0.028732792 
375 10 11 13 0.028721781 
287 159 10 14 0.028703077 
551 15 8 10 0.028670717 
101 59 11 15 0.028659234 
927 411 14 16 0.028615167 
341 559 84 112 0.028609533 
628 112 12 15 0.028581316 
777 256 9 13 0.02855552 
447 40 9 11 0.028492076 
1013 228 11 19 0.028481143 
936 86 9 12 0.028378863 
987 389 24 30 0.02837867 
548 1 9 11 0.02831399 
982 195 11 14 0.028303856 
998 365 22 27 0.028292425 
888 95 9 11 0.02826207 
410 16 8 10 0.028190533 
384 24 10 11 0.028152063 
280 43 11 14 0.028079016 
912 219 11 15 0.028019803 
985 460 16 17 0.027965227 
869 816 12 23 0.027928963 
46 379 25 31 0.027860757 
446 134 14 18 0.027841546 
886 52 8 11 0.027757024 
682 633 26 41 0.027742019 
279 0 8 8 0.027718242 
896 39 8 10 0.027678384 
182 384 23 27 0.02767437 
848 124 10 13 0.027658984 
766 92 10 12 0.027626615 
658 39 10 13 0.027585857 
663 129 12 15 0.027415039 
815 31 9 12 0.027408654 
952 515 22 21 0.02738096 
944 37 8 11 0.027358782 
132 5 12 14 0.027352499 
288 12 9 11 0.02731447 
779 390 13 19 0.027250532 
229 93 9 14 0.027228657 
416 46 9 12 0.027169345 
645 140 12 16 0.027114285 
933 28 9 12 0.027080445 
662 21 10 11 0.026978139 
1000 20 8 10 0.026938412 
984 57 10 13 0.026923506 
722 561 13 19 0.02690628 
304 38 11 12 0.026902964 
793 261 12 15 0.026895655 
549 6 9 10 0.026894983 
191 189 11 14 0.026856095 
464 31 10 13 0.026853887 
919 366 16 18 0.02675881 
109 149 11 14 0.026751243 
339 1107 177 251 0.026737655 
433 542 23 30 0.026672356 
989 119 9 10 0.02660975 
896 117 10 12 0.026530566 
901 419 15 20 0.0265231 
841 68 10 11 0.026508376 
976 140 10 13 0.026508193 
545 22 9 11 0.026460126 
210 291 23 28 0.026427133 
469 69 10 13 0.026407255 
887 451 14 18 0.026361391 
967 37 10 12 0.026345357 
905 23 8 10 0.026272543 
853 109 11 13 0.026221406 
683 91 11 15 0.0262114 
395 570 27 41 0.026203953 
139 127 11 15 0.026186293 
217 181 10 13 0.026169356 
595 93 11 14 0.02613844 
774 124 12 15 0.026128015 
827 196 11 15 0.026111504 
582 501 26 29 0.026102511 
910 121 11 13 0.026099073 
164 14 11 13 0.026037406 
730 507 25 32 0.026029678 
808 166 10 13 0.026003584 
-1 348 10 16 0.025981788 
435 67 11 13 0.025962312 
238 242 14 17 0.025941543 
984 110 8 11 0.025938224 
895 9 8 10 0.02592131 
497 99 11 15 0.025878819 
796 89 9 12 0.025835501 
58 381 15 20 0.02569647 
302 211 10 15 0.025525685 
318 133 13 16 0.025519263 
989 259 14 15 0.025476167 
455 38 9 11 0.025473569 
981 71 11 13 0.025460321 
881 31 8 11 0.025429327 
210 280 16 20 0.025367279 
825 54 9 12 0.025351258 
617 78 11 15 0.025343923 
575 17 9 11 0.025302356 
842 423 11 15 0.025293652 
503 6 9 11 0.025243867 
697 38 9 11 0.025152098 
416 52 9 12 0.025105942 
998 180 10 13 0.02510392 
5 121 15 19 0.025081396 
890 292 15 17 0.025072332 
139 381 15 21 0.025063653 
949 257 12 15 0.025055 
547 747 47 66 0.025020937 
904 387 11 14 0.02501858 
984 213 11 14 0.025015598 
449 1 8 9 0.025014378 
399 64 12 15 0.025013201 
391 55 9 12 0.024996927 
366 22 10 11 0.024977718 
634 2 8 10 0.024942596 
868 0 9 9 0.024874484 
568 23 7 10 0.024846086 
232 171 11 13 0.024773242 
214 11 11 14 0.024738865 
187 278 15 18 0.024733482 
163 20 13 14 0.024703939 
688 115 10 13 0.024672825 
273 0 9 9 0.024660077 
982 257 13 16 0.024569018 
535 92 10 14 0.024556963 
614 0 8 9 0.024527228 
16 16 12 16 0.024498371 
1000 429 14 17 0.024458427 
600 36 9 11 0.02442627 
899 177 13 15 0.02441632 
782 690 32 46 0.024403237 
759 32 9 12 0.02434933 
647 38 8 11 0.024276514 
814 619 13 17 0.024243329 
956 307 11 15 0.024236567 
432 54 10 13 0.024220668 
861 131 10 13 0.024204446 
685 57 12 13 0.024125066 
989 48 9 12 0.024077687 
536 5 8 11 0.024024276 
530 22 8 11 0.023965135 
538 0 9 11 0.023960508 
894 519 24 27 0.023955638 
763 775 30 48 0.023941332 
655 55 9 12 0.023935936 
299 53 11 13 0.023907317 
856 84 9 11 0.023870278 
962 523 17 18 0.023861412 
280 180 10 14 0.02379709 
285 198 16 18 0.023791054 
832 270 11 15 0.023768963 
933 151 10 12 0.023765614 
1015 21 8 11 0.023764677 
49 409 28 31 0.023757458 
982 281 14 17 0.023656243 
966 121 10 11 0.023610998 
446 113 14 19 0.0236108 
650 14 8 11 0.023577888 
367 39 9 11 0.023554593 
947 658 17 27 0.023519164 
240 7 9 11 0.023309428 
909 4 10 11 0.02330698 
889 177 13 15 0.023305936 
326 37 10 12 0.023263864 
756 108 11 13 0.02322475 
844 282 15 17 0.02322294 
734 97 12 14 0.023215745 
745 127 12 15 0.023188967 
276 223 13 17 0.023184229 
145 328 15 23 0.023178414 
380 146 13 15 0.023165224 
966 61 9 12 0.02314472 
180 350 20 29 0.023057342 
222 231 13 16 0.023042545 
780 133 12 14 0.023037825 
495 123 12 14 0.02301864 
462 13 8 11 0.0229778 
854 158 10 13 0.022961993 
5 627 21 39 0.022959977 
709 92 11 13 0.022940125 
390 23 8 11 0.022877567 
215 223 12 16 0.022853393 
751 93 9 12 0.022837022 
997 73 10 15 0.02277682 
922 525 19 25 0.02277214 
244 111 10 12 0.02269857 
821 553 15 18 0.022697276 
878 253 10 13 0.02266232 
864 54 8 10 0.022637395 
855 63 9 11 0.022620678 
286 374 16 20 0.022582706 
1014 140 9 13 0.022555808 
635 103 11 14 0.022546338 
34 251 14 19 0.02253821 
176 68 10 14 0.022512803 
991 62 10 12 0.02251037 
0 485 9 16 0.022506304 
64 588 40 51 0.022505725 
852 424 12 14 0.022480994 
91 55 15 18 0.022472322 
924 205 12 14 0.022472277 
274 572 32 39 0.02244302 
951 450 17 21 0.022441523 
822 433 11 15 0.022435991 
662 52 10 12 0.022430103 
808 247 10 13 0.022403259 
734 109 10 13 0.022398017 
728 14 9 12 0.022393422 
236 84 10 13 0.02238658 
872 79 9 12 0.022343755 
428 102 15 18 0.022340288 
170 220 12 14 0.022288386 
929 61 9 11 0.02226664 
751 103 11 12 0.022221277 
774 70 8 11 0.02216554 
429 85 12 16 0.022138668 
962 464 14 17 0.022092788 
854 139 11 13 0.022004878 
963 427 17 20 0.021972906 
134 221 11 14 0.021907788 
911 21 9 10 0.021837508 
851 520 17 20 0.021834906 
44 330 17 23 0.021809926 
160 27 10 14 0.02180677 
822 563 15 18 0.021789178 
5 14 11 14 0.021788403 
436 98 15 18 0.021773681 
931 402 15 18 0.021754881 
711 12 8 12 0.021695966 
582 1 8 9 0.021684524 
819 170 12 14 0.021674443 
377 29 9 10 0.021646213 
412 579 23 34 0.021629239 
821 236 9 12 0.021628719 
286 188 13 15 0.021596976 
207 105 12 14 0.021543348 
188 67 10 14 0.021504283 
923 391 20 23 0.021501463 
662 60 10 13 0.02147291 
327 79 11 13 0.021466535 
701 77 11 13 0.02146152 
559 10 10 13 0.021412294 
926 131 10 13 0.021393392 
512 7 9 10 0.02135269 
977 164 10 12 0.021348404 
829 204 9 12 0.021347238 
308 6 9 11 0.021325974 
796 284 10 12 0.021320637 
954 45 9 12 0.021315431 
192 45 9 12 0.021281898 
991 378 26 31 0.02125027 
504 53 11 14 0.021230984 
250 30 11 14 0.02115651 
238 94 10 13 0.021128252 
654 124 11 14 0.021042421 
43 8 10 13 0.021026693 
26 20 12 15 0.021025505 
399 566 17 23 0.021014068 
464 58 11 14 0.02099766 
996 132 9 13 0.020966856 
447 79 12 15 0.020963809 
1006 0 8 9 0.02095844 
236 166 10 13 0.020890389 
894 0 9 8 0.020812824 
645 30 10 12 0.020811416 
864 6 9 10 0.020794077 
951 22 8 10 0.020783745 
78 60 11 15 0.020771924 
0 76 12 18 0.020771274 
790 140 10 12 0.020757835 
853 164 12 14 0.020745983 
915 276 12 15 0.020736797 
969 1 8 10 0.020722613 
212 69 10 12 0.02066414 
967 93 8 11 0.020649856 
917 376 20 23 0.020647157 
184 395 25 30 0.02062949 
23 676 43 51 0.02059883 
959 231 13 16 0.020560093 
213 106 11 14 0.020539595 
223 641 40 61 0.020529611 
1012 91 11 16 0.020513 
879 190 13 16 0.020500097 
98 278 15 21 0.020500042 
375 40 10 13 0.020470122 
366 29 10 11 0.020428613 
885 162 13 14 0.020427248 
577 5 8 11 0.020404808 
696 624 28 36 0.02037262 
890 156 12 13 0.020367458 
772 754 31 35 0.0203283 
552 90 12 16 0.020231426 
908 443 15 18 0.020213448 
67 493 28 36 0.020189922 
462 125 12 15 0.020153275 
650 520 25 28 0.020144546 
903 48 9 11 0.02011743 
251 563 30 36 0.020105856 
942 101 11 12 0.020089827 
987 516 12 17 0.020086879 
701 519 24 30 0.02005569 
673 0 8 9 0.020020025 
717 109 10 14 0.020015702 
298 333 21 29 0.020008404 
