28_Sports_Fan_Sports_Fan_28_267
521
502 343 21 25 0.9705895 
353 226 19 22 0.95797676 
419 241 21 25 0.95452845 
346 328 19 24 0.9544546 
595 401 19 26 0.933813 
404 202 18 23 0.9335787 
626 281 18 22 0.9284678 
632 343 21 26 0.92176884 
438 385 20 24 0.9120453 
360 257 17 20 0.8845874 
327 276 15 17 0.83412623 
310 216 20 23 0.7790053 
443 224 18 26 0.72588974 
563 368 17 21 0.7041451 
681 238 16 20 0.6030432 
668 255 16 20 0.5518699 
631 194 23 25 0.53817326 
285 260 17 23 0.53066504 
408 314 17 19 0.41525626 
458 194 17 21 0.35941508 
466 668 8 12 0.35566032 
680 692 10 12 0.3180762 
549 695 10 13 0.31668624 
449 671 9 11 0.31416878 
498 670 9 12 0.31373107 
443 707 11 14 0.30353656 
762 617 7 9 0.29921344 
712 668 9 12 0.27523348 
406 613 9 11 0.2572755 
547 196 18 23 0.23711005 
662 693 10 12 0.23688437 
695 674 10 13 0.23583603 
585 668 10 12 0.2313075 
428 702 10 12 0.22681376 
335 694 10 12 0.22638862 
697 694 9 11 0.21645194 
697 712 8 11 0.20260318 
672 668 11 13 0.20192815 
482 667 8 11 0.19717088 
368 613 8 9 0.19363402 
770 631 7 9 0.18820521 
825 613 8 11 0.18334173 
654 670 10 13 0.17992903 
608 644 11 13 0.17759205 
228 703 13 16 0.16957775 
342 197 13 15 0.1695288 
606 692 9 12 0.16756707 
618 669 9 12 0.16397777 
572 702 11 14 0.16328953 
389 676 9 12 0.16018967 
418 313 22 25 0.15701918 
603 309 17 19 0.15414694 
440 615 8 10 0.1538992 
780 638 8 10 0.15088578 
785 631 8 9 0.14632873 
317 695 11 14 0.14288312 
453 692 9 12 0.1428491 
245 672 8 11 0.14256375 
637 670 9 12 0.14129679 
418 630 8 10 0.14000054 
552 611 9 12 0.13850379 
212 701 10 13 0.13663557 
544 678 9 10 0.13040939 
654 630 11 14 0.12977032 
517 665 9 12 0.12790452 
476 209 11 12 0.12231649 
318 701 11 15 0.1215415 
458 361 13 17 0.12086178 
258 662 8 10 0.120743096 
688 646 9 11 0.11787809 
505 324 16 20 0.11396186 
740 689 8 10 0.1124785 
639 636 8 11 0.10677602 
533 701 10 13 0.10437299 
542 737 10 11 0.103760906 
179 669 10 13 0.10206187 
28 693 9 12 0.10205099 
669 647 10 12 0.10041257 
705 630 7 10 0.09966164 
737 637 8 11 0.09808544 
796 645 9 11 0.09570947 
353 694 10 12 0.09529743 
212 694 10 12 0.09357311 
626 646 8 11 0.09235963 
211 669 9 11 0.09103216 
390 630 8 10 0.08793186 
623 325 14 19 0.08631437 
775 654 7 9 0.08622432 
622 693 10 12 0.08604568 
478 705 9 10 0.08461063 
611 331 13 19 0.084021635 
497 676 8 10 0.08295163 
752 654 7 10 0.0823331 
242 676 10 13 0.08232632 
834 630 8 9 0.0811075 
300 701 10 13 0.078236856 
600 617 8 10 0.07751471 
352 630 7 9 0.076674365 
414 676 9 10 0.07661337 
300 694 9 12 0.07554593 
671 674 11 13 0.074045084 
589 676 8 11 0.07329725 
777 708 7 10 0.07325691 
534 695 10 12 0.07272422 
363 708 11 13 0.07130601 
226 671 9 11 0.071031906 
795 641 7 9 0.07074909 
728 671 8 10 0.07068314 
560 243 12 14 0.070548914 
484 686 10 13 0.06973901 
405 628 9 11 0.06970316 
711 646 9 11 0.06968339 
337 699 10 13 0.06877727 
609 630 7 9 0.0677809 
599 237 14 17 0.06719107 
584 708 9 11 0.06707127 
494 652 9 11 0.06545137 
604 677 9 11 0.06517041 
249 709 10 13 0.064847246 
807 701 9 11 0.064764276 
416 671 9 11 0.064707026 
346 668 9 12 0.06384553 
529 676 9 13 0.063304454 
785 654 7 9 0.06328159 
735 678 8 9 0.06302287 
77 609 9 12 0.062947884 
802 630 7 9 0.0627004 
687 651 9 12 0.062362902 
188 630 8 10 0.06192286 
194 668 10 13 0.06186764 
506 629 8 10 0.06052266 
518 700 9 12 0.060196154 
400 399 22 30 0.05936755 
596 717 11 13 0.059078168 
818 630 7 9 0.05853504 
665 652 9 12 0.057618737 
614 719 12 15 0.057493858 
810 645 8 11 0.056773413 
720 653 9 11 0.056708667 
434 670 8 10 0.05670499 
640 692 10 12 0.056322794 
500 664 10 12 0.0556117 
503 688 9 12 0.054272752 
356 212 15 17 0.054051965 
341 614 8 10 0.053744428 
281 699 14 18 0.053327307 
392 718 10 12 0.0524603 
625 653 8 10 0.051981002 
696 701 8 10 0.051507346 
637 632 9 12 0.051436074 
130 692 10 13 0.051310796 
493 703 10 12 0.051149853 
647 653 8 10 0.05082489 
374 671 8 10 0.04995438 
495 692 9 11 0.049687523 
759 709 8 10 0.04955716 
617 675 9 12 0.049381457 
317 669 9 11 0.049030773 
542 219 14 17 0.048697393 
180 674 10 13 0.048242386 
314 708 10 13 0.048213914 
790 630 7 9 0.047583897 
618 615 8 9 0.047566026 
738 655 8 11 0.04755559 
192 699 12 15 0.046588082 
540 288 13 16 0.046468735 
634 630 8 11 0.046281137 
577 718 9 11 0.04610389 
501 676 9 10 0.046081647 
368 670 8 10 0.046038985 
351 652 8 11 0.04596675 
62 694 10 12 0.045116924 
513 646 9 10 0.04490134 
365 703 11 13 0.044728726 
735 703 8 11 0.04467051 
774 631 7 9 0.044364814 
679 707 10 12 0.04399923 
636 205 16 20 0.043990426 
486 628 8 11 0.043873135 
265 706 10 14 0.04337262 
693 647 8 10 0.043112632 
495 647 10 11 0.042995933 
129 670 10 13 0.04288519 
695 652 9 11 0.04262511 
477 652 9 10 0.042419203 
743 703 8 11 0.042267513 
664 708 10 12 0.042237643 
44 693 12 14 0.04208816 
488 703 9 12 0.04147783 
285 669 9 11 0.041171838 
529 670 9 12 0.04114382 
490 653 8 10 0.041007467 
393 652 8 11 0.040931698 
582 372 15 18 0.04068662 
589 277 13 15 0.040672824 
689 640 8 11 0.04067247 
621 664 9 11 0.040638812 
615 630 8 10 0.04055909 
385 670 10 12 0.04054013 
689 676 9 12 0.040406387 
360 671 8 10 0.040076282 
676 664 10 12 0.039970107 
433 678 9 11 0.03993989 
729 679 8 9 0.03990672 
690 669 10 12 0.03989824 
569 678 8 11 0.039818723 
201 606 7 9 0.039743435 
753 710 8 10 0.039663643 
212 707 10 13 0.039580736 
463 708 10 12 0.039547708 
680 629 8 10 0.03949938 
718 679 7 10 0.039383754 
565 646 9 12 0.03934355 
760 640 7 9 0.03915141 
605 671 9 11 0.039078526 
408 653 7 10 0.038817722 
492 236 13 15 0.038749177 
526 653 9 11 0.03861054 
373 695 9 11 0.038577244 
420 670 9 11 0.038345892 
285 645 8 10 0.03820234 
486 680 9 10 0.03819955 
389 702 9 12 0.03816252 
229 697 10 11 0.03813732 
439 686 8 11 0.038079098 
456 653 8 10 0.037798177 
174 694 11 13 0.037730444 
560 662 7 10 0.03754109 
361 367 16 21 0.037482057 
630 653 8 10 0.03741473 
589 693 9 11 0.03733417 
637 664 9 11 0.03724625 
559 679 9 11 0.037035193 
661 629 9 12 0.037001625 
573 694 10 13 0.03692656 
448 630 8 9 0.036830377 
745 624 7 8 0.036819648 
589 687 9 11 0.03643801 
582 631 7 10 0.036299955 
713 677 9 11 0.03613276 
388 231 10 13 0.03610795 
431 697 8 10 0.03604187 
603 318 19 27 0.035866745 
650 669 10 13 0.03586516 
593 631 8 11 0.035762675 
600 708 10 12 0.03565695 
531 255 13 16 0.03542259 
416 693 9 11 0.035215814 
574 652 9 12 0.035184905 
767 638 8 10 0.035122007 
373 700 11 13 0.03508216 
369 694 10 11 0.035080433 
437 679 9 10 0.03502152 
159 646 11 14 0.034959804 
157 693 11 13 0.034947712 
521 629 8 10 0.03483779 
576 647 8 11 0.034680665 
593 647 8 11 0.034440197 
700 677 9 11 0.03443894 
533 211 14 16 0.034279168 
589 709 9 11 0.03417468 
782 647 8 10 0.03414966 
760 662 7 9 0.03412984 
368 631 8 9 0.03392766 
501 254 13 15 0.033853076 
329 671 10 13 0.03378974 
589 702 9 12 0.03374634 
512 680 8 10 0.033664856 
110 693 12 15 0.033653177 
672 628 7 10 0.033584923 
195 694 11 15 0.03355298 
204 629 8 11 0.03352793 
114 602 18 23 0.033387523 
620 700 12 15 0.0333754 
703 653 8 10 0.033320956 
513 694 9 12 0.033288267 
366 716 11 12 0.033286735 
216 718 10 12 0.033150796 
695 688 10 13 0.032840755 
765 376 10 13 0.032500055 
518 717 10 12 0.032484513 
349 646 9 11 0.03240649 
768 648 7 9 0.03213436 
528 273 11 15 0.032036856 
623 631 7 8 0.032014277 
469 665 9 11 0.03198991 
712 685 8 10 0.0319452 
566 630 7 10 0.031924684 
464 675 9 11 0.03184164 
280 693 13 15 0.03183679 
117 718 11 13 0.03177344 
350 666 8 10 0.031707894 
705 647 9 11 0.03169136 
377 645 9 11 0.03163109 
470 205 13 14 0.031500604 
679 701 11 13 0.03148604 
827 645 7 10 0.03133691 
257 656 8 10 0.031317465 
597 647 10 12 0.031234777 
336 653 7 10 0.031216415 
249 702 9 13 0.031064952 
386 629 9 10 0.031027343 
362 645 9 11 0.030942343 
273 653 8 10 0.030932426 
710 629 8 10 0.030915158 
404 284 14 17 0.030883621 
533 708 10 12 0.030826902 
344 652 9 11 0.030788137 
786 626 7 8 0.030686352 
173 630 7 10 0.030628506 
798 677 9 10 0.03061367 
536 663 9 10 0.030573966 
191 708 11 13 0.030153217 
743 655 8 10 0.029939648 
573 686 9 11 0.029850518 
685 688 10 12 0.029848156 
578 639 8 10 0.029505081 
668 709 11 12 0.029466512 
790 605 7 8 0.029405562 
529 709 9 11 0.029396929 
346 639 8 11 0.029396616 
543 670 10 12 0.029369526 
775 665 7 9 0.02934598 
567 694 11 13 0.029335197 
246 685 11 12 0.029154766 
578 630 8 10 0.02910691 
384 653 8 10 0.02896767 
592 612 9 11 0.028965099 
513 652 8 10 0.028912133 
332 675 10 12 0.028902676 
711 640 8 10 0.028884973 
360 676 8 11 0.02882673 
519 652 9 11 0.028825251 
770 670 7 10 0.02878988 
605 703 10 12 0.02878689 
416 606 7 10 0.028773377 
777 647 8 11 0.028730819 
537 629 7 10 0.028668134 
366 675 9 12 0.02864454 
696 630 7 10 0.028611863 
679 653 9 11 0.028569233 
401 741 10 13 0.028543714 
598 653 10 11 0.02848277 
334 640 7 9 0.028418254 
453 676 8 10 0.028417634 
567 705 11 14 0.028353393 
369 664 8 10 0.028315194 
295 653 8 10 0.028046211 
448 689 10 12 0.027956938 
713 703 10 12 0.027908426 
143 676 9 12 0.02782609 
615 692 10 12 0.027666055 
320 218 15 18 0.027654782 
596 276 13 16 0.027591934 
599 631 8 10 0.027482474 
391 665 8 11 0.027468022 
513 700 10 13 0.027425565 
318 688 10 12 0.027378725 
486 690 10 12 0.027311174 
240 682 11 14 0.027272966 
743 710 8 10 0.027203502 
401 630 8 10 0.027167533 
25 708 10 12 0.027148632 
409 646 8 11 0.02704708 
706 638 7 9 0.027030159 
527 629 7 9 0.026960056 
587 355 17 21 0.026911823 
601 662 9 11 0.026908606 
408 672 9 12 0.02685545 
695 665 10 12 0.02682273 
197 664 8 11 0.026818331 
114 670 9 11 0.026751162 
93 694 10 11 0.026725922 
543 712 9 10 0.026714465 
725 653 8 11 0.026701381 
375 629 7 9 0.026648957 
478 689 12 14 0.02653198 
359 703 11 13 0.026424993 
360 653 8 11 0.026410371 
643 247 16 19 0.026401693 
278 652 8 11 0.026399782 
806 630 8 9 0.026362738 
426 308 19 20 0.026293924 
663 700 11 14 0.026086839 
345 630 8 9 0.025943726 
462 653 8 10 0.025864061 
816 654 7 9 0.025751166 
360 630 8 9 0.025734888 
751 703 8 11 0.025536636 
449 645 9 11 0.025475208 
686 702 9 11 0.025425345 
384 607 8 9 0.025390962 
398 653 8 10 0.025375083 
645 637 9 12 0.025296446 
700 669 11 13 0.025162462 
415 702 9 11 0.025073161 
654 624 9 11 0.024937563 
214 653 8 11 0.024925992 
287 653 9 10 0.024848625 
480 681 9 11 0.024810858 
634 676 9 12 0.024715176 
573 679 8 10 0.024620242 
633 718 11 13 0.024616001 
790 625 7 9 0.024614908 
358 598 9 12 0.024592308 
392 636 9 11 0.02456807 
558 719 10 10 0.024541762 
226 694 8 10 0.024515914 
625 640 7 10 0.024468906 
734 709 9 11 0.02445593 
633 637 9 11 0.024443623 
502 653 8 10 0.024374273 
301 669 9 11 0.02426222 
783 704 7 9 0.024171466 
633 664 9 11 0.024108196 
488 624 9 11 0.024105845 
296 629 8 10 0.024069633 
786 605 7 9 0.024063326 
409 718 10 12 0.0240211 
802 625 7 9 0.023986517 
760 646 7 9 0.023690455 
452 350 13 18 0.023673005 
543 628 8 11 0.023663368 
417 600 7 9 0.023580257 
585 243 16 19 0.023571722 
376 653 8 10 0.023503318 
774 669 8 10 0.023361577 
157 701 11 14 0.023355572 
326 613 9 12 0.023342289 
375 675 9 12 0.023337007 
664 200 25 30 0.023331607 
45 721 9 11 0.023294754 
654 707 10 12 0.023289898 
431 640 8 10 0.023249807 
193 677 9 12 0.023234079 
185 653 9 10 0.02314373 
822 630 7 9 0.022930441 
688 630 7 9 0.022900868 
718 647 9 11 0.02287951 
159 674 10 13 0.02287428 
452 640 9 10 0.022859002 
385 664 8 10 0.022857342 
391 605 7 10 0.022828925 
770 654 8 9 0.022818914 
568 363 17 22 0.022743942 
213 675 8 12 0.02272235 
669 693 10 12 0.022525782 
542 664 8 10 0.022484077 
887 710 7 8 0.022463001 
537 688 8 9 0.022431234 
430 645 8 11 0.022415947 
569 686 8 10 0.022408774 
289 629 7 9 0.022349278 
550 678 8 10 0.02230176 
157 687 11 13 0.022232894 
384 613 8 10 0.022068674 
694 639 8 10 0.022047332 
665 716 11 13 0.022037284 
262 655 8 10 0.022033373 
753 678 8 11 0.02202988 
227 675 11 14 0.022020813 
217 629 9 12 0.022017496 
740 639 8 10 0.021998066 
809 652 7 10 0.021946883 
427 287 18 20 0.021935595 
433 685 9 10 0.02193489 
390 695 8 11 0.021821426 
760 704 10 12 0.021784628 
588 664 10 12 0.021755025 
374 265 13 16 0.021728704 
298 647 8 10 0.021700101 
361 664 7 9 0.021696594 
474 653 8 10 0.02162084 
412 612 9 11 0.0216113 
564 638 9 11 0.021573583 
507 303 16 18 0.02156506 
743 629 8 10 0.021501463 
930 645 8 10 0.021495255 
441 631 8 9 0.021418814 
190 653 8 10 0.021410128 
384 701 10 13 0.021381993 
453 646 9 11 0.021354012 
326 693 11 14 0.021287352 
615 707 12 13 0.021280369 
328 654 8 9 0.02118658 
816 718 9 10 0.02115199 
439 653 9 10 0.02111216 
423 598 7 9 0.021078749 
645 702 11 14 0.021077747 
376 625 8 10 0.020969044 
801 654 7 9 0.020940255 
655 665 9 11 0.020924259 
191 715 10 12 0.020893471 
672 640 8 11 0.020876324 
681 597 8 10 0.020804362 
792 711 7 10 0.020790061 
213 688 9 12 0.020776434 
213 664 9 11 0.02066397 
280 686 10 12 0.020653471 
661 676 10 12 0.020599307 
753 648 7 9 0.020543138 
373 718 10 11 0.02050074 
537 654 9 11 0.02048888 
719 629 7 10 0.020432705 
336 707 11 13 0.020405304 
365 638 9 10 0.020405265 
344 676 9 12 0.020368088 
613 652 9 11 0.020363245 
805 695 10 11 0.020314014 
742 678 8 10 0.020303225 
562 631 7 10 0.020271981 
405 622 10 12 0.02020224 
734 674 8 10 0.02020105 
622 688 11 12 0.02019133 
804 717 9 12 0.020168496 
223 686 9 11 0.020151855 
518 709 11 13 0.020137489 
311 653 8 10 0.020134224 
463 197 20 24 0.020132372 
565 750 15 14 0.020044284 
345 200 16 18 0.02004071 
