24_Soldier_Firing_Soldier_Firing_24_601
50
472 305 32 37 0.9971923 
86 314 30 37 0.99638027 
735 322 35 41 0.9963075 
859 303 35 38 0.9960925 
175 324 33 38 0.99606043 
295 321 29 36 0.9957826 
391 309 32 37 0.9950599 
598 309 36 39 0.9912072 
980 294 13 16 0.9284544 
983 338 13 15 0.84381866 
25 328 14 18 0.771636 
311 290 28 34 0.621635 
580 321 23 30 0.38163242 
217 305 31 42 0.32952976 
907 328 13 16 0.3063854 
521 289 24 35 0.16904086 
418 287 26 32 0.15731809 
1008 344 9 10 0.13461056 
631 297 31 39 0.08241182 
2 339 8 14 0.07663968 
409 293 27 36 0.06718189 
830 331 15 20 0.056779753 
60 315 24 30 0.047041863 
505 295 23 32 0.044981703 
517 299 15 24 0.04464356 
907 319 15 19 0.043334235 
201 312 31 38 0.040273957 
975 339 10 14 0.032874893 
958 359 7 10 0.031618886 
836 327 12 15 0.03122425 
587 322 29 36 0.030109802 
944 303 9 13 0.029715523 
657 262 10 14 0.028769797 
615 303 33 39 0.028110916 
415 309 28 36 0.027796023 
230 308 25 30 0.027207293 
969 334 10 15 0.026782354 
919 310 12 16 0.026714018 
327 287 19 23 0.02598568 
370 323 19 27 0.025537083 
493 299 25 34 0.024540173 
15 303 11 14 0.024341965 
281 325 23 31 0.022766145 
1012 375 11 17 0.022378594 
998 340 10 12 0.022208912 
274 329 20 29 0.022122208 
961 325 8 12 0.02126379 
884 308 26 31 0.02040381 
916 469 20 19 0.02036443 
954 358 7 10 0.020135017 
