24_Soldier_Firing_Soldier_Firing_24_702
27
176 60 47 54 0.9979704 
833 83 40 46 0.9950459 
636 114 22 27 0.8511202 
385 167 17 22 0.7178181 
569 280 23 32 0.71177393 
397 171 15 19 0.5419114 
344 127 9 11 0.38508174 
266 122 23 28 0.20102616 
415 201 15 19 0.19973513 
372 148 10 13 0.15907858 
679 280 23 26 0.13990203 
677 290 18 19 0.13442121 
647 112 19 24 0.11090655 
420 178 11 15 0.10179655 
471 170 11 14 0.090277694 
480 178 13 16 0.0761774 
631 119 16 22 0.06786678 
415 172 13 18 0.06672766 
502 164 10 12 0.06405318 
679 238 18 19 0.045939796 
527 145 12 15 0.044965316 
683 268 22 28 0.037947852 
324 221 18 22 0.036521714 
413 209 15 21 0.02724378 
497 164 10 13 0.025493765 
564 291 20 24 0.023354022 
267 129 31 33 0.021571612 
