24_Soldier_Firing_Soldier_Firing_24_890
23
749 52 61 77 0.9986469 
43 146 24 30 0.98543555 
62 215 41 53 0.97683525 
133 152 22 31 0.96995217 
303 150 22 28 0.9588804 
218 133 23 29 0.9230253 
477 156 19 27 0.9179621 
389 162 20 25 0.88680315 
522 196 13 16 0.09493887 
593 306 11 14 0.08617357 
613 214 15 16 0.06678236 
656 421 9 11 0.05429714 
313 149 16 23 0.04513737 
433 179 14 17 0.038637865 
400 162 14 22 0.026861869 
662 150 10 13 0.026722258 
103 216 15 20 0.026357666 
213 553 11 16 0.02427832 
481 277 18 24 0.023909634 
294 151 19 23 0.022981932 
208 517 11 16 0.02143768 
-112 6 423 490 0.02126347 
51 216 33 43 0.020175925 
