24_Soldier_Firing_Soldier_Firing_24_633
21
875 394 46 62 0.9957696 
0 269 29 50 0.9630461 
775 405 36 37 0.913011 
839 424 41 43 0.6304705 
454 442 43 65 0.6191471 
466 413 44 62 0.08263195 
425 447 56 72 0.07819731 
472 436 31 54 0.06600443 
947 243 17 18 0.057730146 
474 395 48 59 0.052506912 
110 21 8 11 0.042807695 
57 198 324 480 0.03779739 
306 111 15 18 0.032517772 
791 413 20 24 0.0271206 
687 63 13 16 0.025632534 
766 396 31 35 0.025386233 
405 460 59 73 0.024734933 
783 131 25 35 0.023641324 
854 691 10 13 0.021547982 
494 46 9 12 0.021254364 
400 380 31 35 0.020697609 
