24_Soldier_Firing_Soldier_Firing_24_691
36
271 307 30 37 0.998019 
239 215 23 30 0.9952825 
776 321 29 34 0.9952585 
667 317 24 29 0.99385417 
293 277 27 33 0.9936382 
547 271 23 26 0.9934622 
622 304 24 29 0.9924601 
418 339 27 31 0.99172485 
740 295 27 32 0.9914629 
504 311 24 29 0.9883767 
879 454 28 41 0.98555875 
562 327 23 26 0.9847303 
267 269 23 30 0.98307794 
823 382 35 44 0.9808568 
440 312 22 25 0.9770209 
877 323 27 37 0.97652406 
366 305 22 25 0.9762749 
97 116 38 53 0.9760592 
822 301 22 27 0.97165924 
411 249 23 24 0.9591054 
803 366 26 35 0.95612025 
956 303 20 21 0.9281219 
579 269 20 21 0.92804664 
728 303 25 27 0.24372183 
726 309 15 17 0.2418225 
279 274 25 32 0.13120665 
461 341 15 20 0.08744969 
652 314 14 20 0.06612456 
393 324 15 19 0.040343657 
810 364 35 44 0.039883614 
206 184 23 27 0.03418757 
724 311 23 29 0.026036514 
814 305 22 27 0.025181593 
654 316 20 26 0.024197236 
199 129 8 11 0.022882268 
461 349 17 22 0.021104248 
