24_Soldier_Firing_Soldier_Firing_24_931
35
494 97 69 77 0.99756783 
364 67 25 27 0.9873653 
257 54 24 27 0.83013654 
637 155 70 84 0.75862664 
732 58 23 24 0.6883587 
436 57 20 22 0.6055656 
838 111 9 11 0.539067 
916 95 12 14 0.46155727 
546 31 24 26 0.19532137 
877 110 8 10 0.17125294 
464 71 19 22 0.10918856 
926 117 10 12 0.08717082 
884 124 10 12 0.08033843 
919 118 10 12 0.07802213 
428 58 19 23 0.069877505 
905 126 8 10 0.06713192 
441 62 21 26 0.06334245 
903 109 8 10 0.05743166 
913 98 11 14 0.056930516 
870 142 9 12 0.04363915 
897 141 7 10 0.04223868 
742 59 18 20 0.041279744 
902 135 9 11 0.036501765 
844 111 8 11 0.033129115 
912 119 9 12 0.03016667 
935 110 9 12 0.029581241 
906 198 8 10 0.029357374 
896 109 8 11 0.028488846 
865 137 9 11 0.026242709 
922 94 10 13 0.025346162 
651 292 25 32 0.024844388 
928 113 9 11 0.02449755 
878 117 10 13 0.02382484 
515 274 43 38 0.02203393 
888 109 9 11 0.021414995 
