24_Soldier_Firing_Soldier_Firing_24_644
60
278 170 29 33 0.97761714 
53 98 22 30 0.88725644 
206 153 21 30 0.8470853 
551 283 27 28 0.61465144 
312 180 26 31 0.5700338 
391 186 26 32 0.32654434 
20 84 25 33 0.3145077 
464 212 12 14 0.27549466 
586 280 17 22 0.26814196 
118 144 20 27 0.25390366 
156 149 21 28 0.21356297 
130 100 27 32 0.16892083 
287 80 495 647 0.1428714 
94 138 17 23 0.1282678 
471 197 13 16 0.10365339 
441 207 9 12 0.08438271 
381 195 18 21 0.07831386 
564 278 24 30 0.073503986 
14 90 15 21 0.068601556 
91 92 14 18 0.06714391 
310 260 12 14 0.057340298 
542 282 17 19 0.05322213 
107 136 21 29 0.052590482 
551 265 25 36 0.04374237 
403 175 22 30 0.042422224 
485 252 14 19 0.042196862 
188 130 15 23 0.042131264 
464 215 17 19 0.037873134 
331 250 12 17 0.037520178 
36 95 25 32 0.03454661 
163 157 18 29 0.032667764 
176 122 22 31 0.03228025 
146 104 16 22 0.03192453 
25 72 26 34 0.029596971 
491 257 12 16 0.029276896 
292 168 39 43 0.028469065 
545 292 23 22 0.028281322 
291 162 26 31 0.026523383 
156 139 17 24 0.026365241 
459 294 27 28 0.026092682 
0 194 9 15 0.02548571 
5 87 15 22 0.024887662 
125 106 17 21 0.024774771 
442 339 32 32 0.024655148 
351 176 21 28 0.024402365 
378 195 30 33 0.024114767 
39 371 10 14 0.0237172 
379 250 24 31 0.023181435 
356 190 12 18 0.022833895 
577 269 24 32 0.02282729 
409 223 22 30 0.02245318 
33 88 18 25 0.022398204 
268 175 19 23 0.022204427 
194 134 15 22 0.021409588 
316 252 13 18 0.021306051 
245 170 11 16 0.021183884 
64 156 24 28 0.02063512 
198 145 22 30 0.020559326 
140 117 19 23 0.020229863 
147 128 17 23 0.020139702 
