20_Family_Group_Family_Group_20_799
39
538 163 102 149 0.99944407 
902 493 85 100 0.9946461 
516 510 109 144 0.9937641 
112 626 79 100 0.9877985 
392 361 25 33 0.98172486 
845 364 14 17 0.9676792 
433 350 10 13 0.82540685 
352 347 10 13 0.5977419 
234 334 7 10 0.4853845 
254 345 8 10 0.44675776 
303 344 8 10 0.22111584 
61 313 11 15 0.21472085 
132 331 14 17 0.08365186 
125 378 15 22 0.07577308 
189 334 8 10 0.07226205 
173 332 9 12 0.049283806 
420 349 11 14 0.044434145 
286 343 11 13 0.043867044 
139 347 14 20 0.037221123 
128 315 10 12 0.036511593 
84 170 15 21 0.036480334 
198 345 8 10 0.0360763 
134 343 13 18 0.035573296 
297 344 8 10 0.032386683 
360 359 10 12 0.031821605 
103 331 9 12 0.03174852 
362 217 13 18 0.031007076 
193 346 9 13 0.030300565 
569 1150 17 17 0.029937612 
123 354 12 15 0.028229637 
263 342 8 11 0.026453106 
295 348 8 12 0.026368644 
171 350 18 28 0.025997829 
148 353 13 20 0.022402016 
180 359 13 21 0.021748256 
207 344 7 9 0.021651205 
258 369 7 10 0.02140033 
132 317 11 13 0.020684658 
138 326 12 15 0.020655459 
