20_Family_Group_Family_Group_20_835
23
181 266 30 40 0.9942192 
65 328 40 61 0.9906502 
741 267 36 46 0.9899927 
1 280 38 55 0.9878784 
839 299 26 52 0.46882787 
799 120 12 14 0.35515475 
692 124 11 14 0.21199025 
323 110 12 14 0.13594967 
616 542 20 22 0.1074791 
589 424 18 19 0.060277477 
584 411 29 33 0.052180883 
581 347 43 70 0.046853114 
905 77 9 11 0.040332343 
566 379 54 65 0.028484652 
209 299 23 29 0.02674472 
687 163 10 15 0.026246384 
884 50 11 14 0.0260519 
662 335 8 11 0.02599826 
695 343 9 12 0.024898855 
880 123 31 34 0.02396136 
831 119 10 11 0.023629017 
630 50 456 496 0.022876255 
550 400 60 59 0.021031735 
