20_Family_Group_Family_Group_20_914
38
459 203 30 39 0.9957912 
816 163 27 35 0.9939567 
386 313 29 42 0.9939137 
861 172 26 32 0.9937546 
525 288 30 35 0.99347985 
231 194 26 32 0.9929073 
627 226 28 33 0.9921719 
590 229 26 35 0.9898156 
145 172 24 28 0.9890632 
264 256 22 32 0.9887967 
160 119 26 32 0.9835554 
603 370 24 29 0.98339754 
423 307 22 32 0.15836371 
717 218 18 21 0.075270094 
144 117 22 29 0.062950104 
492 393 30 34 0.061078962 
588 209 14 17 0.051763676 
187 170 17 22 0.04322527 
545 416 20 24 0.039935164 
69 137 14 19 0.03782736 
514 284 28 32 0.035976384 
601 227 27 35 0.03518505 
178 233 15 19 0.033544414 
692 167 9 12 0.03354109 
715 185 13 16 0.030895963 
117 298 22 28 0.030731246 
917 201 20 27 0.030625295 
138 212 20 24 0.030505707 
595 208 16 19 0.029844966 
742 297 8 11 0.02681445 
376 302 27 35 0.025874192 
501 280 23 32 0.02529652 
911 221 12 16 0.024005916 
117 224 23 26 0.023721518 
85 224 22 31 0.022897605 
439 415 34 40 0.020800613 
454 407 29 37 0.02011487 
142 238 23 27 0.020112406 
