20_Family_Group_Family_Group_20_62
26
335 131 34 42 0.99897146 
537 168 34 45 0.99889153 
760 186 37 45 0.9988618 
414 137 35 45 0.9984232 
559 308 34 43 0.998415 
627 170 36 45 0.998312 
240 125 34 44 0.9976701 
644 307 33 40 0.9976247 
631 388 30 35 0.99760216 
441 244 39 46 0.9971732 
838 153 34 42 0.99664176 
307 174 36 46 0.9966366 
716 139 35 45 0.9965938 
447 168 36 45 0.9964018 
515 135 32 41 0.9958404 
866 205 38 49 0.99568814 
240 218 40 49 0.994568 
106 105 39 48 0.9940877 
365 207 29 33 0.99406034 
623 127 31 42 0.99315816 
189 165 40 49 0.9894103 
725 237 26 32 0.9784048 
583 176 27 38 0.13880996 
492 187 27 36 0.04089231 
970 108 13 15 0.028244711 
572 183 28 36 0.020681644 
