20_Family_Group_Family_Group_20_759
22
758 227 52 65 0.9991068 
101 253 50 61 0.9988686 
573 295 48 59 0.997891 
657 117 44 58 0.9939361 
307 286 54 67 0.99285346 
445 308 44 51 0.99243355 
359 67 44 58 0.99167085 
798 99 46 58 0.99022394 
221 158 40 51 0.98680973 
100 107 43 53 0.98329437 
501 80 40 55 0.9818912 
599 380 42 51 0.9643012 
278 627 43 58 0.61793435 
441 411 17 21 0.32655856 
627 304 39 51 0.15378463 
524 284 37 50 0.07279969 
262 304 27 42 0.045512952 
604 433 13 15 0.044709384 
555 325 23 34 0.042701975 
284 656 35 43 0.023132542 
617 287 29 42 0.02186781 
164 462 17 19 0.020243905 
