20_Family_Group_Family_Group_20_64
33
487 167 51 64 0.9995321 
719 328 56 73 0.99906164 
309 321 65 82 0.9989874 
616 390 71 95 0.9989215 
463 317 61 86 0.998844 
171 304 54 65 0.9987637 
760 487 72 84 0.9986375 
652 122 52 65 0.9985821 
177 432 53 67 0.9983486 
753 279 51 63 0.99823123 
886 310 50 60 0.99769646 
5 373 63 69 0.99764097 
51 135 51 61 0.9974558 
337 280 54 60 0.99662256 
277 28 40 47 0.9955107 
317 162 48 56 0.9946015 
252 184 37 40 0.99418086 
609 320 47 56 0.9941229 
797 57 44 50 0.9934001 
152 232 44 47 0.9817524 
540 169 41 51 0.9709047 
979 201 27 48 0.9161656 
847 477 52 52 0.69754606 
323 301 56 69 0.5250412 
994 206 26 42 0.16559097 
406 268 9 12 0.0526526 
802 305 26 35 0.051507145 
935 323 14 19 0.0408388 
432 268 12 14 0.039717183 
457 188 26 35 0.0345093 
937 335 37 47 0.030973569 
858 458 47 55 0.025707446 
927 291 40 47 0.021146087 
