20_Family_Group_Family_Group_20_255
22
604 424 57 68 0.9995517 
490 411 60 77 0.99950397 
891 371 62 70 0.9993412 
138 442 66 76 0.9992537 
517 127 48 59 0.9985279 
784 221 54 58 0.9984036 
660 230 45 57 0.99787927 
742 380 59 79 0.9972452 
304 445 56 65 0.9963838 
367 304 47 50 0.9908008 
195 339 51 52 0.98958147 
217 317 50 60 0.15811595 
712 364 50 73 0.10019869 
964 584 11 13 0.059927154 
775 300 30 40 0.04685693 
590 136 12 17 0.0446815 
578 138 15 17 0.037987806 
836 361 44 64 0.032835018 
904 590 8 10 0.027526682 
682 433 21 25 0.026172068 
446 369 16 20 0.02577146 
924 193 27 29 0.021970497 
