20_Family_Group_Family_Group_20_1015
19
647 319 97 117 0.99959 
519 347 83 108 0.9943481 
380 279 69 106 0.99353397 
222 361 22 30 0.87077016 
103 381 10 15 0.15091583 
288 353 25 32 0.069810905 
263 339 24 29 0.06451087 
256 433 13 19 0.059171885 
272 380 13 15 0.043387305 
933 295 33 40 0.04294464 
991 275 28 38 0.037555203 
982 285 12 16 0.035160232 
782 268 12 16 0.029042901 
327 47 448 643 0.026183154 
255 385 21 28 0.023068305 
35 361 13 17 0.020976331 
972 231 12 15 0.020595903 
246 387 41 56 0.020577453 
116 341 27 28 0.02048209 
