20_Family_Group_Family_Group_20_33
23
86 331 37 42 0.9987165 
828 345 35 39 0.99821246 
351 446 37 43 0.998145 
360 333 28 36 0.9980242 
455 398 32 40 0.99759763 
770 345 28 32 0.9975297 
436 306 28 34 0.9974421 
218 337 32 39 0.9972715 
697 402 35 43 0.99718225 
897 334 36 44 0.9971367 
251 306 33 43 0.99661225 
470 319 28 36 0.9964527 
792 407 37 45 0.9963833 
326 287 28 36 0.9963252 
593 411 36 43 0.9961915 
552 376 37 46 0.9958626 
636 339 26 33 0.9951441 
122 298 34 44 0.9949863 
744 387 29 38 0.9940568 
166 297 32 40 0.9934755 
662 309 29 36 0.99342513 
550 343 24 29 0.9889347 
263 400 33 43 0.987084 
