20_Family_Group_Family_Group_20_556
24
120 312 47 60 0.99934274 
504 279 37 48 0.9983467 
269 324 47 56 0.99834096 
778 266 33 37 0.9980769 
624 268 41 55 0.9971378 
240 294 37 46 0.9969029 
671 253 38 50 0.9968412 
414 359 45 53 0.99671125 
431 254 45 61 0.99638915 
350 316 33 40 0.99598026 
179 233 42 55 0.9952478 
604 432 42 49 0.99477637 
126 240 49 62 0.9943711 
726 356 44 50 0.9935302 
931 237 43 50 0.99309087 
742 232 41 53 0.9850817 
356 260 43 54 0.9815679 
699 495 43 48 0.9789507 
209 491 43 53 0.97555476 
247 557 43 51 0.95574975 
254 300 43 57 0.229517 
1007 661 14 17 0.06475404 
777 357 40 47 0.025557386 
689 502 27 37 0.022121409 
