20_Family_Group_Family_Group_20_672
96
747 227 37 46 0.9983575 
640 241 34 41 0.9983432 
361 222 32 39 0.99790025 
305 144 33 44 0.9978987 
310 252 34 44 0.99784636 
608 212 34 44 0.9976367 
436 154 35 43 0.9974336 
400 229 33 41 0.9971969 
867 308 44 57 0.9968208 
167 491 37 44 0.9965017 
309 866 29 37 0.99643826 
423 268 40 47 0.9963039 
192 225 35 44 0.9962289 
214 304 40 52 0.9960294 
741 890 25 34 0.9959059 
144 273 34 47 0.9958544 
449 1025 30 40 0.99577206 
713 182 31 43 0.99564976 
263 872 27 37 0.99563956 
281 215 33 39 0.9954066 
853 846 27 36 0.9953055 
662 143 33 39 0.9952957 
678 866 27 36 0.99488896 
275 290 38 47 0.994796 
108 488 38 47 0.99473226 
456 829 25 35 0.99383813 
754 341 43 58 0.9938339 
608 846 25 33 0.9938247 
506 204 37 44 0.9934442 
357 274 40 50 0.99316263 
680 184 24 32 0.9928523 
809 901 25 34 0.9926917 
562 268 37 53 0.9926812 
802 284 36 50 0.9925249 
827 843 26 34 0.9923334 
394 878 26 29 0.99211204 
204 861 29 35 0.99209267 
349 1024 29 34 0.99178094 
132 872 24 31 0.99099475 
109 947 25 34 0.9909656 
567 876 30 37 0.98977715 
473 266 41 50 0.9895279 
356 847 26 34 0.98914707 
90 863 27 32 0.98896015 
305 822 27 35 0.98873466 
740 1044 26 34 0.9885433 
573 489 40 48 0.9877693 
586 339 38 50 0.9866094 
428 839 26 34 0.98621756 
645 1031 28 40 0.9856494 
102 266 40 51 0.9853253 
254 1021 25 35 0.98482 
683 242 33 39 0.98460394 
496 837 28 37 0.9835316 
689 273 41 51 0.9830031 
237 493 39 48 0.982601 
539 210 27 42 0.97932786 
370 346 43 47 0.9778334 
818 1042 27 31 0.97105634 
553 830 26 30 0.9529779 
775 878 26 32 0.90799874 
233 865 21 29 0.88765603 
508 945 21 27 0.88057643 
163 1033 26 33 0.73783416 
784 871 25 34 0.72747016 
735 844 25 32 0.70597464 
650 850 26 32 0.6086689 
819 1024 26 33 0.43898362 
505 922 19 20 0.2800627 
157 1112 27 29 0.21446179 
517 822 19 21 0.19485518 
516 1038 25 24 0.17364609 
400 283 23 33 0.143045 
768 883 22 31 0.10441887 
549 479 25 41 0.0873608 
165 1056 19 21 0.058763977 
506 825 23 30 0.05218409 
509 1020 29 32 0.047317076 
163 457 26 32 0.04322572 
394 945 24 28 0.04249659 
193 1037 21 30 0.036331944 
265 866 21 24 0.034406006 
163 472 33 42 0.03299681 
229 858 17 25 0.03187214 
478 395 25 29 0.02930777 
804 986 11 14 0.027242681 
251 869 24 32 0.026535587 
732 897 24 31 0.026105756 
609 478 24 30 0.025988866 
558 483 36 50 0.02571162 
578 1189 18 22 0.024346663 
482 1130 21 22 0.023808913 
664 800 10 13 0.023621159 
238 1170 18 22 0.021118192 
864 534 25 30 0.021055374 
787 878 32 44 0.020424306 
