20_Family_Group_Family_Group_20_636
100
949 66 16 22 0.9731983 
622 108 14 18 0.97053427 
732 108 15 18 0.9445352 
301 92 13 17 0.9367153 
885 95 19 23 0.8945408 
347 103 13 17 0.88356227 
837 80 15 24 0.8827531 
390 109 13 17 0.8624385 
431 117 13 17 0.84766173 
775 125 14 22 0.83436817 
260 99 13 18 0.76403666 
510 106 13 16 0.6979712 
235 116 14 17 0.65565366 
664 117 13 17 0.6417866 
267 111 19 26 0.617188 
805 81 14 19 0.61377466 
554 98 13 16 0.5474802 
565 169 14 21 0.5326531 
192 128 18 22 0.49209213 
464 104 13 18 0.4622724 
714 84 15 19 0.4327138 
347 149 24 34 0.39624184 
851 127 17 24 0.34112018 
476 121 14 20 0.17637293 
95 124 10 12 0.17063348 
123 136 14 18 0.16783707 
708 100 11 15 0.1347773 
510 79 9 10 0.12787297 
647 164 13 20 0.11841057 
909 131 14 21 0.11743575 
441 95 9 11 0.10970102 
685 173 15 17 0.10968342 
383 137 11 15 0.09105217 
201 125 14 17 0.0896251 
498 114 15 19 0.08184582 
942 105 16 22 0.07621081 
582 159 16 21 0.0728353 
731 187 14 18 0.072508134 
189 108 11 14 0.07092979 
526 132 11 15 0.06763501 
200 83 11 14 0.06738661 
207 207 13 16 0.06666178 
503 108 14 18 0.06472801 
1005 132 15 20 0.06057435 
534 85 7 10 0.0561705 
718 148 11 14 0.05136271 
440 99 9 12 0.049836565 
567 175 19 20 0.04733934 
259 102 20 26 0.046705656 
539 116 11 14 0.04506426 
125 176 20 26 0.044162795 
856 121 16 23 0.042760532 
280 115 15 19 0.04147748 
552 83 8 10 0.0411342 
979 120 16 23 0.03996972 
572 249 18 23 0.039489828 
152 52 10 12 0.03771239 
182 122 20 27 0.0375852 
417 80 9 11 0.037336692 
998 134 19 27 0.037014347 
519 132 13 17 0.03592222 
471 113 14 21 0.035764273 
487 71 7 10 0.03463281 
425 101 9 11 0.034632195 
739 188 14 17 0.034174256 
115 185 16 22 0.0339607 
532 130 11 16 0.033510637 
147 62 12 14 0.032488123 
119 131 14 20 0.032035228 
429 100 10 11 0.03181414 
190 101 12 15 0.030985568 
990 143 14 20 0.030570276 
405 110 12 17 0.030536126 
527 100 9 12 0.030133499 
255 95 13 18 0.029703187 
205 87 11 16 0.029220546 
913 135 16 24 0.028258668 
171 126 16 22 0.028175319 
504 87 10 12 0.027838098 
578 169 17 20 0.027122224 
113 126 11 13 0.026640572 
421 83 9 12 0.025961908 
688 178 16 18 0.025753725 
196 100 12 17 0.025715996 
656 117 12 16 0.024762448 
189 115 15 20 0.024757084 
348 140 16 19 0.02343838 
893 144 14 17 0.023128027 
192 69 9 11 0.022630159 
810 85 15 20 0.022333967 
305 242 25 39 0.022185903 
63 112 8 9 0.021543678 
933 139 27 33 0.021496058 
613 197 214 213 0.021460231 
508 83 10 12 0.021146242 
335 92 10 14 0.02101946 
71 113 8 9 0.020981157 
72 116 8 11 0.020920293 
578 145 22 30 0.020176556 
248 93 10 13 0.020082021 
