20_Family_Group_Family_Group_20_540
37
813 227 32 39 0.9978383 
756 253 29 37 0.9974565 
571 237 32 36 0.99706787 
394 236 30 40 0.99693847 
498 221 34 43 0.99668616 
707 204 32 43 0.9962012 
129 232 37 45 0.99617416 
141 550 38 45 0.99534684 
48 275 37 47 0.9944547 
894 228 34 45 0.9938269 
577 488 31 39 0.99366957 
277 526 42 52 0.9935952 
459 250 28 38 0.99335736 
252 233 35 47 0.99203193 
384 330 28 35 0.9906743 
654 214 33 42 0.9904677 
460 509 34 40 0.99017894 
-2 539 36 48 0.9864841 
316 270 31 38 0.9861557 
574 346 27 34 0.9836172 
778 213 33 41 0.9824484 
189 250 36 46 0.9767801 
971 238 36 47 0.9765099 
30 229 35 46 0.9605247 
329 241 31 36 0.9477676 
746 553 29 33 0.94138074 
556 315 25 33 0.85676295 
483 394 27 32 0.37374967 
643 570 24 27 0.17118537 
339 229 25 37 0.12720178 
452 241 27 33 0.10634616 
542 318 26 34 0.1013327 
975 220 34 43 0.07763863 
359 264 22 29 0.05739963 
347 226 17 25 0.05086071 
655 568 21 24 0.023066193 
888 211 31 43 0.021445494 
