20_Family_Group_Family_Group_20_663
44
525 183 49 61 0.9986135 
778 256 42 53 0.99821067 
337 241 45 60 0.9977476 
655 193 38 45 0.99700373 
541 321 45 56 0.9963587 
235 293 44 52 0.99626017 
477 293 38 44 0.9856652 
787 598 7 10 0.12555806 
782 581 9 10 0.10642831 
155 355 33 35 0.10192972 
3 134 10 13 0.09562056 
809 576 8 10 0.08940707 
47 116 9 11 0.062279265 
802 599 9 12 0.05688838 
790 616 8 10 0.056204475 
783 633 10 12 0.050112873 
758 614 7 9 0.037460163 
826 607 7 9 0.035903666 
769 607 9 11 0.035729837 
575 13 8 11 0.035449367 
999 565 8 10 0.033516597 
847 590 7 8 0.032941423 
919 505 7 9 0.030213643 
769 613 8 10 0.029610533 
25 137 9 11 0.029279055 
353 162 10 13 0.029214595 
90 252 17 19 0.028745286 
890 536 7 9 0.02807129 
13 207 11 13 0.027635183 
292 297 12 16 0.02634412 
750 637 8 11 0.026254058 
286 157 13 16 0.024452612 
799 582 7 9 0.022989096 
44 143 11 14 0.02265084 
909 588 9 11 0.022336144 
804 604 9 11 0.022211842 
880 526 7 8 0.021867728 
197 297 9 11 0.021479674 
768 600 9 10 0.021363951 
335 155 9 11 0.021069143 
888 598 7 9 0.020741858 
791 582 7 9 0.02067952 
299 290 24 30 0.020559188 
802 631 7 9 0.020357948 
