20_Family_Group_Family_Group_20_374
19
477 35 287 361 0.9983524 
634 797 196 247 0.997549 
88 350 325 434 0.9968894 
580 1121 140 157 0.99567044 
742 1342 11 13 0.09850503 
54 1074 11 14 0.08618244 
300 1199 11 13 0.06807704 
751 1369 10 14 0.056984983 
304 1347 14 16 0.041507605 
374 1245 12 15 0.040156286 
759 1387 10 13 0.032373942 
43 1140 10 12 0.030740632 
421 1240 10 12 0.029717674 
375 1303 11 14 0.026309757 
34 1069 12 15 0.026237957 
390 1245 9 11 0.024105068 
11 1304 11 14 0.02266238 
71 1109 14 17 0.022116672 
384 1196 12 15 0.02125719 
