20_Family_Group_Family_Group_20_339
23
448 171 33 40 0.9985703 
619 182 30 39 0.9983368 
524 195 30 37 0.9977702 
698 165 33 40 0.9974778 
148 161 35 44 0.99611974 
31 93 43 49 0.99454874 
240 133 40 50 0.9930199 
767 145 38 51 0.9916751 
362 127 40 49 0.9915069 
855 104 42 47 0.98659456 
666 213 22 28 0.9129779 
831 175 27 37 0.74886143 
828 147 22 25 0.3936734 
183 124 34 39 0.10152955 
98 176 16 23 0.056069575 
413 328 13 17 0.03366396 
183 146 30 38 0.029721485 
0 70 8 11 0.029706912 
970 101 34 47 0.027950978 
747 164 23 32 0.025708057 
1012 190 12 19 0.024686687 
269 165 28 37 0.022293454 
546 183 25 37 0.021186111 
