20_Family_Group_Family_Group_20_294
30
843 254 30 38 0.9987984 
465 303 30 37 0.9976332 
562 276 32 36 0.9976121 
483 205 34 44 0.9972658 
583 228 29 35 0.99701095 
213 233 38 45 0.99689364 
653 218 31 37 0.9965982 
699 196 32 38 0.9964238 
651 361 31 36 0.9962018 
679 260 30 36 0.9957997 
744 246 28 42 0.99569076 
386 315 31 34 0.99515224 
395 184 32 38 0.9942616 
550 362 29 33 0.99344736 
279 218 34 45 0.9929806 
790 188 34 43 0.9927626 
352 229 35 49 0.99272573 
383 226 30 39 0.9922287 
173 182 33 39 0.9920832 
238 335 30 36 0.99157155 
776 271 33 41 0.9911616 
534 177 31 37 0.9903172 
136 385 38 51 0.98906904 
119 266 29 30 0.9754263 
313 211 27 35 0.047903735 
76 138 27 42 0.042669598 
84 145 40 43 0.028215064 
725 282 17 21 0.021738114 
89 160 43 47 0.021028869 
129 259 19 25 0.020710578 
