20_Family_Group_Family_Group_20_775
19
284 581 206 243 0.99972385 
424 371 204 285 0.99968517 
72 332 31 39 0.99347913 
149 363 25 34 0.98523545 
630 301 32 40 0.9558809 
338 370 24 34 0.8973766 
208 332 23 31 0.2808683 
849 458 25 28 0.24641655 
210 262 19 29 0.05269377 
353 517 206 242 0.048558265 
614 299 32 36 0.048322547 
604 295 26 33 0.043076646 
221 221 24 29 0.033103935 
455 526 511 719 0.030195305 
295 1272 10 12 0.022457432 
58 769 360 576 0.021655079 
340 365 17 24 0.020781906 
875 477 13 15 0.020515932 
311 1262 9 12 0.020407328 
