45_Balloonist_Balloonist_45_692
62
816 734 33 36 0.8053556 
949 719 10 13 0.5972017 
929 714 10 13 0.41200647 
904 721 9 11 0.3378387 
879 722 9 13 0.26387152 
361 719 9 11 0.2535422 
337 717 9 12 0.22749594 
681 740 11 14 0.2160146 
382 729 8 10 0.20410423 
703 721 10 12 0.16600837 
386 711 8 11 0.16217326 
911 701 12 16 0.16165043 
286 725 8 11 0.15725891 
979 735 11 15 0.15157685 
311 727 9 12 0.1435782 
277 720 9 12 0.09806762 
93 172 56 76 0.08915947 
318 725 9 12 0.07311697 
262 725 8 10 0.06474648 
352 726 8 10 0.06326013 
192 718 11 14 0.05855543 
895 726 9 12 0.058432356 
198 722 10 13 0.057087053 
280 722 10 13 0.056370243 
938 692 8 10 0.052481186 
617 157 20 20 0.050326325 
921 717 8 12 0.04328123 
433 160 63 65 0.04323374 
294 725 9 11 0.041861426 
392 734 10 12 0.041687075 
781 717 10 13 0.041402802 
941 690 8 10 0.04006704 
908 723 9 12 0.03815153 
183 715 11 14 0.03563426 
384 716 9 11 0.03562771 
379 727 8 11 0.034593698 
246 726 8 9 0.03408491 
885 725 9 12 0.032135915 
634 711 7 9 0.031485397 
366 723 8 11 0.03134667 
415 735 11 15 0.030027969 
257 724 9 11 0.029751258 
844 702 9 13 0.029330185 
1000 724 14 17 0.029037055 
889 733 9 12 0.028943699 
77 724 9 10 0.028712716 
306 725 8 11 0.02772516 
894 732 9 11 0.026987245 
183 730 12 13 0.0261055 
359 723 9 12 0.025731636 
319 720 8 11 0.025030652 
416 712 8 10 0.023953762 
157 721 15 16 0.023896214 
397 733 9 12 0.023674134 
898 719 9 12 0.0223142 
335 721 11 14 0.021844076 
767 725 11 12 0.021720447 
874 723 11 15 0.021567596 
664 170 25 25 0.021548152 
920 710 8 12 0.02099708 
903 710 10 12 0.020584766 
662 727 7 10 0.020568259 
