45_Balloonist_Balloonist_45_531
40
341 136 58 62 0.8393303 
815 452 8 11 0.33586228 
911 486 8 10 0.28781676 
758 416 7 9 0.2514764 
871 440 7 10 0.24452068 
806 471 8 11 0.22607344 
700 430 10 11 0.083378814 
924 511 9 11 0.08016371 
727 422 10 13 0.072405316 
760 436 9 12 0.06821328 
937 496 8 10 0.066876486 
743 479 10 12 0.051204585 
713 438 8 10 0.04967624 
910 492 9 13 0.04869996 
765 437 8 11 0.04680601 
767 480 8 9 0.04646691 
730 416 7 9 0.037381254 
660 442 11 14 0.03730037 
941 495 8 10 0.03683189 
294 132 53 68 0.034065127 
798 463 8 10 0.03394469 
700 436 11 14 0.032834042 
657 404 9 12 0.032083035 
824 464 7 10 0.030449461 
733 415 8 9 0.029547067 
884 515 9 12 0.0287998 
743 448 7 10 0.028432332 
655 391 9 10 0.027639182 
888 470 7 9 0.027274981 
815 460 8 11 0.026988694 
742 430 8 10 0.02613368 
718 446 8 9 0.024926906 
823 469 8 10 0.024122326 
678 446 8 10 0.023039358 
689 455 9 13 0.022431953 
732 422 9 11 0.022392064 
888 465 7 9 0.022139702 
735 429 8 11 0.020870263 
701 444 10 11 0.020763671 
661 429 11 14 0.020689763 
