45_Balloonist_Balloonist_45_1028
58
319 636 19 28 0.8294588 
194 554 15 19 0.59314597 
832 517 18 29 0.5426452 
767 531 14 18 0.46600345 
373 540 15 18 0.37070218 
220 595 13 20 0.1973184 
728 521 17 20 0.17669824 
157 605 8 10 0.13802707 
385 625 23 32 0.13072357 
797 538 16 24 0.12928925 
593 612 8 10 0.12721674 
96 663 9 11 0.12429338 
8 603 11 15 0.09556139 
656 604 9 12 0.091817915 
7 632 12 15 0.08100413 
678 537 9 13 0.076267436 
421 559 11 13 0.07382374 
10 593 20 28 0.06984066 
371 553 18 18 0.06710525 
161 638 18 24 0.06423247 
874 516 14 19 0.0635072 
11 623 14 21 0.0626502 
583 609 9 11 0.06203493 
533 620 8 12 0.056723118 
366 544 16 22 0.053400617 
201 554 15 20 0.05003605 
165 660 15 17 0.048769996 
387 621 16 19 0.048140794 
760 531 14 18 0.044600464 
559 628 8 10 0.04383616 
418 594 10 14 0.042790312 
15 619 21 29 0.04137859 
21 624 24 30 0.039528985 
160 629 13 17 0.03940694 
142 599 8 12 0.03801017 
692 530 11 15 0.037926015 
633 559 9 11 0.036373153 
405 610 10 13 0.03593803 
228 670 20 24 0.03483542 
0 568 13 18 0.033870496 
994 544 9 12 0.031310886 
124 669 11 12 0.030691536 
340 657 11 15 0.030684112 
686 515 98 143 0.03033464 
840 520 17 24 0.029969811 
626 645 12 12 0.028756486 
11 606 15 23 0.028192714 
578 612 8 11 0.025645124 
782 542 9 15 0.0249672 
62 643 15 17 0.024619726 
720 499 17 19 0.024255544 
126 666 8 10 0.023529219 
31 550 8 10 0.02226607 
719 521 17 20 0.021983858 
70 598 8 11 0.021972839 
374 642 13 19 0.02192697 
740 517 13 21 0.02112679 
330 650 22 30 0.021065254 
