45_Balloonist_Balloonist_45_107
33
558 332 10 12 0.9197628 
656 357 11 13 0.5930686 
562 349 13 16 0.57378477 
575 374 14 18 0.5148442 
600 359 10 13 0.18446364 
465 350 9 12 0.16824615 
658 361 13 16 0.121069774 
228 421 15 16 0.11835277 
604 365 10 13 0.10606165 
467 357 13 19 0.09344826 
536 356 11 14 0.084508136 
535 365 11 14 0.06978517 
591 356 9 12 0.06167098 
585 354 10 13 0.047903683 
218 409 20 25 0.04253423 
551 390 10 14 0.04096975 
600 350 9 12 0.037669 
614 349 8 11 0.03396694 
536 372 11 13 0.033194102 
211 408 18 23 0.032206003 
604 342 11 13 0.031386063 
520 357 10 13 0.029865928 
607 349 10 12 0.029581076 
601 371 11 13 0.026850235 
631 359 11 12 0.024168747 
623 366 9 12 0.023737947 
533 342 9 11 0.02281375 
653 371 15 20 0.022694848 
647 379 13 16 0.022691378 
558 336 12 16 0.021396877 
249 420 9 12 0.02028175 
650 381 17 22 0.02008024 
473 357 14 18 0.020060873 
