45_Balloonist_Balloonist_45_273
46
723 312 104 142 0.998798 
107 314 71 84 0.99874985 
707 204 60 80 0.99869907 
121 169 57 73 0.99862635 
428 41 32 37 0.9976205 
377 158 30 37 0.9961338 
464 162 40 43 0.9958189 
625 197 47 61 0.994484 
165 207 36 48 0.9557636 
868 101 14 24 0.9509756 
820 121 13 15 0.8439956 
745 101 12 17 0.45417693 
202 116 17 20 0.45339027 
197 120 24 28 0.14297813 
775 160 19 28 0.115292855 
785 161 20 30 0.06878344 
662 166 16 23 0.05908156 
820 109 13 15 0.05527117 
663 158 11 14 0.055103835 
581 137 10 12 0.049153067 
359 181 23 33 0.048460186 
804 138 10 14 0.047635213 
852 177 19 21 0.047617003 
795 167 14 21 0.04289171 
945 152 21 19 0.041768823 
958 203 17 20 0.0366695 
1012 125 11 18 0.03592383 
608 230 12 14 0.03310253 
230 134 10 14 0.032963734 
591 296 10 12 0.032476533 
223 147 14 18 0.031560924 
761 154 25 34 0.028988613 
723 139 13 17 0.02895397 
220 138 14 18 0.027899511 
600 152 11 13 0.02755983 
830 169 14 15 0.02608266 
735 107 15 17 0.025817452 
542 218 13 17 0.025482472 
798 161 20 26 0.023412868 
418 169 18 22 0.022839937 
799 135 11 15 0.022610424 
604 228 23 32 0.022487745 
789 174 16 24 0.0209625 
825 117 13 17 0.020881392 
668 157 10 13 0.020267138 
788 132 14 18 0.020179091 
