45_Balloonist_Balloonist_45_416
19
410 589 71 86 0.9984748 
486 1329 32 44 0.98493874 
412 1402 20 24 0.2841716 
113 1344 11 14 0.24017195 
96 1352 8 10 0.06664692 
66 1390 10 12 0.06631765 
645 704 30 33 0.06542637 
351 1354 14 15 0.056187548 
112 1352 12 16 0.037261363 
316 1402 23 27 0.031670026 
562 912 41 53 0.028863594 
110 1340 18 23 0.028334364 
101 1350 9 12 0.025696227 
322 1292 12 16 0.024927476 
419 789 62 71 0.02404968 
331 1332 15 21 0.023073286 
546 670 31 42 0.022943972 
739 682 19 33 0.021083305 
445 1418 18 16 0.021032874 
