45_Balloonist_Balloonist_45_118
26
525 201 55 69 0.998782 
199 290 65 89 0.99864227 
448 262 55 78 0.9976931 
712 87 72 91 0.997253 
372 339 49 90 0.9805597 
330 220 73 95 0.9462172 
845 146 42 51 0.8940098 
650 201 18 32 0.4783499 
500 99 17 21 0.2552793 
821 485 65 64 0.20400864 
434 212 46 58 0.16765904 
546 127 16 23 0.13045622 
709 433 39 85 0.12339591 
912 206 12 14 0.07875492 
151 24 13 17 0.05986476 
523 144 18 24 0.057499465 
550 103 11 13 0.041490745 
830 474 39 46 0.03802131 
831 111 47 56 0.027034068 
958 387 12 18 0.024959227 
621 326 33 39 0.024276776 
531 139 14 24 0.02258983 
664 226 28 32 0.021645134 
588 340 28 28 0.021003041 
332 325 78 113 0.020775737 
593 351 18 18 0.020743627 
