45_Balloonist_Balloonist_45_838
43
907 361 34 38 0.9980502 
525 385 33 37 0.99793184 
725 371 39 48 0.99757797 
787 315 31 38 0.9975262 
831 352 37 43 0.9969332 
458 380 36 46 0.99691796 
538 237 27 34 0.9968797 
839 304 32 36 0.9966534 
651 251 29 31 0.9963307 
690 226 26 33 0.9958676 
491 348 33 38 0.9955515 
190 385 31 38 0.9955503 
462 223 30 35 0.9955083 
125 369 38 49 0.995146 
609 377 37 49 0.994362 
590 238 24 30 0.9941081 
278 214 25 30 0.9940515 
732 236 25 29 0.99281704 
642 347 29 34 0.9926362 
184 309 35 40 0.991422 
235 383 41 50 0.99076617 
276 334 32 37 0.9905743 
457 281 28 32 0.9905662 
351 393 34 40 0.9878064 
281 299 29 34 0.9874665 
488 284 29 37 0.9866144 
764 282 27 29 0.9852835 
180 244 34 41 0.98286706 
711 338 32 41 0.98120856 
33 221 19 23 0.9607726 
816 238 29 32 0.951822 
407 349 30 36 0.95162344 
566 370 28 35 0.84992296 
202 229 25 33 0.8482593 
240 345 26 30 0.5892231 
857 275 23 28 0.21911639 
439 311 23 32 0.104209766 
888 279 26 39 0.09553516 
263 287 18 22 0.0424293 
830 295 27 33 0.04096711 
32 273 11 15 0.038438354 
570 381 29 43 0.029103918 
851 289 28 34 0.021054618 
