16_Award_Ceremony_Awards_Ceremony_16_4
193
382 281 10 12 0.6351138 
372 304 13 22 0.6298277 
302 299 11 18 0.62656355 
907 269 12 16 0.43372026 
850 276 15 24 0.367942 
324 311 18 20 0.35721937 
86 259 12 19 0.33672637 
724 263 9 12 0.31060395 
943 273 14 21 0.29543975 
457 299 10 13 0.26584646 
73 340 21 40 0.21518242 
256 277 10 15 0.15617584 
297 277 8 10 0.15518081 
151 278 7 8 0.14801887 
509 334 21 41 0.13304622 
752 264 9 11 0.13155726 
573 284 10 13 0.1285301 
407 303 11 14 0.12809442 
401 279 9 11 0.12552339 
1 254 10 15 0.11981708 
39 262 9 13 0.11548068 
1 282 10 16 0.11119391 
367 270 8 10 0.10990815 
215 301 11 15 0.10620768 
858 282 16 23 0.10417016 
773 291 14 20 0.09949214 
604 367 27 37 0.095825285 
736 294 10 12 0.08781141 
958 270 11 15 0.08706502 
199 266 8 9 0.08524844 
471 308 10 12 0.084847376 
769 346 26 31 0.08140165 
629 264 8 10 0.081180096 
456 280 8 11 0.079010755 
598 271 9 11 0.078703485 
559 276 11 15 0.075602464 
647 300 11 18 0.07489413 
792 336 25 38 0.07246619 
683 285 12 15 0.072320156 
198 285 9 11 0.07000707 
45 260 10 14 0.06587904 
771 297 19 28 0.06543798 
721 266 10 13 0.06501122 
78 260 14 21 0.061805632 
220 272 9 12 0.06142831 
361 271 8 10 0.05877645 
672 269 7 10 0.05827025 
914 269 14 16 0.057854768 
830 264 8 10 0.057579048 
129 370 39 54 0.057138957 
1003 272 20 33 0.057084564 
704 288 10 13 0.05610005 
594 299 14 16 0.055666108 
15 254 10 14 0.055431716 
82 345 14 27 0.054136824 
327 270 8 9 0.053961582 
260 310 13 17 0.05362824 
783 270 9 13 0.05362156 
823 284 12 17 0.05325876 
596 293 13 15 0.053101216 
256 272 9 11 0.052403383 
1013 238 9 13 0.051618822 
566 278 10 13 0.051525306 
465 254 7 10 0.050821878 
440 285 10 12 0.050453555 
698 298 13 17 0.048876252 
464 248 6 8 0.04851233 
906 271 21 24 0.04799077 
814 268 8 13 0.047350686 
825 264 9 11 0.046823967 
948 268 20 27 0.04584662 
271 284 12 16 0.045816638 
779 347 31 37 0.045803107 
365 287 9 12 0.045778755 
278 277 10 12 0.045268312 
757 264 9 11 0.045209356 
657 272 7 9 0.044481385 
192 271 7 9 0.044410676 
295 273 8 10 0.043446478 
400 265 7 9 0.043422904 
445 284 10 12 0.043336324 
33 263 9 13 0.04325271 
487 280 9 11 0.043229036 
178 278 7 9 0.042254165 
664 271 7 9 0.042087484 
536 279 8 11 0.041821748 
194 286 8 12 0.04170638 
0 287 21 30 0.041324776 
637 272 8 11 0.040816247 
197 279 9 12 0.040791556 
590 321 22 30 0.040317453 
188 347 36 52 0.039480276 
632 269 8 11 0.039407868 
797 275 12 14 0.03935862 
272 308 11 16 0.039299525 
936 274 12 20 0.038727205 
90 263 12 18 0.037694592 
733 284 11 14 0.037096936 
808 269 10 13 0.037019685 
791 275 12 14 0.036902223 
360 262 8 9 0.03685699 
863 289 16 19 0.035911456 
272 277 11 14 0.0353993 
742 269 8 11 0.03514952 
361 285 9 12 0.034915507 
378 282 10 14 0.034674365 
27 305 14 21 0.03412706 
633 276 8 11 0.03406531 
737 269 9 11 0.03394975 
560 329 20 31 0.033464953 
1 246 10 14 0.03341778 
5 244 11 13 0.03306537 
294 301 15 19 0.033014853 
734 278 11 13 0.032583814 
852 268 14 20 0.032518066 
401 303 9 13 0.03226777 
384 270 8 10 0.031989526 
708 290 13 17 0.031749442 
719 297 12 17 0.031658154 
766 346 16 23 0.03164681 
182 286 8 10 0.03158337 
887 270 11 14 0.031521164 
463 279 8 10 0.031160994 
112 279 7 9 0.030867513 
711 264 8 9 0.030808238 
160 288 8 11 0.030786972 
455 261 8 10 0.03070237 
433 286 9 11 0.03064825 
650 304 15 19 0.03042818 
365 277 9 12 0.030255428 
53 258 11 17 0.030071514 
14 245 10 12 0.029874548 
413 306 10 13 0.029833829 
193 277 9 10 0.029750148 
374 269 8 9 0.029546041 
362 362 24 42 0.02948669 
128 278 7 9 0.029405078 
504 294 10 12 0.029074317 
856 262 11 15 0.028956192 
807 276 11 15 0.028754808 
205 315 12 14 0.028298926 
744 265 8 10 0.028250564 
672 264 8 10 0.028082075 
513 268 8 10 0.02800171 
295 361 25 47 0.027912902 
375 296 10 14 0.027352273 
288 272 7 9 0.0270813 
677 268 8 11 0.02701707 
148 314 11 14 0.026377447 
286 277 9 10 0.025845988 
335 303 12 16 0.025411831 
495 265 8 10 0.025384314 
181 278 8 10 0.025231574 
816 264 8 12 0.025142048 
199 303 10 13 0.025124699 
381 292 10 14 0.024876822 
384 265 7 10 0.02480839 
632 286 8 12 0.024805875 
147 278 6 8 0.024782196 
-1 318 19 40 0.024734309 
167 347 40 56 0.024254862 
4 323 13 21 0.024182236 
591 305 14 17 0.024175385 
679 264 8 10 0.023842992 
812 276 11 17 0.02382501 
392 265 7 9 0.023709584 
367 291 10 13 0.023676125 
260 282 11 15 0.023610668 
538 238 7 9 0.023568368 
307 301 12 19 0.023530165 
429 294 11 16 0.02338238 
248 277 9 13 0.023260145 
740 298 11 14 0.023041783 
593 271 9 11 0.022957727 
359 256 8 10 0.022743242 
821 309 14 21 0.022523474 
705 263 8 11 0.021688776 
904 265 11 16 0.021441521 
151 302 9 12 0.021398425 
136 296 7 10 0.021303281 
262 272 8 10 0.021145917 
727 294 10 13 0.021084717 
367 264 7 10 0.02105569 
894 269 11 16 0.021000886 
924 269 12 15 0.020765979 
816 282 11 18 0.020649584 
464 261 7 9 0.020644445 
605 297 11 15 0.020553745 
127 274 7 9 0.020394105 
736 264 8 10 0.020366793 
457 256 7 9 0.020244932 
489 265 8 10 0.0201811 
840 279 15 22 0.020121753 
