16_Award_Ceremony_Awards_Ceremony_16_495
21
389 153 203 301 0.99966276 
30 881 9 12 0.16403706 
85 308 8 11 0.15744266 
0 185 9 16 0.117395215 
5 302 11 14 0.105852336 
78 141 10 15 0.099142715 
7 542 11 14 0.06893262 
872 1005 8 10 0.0647209 
824 1304 9 13 0.059129372 
79 192 10 13 0.03786939 
91 654 7 10 0.033382952 
766 1328 10 12 0.031315777 
976 509 9 12 0.025516307 
7 64 9 12 0.025301866 
916 226 18 26 0.023144925 
762 1328 9 11 0.023093319 
904 129 9 14 0.021622796 
827 1306 10 15 0.021353979 
1 70 7 11 0.021248482 
45 548 11 16 0.020922033 
967 2 15 17 0.0203587 
