16_Award_Ceremony_Awards_Ceremony_16_73
197
409 146 34 46 0.9980282 
614 147 38 48 0.99683774 
316 73 34 40 0.99636936 
259 121 38 47 0.99578696 
726 87 40 55 0.98720086 
491 60 17 20 0.9767421 
204 53 18 25 0.9622558 
267 79 18 22 0.9586083 
90 71 18 24 0.95856166 
698 41 15 19 0.9449823 
564 28 16 19 0.9449015 
603 22 14 17 0.9414497 
719 40 19 23 0.9392101 
988 34 15 19 0.92311966 
641 79 16 20 0.91352266 
863 36 15 20 0.9108216 
687 27 12 16 0.9079194 
637 45 15 19 0.88061315 
239 58 15 18 0.84916043 
534 68 13 17 0.84754574 
568 77 16 18 0.82872295 
571 51 14 17 0.7869946 
813 31 14 18 0.75409836 
701 0 14 17 0.74873894 
852 21 12 16 0.7465802 
472 30 13 16 0.74248374 
7 83 14 17 0.7371538 
537 45 16 20 0.717651 
653 22 15 19 0.7112952 
344 37 11 15 0.7054862 
610 62 14 19 0.6837816 
185 68 17 20 0.6779424 
365 50 14 17 0.6752436 
918 37 12 15 0.6745021 
771 1 14 15 0.66986483 
595 77 14 19 0.6525852 
889 34 12 17 0.60304195 
412 61 14 24 0.5815442 
445 52 15 19 0.56178063 
431 81 15 17 0.53543395 
721 14 15 18 0.5207868 
656 65 13 15 0.5206477 
169 59 12 14 0.50772214 
972 21 12 17 0.5026726 
750 38 13 19 0.4472608 
526 34 14 16 0.44625223 
21 76 15 19 0.4399042 
906 113 18 33 0.41725415 
619 33 13 15 0.4140547 
644 19 15 17 0.36977282 
152 141 11 14 0.3532581 
991 0 14 19 0.3263955 
583 20 11 15 0.3209272 
461 59 14 18 0.3207522 
52 60 11 15 0.3184405 
547 82 12 15 0.31232777 
238 85 15 20 0.31229123 
624 74 14 17 0.31040412 
877 17 11 14 0.26717564 
834 36 14 18 0.24972452 
556 55 13 16 0.23465724 
835 30 12 14 0.2212635 
427 59 14 21 0.21085836 
454 42 15 18 0.21015726 
418 59 16 26 0.19974323 
349 60 14 19 0.19558232 
781 35 16 19 0.19394308 
137 59 23 26 0.18939766 
583 46 13 15 0.18930967 
154 79 16 18 0.18704522 
579 49 13 16 0.18008067 
654 36 14 19 0.17149039 
590 0 15 17 0.16048788 
225 70 14 17 0.15858133 
129 60 20 25 0.15150657 
592 66 16 21 0.1489253 
382 64 19 26 0.14345384 
972 35 12 17 0.14334692 
17 62 10 13 0.13772221 
10 76 18 23 0.13749425 
41 77 10 14 0.13397829 
552 29 14 16 0.13117555 
620 43 13 16 0.13069052 
495 24 10 12 0.11664736 
398 62 20 26 0.1149893 
1003 21 16 18 0.09716871 
125 64 14 20 0.09418801 
389 35 11 16 0.09353882 
23 89 15 21 0.090382166 
916 9 12 17 0.08668797 
813 40 14 18 0.083876096 
735 5 14 17 0.082936995 
700 102 14 17 0.08158248 
325 55 12 15 0.08131406 
452 55 16 21 0.080787115 
343 63 22 31 0.07885174 
640 14 13 16 0.07766101 
421 51 12 16 0.07763691 
518 62 13 17 0.07721629 
803 22 13 14 0.076961115 
380 76 20 29 0.07663033 
25 82 14 19 0.07530369 
800 69 10 12 0.0747629 
1000 77 12 15 0.06881851 
702 8 13 16 0.067609996 
141 67 24 27 0.066842034 
821 70 9 13 0.06486655 
675 44 15 17 0.06425909 
419 47 11 13 0.06415507 
507 0 14 14 0.06261575 
426 21 8 11 0.06223142 
415 53 14 19 0.06112119 
603 46 13 14 0.055920452 
695 36 14 19 0.055250052 
540 75 12 16 0.052573763 
493 43 13 17 0.052118942 
550 52 12 16 0.051769443 
129 98 11 16 0.050346706 
437 57 13 18 0.04812576 
598 50 15 16 0.046928115 
14 67 13 18 0.045397587 
894 59 10 13 0.04531172 
625 81 14 19 0.045172524 
491 38 13 16 0.044321027 
338 76 24 32 0.043653283 
528 35 20 23 0.04275105 
814 49 13 16 0.04239426 
436 66 15 21 0.041658282 
981 27 17 23 0.041147508 
758 -1 11 11 0.04006919 
757 29 11 14 0.039628703 
468 67 12 16 0.039091907 
165 63 14 19 0.038084254 
993 27 18 23 0.037887886 
651 13 14 17 0.03711007 
489 28 11 14 0.03662677 
791 11 12 14 0.03646992 
500 23 10 12 0.03486729 
671 52 14 17 0.03467519 
441 37 11 14 0.034424327 
546 2 15 18 0.0337503 
278 47 9 13 0.03356662 
780 23 13 14 0.033436764 
603 82 12 16 0.03312557 
394 34 14 18 0.032229763 
612 70 14 19 0.032105017 
526 61 11 15 0.031881355 
844 126 11 15 0.03162737 
475 41 13 19 0.031212362 
389 40 14 20 0.030982722 
510 66 15 17 0.030741347 
117 64 19 27 0.030516721 
237 77 15 18 0.030267488 
156 71 14 17 0.029790655 
443 73 12 17 0.029086055 
477 65 13 16 0.028009655 
172 64 15 19 0.027899927 
860 6 11 12 0.027767817 
747 3 13 15 0.025953721 
546 44 13 17 0.025953306 
486 43 14 18 0.025848823 
1006 15 12 15 0.025672365 
539 37 15 20 0.02559018 
846 38 11 15 0.025505437 
644 7 16 17 0.025209486 
757 22 12 14 0.024959823 
277 60 11 15 0.024555046 
790 533 32 30 0.024513403 
385 31 11 15 0.024350211 
702 18 13 15 0.023994474 
814 0 10 10 0.023641456 
47 65 13 19 0.02327968 
366 11 9 13 0.023247411 
105 68 21 29 0.023083424 
711 28 12 15 0.022796791 
555 23 21 23 0.02277994 
366 0 9 9 0.022705248 
797 36 11 16 0.022646999 
244 75 13 19 0.02247671 
90 52 13 17 0.022308515 
858 21 13 15 0.022267776 
532 0 11 12 0.021583688 
210 331 10 13 0.021491766 
566 40 14 16 0.021487955 
815 75 11 13 0.021471724 
912 43 12 14 0.021404697 
757 47 13 17 0.021289844 
795 4 15 16 0.021214727 
942 21 12 15 0.021179037 
684 118 10 13 0.02107882 
605 74 12 17 0.021073412 
802 21 21 25 0.020860234 
500 42 11 16 0.02066203 
318 40 9 11 0.020635163 
701 29 13 15 0.020539327 
706 42 13 18 0.0205125 
900 110 33 48 0.020493772 
