16_Award_Ceremony_Awards_Ceremony_16_195
25
454 182 29 44 0.997001 
533 210 29 39 0.99075294 
235 24 38 61 0.9746456 
599 238 22 35 0.93195426 
299 104 41 50 0.9028169 
669 267 19 29 0.88388026 
867 274 17 27 0.82495135 
709 225 27 31 0.16359209 
630 245 21 31 0.10894782 
406 231 28 31 0.042635087 
324 232 37 46 0.03510934 
683 345 25 31 0.031840242 
682 297 16 21 0.030971745 
720 217 18 23 0.030126506 
704 244 27 30 0.027862165 
264 91 30 40 0.026984248 
618 243 24 34 0.026027093 
235 162 40 49 0.024595592 
683 207 20 28 0.024215 
329 246 41 54 0.023350826 
296 188 32 38 0.021949545 
907 289 17 24 0.02183534 
353 132 29 39 0.021265117 
710 229 40 53 0.020988572 
555 220 22 31 0.0202415 
