16_Award_Ceremony_Awards_Ceremony_16_116
19
554 122 117 173 0.99961394 
398 167 126 184 0.99931073 
911 513 28 43 0.9362705 
845 480 21 25 0.797072 
5 451 17 20 0.20406197 
871 527 13 16 0.19698516 
256 495 19 30 0.14366294 
325 4 47 38 0.06140125 
43 402 14 19 0.05453626 
912 486 25 35 0.03601365 
-12 1192 103 200 0.03206188 
255 633 7 9 0.03163434 
854 518 11 14 0.029810721 
236 484 12 16 0.027821638 
51 403 16 19 0.023803458 
918 483 15 22 0.022647452 
554 975 485 613 0.022430144 
155 453 12 16 0.022241801 
246 498 18 23 0.020338224 
