16_Award_Ceremony_Awards_Ceremony_16_231
22
429 142 125 159 0.99977916 
557 104 121 158 0.9996462 
128 150 60 54 0.9986889 
37 141 44 56 0.9944132 
713 138 18 20 0.8772988 
298 132 15 21 0.81167746 
903 155 19 26 0.80412525 
792 143 18 22 0.78763217 
751 210 29 36 0.76869076 
925 132 16 22 0.5224481 
737 161 18 24 0.43853852 
505 111 127 167 0.1694422 
916 119 13 17 0.100825734 
10 589 18 22 0.098704435 
88 116 16 19 0.07644074 
995 183 22 29 0.052295808 
100 144 35 44 0.046999034 
923 124 15 20 0.04358493 
688 211 14 17 0.038184438 
722 230 29 35 0.034640387 
1 593 29 47 0.03235199 
878 208 16 21 0.02481493 
