16_Award_Ceremony_Awards_Ceremony_16_141
37
543 299 26 35 0.99762315 
187 277 35 46 0.99691474 
391 236 42 56 0.9964902 
603 312 25 34 0.9930427 
91 260 37 52 0.99233174 
344 244 41 63 0.9899026 
140 261 37 52 0.9895627 
634 322 23 28 0.98912805 
567 311 24 34 0.9841319 
462 259 30 40 0.96334946 
19 249 34 54 0.95625705 
431 257 35 50 0.9412821 
30 304 30 40 0.80936563 
502 285 23 35 0.8002974 
-2 230 32 57 0.73032326 
959 38 26 37 0.40704378 
289 57 38 73 0.38990796 
410 241 39 56 0.2230701 
497 283 18 25 0.17996792 
487 289 25 40 0.14410798 
556 303 25 32 0.124492 
124 256 37 56 0.08027315 
371 241 38 59 0.07055148 
479 307 27 36 0.04850441 
446 329 22 32 0.046913944 
442 251 32 42 0.044321157 
165 277 27 41 0.039747912 
400 464 34 38 0.038414426 
477 273 27 35 0.03772889 
642 422 12 15 0.036368534 
118 261 27 38 0.034094207 
511 290 22 33 0.03299866 
499 278 14 19 0.032335944 
612 430 15 17 0.028973822 
512 284 17 24 0.026271652 
453 267 29 43 0.023790827 
662 429 19 20 0.020557685 
