16_Award_Ceremony_Awards_Ceremony_16_25
18
650 138 37 43 0.99676585 
438 119 35 45 0.9963399 
501 94 35 45 0.9961052 
561 103 43 54 0.9952524 
929 151 43 57 0.9921698 
60 103 44 53 0.9914069 
332 148 43 51 0.98980767 
226 117 38 49 0.9895878 
741 145 40 54 0.9892313 
149 95 40 52 0.9886919 
842 134 41 46 0.98832476 
951 338 25 34 0.11883119 
928 354 25 30 0.094548665 
659 316 19 21 0.06851902 
8 328 33 42 0.03476654 
935 345 29 34 0.028051078 
934 368 21 23 0.025268214 
489 420 7 11 0.021021824 
