49_Greeting_peoplegreeting_49_53
48
220 331 46 73 0.99935454 
796 396 61 79 0.99894196 
86 390 56 77 0.99881786 
436 336 57 76 0.99878687 
326 644 71 91 0.99779785 
666 213 47 67 0.9970306 
348 334 44 69 0.9959759 
770 661 68 96 0.99570763 
707 290 39 62 0.9949992 
569 169 43 65 0.99482334 
830 330 42 62 0.9871494 
173 284 38 61 0.98285645 
685 380 50 70 0.9686639 
852 281 42 64 0.9684452 
109 345 49 74 0.94918567 
329 231 41 55 0.9353903 
226 217 39 55 0.900102 
513 275 45 57 0.6417251 
234 267 33 48 0.4579475 
362 -3 20 20 0.2470497 
344 618 60 79 0.13304819 
408 -1 18 14 0.106016666 
224 141 25 30 0.09768963 
533 2 45 59 0.06276424 
127 179 30 36 0.061473455 
511 58 43 49 0.047976293 
775 480 47 59 0.04371852 
497 250 38 48 0.041329857 
836 258 50 75 0.040731184 
749 376 38 56 0.03669584 
768 379 30 53 0.031169 
197 351 30 53 0.03016437 
204 280 40 60 0.029799536 
296 150 43 50 0.02788413 
241 235 42 44 0.026645431 
227 156 18 25 0.025246002 
223 299 46 66 0.025227046 
778 392 45 65 0.024623016 
151 344 43 65 0.024374764 
582 131 15 17 0.023359267 
381 307 38 43 0.023272747 
519 21 47 64 0.02285451 
371 313 54 69 0.022614505 
749 344 41 59 0.022313759 
801 362 52 66 0.020787224 
266 198 49 58 0.020669648 
178 320 45 67 0.020616785 
818 250 50 66 0.020572187 
