49_Greeting_peoplegreeting_49_810
27
504 141 81 95 0.9939832 
279 176 56 83 0.9186418 
744 177 28 36 0.87489545 
263 37 30 43 0.8232893 
809 171 24 29 0.715654 
263 152 53 95 0.15273371 
739 122 27 37 0.12714058 
936 206 13 15 0.10237817 
926 169 16 19 0.096225455 
227 342 15 19 0.08821094 
237 43 29 38 0.080334984 
733 64 27 37 0.0507353 
299 39 54 57 0.0441194 
786 200 15 17 0.043834146 
967 0 41 33 0.042065106 
1005 48 19 34 0.037733093 
306 196 46 69 0.035053972 
981 194 18 21 0.0324941 
980 166 11 14 0.031338368 
267 379 18 20 0.029149907 
884 193 21 27 0.02852768 
960 41 19 22 0.02669068 
260 0 18 18 0.026418634 
896 23 20 21 0.023807608 
949 0 37 32 0.023271237 
891 242 25 36 0.022495177 
726 123 28 35 0.021227237 
