49_Greeting_peoplegreeting_49_218
52
390 629 68 87 0.99750215 
688 618 71 81 0.9968593 
665 1148 50 75 0.9799002 
194 760 37 48 0.97809476 
-1 911 31 48 0.9768181 
479 1178 72 45 0.38111427 
344 1115 57 78 0.33559272 
580 330 31 33 0.19745171 
839 256 26 31 0.1474026 
608 274 26 32 0.12393731 
1 1088 28 42 0.08809825 
618 336 15 18 0.086268134 
712 340 23 28 0.06772151 
891 23 27 31 0.06316057 
559 713 48 59 0.060830418 
611 638 27 36 0.05379879 
678 332 25 30 0.052682906 
832 220 43 60 0.050151404 
618 642 17 22 0.04895899 
745 321 25 29 0.047012962 
576 630 39 53 0.044861116 
681 327 19 20 0.04345064 
686 693 45 53 0.03546359 
646 330 24 31 0.034019075 
654 249 23 27 0.033098485 
547 1185 50 43 0.032053266 
514 659 52 60 0.031503968 
553 1124 25 39 0.030675575 
612 0 102 94 0.029410142 
843 613 45 55 0.029032128 
848 369 29 36 0.029022528 
861 73 89 120 0.02758181 
192 554 24 30 0.026011175 
118 851 13 17 0.025924655 
690 251 18 21 0.025643252 
693 205 25 31 0.025638994 
664 375 25 30 0.023785718 
369 1140 60 68 0.021814134 
20 288 17 22 0.021724401 
486 98 47 54 0.02167858 
495 7 30 29 0.021574296 
763 391 35 43 0.021540927 
489 300 25 31 0.021275084 
40 881 49 69 0.021055236 
332 334 17 22 0.02092979 
49 874 27 35 0.020903746 
577 350 20 22 0.02089737 
634 390 25 32 0.02068231 
535 693 49 63 0.020587612 
609 324 23 31 0.020509006 
546 41 37 45 0.020285986 
-1 760 10 19 0.02000987 
