49_Greeting_peoplegreeting_49_307
24
177 274 30 35 0.9979095 
272 236 22 31 0.9863783 
872 281 28 37 0.9719134 
685 275 16 28 0.94623286 
362 250 16 29 0.848928 
715 282 14 24 0.8121651 
622 273 16 23 0.7874937 
868 305 26 31 0.61397517 
164 339 22 26 0.31098598 
205 356 12 15 0.2640728 
851 302 23 33 0.22050957 
157 338 16 23 0.17845704 
110 427 16 20 0.1437389 
212 356 13 16 0.05784203 
169 345 26 25 0.053802 
220 357 11 14 0.044431422 
720 286 16 23 0.04180949 
698 277 21 28 0.03852645 
615 278 15 21 0.03610664 
747 296 13 19 0.034588158 
122 374 17 18 0.025416499 
325 339 16 16 0.022966607 
202 353 20 25 0.02041992 
293 314 10 15 0.020072106 
