49_Greeting_peoplegreeting_49_991
19
406 183 10 14 0.86112934 
638 162 13 16 0.5610236 
811 141 14 17 0.39161918 
827 144 13 19 0.19692835 
397 189 11 15 0.17145614 
462 102 13 14 0.16319945 
394 194 11 15 0.11695539 
614 187 12 17 0.10133951 
819 141 14 19 0.09153635 
88 198 49 59 0.05345415 
476 108 12 15 0.052680865 
393 180 10 13 0.05043222 
608 188 12 15 0.037024826 
467 105 16 17 0.031230519 
808 134 12 17 0.030877836 
375 187 13 15 0.02767483 
375 180 12 15 0.027327027 
421 183 12 16 0.026874268 
376 175 10 13 0.020844793 
