49_Greeting_peoplegreeting_49_894
93
483 246 49 63 0.999164 
712 253 47 62 0.99897754 
781 263 49 58 0.9975973 
51 282 47 81 0.9949569 
415 294 45 69 0.99452496 
90 258 44 60 0.99310726 
776 388 51 58 0.9924556 
923 256 48 57 0.99128515 
556 288 41 66 0.9812029 
902 270 35 48 0.9503223 
68 271 44 68 0.6449381 
657 282 45 59 0.5078648 
272 248 35 63 0.48238704 
682 283 30 49 0.45657384 
1000 274 24 48 0.4073434 
509 84 9 12 0.26017776 
307 205 10 13 0.16506357 
956 53 10 12 0.16172418 
1 251 14 17 0.14083248 
749 142 15 18 0.10564354 
845 264 39 50 0.09917182 
936 45 9 11 0.096187614 
631 447 35 60 0.09161585 
904 36 8 10 0.09097355 
921 221 9 12 0.08994289 
622 56 8 11 0.08495734 
840 257 30 44 0.08351961 
864 57 9 10 0.082276754 
973 207 10 13 0.08204599 
888 29 8 11 0.07928229 
785 47 9 12 0.0756484 
320 201 9 10 0.07239755 
975 264 14 19 0.06886629 
697 283 28 45 0.061178297 
829 45 10 13 0.058374267 
121 280 33 52 0.058137767 
647 281 35 51 0.05546056 
831 32 7 9 0.05516652 
880 47 8 10 0.053628016 
870 193 8 10 0.051051192 
201 235 40 69 0.046962004 
729 36 9 11 0.04532013 
408 55 8 10 0.04506732 
983 181 10 12 0.044521466 
788 45 9 12 0.043205712 
980 61 11 14 0.04229812 
377 273 8 10 0.041118942 
689 520 9 11 0.03875132 
678 214 11 13 0.038298137 
830 39 10 12 0.037167776 
838 102 9 11 0.034729335 
584 47 9 11 0.03467884 
664 223 11 12 0.034518663 
550 48 7 9 0.033622988 
32 183 9 12 0.03357722 
838 198 9 11 0.031467516 
829 78 12 15 0.030998522 
337 183 8 10 0.030751375 
547 445 35 64 0.030539148 
979 38 8 11 0.030238753 
551 61 10 12 0.029892582 
546 47 7 9 0.029078852 
809 37 7 10 0.028091462 
791 216 8 10 0.027617749 
670 53 9 11 0.02754754 
455 76 10 12 0.027399655 
833 228 25 29 0.026883995 
996 215 10 12 0.02656143 
325 200 9 11 0.026257176 
358 180 11 13 0.025784798 
1009 64 10 12 0.025361326 
719 57 10 12 0.02518321 
118 237 29 48 0.025168229 
640 206 9 11 0.02513181 
518 177 12 13 0.024792736 
782 51 8 11 0.024720753 
301 141 9 10 0.024539854 
921 21 7 9 0.02415782 
902 55 9 11 0.023469755 
593 39 7 10 0.023199107 
718 221 15 17 0.022676522 
673 151 9 11 0.022654863 
-1 252 20 31 0.022167394 
533 133 9 12 0.022013357 
128 299 36 48 0.021927495 
415 252 29 36 0.021842707 
1012 68 9 12 0.021611895 
345 325 30 37 0.021316415 
224 244 42 74 0.021093661 
975 120 13 14 0.020623716 
939 188 10 12 0.020478942 
715 221 22 29 0.020180231 
550 54 8 11 0.020127088 
