49_Greeting_peoplegreeting_49_387
22
635 235 30 45 0.99506 
523 219 29 48 0.9640559 
252 273 18 24 0.95668095 
693 244 22 36 0.9408735 
274 268 14 18 0.31570193 
225 269 16 23 0.1893477 
125 285 12 14 0.12481247 
287 290 9 13 0.11312554 
271 260 16 20 0.06176174 
413 289 8 9 0.058747552 
687 221 13 15 0.039166052 
237 269 12 18 0.032060686 
372 301 12 16 0.026664283 
211 394 19 20 0.026626665 
118 278 23 26 0.026302893 
342 287 11 14 0.026121765 
157 284 10 12 0.02394947 
203 261 16 20 0.022234147 
149 284 11 14 0.0218477 
733 243 22 33 0.021813381 
278 283 12 16 0.021693029 
702 242 26 37 0.021071361 
