5_Car_Accident_Accident_5_177
65
748 184 17 22 0.9883994 
393 207 18 23 0.9824885 
596 131 15 19 0.9781149 
833 217 23 25 0.9642783 
808 273 25 31 0.96009344 
301 209 20 25 0.9391282 
989 188 15 20 0.9356157 
869 252 19 30 0.93115956 
696 197 18 25 0.9216444 
904 161 14 19 0.9045532 
891 214 22 25 0.87175465 
975 212 19 27 0.8490398 
908 237 18 29 0.7791519 
638 230 15 26 0.7732652 
882 182 14 22 0.6514613 
676 123 14 19 0.23447531 
834 330 15 24 0.18308371 
797 133 9 12 0.14597456 
511 311 32 38 0.123784766 
674 210 16 21 0.11862593 
233 147 11 14 0.097793534 
680 179 13 16 0.08387331 
697 118 8 10 0.072143465 
768 399 24 45 0.07150355 
858 346 23 35 0.05775649 
648 559 11 12 0.05041051 
996 267 25 27 0.049586996 
621 95 15 19 0.046170626 
566 220 13 19 0.04456937 
672 205 13 17 0.043592453 
506 203 14 24 0.040673375 
568 276 10 14 0.04005128 
622 75 9 12 0.03925886 
560 223 12 18 0.037264533 
260 149 14 16 0.035174675 
317 192 15 20 0.034982063 
824 325 22 35 0.03464204 
248 148 10 13 0.033732817 
685 119 12 17 0.032780968 
494 143 13 17 0.031533934 
672 127 13 16 0.030600278 
620 237 15 25 0.02926639 
799 129 9 11 0.027274767 
271 139 12 14 0.026636554 
508 181 9 13 0.0262541 
558 251 13 17 0.026116548 
901 226 22 31 0.026092527 
458 200 21 26 0.026029378 
673 76 8 11 0.025852483 
683 126 13 18 0.025738444 
632 232 13 23 0.025444437 
678 77 8 10 0.025353324 
623 151 14 18 0.024628002 
804 132 9 12 0.024313794 
927 72 10 12 0.024140693 
597 203 10 13 0.02404304 
508 252 14 17 0.023094276 
902 241 16 27 0.022276817 
684 201 16 21 0.022016745 
575 227 11 15 0.021892598 
515 295 31 39 0.021748872 
310 189 9 12 0.021235839 
682 173 14 18 0.02116309 
638 219 22 28 0.020353088 
993 261 19 22 0.02012283 
