5_Car_Accident_Accident_5_77
73
758 34 26 33 0.99819857 
885 57 28 36 0.9974776 
573 66 25 33 0.99736184 
628 61 24 32 0.9969735 
717 66 25 30 0.9965809 
810 53 27 33 0.9959752 
930 48 37 46 0.99546623 
653 60 24 30 0.99528474 
288 77 24 28 0.99234843 
376 61 23 31 0.991293 
692 70 23 30 0.9894197 
230 68 21 26 0.98796636 
184 77 23 26 0.9869444 
489 67 22 27 0.9799973 
112 88 22 27 0.9664856 
540 78 20 25 0.9617896 
437 55 23 29 0.95824885 
588 45 19 23 0.9478215 
446 85 23 26 0.93270653 
975 45 22 29 0.9283625 
519 37 16 20 0.8987108 
711 8 12 16 0.85739416 
738 52 13 17 0.8524439 
801 54 22 28 0.8354828 
872 58 14 17 0.8300631 
796 56 17 22 0.6788307 
794 23 11 13 0.6513988 
739 26 11 13 0.45646146 
82 56 21 38 0.40733576 
32 9 11 14 0.40144104 
677 27 11 13 0.36711192 
966 44 23 34 0.25482702 
906 56 22 31 0.19228056 
326 76 12 17 0.17672451 
390 0 12 11 0.13539252 
2 0 13 14 0.10486319 
24 28 10 12 0.10124986 
951 41 29 39 0.09779973 
876 58 22 27 0.09499079 
617 1 9 10 0.092702575 
716 29 17 21 0.087162055 
920 54 28 36 0.07960025 
640 57 24 33 0.07547711 
673 25 11 13 0.071087904 
482 40 14 19 0.06424905 
4 48 18 23 0.060216285 
706 65 22 31 0.05019817 
702 45 14 17 0.041287605 
319 77 13 18 0.040938437 
684 29 9 12 0.04007745 
320 0 11 10 0.039530776 
75 13 28 31 0.03482534 
698 59 16 19 0.031449027 
993 288 19 23 0.030681713 
48 26 12 14 0.029495662 
669 41 15 18 0.02875634 
551 259 9 11 0.027739014 
0 109 9 17 0.027459633 
686 2 8 10 0.027183287 
376 26 10 13 0.026865976 
748 57 13 18 0.024569465 
640 29 10 14 0.023908928 
914 53 16 22 0.023297423 
577 315 12 15 0.022622319 
32 39 10 13 0.022403954 
28 21 11 15 0.022240702 
539 219 27 34 0.02212932 
725 42 12 16 0.022058262 
-2 44 27 44 0.021896591 
476 0 11 10 0.021861056 
681 149 10 11 0.02165218 
341 115 11 15 0.020829946 
640 23 10 11 0.020137968 
