5_Car_Accident_Accident_5_203
18
784 290 23 30 0.9319964 
621 235 13 16 0.82862914 
712 298 12 15 0.43015003 
487 211 9 12 0.074978225 
589 236 11 14 0.052375343 
616 231 13 16 0.04065546 
39 146 9 10 0.035932682 
794 286 14 20 0.032894794 
722 272 8 10 0.030547554 
627 231 12 17 0.029647421 
1009 342 15 22 0.028259905 
596 236 12 14 0.026117424 
670 211 14 20 0.022857143 
491 207 10 12 0.02267248 
432 230 12 15 0.021792985 
712 276 8 11 0.02173417 
639 274 13 15 0.021384917 
704 299 13 16 0.020255372 
