5_Car_Accident_Car_Crash_5_574
49
777 148 30 42 0.9926409 
134 172 12 15 0.91707784 
355 164 15 20 0.86090034 
730 152 29 30 0.7931346 
423 137 14 21 0.56712997 
93 165 13 17 0.34295118 
236 681 13 20 0.27178448 
745 148 22 33 0.24785742 
7 178 15 19 0.22270669 
411 146 15 19 0.17488983 
50 179 15 20 0.15128323 
88 167 13 18 0.11424293 
99 164 11 15 0.1065552 
13 154 10 13 0.099430606 
218 134 21 37 0.096119896 
21 184 48 80 0.08719303 
721 502 9 13 0.078613035 
284 175 10 12 0.06514106 
662 335 22 29 0.06477239 
414 143 23 28 0.064242356 
294 162 14 18 0.064189255 
934 373 12 15 0.061741237 
165 177 12 16 0.06118959 
228 667 11 16 0.051028583 
367 404 15 17 0.04829202 
24 141 10 12 0.04561657 
728 463 10 12 0.045400545 
255 671 13 18 0.044542123 
295 148 11 15 0.04403818 
2 164 8 13 0.043315146 
247 627 8 11 0.03173369 
921 366 9 11 0.029760987 
9 155 10 14 0.028727919 
429 505 14 19 0.026904369 
741 493 10 13 0.02654076 
230 674 13 20 0.025967618 
499 131 13 21 0.025926607 
413 132 20 27 0.025540326 
422 381 11 12 0.025248718 
939 302 9 12 0.025049476 
178 135 16 26 0.024863396 
357 295 28 32 0.024272015 
138 177 14 18 0.024140973 
920 335 8 10 0.023744987 
389 374 13 18 0.022198426 
47 164 12 14 0.02207587 
87 160 11 15 0.021520734 
342 168 15 20 0.021327047 
256 639 11 14 0.020970017 
