5_Car_Accident_Accident_5_234
278
658 488 20 24 0.94027746 
429 589 22 28 0.92060006 
811 315 13 17 0.829426 
423 508 18 21 0.80551237 
887 290 12 15 0.7688758 
452 339 14 17 0.76708543 
867 353 15 17 0.7220451 
787 297 11 15 0.66353416 
580 538 13 17 0.49082646 
353 464 17 20 0.48520806 
472 331 13 16 0.48295674 
809 235 8 11 0.4728971 
269 559 17 26 0.43126297 
348 428 14 15 0.42165732 
428 420 14 23 0.38862637 
801 258 11 13 0.36109543 
792 103 8 11 0.32825917 
776 232 9 11 0.32743716 
34 569 19 23 0.31266585 
307 478 17 22 0.29796314 
869 271 11 14 0.2853103 
877 259 10 12 0.25367963 
550 170 11 15 0.23795912 
419 402 17 19 0.22874348 
321 432 17 22 0.21789293 
269 388 17 20 0.20875823 
345 332 10 13 0.18178473 
561 150 7 10 0.17105874 
449 184 8 11 0.1575751 
245 483 16 20 0.15420406 
498 167 7 9 0.15265314 
415 317 11 14 0.14933346 
854 199 8 11 0.14791608 
602 572 13 20 0.14434941 
895 349 14 16 0.14412668 
272 400 17 19 0.14184651 
872 260 11 13 0.13448243 
270 489 14 19 0.12835564 
793 351 9 14 0.12720264 
894 260 10 12 0.1192546 
779 520 18 28 0.117964335 
163 425 15 23 0.11706472 
335 353 15 18 0.113341264 
357 376 17 21 0.11016562 
768 168 8 10 0.10868369 
618 126 6 9 0.10562223 
431 172 7 10 0.102545805 
798 392 8 11 0.10161521 
186 427 16 18 0.096411325 
134 543 26 28 0.0945781 
421 407 20 25 0.09213763 
871 254 10 13 0.0916217 
81 445 20 22 0.08831961 
775 278 13 14 0.08780822 
329 411 10 13 0.08699461 
641 128 6 8 0.08682001 
481 351 10 13 0.086425714 
673 116 7 9 0.085473225 
817 261 9 13 0.08495251 
196 425 15 18 0.07853416 
447 169 8 10 0.07829975 
757 332 10 13 0.07790209 
545 153 8 9 0.075018816 
469 183 9 12 0.07399858 
800 159 6 9 0.07396901 
440 169 8 10 0.07315473 
626 112 6 8 0.071516186 
574 530 15 22 0.06845551 
722 359 14 17 0.06814816 
383 323 9 12 0.06716389 
896 271 9 10 0.06636513 
423 175 7 9 0.064318165 
902 261 10 11 0.061063156 
751 122 7 8 0.060250837 
815 279 9 11 0.060235254 
335 314 10 13 0.060019977 
896 125 8 9 0.05904308 
866 254 8 12 0.058937997 
437 189 9 11 0.057536498 
750 338 14 15 0.056136046 
481 169 7 9 0.055573948 
453 182 8 11 0.054737967 
774 196 8 9 0.05368372 
511 344 9 11 0.053326454 
642 542 15 19 0.05291805 
750 212 9 11 0.05240003 
348 328 10 14 0.052392196 
529 153 6 9 0.052150853 
796 352 12 16 0.05201803 
688 63 7 9 0.051945798 
502 161 7 9 0.05141807 
172 424 14 22 0.05117909 
520 188 9 11 0.04902754 
422 334 12 15 0.048648313 
368 349 9 12 0.048140027 
897 355 14 17 0.047825538 
586 540 13 18 0.047773797 
455 169 7 9 0.04724105 
338 362 13 17 0.04677313 
902 272 8 9 0.044628855 
572 519 15 25 0.04434894 
808 279 9 12 0.044169087 
553 141 6 9 0.04414051 
553 137 7 9 0.04397523 
378 318 8 12 0.043886706 
736 126 7 9 0.043855555 
358 365 13 16 0.043097418 
302 414 11 13 0.042864 
393 348 9 13 0.042841755 
853 190 9 12 0.04214768 
35 551 23 29 0.041151837 
772 338 9 13 0.041040707 
542 488 16 22 0.040960003 
779 281 12 15 0.040135384 
791 137 6 9 0.039198596 
180 422 14 20 0.039171904 
212 404 10 14 0.039044425 
277 551 14 23 0.038842242 
365 327 11 14 0.0387885 
510 348 8 12 0.038449436 
227 409 16 18 0.037461035 
849 94 7 9 0.03722398 
321 328 10 12 0.037213746 
823 238 8 10 0.037158873 
202 420 13 19 0.0371125 
485 189 8 11 0.037084166 
889 260 9 13 0.037060373 
844 486 12 16 0.0369934 
2 482 14 20 0.03699166 
498 161 7 9 0.036782056 
870 330 13 15 0.036651175 
881 110 7 9 0.03627786 
156 421 15 21 0.03611794 
767 96 7 9 0.035894554 
535 151 7 9 0.03587553 
771 515 16 23 0.035848808 
376 325 9 12 0.035712857 
791 142 6 9 0.03547362 
766 118 7 9 0.035438657 
200 642 15 20 0.035391703 
814 78 7 9 0.034494102 
488 355 10 13 0.034413166 
796 205 9 12 0.03418244 
744 121 7 8 0.034148134 
422 431 15 19 0.033684734 
791 187 11 12 0.03319657 
621 127 7 9 0.03309868 
405 353 15 17 0.032956515 
770 492 15 18 0.032931343 
512 149 6 9 0.032863952 
259 480 16 26 0.032774102 
659 624 18 27 0.03242484 
857 237 7 11 0.032090202 
129 427 15 20 0.03196157 
775 150 8 10 0.031837948 
795 152 7 9 0.031654544 
146 417 15 18 0.031538438 
361 461 17 21 0.03133045 
615 122 7 8 0.031294398 
770 172 7 9 0.03126483 
528 157 7 9 0.030874347 
563 525 17 23 0.030702809 
377 341 9 12 0.030692158 
729 45 9 10 0.030495606 
521 158 7 8 0.030380018 
796 565 11 15 0.030343762 
784 120 7 9 0.030323453 
915 108 8 10 0.029894203 
873 96 7 8 0.029762046 
888 269 10 12 0.029494943 
486 167 7 9 0.029345054 
66 487 23 32 0.02914916 
768 158 8 11 0.029046224 
809 127 7 9 0.028996745 
821 277 9 12 0.028900854 
422 180 7 11 0.028871614 
298 431 14 19 0.02884163 
864 126 7 10 0.028656013 
527 172 8 11 0.028608534 
785 142 7 9 0.02855726 
693 472 15 17 0.028544342 
495 351 8 12 0.028471861 
45 544 16 24 0.028148694 
728 126 7 9 0.028139098 
20 570 23 24 0.027840035 
654 633 17 20 0.02780659 
374 334 9 12 0.027712205 
539 135 7 9 0.027708622 
637 534 14 18 0.027637523 
359 295 8 10 0.02730479 
785 109 8 10 0.027251275 
427 502 17 20 0.027183106 
742 530 14 21 0.027180487 
737 121 7 9 0.027025532 
583 128 8 9 0.026685746 
557 580 29 31 0.026653819 
471 386 14 17 0.026532494 
69 564 13 16 0.026527708 
787 523 19 31 0.026452264 
772 269 14 15 0.026445117 
868 293 12 15 0.02638666 
545 172 10 14 0.026337055 
796 103 8 11 0.026336566 
568 167 8 10 0.026014868 
745 136 8 10 0.025638852 
338 371 14 16 0.025590718 
774 136 7 8 0.025482034 
862 238 8 10 0.02521304 
419 175 7 9 0.025126724 
395 314 13 17 0.025070231 
376 312 9 12 0.024890967 
865 110 7 9 0.024875699 
471 175 7 9 0.024822613 
875 268 12 14 0.024564344 
777 105 7 8 0.024471536 
414 330 13 15 0.024413457 
190 392 13 17 0.024201151 
485 333 10 12 0.02416181 
773 168 7 11 0.024065785 
602 523 16 19 0.023975834 
265 450 18 20 0.02363637 
273 521 15 22 0.023556776 
783 205 8 11 0.023330063 
767 333 9 14 0.023321742 
748 358 16 24 0.023193458 
910 261 9 11 0.023187542 
765 254 11 13 0.023153774 
336 334 12 14 0.023034332 
510 188 8 10 0.022981679 
334 339 14 18 0.022972414 
416 475 234 228 0.022877427 
752 104 7 8 0.022609038 
751 326 13 17 0.02250899 
635 616 20 23 0.022488318 
596 539 25 33 0.022438886 
117 445 20 28 0.022408469 
12 569 16 23 0.022383222 
412 341 13 17 0.022369009 
742 196 9 11 0.02215491 
20 515 28 36 0.022137204 
783 213 8 11 0.022129763 
579 516 14 21 0.022099301 
727 122 7 8 0.022029083 
769 134 7 9 0.02202571 
767 129 7 8 0.021970928 
597 527 24 27 0.021872032 
247 419 12 15 0.0218681 
298 593 15 21 0.021767825 
381 341 9 13 0.02148224 
240 395 12 16 0.021481669 
521 153 7 8 0.021416437 
411 348 12 15 0.021407725 
776 144 7 8 0.021353262 
543 143 7 9 0.021347769 
746 79 6 8 0.021316279 
482 184 8 12 0.02125991 
782 491 21 26 0.021141121 
649 161 7 9 0.021107363 
483 530 17 20 0.021029359 
869 300 13 17 0.020991083 
773 523 16 27 0.020959254 
333 418 13 18 0.020772029 
869 284 12 15 0.0207683 
50 542 12 16 0.020757467 
761 128 7 8 0.020733135 
416 508 14 17 0.020717174 
807 532 12 20 0.020679522 
527 474 17 20 0.020495703 
609 166 8 11 0.020468088 
750 303 9 13 0.020376062 
758 223 8 10 0.020355124 
530 478 21 26 0.02033113 
808 136 6 8 0.020249588 
649 103 6 8 0.020247756 
849 217 7 10 0.020236889 
762 119 7 9 0.020175248 
496 171 8 11 0.020119216 
811 79 7 9 0.020118976 
