5_Car_Accident_Accident_5_244
42
840 201 24 38 0.98946023 
797 195 24 27 0.95349514 
649 203 19 28 0.9396481 
708 186 20 27 0.91655105 
492 209 21 25 0.8751596 
997 188 26 54 0.87208706 
463 302 28 28 0.84608424 
919 189 16 24 0.8238157 
627 316 35 37 0.7719688 
571 190 17 23 0.70936346 
505 208 16 20 0.65040475 
640 317 41 38 0.32531932 
487 595 49 44 0.1826291 
764 203 15 22 0.16425891 
757 203 14 22 0.10647056 
332 330 28 41 0.103588715 
752 199 11 16 0.097807616 
42 124 9 12 0.093941115 
755 187 14 17 0.0825722 
560 195 9 12 0.08153633 
888 201 21 31 0.062011834 
115 193 50 66 0.058508165 
916 223 12 19 0.047018338 
228 296 9 12 0.039804354 
523 568 55 51 0.036911923 
144 165 58 70 0.033559654 
764 214 22 27 0.032952923 
513 206 13 18 0.031813227 
657 304 31 43 0.031084761 
477 300 24 32 0.029686728 
495 329 14 24 0.029136468 
768 224 25 26 0.02850846 
773 197 21 26 0.027367804 
849 204 35 39 0.027256893 
497 327 24 32 0.027130712 
623 186 10 15 0.024287144 
716 157 9 12 0.023105392 
488 214 15 19 0.021359809 
627 187 12 15 0.021048643 
407 385 39 32 0.02069281 
446 43 26 25 0.02041486 
870 203 30 36 0.020340176 
