5_Car_Accident_Accident_5_510
61
575 463 49 59 0.99214584 
279 273 30 41 0.9885318 
195 290 37 47 0.97261983 
387 240 26 34 0.95639235 
245 252 25 31 0.91708887 
319 281 31 40 0.84708154 
345 210 26 30 0.783871 
57 240 39 55 0.6971634 
442 245 19 31 0.6478493 
510 552 52 58 0.6292074 
450 464 42 52 0.6285635 
378 301 23 30 0.3193526 
238 244 26 32 0.28713354 
480 472 35 40 0.22953954 
509 226 23 25 0.17951323 
557 270 16 25 0.17174576 
417 260 21 26 0.15364805 
542 243 16 19 0.14941232 
497 463 38 41 0.10965567 
699 272 12 14 0.10068656 
105 225 45 60 0.08983125 
700 303 10 12 0.084350154 
328 255 26 29 0.07729015 
49 249 29 45 0.059654 
86 276 35 42 0.05854059 
78 225 50 65 0.05675437 
419 239 22 27 0.056746073 
75 259 36 51 0.04932247 
308 279 27 36 0.04931467 
655 981 8 11 0.043295033 
292 263 26 33 0.042181276 
604 282 11 15 0.03784687 
540 255 20 29 0.036203746 
751 288 9 12 0.035972856 
491 255 15 23 0.0350693 
94 253 43 54 0.03481616 
713 311 10 12 0.03313894 
477 247 12 18 0.03260351 
763 273 14 20 0.03221519 
757 900 62 75 0.02978942 
728 255 10 12 0.029782446 
536 251 14 19 0.028659383 
689 293 10 13 0.02814649 
549 272 15 23 0.027821444 
569 449 29 39 0.026930515 
505 451 30 37 0.02682754 
185 297 28 36 0.026095776 
765 233 17 20 0.02565921 
100 284 33 40 0.025265126 
726 286 8 10 0.02501439 
166 298 25 33 0.024852265 
256 901 13 15 0.024547545 
454 275 14 17 0.024047107 
486 251 14 22 0.023643104 
514 458 43 55 0.023613138 
339 254 25 28 0.022699703 
565 231 10 12 0.02249289 
641 981 9 13 0.021492187 
364 263 18 24 0.021355662 
693 294 11 13 0.021312768 
504 228 15 18 0.020070447 
