5_Car_Accident_Accident_5_642
58
582 745 14 17 0.911685 
58 669 16 21 0.815992 
540 745 11 15 0.7440246 
492 620 14 17 0.6718611 
476 716 12 16 0.42168558 
698 741 16 17 0.40774253 
641 750 10 12 0.13788469 
454 764 9 13 0.11448759 
615 662 8 11 0.10643765 
530 647 11 14 0.08081466 
545 762 10 13 0.072286375 
488 626 13 17 0.07177804 
509 637 13 17 0.06880196 
811 716 22 28 0.05343971 
597 707 9 12 0.050638136 
640 756 12 14 0.05054622 
631 749 10 13 0.05000922 
821 721 25 30 0.043506846 
520 735 8 11 0.041733786 
694 736 15 16 0.040268093 
616 756 10 13 0.039329365 
699 750 14 17 0.039296124 
482 718 12 15 0.038653318 
478 637 10 13 0.03741596 
619 754 13 17 0.034422897 
805 721 17 23 0.034041774 
522 794 12 16 0.03382164 
719 749 10 14 0.033310097 
573 669 8 10 0.032717332 
556 811 21 29 0.032266185 
608 648 8 10 0.032157198 
752 637 8 11 0.031008236 
705 747 13 15 0.029909888 
596 691 10 13 0.029715933 
591 619 9 11 0.02920455 
536 759 10 14 0.029023971 
539 791 11 14 0.028797753 
814 710 13 17 0.026840396 
479 643 11 14 0.026676435 
590 642 10 13 0.026137697 
438 233 11 15 0.025678769 
570 758 9 12 0.025248703 
614 656 8 10 0.025128657 
644 744 10 14 0.02425456 
569 784 9 10 0.024144646 
505 641 13 17 0.023992315 
570 704 9 12 0.023665529 
609 654 8 9 0.023332926 
686 764 10 13 0.022205394 
509 629 12 15 0.021914667 
516 638 9 12 0.021783102 
65 674 14 17 0.021768497 
503 732 9 12 0.02152447 
622 695 8 11 0.021305587 
577 685 9 11 0.020858532 
474 711 11 14 0.020822527 
478 732 11 13 0.02070147 
709 764 16 18 0.020237584 
