5_Car_Accident_Accident_5_474
51
554 136 17 22 0.97246516 
347 141 17 24 0.9707708 
800 144 19 22 0.94825745 
241 118 20 27 0.94270366 
620 138 21 26 0.84028643 
586 153 19 25 0.8000164 
301 146 17 20 0.69896984 
708 138 18 22 0.37498516 
603 147 18 26 0.33701506 
592 147 18 26 0.22885732 
331 71 23 28 0.20683552 
611 148 15 21 0.20282179 
400 142 13 17 0.197924 
838 141 16 21 0.1417529 
405 117 11 15 0.12388153 
624 125 19 21 0.1131379 
267 177 17 25 0.10612934 
298 172 20 28 0.10574599 
167 99 23 28 0.08786124 
454 75 14 16 0.08675679 
694 140 14 20 0.07427259 
294 141 17 19 0.07237326 
107 443 13 15 0.06580007 
412 120 19 22 0.06468988 
459 282 15 17 0.059941206 
878 256 15 18 0.059512954 
634 138 16 21 0.05701902 
898 157 15 20 0.051341705 
700 138 17 22 0.0510881 
133 115 15 18 0.045679707 
806 99 27 33 0.045600403 
285 141 13 16 0.041943505 
496 135 17 23 0.03882374 
769 148 15 20 0.03684327 
616 264 11 14 0.036528077 
701 129 21 24 0.036072284 
404 113 21 25 0.03366379 
180 102 17 21 0.03316781 
296 155 23 28 0.031269524 
799 87 46 62 0.031020973 
336 140 22 27 0.029755363 
538 165 15 20 0.028501896 
157 104 16 20 0.027690455 
504 117 10 13 0.025688184 
906 142 18 24 0.024560964 
507 127 13 18 0.023062734 
610 158 15 22 0.02294112 
140 105 14 18 0.022463357 
121 446 10 13 0.021576013 
901 276 12 14 0.021333827 
615 141 16 20 0.021029692 
