5_Car_Accident_Car_Crash_5_94
44
243 348 31 43 0.8735066 
518 291 11 15 0.82095927 
553 301 7 10 0.55968595 
627 302 8 10 0.39829364 
455 311 9 12 0.34797525 
933 248 9 12 0.20623405 
589 318 8 10 0.18969402 
606 317 8 10 0.1345597 
584 301 7 9 0.102120645 
908 252 10 13 0.07434098 
557 302 7 9 0.055093728 
610 301 7 10 0.054101255 
262 352 31 34 0.04801151 
570 295 7 10 0.047653876 
575 288 7 8 0.046851195 
451 310 8 11 0.043036107 
576 326 6 9 0.043031286 
576 302 7 9 0.039677832 
574 295 7 10 0.038823027 
569 302 8 11 0.03611283 
549 285 8 10 0.033601116 
549 280 8 10 0.0332135 
615 303 6 9 0.031461276 
651 334 11 14 0.029530585 
629 298 8 10 0.02759227 
603 312 8 11 0.027261527 
568 311 7 9 0.02686973 
568 287 7 9 0.026518816 
609 297 7 9 0.024877952 
630 309 9 11 0.023696477 
952 159 8 11 0.023349945 
600 288 7 9 0.023137648 
562 287 7 9 0.022944376 
215 344 47 52 0.022909828 
590 313 8 11 0.022826554 
593 297 6 8 0.022209842 
502 295 8 10 0.02159969 
460 311 8 11 0.021282969 
541 324 8 10 0.021167198 
535 304 7 10 0.021106694 
545 295 8 10 0.02095742 
534 310 9 10 0.020727007 
576 311 6 9 0.02043847 
535 279 8 11 0.020334976 
