5_Car_Accident_Accident_5_948
25
665 150 19 22 0.900855 
622 171 9 13 0.1426223 
631 124 10 12 0.1381358 
657 141 9 13 0.1157336 
614 126 9 11 0.08677264 
647 165 11 15 0.07288525 
340 286 21 23 0.067856364 
685 110 10 12 0.059602022 
699 288 14 18 0.0386772 
695 117 11 14 0.037171572 
656 148 10 13 0.03600445 
628 172 10 13 0.034801874 
635 194 12 15 0.03215134 
712 131 9 11 0.032144245 
653 156 12 17 0.03084351 
631 130 10 13 0.028134873 
656 182 11 12 0.0276392 
685 187 12 13 0.026963739 
592 149 8 11 0.026650645 
660 142 12 16 0.025805293 
580 174 10 13 0.025466004 
686 170 13 15 0.025351115 
705 160 10 13 0.02523039 
624 142 7 9 0.021626167 
615 130 9 11 0.020106396 
