5_Car_Accident_Accident_5_633
39
452 462 86 50 0.9794964 
104 84 56 99 0.9688421 
242 279 16 25 0.9444055 
162 283 15 25 0.90516454 
800 327 8 11 0.7879652 
815 320 9 11 0.7026581 
633 295 33 45 0.3592083 
417 296 9 11 0.33426923 
853 327 13 15 0.3172655 
489 278 37 44 0.29970962 
728 319 8 11 0.24455729 
783 333 8 10 0.240914 
162 409 13 16 0.22462136 
849 328 10 12 0.2129598 
612 287 32 44 0.19177648 
895 353 11 14 0.15372409 
906 302 12 15 0.13226888 
644 221 27 44 0.10180673 
501 275 48 58 0.09543348 
386 298 11 16 0.07931091 
821 340 10 12 0.066796005 
859 330 11 13 0.059307452 
1007 474 13 16 0.050323077 
634 566 466 702 0.050159823 
874 334 8 11 0.047110103 
790 320 8 10 0.045763236 
840 328 8 10 0.0358692 
800 322 9 11 0.03451339 
810 319 8 10 0.029111363 
804 326 9 12 0.025764624 
822 351 9 11 0.023899496 
817 334 10 13 0.023243718 
808 310 7 10 0.022698926 
791 310 7 9 0.022494843 
839 333 9 11 0.021927556 
903 326 8 12 0.021464987 
921 356 10 13 0.020384887 
793 325 10 12 0.020209309 
945 557 57 97 0.020009637 
