5_Car_Accident_Accident_5_448
719
926 559 24 28 0.9803992 
52 437 18 22 0.97583765 
297 540 26 33 0.9719468 
293 391 15 18 0.9682815 
803 432 16 27 0.96720517 
230 374 13 17 0.9586249 
87 393 15 19 0.9473778 
865 231 10 13 0.9286561 
890 408 17 25 0.92008764 
983 237 9 11 0.90145814 
15 340 12 15 0.8992855 
136 348 14 17 0.89830977 
701 403 15 22 0.86927474 
303 276 10 12 0.8533351 
261 346 13 17 0.8010426 
193 446 15 24 0.79135567 
927 261 10 12 0.7618992 
207 412 16 20 0.7457703 
447 240 9 11 0.738141 
270 260 8 12 0.7176971 
429 238 7 10 0.7159417 
313 259 9 12 0.7136085 
175 284 9 11 0.7031102 
180 324 11 13 0.66131675 
230 294 9 11 0.65785784 
338 267 8 12 0.6327833 
230 334 10 12 0.5457759 
982 318 11 14 0.5279289 
336 238 8 9 0.49881592 
150 313 12 14 0.4987331 
243 614 30 35 0.4917119 
967 246 8 10 0.4856238 
355 247 7 9 0.45969823 
89 294 8 11 0.4443262 
394 438 12 15 0.4231064 
291 471 15 22 0.42003727 
76 371 11 14 0.40091425 
212 340 13 18 0.37438416 
226 295 9 12 0.36447123 
401 238 7 9 0.3524334 
194 265 8 10 0.34559456 
454 221 8 9 0.3390012 
373 230 8 10 0.33754334 
295 261 8 11 0.30898255 
177 261 8 11 0.3043978 
347 339 10 13 0.29546258 
55 316 9 12 0.2783448 
197 286 9 11 0.27620405 
185 216 6 8 0.2745327 
255 223 9 10 0.2585749 
158 325 13 17 0.25841534 
253 277 8 11 0.25613752 
926 231 9 11 0.2455731 
841 197 7 10 0.24465904 
302 212 7 10 0.24397764 
1002 204 7 11 0.24309829 
263 287 9 11 0.24113448 
224 192 8 9 0.23900096 
271 294 9 12 0.23422366 
312 369 12 16 0.23339167 
634 449 15 23 0.23247115 
110 310 8 10 0.23178084 
310 458 16 20 0.2164327 
110 238 7 10 0.21620141 
285 442 10 14 0.21615791 
128 432 13 18 0.21114239 
920 232 9 10 0.20819451 
129 293 8 10 0.2046424 
271 210 8 9 0.20379752 
54 373 11 13 0.19983594 
155 316 13 16 0.19292825 
204 354 11 15 0.1908096 
198 306 10 13 0.18660171 
225 265 8 11 0.18556146 
380 260 10 12 0.18280038 
63 297 8 10 0.18278149 
413 285 8 10 0.1800649 
111 223 9 10 0.16816406 
11 364 12 15 0.16604914 
257 262 8 11 0.1655709 
53 342 12 15 0.16535495 
911 202 7 9 0.16121843 
293 294 10 13 0.1574318 
831 201 8 11 0.15638621 
266 261 8 12 0.15485048 
494 406 11 13 0.14818412 
817 186 7 9 0.1476652 
817 238 10 13 0.1450317 
855 255 8 11 0.14417143 
150 277 7 9 0.14327674 
935 211 9 12 0.13839078 
199 334 12 14 0.13525806 
344 200 8 9 0.13417831 
238 240 7 9 0.13242863 
931 197 7 10 0.12911388 
201 238 6 9 0.12834318 
207 348 12 18 0.12789527 
253 308 9 11 0.12747753 
390 207 7 8 0.12617087 
46 317 8 11 0.123310916 
42 316 8 11 0.12275963 
106 280 7 10 0.121953845 
104 301 8 10 0.12193297 
273 229 7 8 0.119945996 
178 257 7 10 0.11607695 
173 346 11 15 0.11572699 
93 295 8 10 0.114955455 
378 214 6 8 0.11286649 
385 245 7 9 0.11088582 
312 238 8 9 0.110421725 
847 199 8 10 0.109994546 
808 199 8 11 0.10968346 
588 471 15 20 0.10859697 
325 271 9 11 0.108405516 
89 340 10 14 0.10795695 
229 265 9 11 0.107157156 
144 331 11 13 0.104105294 
234 240 7 9 0.10271397 
150 294 8 10 0.10251186 
57 300 8 11 0.10186995 
409 193 6 7 0.101235114 
237 292 9 12 0.10090666 
254 271 9 11 0.10050568 
887 201 7 9 0.099210344 
303 245 8 10 0.09918382 
172 374 14 16 0.09608503 
298 213 8 10 0.095123366 
799 190 7 9 0.09343452 
113 263 8 10 0.09240501 
144 279 8 10 0.09191777 
143 237 8 10 0.091606185 
196 268 8 11 0.091457084 
304 240 8 11 0.09105573 
215 278 8 11 0.08765388 
202 207 6 9 0.08734687 
191 422 14 17 0.086844765 
111 303 8 10 0.08596828 
407 199 7 8 0.08576073 
897 414 17 22 0.08563896 
135 247 7 9 0.08461189 
339 365 10 13 0.08410386 
156 311 11 12 0.08310647 
999 215 8 10 0.08274264 
271 287 9 11 0.08206114 
280 241 7 10 0.08150728 
288 223 7 9 0.080854274 
336 207 7 8 0.080743395 
121 277 7 10 0.08064227 
308 333 11 16 0.08043934 
181 284 8 12 0.08017828 
142 233 7 9 0.078641325 
215 322 9 13 0.07837379 
316 256 10 12 0.077712744 
215 450 14 19 0.07723233 
874 252 9 11 0.077215455 
221 342 11 14 0.07706531 
792 190 7 10 0.076850444 
222 254 7 9 0.076326475 
265 291 9 12 0.076103106 
204 334 12 15 0.075999804 
888 217 8 9 0.0752948 
854 199 8 10 0.075069256 
182 280 8 11 0.07349633 
297 270 10 13 0.07335447 
238 285 10 13 0.07317342 
351 161 7 9 0.07300141 
167 241 8 9 0.07264805 
283 475 17 21 0.07212545 
89 269 7 10 0.07109096 
297 466 15 21 0.070943065 
481 255 9 12 0.070182346 
385 176 7 8 0.06960432 
258 246 7 9 0.06818518 
799 184 7 9 0.06798729 
359 296 8 11 0.067965396 
146 295 9 11 0.0678181 
881 215 7 10 0.06770443 
312 182 7 9 0.06759458 
119 272 8 10 0.067007 
257 205 6 9 0.06605075 
917 235 10 12 0.06527591 
157 426 15 17 0.06486879 
416 190 6 8 0.06458464 
320 233 7 9 0.064077124 
856 284 8 11 0.06407462 
387 208 6 8 0.0639589 
295 346 11 13 0.06380415 
165 362 12 14 0.063478395 
150 323 13 17 0.063417666 
280 245 7 10 0.063287616 
200 280 7 9 0.06322155 
133 303 9 11 0.06269101 
218 255 7 9 0.062285375 
375 372 11 14 0.061841983 
352 165 7 9 0.061239514 
233 208 7 8 0.06099451 
391 254 8 10 0.060793657 
741 470 13 23 0.060503364 
142 286 8 10 0.060100816 
439 174 6 8 0.05977849 
465 221 7 10 0.059654962 
239 279 9 12 0.05963063 
224 215 7 9 0.059596036 
343 394 12 15 0.059587166 
981 334 12 14 0.059477817 
880 200 8 9 0.0592682 
61 396 12 17 0.059202738 
394 166 6 9 0.059104376 
288 215 7 9 0.058900744 
207 233 7 9 0.05860848 
174 366 14 15 0.058484294 
355 151 6 8 0.058326535 
352 222 8 10 0.058260217 
96 269 7 10 0.05816103 
856 279 9 11 0.05800311 
510 570 14 18 0.057892725 
137 286 8 10 0.05755566 
305 199 7 9 0.057516277 
879 205 8 10 0.057315264 
488 405 13 15 0.05615218 
151 289 8 9 0.056094784 
821 189 7 10 0.05587823 
318 237 7 9 0.055822384 
452 244 9 11 0.055776034 
313 209 6 9 0.05487964 
967 275 11 16 0.05477753 
185 238 6 8 0.05438881 
300 459 14 20 0.054193106 
346 161 6 8 0.0541717 
400 247 7 9 0.054103017 
69 397 13 16 0.053832788 
137 280 8 10 0.053730752 
290 298 9 13 0.052938174 
425 216 8 9 0.052826054 
293 323 13 16 0.0525188 
470 221 8 10 0.051724344 
227 618 34 35 0.051472005 
161 240 8 10 0.05144794 
322 274 9 12 0.050737046 
112 316 8 11 0.050641183 
344 319 9 13 0.05056265 
305 182 7 9 0.05055313 
443 240 8 10 0.050442155 
662 366 9 12 0.050297286 
359 177 7 9 0.050020568 
248 622 42 35 0.049998462 
417 271 7 8 0.04981577 
151 246 7 8 0.049616676 
213 271 8 10 0.049153473 
355 176 7 9 0.049116306 
387 191 6 8 0.04905401 
76 342 11 15 0.048773527 
288 270 8 11 0.04869465 
206 432 13 19 0.048678126 
338 201 6 8 0.048242647 
212 407 15 21 0.04813992 
471 269 8 10 0.04806925 
826 204 9 11 0.047983523 
162 230 7 9 0.047837604 
129 265 7 9 0.0477822 
146 315 10 13 0.047655586 
111 230 9 11 0.047520813 
135 307 9 12 0.047364622 
222 318 11 15 0.04731007 
181 254 8 10 0.047230158 
239 190 7 8 0.047157228 
249 255 7 9 0.047083244 
207 237 6 9 0.047052853 
471 190 8 11 0.047043104 
117 300 8 11 0.046793263 
295 431 13 18 0.046788845 
184 249 7 9 0.04673286 
103 269 8 10 0.046697818 
112 268 8 11 0.046552986 
88 300 9 11 0.046505146 
157 435 17 23 0.046345845 
196 419 15 18 0.04631222 
903 239 8 10 0.045859285 
934 222 8 11 0.04580165 
231 190 7 9 0.04575521 
224 280 8 11 0.045715574 
849 256 7 10 0.045714326 
461 199 8 9 0.045646496 
181 262 8 10 0.04564383 
390 191 6 8 0.045458652 
221 443 12 18 0.04545304 
206 206 7 9 0.04535527 
264 229 7 9 0.04527118 
48 312 9 12 0.045176554 
368 246 7 9 0.04515602 
295 224 7 9 0.045095604 
433 191 7 8 0.04507686 
393 151 6 7 0.044360805 
452 365 12 17 0.044260606 
263 189 7 9 0.04402451 
985 222 7 9 0.043895822 
479 237 7 10 0.043873712 
113 296 8 10 0.043677874 
109 280 8 10 0.043611664 
257 189 7 9 0.043450765 
989 269 10 13 0.043391526 
376 198 6 8 0.043232962 
873 206 8 10 0.043119278 
336 174 7 9 0.04307573 
312 232 7 9 0.043067783 
102 264 8 10 0.043031305 
216 152 7 8 0.04276826 
451 218 8 10 0.042766057 
409 206 7 8 0.04264685 
872 199 7 9 0.042621724 
193 247 7 9 0.04256884 
118 295 8 11 0.04255414 
132 294 8 10 0.042474654 
406 238 8 9 0.04246469 
1000 220 7 10 0.04241892 
199 247 6 8 0.04216452 
271 279 8 9 0.042143364 
376 152 6 8 0.042140607 
877 249 8 10 0.04211775 
240 207 8 10 0.042105623 
199 215 7 9 0.042090327 
218 225 7 9 0.042034183 
297 231 6 9 0.041748405 
247 292 8 10 0.041688003 
402 357 10 13 0.04160188 
589 475 23 24 0.041446604 
314 214 6 8 0.0413635 
329 192 7 9 0.04117517 
496 235 10 12 0.041007467 
281 190 7 8 0.040972203 
201 233 8 10 0.0409131 
193 239 7 8 0.040706877 
297 239 8 10 0.040637143 
185 221 7 8 0.04047036 
268 341 13 18 0.040025804 
414 533 20 30 0.03993422 
304 231 7 9 0.03926501 
352 207 7 8 0.038967934 
456 254 8 9 0.03894828 
151 263 8 10 0.03890854 
72 327 9 12 0.038897473 
465 216 9 11 0.038719147 
527 400 9 12 0.03852839 
261 223 8 10 0.03838566 
63 327 8 10 0.03831974 
228 298 11 12 0.038272534 
377 193 6 9 0.038227245 
56 325 9 10 0.03816945 
281 185 7 9 0.037925225 
232 288 9 12 0.03787779 
138 608 20 20 0.037861068 
207 288 8 10 0.037837975 
945 292 9 11 0.037795655 
297 245 8 10 0.037759975 
228 317 12 14 0.037748158 
249 230 6 9 0.037727382 
366 181 7 9 0.037663333 
961 253 8 11 0.037592173 
247 262 7 9 0.037447408 
328 231 7 9 0.037438348 
216 230 6 9 0.037335217 
361 208 7 9 0.037098065 
904 245 7 10 0.03708177 
318 144 7 9 0.03689063 
127 271 7 9 0.03680458 
913 237 9 11 0.036706455 
369 199 7 8 0.03666948 
234 255 7 9 0.0365926 
888 221 8 10 0.036494628 
496 255 8 10 0.0364473 
865 199 7 9 0.03642465 
229 311 10 12 0.03635995 
327 253 7 10 0.036271606 
907 202 7 9 0.036159247 
849 205 8 9 0.03604702 
447 200 6 9 0.036037814 
192 222 6 9 0.03584424 
264 279 9 11 0.035762273 
461 349 10 12 0.035751596 
344 285 8 10 0.035606727 
236 331 11 14 0.03546071 
275 295 9 12 0.03540547 
425 222 8 9 0.035269678 
403 193 5 8 0.035243858 
160 245 8 9 0.0351329 
86 346 9 13 0.03505778 
49 373 11 13 0.03501398 
992 223 7 9 0.03498439 
329 199 7 9 0.03497918 
888 205 7 9 0.034942675 
1001 239 8 11 0.034929927 
877 324 8 11 0.03488209 
959 222 7 9 0.03479554 
408 176 6 8 0.034747384 
863 261 7 10 0.034575168 
1007 238 10 14 0.034482483 
98 254 7 9 0.03446924 
217 192 7 8 0.034455277 
262 150 7 9 0.034448702 
119 256 6 8 0.034426387 
329 223 7 10 0.034404308 
72 332 10 12 0.034332458 
438 442 11 14 0.034223024 
949 284 9 13 0.034152627 
410 223 6 8 0.03386229 
536 337 8 11 0.033752706 
444 423 13 18 0.0337269 
169 223 6 9 0.03368019 
217 264 7 9 0.033674665 
171 280 8 10 0.03349579 
297 358 11 14 0.033493645 
114 256 7 9 0.03343765 
409 424 11 15 0.033181913 
176 331 12 15 0.0329855 
249 190 6 8 0.032844007 
145 263 7 9 0.03282577 
888 231 7 9 0.032772943 
330 174 7 9 0.03269308 
274 333 13 17 0.032644525 
430 285 7 9 0.032507885 
208 292 8 11 0.032454547 
407 379 10 13 0.032445725 
138 224 6 8 0.032428753 
216 286 8 10 0.032353375 
361 214 6 9 0.032301627 
369 240 7 9 0.03228411 
263 270 8 9 0.032283973 
149 301 10 12 0.032265626 
822 186 7 9 0.032264628 
345 165 6 9 0.03225202 
121 342 10 14 0.032211266 
959 215 8 10 0.032138586 
319 214 7 8 0.032050237 
342 255 8 10 0.03202052 
965 250 9 12 0.032009184 
319 209 7 9 0.031999815 
145 246 8 10 0.031983864 
63 391 13 16 0.03196133 
854 192 7 8 0.031926297 
476 417 14 16 0.031909004 
97 264 8 11 0.031816278 
880 231 8 10 0.031763192 
821 256 8 10 0.03169996 
350 200 7 8 0.03167675 
241 263 7 9 0.03153019 
166 231 7 9 0.03145165 
362 181 7 9 0.031419717 
342 238 7 10 0.031357333 
161 225 7 8 0.031340215 
914 232 9 10 0.031289052 
96 279 7 9 0.031282894 
424 301 8 12 0.031269003 
302 338 12 17 0.031257164 
80 310 8 10 0.03122628 
223 223 8 10 0.03104599 
225 247 7 10 0.030984718 
344 222 7 9 0.03084667 
473 239 8 10 0.030841943 
302 149 7 9 0.030841358 
424 246 8 10 0.030764803 
291 262 8 11 0.03075101 
302 309 10 12 0.030705689 
0 436 11 18 0.030650448 
425 284 8 10 0.030440984 
755 448 22 27 0.030421276 
180 340 11 14 0.030393861 
296 183 7 9 0.030380387 
487 247 8 11 0.03037258 
1013 241 10 15 0.030367773 
294 454 15 19 0.030338598 
511 388 10 12 0.030288013 
860 285 10 14 0.030283839 
266 208 7 9 0.030248376 
439 264 8 10 0.030243635 
266 214 7 10 0.030235462 
391 247 8 9 0.030228427 
95 249 7 9 0.030212881 
453 378 16 18 0.030077992 
216 294 8 10 0.03006394 
384 327 10 12 0.029921789 
481 429 19 22 0.029906275 
390 327 9 11 0.02990149 
136 270 7 8 0.029893503 
223 196 8 9 0.029709043 
272 190 7 9 0.029557632 
192 216 7 9 0.02946152 
918 285 11 13 0.02940723 
232 246 7 9 0.02939402 
793 185 7 8 0.02919339 
127 347 11 15 0.029186925 
329 216 7 8 0.029127453 
192 291 9 11 0.02911408 
287 183 7 9 0.029076325 
255 256 7 10 0.029074507 
810 437 15 22 0.029008256 
240 214 8 9 0.028949073 
336 152 7 8 0.02894193 
933 194 8 9 0.028890206 
855 205 7 10 0.028847585 
175 223 6 8 0.02875273 
232 231 7 9 0.028728837 
321 248 7 10 0.028717823 
288 208 6 9 0.028583072 
216 621 11 15 0.028513948 
375 270 10 12 0.028503692 
146 271 8 10 0.028465807 
381 265 10 14 0.02840209 
945 270 8 9 0.02818369 
152 205 8 9 0.028181039 
518 405 9 11 0.028140329 
485 254 9 12 0.028090926 
976 255 8 10 0.028086515 
433 169 6 8 0.028049467 
410 281 8 11 0.028045624 
928 358 10 13 0.027969629 
386 182 7 9 0.027852817 
255 217 8 11 0.02781858 
102 255 7 9 0.027807726 
416 247 7 8 0.027784416 
416 150 7 9 0.027735015 
110 395 9 13 0.02771939 
200 222 7 9 0.027607888 
309 271 9 12 0.027530476 
59 373 11 14 0.027521616 
249 272 9 11 0.027429141 
209 278 7 9 0.027258897 
128 240 7 9 0.027087104 
403 198 5 8 0.027079388 
417 167 6 8 0.027027212 
816 233 9 12 0.027023813 
262 241 8 10 0.027008675 
431 216 6 9 0.026933298 
212 432 13 20 0.026889598 
469 215 9 12 0.026798937 
354 145 6 8 0.026775438 
343 176 6 9 0.026764076 
137 239 8 10 0.026762908 
375 238 7 10 0.026677804 
73 346 10 13 0.026568271 
30 422 14 18 0.026532827 
482 248 8 10 0.026509918 
209 320 9 11 0.026467005 
120 238 7 9 0.026437873 
103 366 12 14 0.026309788 
813 199 8 11 0.026295291 
55 335 11 13 0.02629352 
311 198 7 9 0.026211608 
378 257 9 11 0.02617727 
435 174 6 8 0.026161423 
370 225 8 10 0.026146388 
367 178 6 8 0.02610298 
382 356 12 14 0.026086045 
414 239 7 10 0.026072565 
331 238 7 9 0.026045112 
495 249 8 10 0.02600517 
176 247 7 9 0.025974216 
238 423 12 15 0.025956063 
337 159 7 8 0.025938291 
902 231 8 11 0.02593268 
135 265 7 10 0.025831666 
129 246 7 9 0.025814135 
431 222 7 9 0.025605777 
917 309 12 14 0.025593488 
472 263 8 10 0.025558846 
410 144 7 9 0.025420008 
248 215 6 9 0.02537956 
861 255 8 11 0.025353158 
440 170 6 8 0.02527081 
127 231 7 10 0.025214422 
281 224 7 9 0.024994383 
374 276 8 11 0.024918426 
392 239 7 9 0.024909787 
246 331 10 14 0.024903579 
139 230 7 11 0.0248162 
945 279 8 10 0.024806913 
465 246 8 10 0.02475084 
849 278 9 11 0.024716489 
740 457 19 31 0.024704143 
119 232 7 9 0.024671676 
230 279 8 10 0.024659643 
247 207 7 9 0.024561591 
7 360 12 15 0.024561329 
328 264 8 10 0.024555743 
368 192 7 9 0.024537727 
337 169 6 9 0.024502615 
415 206 7 9 0.02448739 
416 186 7 8 0.02440024 
930 224 9 11 0.0243201 
193 307 10 13 0.024254315 
287 277 9 12 0.02425273 
388 332 10 12 0.024230797 
312 192 7 9 0.024213275 
82 293 7 10 0.024211042 
382 213 7 9 0.02420867 
819 243 9 13 0.024149692 
942 207 7 10 0.024064267 
208 324 10 13 0.024040159 
439 255 8 9 0.023992768 
934 269 9 11 0.023943294 
377 210 6 8 0.02389308 
241 200 8 9 0.02378105 
894 214 7 10 0.023699636 
985 200 7 9 0.02364586 
288 231 7 9 0.02360168 
257 242 8 9 0.02359426 
240 232 7 9 0.023522664 
368 214 6 9 0.023436734 
466 269 8 10 0.023425749 
312 224 6 9 0.023401268 
187 325 11 13 0.02337625 
111 246 8 9 0.023331726 
965 314 9 13 0.023322202 
436 364 10 13 0.023310853 
369 271 7 10 0.023257028 
249 248 6 9 0.02324409 
176 240 7 9 0.023218889 
358 252 8 10 0.023093142 
388 565 15 19 0.023049638 
963 248 8 10 0.022987831 
330 207 6 9 0.022948844 
950 269 8 10 0.022919571 
208 224 6 8 0.022882165 
344 247 7 9 0.022829115 
104 248 8 9 0.0227806 
442 142 8 9 0.022773711 
229 350 10 14 0.02274266 
393 161 7 8 0.022720307 
353 241 7 10 0.022713587 
45 381 11 14 0.022671133 
173 355 14 16 0.0226478 
367 208 6 9 0.02264531 
298 477 16 22 0.022529172 
88 421 13 17 0.02247034 
897 231 7 10 0.02244211 
247 150 7 9 0.022433283 
353 215 7 10 0.022424042 
747 444 17 23 0.02237312 
351 317 10 14 0.022233546 
277 285 9 11 0.022229142 
473 231 8 10 0.022198122 
375 158 6 8 0.022191904 
216 198 7 8 0.02218699 
278 230 7 9 0.022184549 
255 622 21 22 0.022149906 
648 260 10 12 0.022142703 
61 318 8 11 0.02208152 
277 451 13 17 0.022061234 
440 244 8 11 0.02205001 
238 256 7 9 0.022024754 
279 278 8 11 0.022021169 
433 264 8 10 0.021995237 
408 318 9 12 0.021977162 
408 247 6 9 0.021964444 
126 278 7 9 0.021913538 
769 183 6 8 0.021881789 
88 278 8 9 0.021880044 
276 300 9 12 0.021875802 
943 264 8 10 0.021829981 
978 323 10 13 0.02181366 
839 430 10 14 0.021801751 
278 150 7 9 0.021582946 
385 151 6 7 0.02156806 
318 183 7 8 0.02156106 
407 233 7 9 0.02152415 
337 256 9 10 0.021481186 
299 324 13 15 0.021444935 
316 380 11 14 0.021435881 
929 334 12 15 0.021395871 
272 199 8 10 0.021359418 
335 222 8 10 0.021348733 
214 311 9 12 0.021345487 
463 239 8 11 0.021341179 
430 336 9 10 0.021302879 
254 452 12 17 0.021225149 
408 167 6 8 0.021199845 
424 191 6 8 0.021192444 
193 334 11 13 0.02116952 
856 273 9 10 0.021033399 
360 264 7 9 0.021025613 
311 247 8 9 0.021021295 
266 350 13 18 0.020990407 
231 225 7 9 0.02098276 
370 158 7 8 0.020979837 
226 240 7 9 0.020971201 
193 233 7 8 0.020950632 
991 199 7 9 0.020829538 
318 149 7 9 0.02081133 
856 260 9 10 0.020799564 
301 317 10 13 0.020791369 
489 318 8 11 0.020779487 
296 307 11 13 0.020776337 
198 290 11 13 0.020771625 
4 441 13 18 0.020734528 
842 255 7 10 0.020718385 
551 403 9 12 0.020695072 
344 279 8 11 0.020672692 
88 289 8 12 0.020653337 
873 214 8 10 0.02064841 
327 292 8 11 0.020636706 
880 313 9 11 0.020624746 
160 363 11 15 0.02049674 
93 337 11 13 0.020435933 
250 638 41 36 0.020396372 
256 286 8 10 0.020362351 
32 340 9 13 0.020303722 
440 190 6 9 0.020184381 
878 318 10 13 0.020156126 
975 261 9 11 0.020151682 
913 284 9 12 0.02012892 
303 134 7 9 0.020127293 
152 190 7 9 0.020125892 
426 233 8 11 0.020125195 
453 270 8 10 0.02009273 
95 300 8 10 0.020075785 
176 320 19 22 0.020068068 
407 324 9 11 0.020057635 
920 199 7 10 0.020042218 
184 233 7 9 0.020041686 
312 398 11 15 0.020011459 
