5_Car_Accident_Accident_5_202
31
821 74 16 22 0.9445165 
898 84 14 17 0.86090505 
743 88 17 22 0.6816552 
759 82 14 18 0.5982333 
989 72 21 24 0.47598603 
709 83 14 18 0.38988042 
967 149 12 16 0.31037867 
790 97 15 17 0.14831781 
721 195 136 152 0.13826235 
931 77 18 20 0.1323158 
792 80 9 12 0.12455075 
750 84 20 24 0.110760495 
966 65 17 20 0.09122905 
695 94 11 14 0.081635 
918 77 14 18 0.05603594 
958 136 15 18 0.051402215 
876 131 12 15 0.048192956 
793 84 13 16 0.04302266 
929 141 11 13 0.041490894 
963 141 13 17 0.037373137 
918 72 24 27 0.03426485 
930 85 17 19 0.030143484 
863 259 11 14 0.02873987 
883 101 12 15 0.026407735 
993 87 16 20 0.02622685 
916 60 14 17 0.024280252 
983 77 13 16 0.02402394 
917 67 15 19 0.022925286 
701 89 13 16 0.022750102 
942 40 15 19 0.022605335 
908 83 12 16 0.021506611 
