5_Car_Accident_Car_Crash_5_773
19
466 437 15 18 0.9409003 
629 445 14 16 0.92264867 
686 440 14 17 0.90476066 
396 430 14 17 0.903187 
326 412 14 19 0.9027307 
551 428 13 18 0.83854365 
721 476 11 16 0.30567884 
425 445 15 18 0.07489281 
938 470 22 31 0.056904588 
758 450 13 20 0.04560063 
440 505 9 11 0.033290263 
298 453 14 21 0.032919597 
516 285 10 12 0.03229053 
681 437 12 16 0.030116336 
328 368 10 12 0.024807904 
493 470 11 13 0.024779394 
816 444 15 19 0.021352898 
411 452 12 16 0.020798184 
713 477 13 18 0.020595923 
