5_Car_Accident_Accident_5_340
40
39 221 27 33 0.9963811 
195 233 23 30 0.9946419 
102 211 23 30 0.98708564 
984 34 27 34 0.9857303 
687 65 26 31 0.97178644 
266 213 19 24 0.960868 
884 50 24 30 0.92824453 
343 220 13 17 0.91646856 
167 205 16 21 0.87953967 
511 235 21 27 0.77109015 
847 109 24 33 0.76956207 
294 218 12 17 0.6909313 
952 97 29 31 0.5373419 
766 115 25 30 0.3642435 
4 204 10 12 0.13061374 
779 114 22 26 0.09571226 
554 96 16 22 0.08010798 
296 205 11 17 0.07873159 
390 159 10 12 0.07630497 
542 129 13 17 0.07253415 
299 211 11 17 0.057578396 
309 243 10 13 0.057037044 
349 238 11 15 0.049932953 
3 209 15 21 0.042186726 
3 227 15 20 0.0385869 
3 235 16 22 0.0374825 
187 203 13 16 0.037074223 
255 220 11 16 0.031264905 
54 252 13 17 0.029995956 
320 218 10 14 0.029450485 
948 101 19 23 0.028911415 
347 215 13 17 0.026842948 
309 222 12 15 0.026427733 
249 269 12 13 0.025677077 
374 164 10 13 0.025433937 
375 172 11 14 0.0244462 
252 209 13 20 0.023515712 
288 212 13 17 0.023330998 
495 92 10 11 0.022601062 
358 221 12 15 0.022314105 
