5_Car_Accident_Accident_5_628
118
267 278 27 33 0.99407035 
176 218 25 33 0.99057174 
327 218 24 27 0.9774244 
230 235 23 27 0.97584164 
157 311 26 36 0.97400236 
377 149 24 30 0.9689673 
856 204 24 29 0.9655737 
440 189 22 27 0.954676 
283 172 21 30 0.9294216 
44 153 21 26 0.9138645 
76 217 24 28 0.8679776 
937 288 26 32 0.8131224 
580 24 24 41 0.8102791 
915 237 21 29 0.77148217 
378 204 23 34 0.66103446 
940 333 27 37 0.5008554 
276 231 18 21 0.44747177 
333 189 23 28 0.30332935 
846 324 29 35 0.2897637 
885 338 29 39 0.24149103 
482 199 22 28 0.22249192 
372 90 22 25 0.17963383 
0 239 15 36 0.1707795 
99 317 29 35 0.16158459 
418 95 16 22 0.14544019 
332 205 25 30 0.13746963 
472 157 23 30 0.11395545 
896 214 21 26 0.110985205 
842 204 20 28 0.09370716 
92 351 33 36 0.08964436 
398 184 24 27 0.08958476 
955 524 14 17 0.08533224 
848 308 27 37 0.084903345 
2 163 18 23 0.0836237 
531 350 24 32 0.07974403 
198 269 25 33 0.079263344 
88 320 25 31 0.077646926 
801 200 19 22 0.07595243 
514 363 28 29 0.07524287 
729 350 32 32 0.07312237 
268 75 25 31 0.065421596 
377 53 24 29 0.06325846 
330 181 21 27 0.060270924 
904 493 25 27 0.056637164 
389 195 28 34 0.05609772 
586 271 28 33 0.051834837 
339 386 21 22 0.051055923 
1007 101 16 25 0.050043233 
956 334 27 40 0.048173904 
471 413 36 38 0.046673264 
366 383 29 34 0.04584305 
509 367 20 22 0.04583244 
722 339 27 36 0.045429297 
909 202 17 19 0.043768894 
33 267 24 27 0.042635318 
737 360 30 32 0.04234865 
278 128 18 21 0.04231941 
825 298 25 33 0.04091418 
1001 271 21 33 0.040555142 
108 396 61 76 0.040013164 
699 317 23 31 0.03919041 
484 174 23 29 0.03839282 
106 246 18 24 0.03801969 
481 429 27 31 0.034897808 
907 211 18 21 0.034558203 
79 326 26 33 0.034420278 
77 256 31 41 0.033558935 
907 194 18 19 0.033381414 
537 345 29 31 0.03294926 
338 419 28 36 0.032852106 
809 185 17 19 0.032519776 
342 188 26 30 0.03070064 
928 292 24 31 0.030486949 
923 414 17 17 0.030360335 
808 194 19 22 0.030108035 
803 269 34 42 0.029459229 
924 333 25 32 0.029240506 
228 104 17 21 0.028876241 
373 65 27 30 0.02862437 
877 269 25 32 0.028173093 
418 242 72 63 0.027384628 
204 105 22 30 0.026724396 
322 110 19 22 0.026541946 
588 30 30 43 0.026539113 
898 223 24 31 0.026328802 
839 296 25 37 0.026151026 
367 51 24 31 0.02610538 
579 265 23 32 0.025887981 
179 203 15 18 0.025159653 
597 259 26 31 0.024735162 
574 155 15 18 0.024714474 
99 355 19 20 0.023837037 
229 285 31 38 0.023438819 
776 212 22 31 0.023367904 
397 179 18 22 0.023258189 
836 209 18 25 0.023253456 
964 507 13 14 0.023128128 
39 191 14 19 0.02311775 
271 355 46 52 0.023013666 
967 190 24 32 0.022935646 
97 248 25 33 0.022919886 
25 195 15 18 0.022684898 
386 91 24 28 0.022626985 
88 328 41 48 0.02249338 
684 188 262 226 0.022436691 
746 138 16 18 0.022389762 
408 89 20 27 0.022244912 
409 191 19 22 0.02207379 
936 319 29 36 0.021991987 
911 353 32 41 0.021948664 
178 210 18 24 0.021812702 
810 260 28 32 0.021428 
923 262 23 27 0.021256173 
484 159 24 30 0.021026146 
662 295 30 37 0.020926641 
997 240 26 33 0.020875433 
927 240 18 23 0.020342413 
228 91 14 17 0.020250244 
