5_Car_Accident_Accident_5_777
50
759 149 13 17 0.9512577 
634 150 17 20 0.89511216 
500 143 23 26 0.8909827 
796 151 10 13 0.8510176 
825 152 14 17 0.83841234 
726 167 12 15 0.73292774 
527 147 12 15 0.51179177 
550 158 12 13 0.47660103 
599 169 12 15 0.3998439 
855 199 10 12 0.31541592 
951 169 14 17 0.23586895 
378 226 13 15 0.14157446 
885 162 16 18 0.13408546 
891 171 15 17 0.090267345 
538 169 17 21 0.08008892 
884 242 11 15 0.07280851 
988 209 9 11 0.06866911 
932 236 11 13 0.063151084 
381 237 12 13 0.06235295 
960 248 10 13 0.06163495 
978 254 15 20 0.057161123 
544 158 13 16 0.054099746 
943 170 12 15 0.05242871 
628 172 15 16 0.052359346 
593 166 12 15 0.047628887 
779 149 12 14 0.045855403 
749 162 11 14 0.043855716 
514 146 15 20 0.043259054 
424 235 12 14 0.038558763 
1013 252 10 16 0.037041213 
343 245 10 13 0.035718817 
913 162 10 15 0.031415973 
904 213 9 11 0.030985314 
93 294 20 22 0.028778799 
529 154 16 19 0.028657818 
532 163 17 19 0.028614705 
890 157 16 19 0.028469274 
880 162 12 16 0.028310217 
929 232 10 14 0.027844997 
604 174 14 19 0.02751155 
932 244 10 13 0.024555566 
775 154 12 16 0.02447314 
545 166 16 20 0.024336379 
349 244 12 13 0.023868507 
243 263 11 13 0.023804199 
681 164 14 19 0.023695579 
936 170 11 15 0.021891803 
528 167 23 27 0.021109222 
943 254 12 14 0.020675253 
819 198 12 14 0.020185845 
