5_Car_Accident_Car_Crash_5_38
29
832 234 11 14 0.7827251 
344 109 53 56 0.75564456 
916 236 10 13 0.72616994 
777 238 11 15 0.69600105 
0 228 21 35 0.6568492 
941 246 10 13 0.6553929 
69 268 15 18 0.45785978 
892 243 10 12 0.3968605 
896 221 10 12 0.060805473 
741 462 65 68 0.0554014 
880 221 10 12 0.04156473 
317 104 58 64 0.040590994 
928 246 8 10 0.039630257 
165 271 99 116 0.036338672 
862 247 10 12 0.03509571 
911 327 11 13 0.03188089 
877 238 10 12 0.02949633 
938 251 11 13 0.02904758 
111 197 11 13 0.029011225 
797 279 14 19 0.026899084 
877 228 11 13 0.02680614 
917 242 10 13 0.025721788 
737 245 14 19 0.02562814 
63 270 16 21 0.025460646 
369 105 34 44 0.022256022 
828 230 10 14 0.021778708 
578 219 26 35 0.021079743 
926 238 9 11 0.02100355 
302 79 53 60 0.0209037 
