5_Car_Accident_Accident_5_34
19
762 66 24 31 0.98911744 
526 69 14 19 0.9719345 
608 62 21 26 0.9639617 
690 49 21 27 0.9611007 
632 7 17 20 0.2919848 
407 60 11 14 0.16832179 
565 6 15 20 0.11260541 
714 53 24 29 0.098422654 
712 37 27 31 0.07413882 
701 46 24 31 0.03838075 
605 26 22 26 0.037605684 
550 46 14 20 0.037096106 
510 93 9 11 0.02894331 
480 74 10 13 0.025904167 
393 8 8 11 0.025840359 
94 77 11 13 0.024348544 
547 0 12 12 0.02353896 
715 24 27 30 0.022141486 
715 201 187 262 0.022025146 
