5_Car_Accident_Car_Crash_5_51
20
770 268 19 23 0.9740442 
518 236 11 13 0.50114733 
746 268 15 22 0.3889773 
704 254 18 22 0.28848737 
833 244 12 16 0.1555006 
275 244 13 19 0.081589654 
725 662 16 19 0.073039524 
848 291 23 26 0.04841157 
503 236 9 11 0.045861285 
46 169 315 540 0.042418875 
712 255 16 22 0.036892027 
734 266 18 24 0.03668975 
274 252 15 21 0.03626757 
644 693 11 13 0.034211796 
707 510 17 22 0.028443094 
271 238 12 15 0.027668104 
540 226 13 17 0.027143368 
700 259 17 23 0.022391262 
485 228 8 11 0.02084815 
628 689 13 15 0.020561894 
