5_Car_Accident_Accident_5_243
20
454 100 11 15 0.7594156 
390 112 11 13 0.536819 
477 106 10 13 0.44668323 
472 109 11 13 0.22595827 
416 126 11 12 0.07397272 
372 177 12 16 0.05534708 
439 103 9 12 0.05052961 
430 108 9 12 0.049806528 
421 117 12 14 0.041664995 
408 97 7 10 0.039980132 
384 127 9 12 0.03775241 
421 125 11 12 0.03762555 
470 87 9 12 0.03479093 
439 132 10 13 0.03422423 
422 110 12 14 0.026840508 
387 111 9 12 0.026303338 
900 508 10 13 0.02557826 
365 128 8 11 0.025441423 
389 128 9 11 0.02431782 
376 125 10 12 0.024244897 
