5_Car_Accident_Accident_5_460
80
111 313 21 25 0.9434225 
236 307 11 14 0.8182983 
158 307 11 18 0.6706605 
63 311 12 16 0.6218277 
128 291 13 15 0.5152871 
868 366 11 13 0.35259148 
918 352 10 12 0.31024852 
287 316 10 12 0.285299 
208 311 11 13 0.25869673 
216 96 8 10 0.2556559 
317 325 9 13 0.2533889 
182 312 10 12 0.24354067 
975 351 7 9 0.23756616 
319 113 7 9 0.19419356 
271 315 10 12 0.15313116 
2 295 14 21 0.13700372 
343 116 7 10 0.12745616 
317 319 9 12 0.12509947 
378 146 16 20 0.11676813 
417 143 9 12 0.11241396 
-1 309 12 22 0.10747809 
212 314 10 13 0.10182464 
250 105 7 10 0.10044462 
389 133 8 11 0.08453336 
309 141 11 14 0.08440875 
253 108 8 11 0.07561161 
339 142 11 15 0.073747516 
318 331 9 11 0.06801277 
245 120 9 11 0.06739036 
254 318 12 13 0.060926147 
204 123 12 14 0.049940374 
314 113 8 10 0.048689708 
309 344 9 12 0.047519993 
905 395 10 12 0.046831887 
425 136 7 11 0.046703275 
430 140 8 11 0.043796975 
422 141 9 12 0.043560375 
386 128 8 10 0.042781323 
304 343 10 12 0.042147208 
971 352 7 10 0.041489057 
-1 362 9 16 0.04123275 
313 117 8 10 0.040704235 
221 316 9 11 0.040454637 
89 335 17 20 0.040030297 
170 293 9 12 0.03913522 
875 366 11 13 0.039115604 
200 331 11 15 0.039034836 
468 141 9 12 0.0382676 
204 116 14 15 0.037575714 
341 134 9 10 0.037536934 
262 317 9 12 0.036757782 
180 332 12 17 0.034748714 
44 69 13 17 0.034567896 
924 355 11 13 0.034253865 
151 312 13 16 0.03187773 
894 357 11 13 0.029888434 
285 322 11 13 0.02942611 
199 118 13 16 0.02856832 
895 364 12 13 0.027945383 
315 142 11 13 0.027911069 
338 118 8 10 0.027729075 
213 115 11 13 0.02694619 
913 354 11 14 0.025437532 
248 317 11 14 0.025329357 
188 311 10 13 0.024730807 
181 323 13 17 0.024312843 
57 310 12 16 0.023694346 
164 303 11 16 0.022800181 
894 374 12 15 0.02254235 
206 110 14 15 0.022524282 
958 391 8 10 0.02151972 
923 406 15 16 0.021209689 
908 392 10 13 0.021151276 
300 359 10 13 0.021013683 
11 330 16 18 0.020895792 
-24 183 219 305 0.020210892 
296 340 10 12 0.020155994 
525 141 14 17 0.02010219 
888 358 10 12 0.020091632 
318 128 9 11 0.020028073 
