33_Running_Running_33_316
77
858 202 46 60 0.998543 
761 151 49 66 0.9974813 
403 185 44 55 0.9971607 
220 166 43 58 0.99702245 
628 184 43 56 0.9944748 
264 171 36 49 0.99113196 
354 172 41 55 0.98594075 
153 188 40 51 0.98588353 
526 222 38 52 0.9808255 
325 172 25 34 0.97838974 
854 113 15 20 0.9778698 
894 122 13 16 0.95719737 
573 131 13 17 0.9410656 
428 125 15 18 0.9327648 
718 138 14 17 0.9323691 
423 158 36 44 0.9141181 
184 131 16 20 0.9075072 
694 153 20 24 0.9036265 
102 156 16 20 0.8565837 
666 132 13 17 0.82339656 
480 231 32 36 0.82211053 
291 104 13 17 0.8157266 
914 134 12 15 0.8155956 
547 125 12 16 0.7374296 
412 108 10 13 0.67266124 
819 112 13 15 0.5939832 
327 108 9 12 0.43310893 
788 124 13 16 0.3310444 
269 129 11 15 0.2936422 
46 110 13 16 0.26773798 
217 103 11 14 0.24321155 
596 117 11 14 0.24249306 
36 109 16 18 0.21296474 
647 148 10 12 0.18302453 
824 131 10 13 0.18009977 
375 112 10 12 0.14105353 
477 143 12 16 0.14006129 
368 134 11 14 0.13713361 
471 130 11 13 0.13427377 
510 139 11 14 0.13085207 
469 214 32 39 0.1293801 
335 174 32 41 0.1013793 
463 125 10 13 0.09989392 
676 64 9 11 0.09527968 
326 135 12 17 0.08661927 
647 110 14 14 0.07729733 
652 125 12 18 0.07463837 
592 122 14 16 0.06348392 
385 102 7 9 0.06163484 
277 130 11 15 0.055031665 
312 180 25 38 0.050421786 
475 131 12 14 0.042775996 
506 133 10 14 0.04239746 
369 108 9 12 0.036828436 
825 110 12 14 0.035162613 
407 94 8 10 0.0348423 
381 111 8 11 0.03413523 
397 110 8 11 0.03409245 
640 108 12 15 0.033448406 
142 125 10 13 0.032299187 
892 157 11 13 0.0321892 
281 102 12 17 0.031251155 
920 235 9 12 0.03052442 
117 156 11 14 0.029904202 
827 126 10 14 0.029754726 
291 143 15 18 0.027760467 
271 120 12 14 0.025186414 
516 135 11 13 0.02419591 
367 104 8 10 0.022537004 
503 222 37 53 0.022332301 
307 191 23 34 0.021546565 
334 116 11 13 0.021342367 
342 116 10 13 0.02065873 
815 121 14 18 0.020629035 
457 122 11 15 0.020547902 
98 157 13 16 0.020508192 
389 102 8 10 0.020505367 
