33_Running_Running_33_266
68
484 250 49 61 0.9979924 
361 256 49 66 0.9958715 
239 221 44 57 0.99578816 
872 196 46 55 0.99510336 
184 173 43 47 0.99252945 
768 270 47 62 0.99118984 
93 255 50 62 0.99114966 
808 201 46 52 0.990991 
0 163 40 54 0.9909003 
746 213 45 53 0.98988146 
793 94 42 53 0.98943835 
611 123 42 51 0.9892889 
393 132 40 45 0.9839342 
883 130 46 51 0.97167236 
480 147 35 47 0.9709608 
246 158 45 51 0.9644568 
920 103 32 50 0.95766544 
661 196 50 38 0.9455043 
278 206 44 47 0.9415202 
512 175 46 45 0.92538196 
994 211 29 39 0.9187348 
34 166 30 40 0.90891194 
382 219 39 41 0.870142 
900 115 43 50 0.7280795 
642 323 53 34 0.7190574 
443 131 22 31 0.71408767 
54 140 35 47 0.57054317 
264 212 41 55 0.48848602 
128 189 34 35 0.46249244 
630 300 26 48 0.4132835 
490 155 40 51 0.372047 
357 153 34 40 0.3666596 
122 147 26 32 0.31872663 
227 151 24 34 0.31732625 
330 164 33 39 0.26789433 
268 128 27 33 0.18000986 
153 144 26 28 0.16493757 
348 112 11 14 0.118464865 
71 136 25 38 0.097268164 
112 149 22 29 0.09385086 
89 190 34 45 0.0712301 
428 130 25 37 0.05886037 
139 144 37 44 0.058270644 
136 139 26 34 0.05722597 
900 597 9 12 0.056702554 
343 95 8 11 0.05573878 
43 135 30 39 0.049138963 
258 184 46 52 0.046757806 
377 121 22 33 0.04248111 
129 156 30 34 0.03913269 
259 146 41 48 0.038905296 
115 114 14 17 0.03752829 
436 142 28 37 0.037273295 
314 146 23 34 0.035882924 
410 125 34 45 0.035105005 
148 140 19 22 0.03290632 
132 165 18 20 0.031358857 
160 151 26 36 0.030630657 
149 161 17 20 0.02876986 
324 156 26 37 0.027513126 
81 134 18 20 0.026859583 
376 230 47 56 0.026742296 
629 329 46 36 0.02614685 
855 595 10 13 0.023785565 
831 607 8 9 0.023323566 
102 146 22 30 0.022194428 
19 149 40 55 0.02111706 
82 144 25 35 0.02098544 
