33_Running_Running_33_786
108
505 125 31 36 0.9976131 
503 461 34 39 0.99611425 
916 452 22 29 0.9907575 
130 375 27 32 0.9839241 
520 240 31 33 0.9837605 
733 457 28 41 0.9832177 
314 372 16 21 0.96877295 
900 121 13 17 0.9652739 
331 252 20 22 0.9409592 
876 339 18 21 0.92053914 
952 113 16 21 0.88024646 
944 352 13 17 0.8710416 
701 124 27 30 0.86685306 
48 466 12 14 0.790957 
341 463 12 16 0.77133375 
90 456 12 16 0.70969445 
143 463 12 15 0.69921815 
976 340 12 19 0.6709436 
67 385 24 27 0.626485 
803 136 13 17 0.6119014 
281 227 15 21 0.6012296 
110 246 8 11 0.593719 
186 374 14 18 0.48919672 
889 339 14 17 0.4615284 
356 114 28 37 0.39733708 
707 349 27 36 0.36816186 
511 340 10 13 0.36211792 
847 137 8 10 0.35521373 
54 238 8 11 0.28924006 
48 237 9 11 0.2610192 
247 454 11 14 0.25048813 
921 133 8 10 0.21693715 
242 346 17 18 0.19662672 
762 142 15 20 0.15887725 
992 364 13 17 0.14982133 
549 336 10 13 0.108557194 
71 116 9 11 0.099129744 
135 248 7 9 0.08882488 
885 151 18 22 0.08222908 
55 243 9 11 0.0771753 
300 279 10 12 0.071107894 
146 472 14 16 0.070787005 
448 338 10 12 0.06819168 
112 252 10 12 0.06733062 
42 239 8 10 0.064874604 
227 239 16 21 0.0626053 
128 248 8 10 0.06136073 
45 243 10 13 0.05597962 
118 247 8 11 0.055971354 
345 466 12 15 0.054564632 
217 240 18 22 0.054197066 
268 330 13 16 0.053425394 
711 330 17 19 0.049013462 
110 241 9 11 0.048547007 
688 112 32 39 0.047487367 
533 393 13 16 0.04222648 
636 95 15 19 0.041780043 
747 108 18 24 0.04160966 
15 248 8 10 0.04155586 
78 127 11 15 0.040173322 
6 494 9 11 0.039324895 
682 116 24 32 0.038905416 
541 366 11 15 0.0388101 
873 142 11 14 0.038659263 
887 134 9 13 0.038237266 
268 337 14 19 0.03301848 
676 122 15 21 0.032283586 
365 334 14 17 0.03215683 
261 122 21 29 0.03097198 
926 127 8 11 0.03061938 
184 368 11 15 0.030367032 
117 253 8 12 0.030169768 
546 339 9 13 0.029581226 
79 384 18 22 0.029471947 
668 371 13 23 0.029068958 
641 287 19 23 0.028799335 
106 240 9 11 0.028335623 
879 135 9 13 0.02758075 
709 335 26 31 0.027565656 
950 126 11 18 0.026954824 
161 260 12 13 0.026270812 
135 252 8 10 0.026202809 
118 239 8 12 0.025618915 
670 237 13 16 0.025425186 
928 143 8 11 0.02524517 
861 100 10 12 0.02503516 
857 512 10 13 0.024919452 
16 496 9 11 0.024362933 
59 391 23 22 0.02366392 
75 102 22 28 0.023480648 
7 263 8 12 0.02325006 
263 266 17 22 0.022973586 
751 140 22 29 0.022754712 
979 340 19 25 0.022619044 
498 396 15 17 0.022594927 
244 219 19 24 0.022555504 
664 236 21 27 0.02223443 
113 259 10 12 0.021986827 
383 481 25 34 0.02194152 
973 226 15 16 0.021926401 
237 219 15 22 0.021490771 
746 153 15 21 0.021440212 
182 380 16 20 0.02107278 
537 390 17 20 0.021016318 
677 244 14 20 0.020672936 
871 133 11 13 0.020622576 
129 253 8 10 0.020503383 
242 452 11 14 0.02042564 
