11_Meeting_Meeting_11_Meeting_Meeting_11_587
429
804 320 16 23 0.9758612 
417 306 19 24 0.9629301 
7 181 12 15 0.9359289 
221 314 16 24 0.93339545 
158 253 13 17 0.9316414 
589 301 15 18 0.931151 
876 226 11 15 0.9220728 
734 251 15 19 0.9088304 
233 190 10 13 0.9018903 
275 309 17 20 0.9010592 
558 297 16 20 0.89294106 
316 238 11 16 0.87876874 
562 321 14 23 0.8676901 
191 241 10 14 0.8316152 
959 237 12 16 0.8264853 
436 324 15 20 0.82566696 
724 296 14 20 0.8204214 
194 186 12 15 0.8003982 
260 239 12 15 0.7671234 
544 220 9 12 0.7247482 
650 282 15 19 0.72084796 
850 289 14 18 0.71060747 
517 180 9 11 0.7034994 
915 258 13 15 0.67872936 
102 181 9 10 0.672696 
861 160 8 9 0.6599818 
57 184 9 11 0.651419 
362 168 8 11 0.6372935 
764 251 11 14 0.6358795 
773 270 13 17 0.6090772 
872 262 12 15 0.60590535 
494 220 8 11 0.5950787 
907 275 12 15 0.5925763 
526 247 9 12 0.5206988 
557 187 9 11 0.51535577 
1009 245 11 16 0.4913222 
544 255 8 9 0.4823145 
255 278 11 15 0.48222622 
760 151 7 9 0.47650918 
113 158 9 11 0.45908684 
206 159 7 10 0.457936 
380 392 21 33 0.45235896 
348 292 14 18 0.44851667 
240 130 7 9 0.43226382 
644 215 10 13 0.4228238 
272 167 10 13 0.42197436 
804 354 16 23 0.41916305 
569 232 8 11 0.41688216 
47 171 8 11 0.41260746 
736 156 8 10 0.3844132 
658 203 10 12 0.37811524 
238 171 9 12 0.3640624 
429 355 15 19 0.3604858 
261 189 8 11 0.35345578 
95 173 8 11 0.32910848 
573 172 9 12 0.31614855 
333 255 11 14 0.3127975 
519 204 8 11 0.30991617 
385 175 9 12 0.30132887 
165 164 9 11 0.30057675 
490 188 9 11 0.29942772 
200 275 12 15 0.29326144 
679 224 10 12 0.2588147 
777 174 6 9 0.25830683 
325 198 11 14 0.2577047 
238 148 8 11 0.24724025 
316 189 8 10 0.24689873 
304 172 8 10 0.24408743 
277 171 8 12 0.23860578 
1015 157 6 10 0.22759694 
770 162 7 9 0.2259019 
527 169 7 8 0.21358378 
425 160 7 9 0.2133528 
142 156 8 11 0.2125774 
816 259 11 14 0.2108371 
252 363 12 15 0.20073985 
927 263 11 14 0.20034263 
602 182 7 8 0.19447128 
751 215 8 10 0.19307832 
920 232 10 12 0.19220059 
205 207 9 12 0.19088025 
476 172 9 11 0.18961273 
375 350 11 12 0.18835318 
260 211 12 15 0.18669555 
144 190 8 10 0.18573663 
530 174 7 9 0.18412305 
428 223 11 14 0.1778257 
475 192 7 9 0.17753515 
910 161 8 10 0.17670178 
254 205 10 13 0.16979258 
461 165 7 9 0.16948578 
999 160 7 9 0.16764444 
121 168 8 11 0.1620768 
707 292 11 15 0.16102006 
352 200 9 11 0.15986069 
137 175 9 11 0.1575851 
612 370 14 21 0.15362386 
857 249 8 10 0.14651734 
445 181 9 12 0.14650488 
730 198 8 10 0.14032285 
321 203 10 12 0.13851334 
845 236 8 11 0.1350669 
185 151 8 10 0.13330472 
559 253 9 10 0.1323707 
559 248 8 10 0.13218674 
416 165 7 9 0.13119082 
229 242 10 14 0.12815025 
746 185 7 8 0.12810472 
424 229 11 14 0.12747587 
571 236 10 12 0.12499845 
350 285 14 18 0.12435135 
389 360 11 13 0.122360565 
711 207 9 11 0.12151727 
872 254 10 13 0.12039821 
403 402 25 34 0.119388185 
490 174 8 11 0.11926943 
471 128 8 9 0.11231087 
262 184 8 11 0.10900787 
792 159 7 8 0.1075727 
686 228 8 11 0.10672969 
216 152 7 9 0.10627737 
942 259 10 12 0.106177256 
671 221 9 11 0.10550425 
313 166 10 13 0.1053841 
934 262 9 12 0.10388931 
303 150 7 9 0.102485254 
303 216 9 12 0.10221705 
318 172 9 11 0.101557635 
646 140 6 9 0.10006123 
496 129 6 7 0.09991594 
658 285 14 15 0.09580714 
485 245 8 10 0.09378506 
728 205 8 11 0.092313476 
573 190 7 10 0.08813438 
1013 261 10 16 0.08777567 
716 371 11 16 0.08606703 
554 185 8 11 0.08371028 
934 253 9 12 0.08264755 
297 376 16 20 0.08252457 
320 158 7 9 0.082439154 
376 181 9 11 0.08011399 
416 181 8 10 0.07975938 
965 265 8 11 0.079511695 
520 253 9 11 0.07870554 
928 252 10 12 0.0771542 
447 177 7 9 0.07659859 
657 221 8 11 0.07401771 
616 184 8 9 0.07316159 
528 208 7 9 0.07201111 
753 207 8 10 0.07167012 
314 260 11 14 0.07103014 
268 271 11 13 0.07081408 
554 168 7 9 0.066942215 
389 179 9 11 0.066378705 
664 219 9 12 0.06631162 
586 137 6 8 0.06619933 
736 227 10 12 0.06569258 
353 297 14 16 0.065016046 
605 177 7 9 0.0650086 
629 191 10 11 0.064992644 
605 181 8 10 0.06386035 
488 184 9 11 0.063837364 
534 183 7 9 0.06278309 
738 245 13 18 0.062342905 
711 341 11 15 0.06218406 
368 207 8 10 0.061719477 
799 244 9 12 0.061589547 
431 207 7 9 0.06113984 
904 142 8 11 0.060908925 
530 213 7 9 0.05973303 
888 213 8 11 0.059500623 
533 176 7 9 0.05940844 
688 350 9 12 0.058474664 
745 188 8 10 0.058415513 
891 294 12 14 0.056913972 
897 213 9 12 0.056075122 
166 190 10 13 0.05528041 
512 256 8 10 0.0546108 
894 254 10 13 0.054555625 
704 300 11 15 0.05434751 
309 171 10 12 0.0541814 
742 222 9 12 0.053645093 
394 260 8 13 0.05335467 
142 183 9 11 0.053251795 
706 191 7 9 0.052779134 
368 150 7 10 0.051666696 
745 214 8 10 0.051207047 
552 248 8 10 0.050932698 
761 215 8 10 0.050347272 
550 253 9 11 0.050022203 
876 255 11 14 0.049735382 
288 203 11 12 0.049220618 
596 293 11 15 0.04839849 
849 175 8 10 0.048341356 
77 237 10 12 0.04770373 
629 196 9 12 0.04753891 
759 173 7 9 0.047207613 
447 215 9 12 0.047062974 
488 168 7 9 0.046951007 
821 279 9 12 0.046848852 
749 183 7 10 0.046753533 
260 280 12 15 0.04624136 
417 239 9 12 0.046197165 
515 335 12 16 0.046011325 
487 240 9 11 0.04565757 
334 384 12 14 0.045352135 
672 177 7 9 0.04488203 
237 272 9 12 0.04472459 
458 192 8 10 0.04459101 
278 332 13 16 0.044286765 
422 235 11 15 0.044051144 
914 208 7 9 0.0438078 
353 220 8 11 0.04336412 
192 166 7 8 0.04314234 
496 158 7 9 0.043003675 
327 193 10 12 0.04295206 
533 246 8 10 0.04283258 
657 169 8 10 0.042579405 
14 212 9 12 0.04251076 
718 207 9 11 0.041957736 
224 237 12 15 0.04174207 
272 197 10 12 0.041656613 
322 154 7 8 0.04055092 
901 220 8 11 0.0405182 
580 253 9 12 0.040388346 
427 234 13 16 0.040103056 
441 189 8 10 0.039453533 
313 186 8 10 0.038103204 
250 204 8 12 0.03778118 
951 256 8 11 0.037738655 
729 194 8 9 0.037668243 
364 291 12 16 0.03754014 
855 348 14 19 0.037015606 
559 141 6 8 0.03700593 
555 142 6 9 0.03679871 
635 268 11 14 0.036781687 
924 234 9 12 0.036661282 
464 65 9 11 0.03663682 
545 276 10 13 0.036611415 
247 164 8 11 0.036607135 
209 153 7 9 0.03608618 
912 231 9 12 0.03601832 
336 166 8 11 0.0360084 
481 160 7 8 0.035972696 
216 156 7 10 0.03583639 
125 255 9 11 0.035776533 
364 171 9 12 0.03560883 
503 167 6 9 0.035439882 
901 246 8 10 0.035411738 
497 167 7 9 0.035211444 
318 186 8 9 0.035139013 
753 199 7 9 0.034980178 
493 184 8 10 0.034845132 
357 199 8 11 0.034828644 
655 296 15 17 0.03482326 
496 257 8 10 0.03459429 
753 175 7 9 0.034567945 
377 191 9 11 0.034350507 
955 237 10 14 0.034279823 
901 253 10 12 0.034123704 
328 169 8 11 0.03399094 
470 244 8 12 0.033852216 
463 182 7 9 0.033664614 
554 174 7 9 0.033596285 
422 164 8 10 0.033383586 
308 217 9 11 0.033217296 
462 192 7 10 0.03319051 
267 214 10 13 0.033102013 
679 216 9 11 0.032343827 
126 172 8 11 0.0323365 
262 218 11 13 0.032322653 
272 191 9 11 0.032319386 
918 206 8 11 0.032234866 
10 212 8 12 0.03220169 
697 229 8 11 0.03209296 
280 158 7 9 0.032066662 
643 138 7 9 0.031866696 
263 174 8 10 0.03176822 
931 267 11 13 0.03174872 
896 209 8 10 0.031706493 
917 264 13 16 0.03106422 
278 292 14 14 0.030747922 
557 174 8 11 0.030707803 
888 255 9 12 0.03065896 
544 250 9 10 0.030501798 
712 225 8 11 0.030366497 
173 191 8 11 0.030134622 
326 157 7 9 0.030013924 
761 147 7 9 0.029957006 
338 255 11 13 0.029896567 
466 215 7 10 0.029789956 
107 181 9 11 0.029727241 
288 183 8 10 0.029725557 
617 230 8 11 0.029360717 
473 196 8 10 0.0293054 
314 160 7 10 0.029302912 
669 216 9 12 0.029201154 
257 183 10 13 0.029154027 
142 195 9 11 0.028930768 
871 249 9 11 0.02891502 
378 176 8 11 0.028747002 
566 246 9 12 0.028713308 
201 165 8 10 0.028649405 
232 212 10 12 0.028606648 
914 213 7 10 0.028605072 
390 169 8 10 0.02849118 
949 260 8 11 0.028434489 
91 173 8 10 0.028420663 
333 198 9 12 0.028397065 
896 245 10 12 0.02826754 
439 220 9 13 0.028075177 
233 144 9 12 0.028053302 
192 161 6 9 0.027809568 
295 191 8 11 0.027769674 
903 207 8 10 0.027752515 
328 257 13 16 0.027742146 
239 275 10 13 0.027725535 
857 215 8 10 0.027641285 
695 143 7 9 0.027632494 
735 193 7 9 0.027516462 
759 199 7 9 0.02731469 
293 198 9 11 0.027283652 
236 193 10 13 0.02727452 
709 191 8 10 0.027227746 
513 177 9 11 0.027134934 
235 133 7 10 0.027124366 
731 303 14 16 0.027099457 
655 322 13 16 0.027028712 
536 240 7 10 0.02702026 
164 182 11 13 0.027017236 
625 215 8 10 0.026918711 
505 176 7 9 0.026895128 
706 198 7 10 0.026801761 
336 181 9 10 0.026685214 
268 238 10 13 0.026578633 
480 184 8 10 0.026509976 
712 378 11 15 0.026303777 
703 150 7 9 0.026290104 
584 184 6 8 0.026108243 
125 267 13 15 0.025950726 
630 166 7 9 0.025907872 
270 204 10 12 0.02587436 
857 197 9 10 0.025866676 
136 168 9 11 0.025793692 
455 176 7 8 0.025439495 
441 215 9 11 0.025316887 
999 285 8 10 0.025263011 
781 174 7 9 0.025220938 
530 182 8 10 0.025180316 
861 247 9 12 0.0250708 
276 252 11 15 0.025022084 
123 261 12 15 0.024927627 
377 198 8 11 0.02484388 
523 167 7 8 0.024742972 
944 150 7 9 0.024565486 
295 174 8 9 0.024510043 
477 195 9 11 0.024419984 
750 189 7 11 0.024410816 
346 200 8 11 0.024370678 
639 207 8 10 0.02432557 
515 204 8 11 0.024276685 
504 257 8 11 0.024274014 
527 241 9 13 0.024241874 
889 239 8 11 0.024225006 
491 216 8 12 0.024183504 
323 238 11 14 0.024165822 
374 228 9 11 0.024046177 
1000 403 24 37 0.024005445 
275 320 18 22 0.024003424 
394 361 14 16 0.023917304 
806 239 8 12 0.023913085 
807 245 8 10 0.023758728 
820 256 12 14 0.023723671 
423 176 8 10 0.023628572 
919 248 9 12 0.023616826 
629 215 9 11 0.02361566 
206 198 9 12 0.023592021 
501 221 8 11 0.023405666 
298 150 7 10 0.02340246 
701 230 9 11 0.02332536 
253 199 9 12 0.023285707 
248 278 11 15 0.023250358 
431 352 23 26 0.023229782 
204 280 12 17 0.023131948 
787 314 15 20 0.023127671 
298 214 9 12 0.023074888 
472 132 8 10 0.023044432 
759 156 7 9 0.023042277 
616 284 10 14 0.023026824 
497 152 8 10 0.02299879 
832 199 6 9 0.0229916 
694 224 8 11 0.022888878 
574 248 9 10 0.022876864 
592 245 8 10 0.022803087 
568 183 8 11 0.022704495 
112 162 9 12 0.02269609 
593 240 8 10 0.02249628 
575 184 8 9 0.022492304 
237 212 11 13 0.022481114 
315 252 13 17 0.022436697 
760 247 19 23 0.02240379 
376 224 8 11 0.022392929 
621 245 12 16 0.022279516 
690 144 7 10 0.022178126 
830 275 11 13 0.022164553 
298 159 6 10 0.022136955 
861 318 9 12 0.021928446 
198 195 12 14 0.021928377 
12 176 11 15 0.021718908 
245 149 9 11 0.021635307 
185 155 8 11 0.02152661 
768 183 6 9 0.021474894 
599 191 8 10 0.021361753 
423 220 20 25 0.021348014 
719 213 8 11 0.02115041 
165 173 10 12 0.021085938 
25 190 9 11 0.020984842 
345 204 8 10 0.02087098 
824 239 8 10 0.020825353 
278 204 9 12 0.020588214 
71 192 7 9 0.020423211 
710 198 8 11 0.020374948 
744 208 8 11 0.02035517 
740 300 12 16 0.020332629 
431 214 9 11 0.020292453 
267 168 8 10 0.020273365 
874 152 7 9 0.020205123 
223 204 9 12 0.020137545 
692 343 10 12 0.020086039 
