11_Meeting_Meeting_11_Meeting_Meeting_11_702
160
441 296 52 63 0.9991604 
747 317 60 72 0.9989016 
717 164 28 33 0.9979049 
792 186 36 42 0.9978264 
624 191 30 39 0.99779105 
889 163 36 37 0.9974503 
408 201 30 37 0.99722666 
417 238 39 46 0.9965371 
579 177 24 31 0.99614644 
375 184 27 32 0.9959948 
822 151 27 33 0.9957218 
889 242 48 54 0.99399215 
669 149 21 26 0.9934284 
120 212 27 28 0.9924871 
914 119 19 24 0.9873596 
678 256 43 51 0.9865942 
21 193 29 31 0.9857458 
960 181 40 43 0.9848645 
768 135 22 28 0.9842443 
1 298 44 40 0.98422825 
402 142 17 22 0.98374116 
782 109 13 18 0.9836774 
805 122 15 19 0.9836686 
860 128 18 21 0.98305327 
714 131 19 23 0.9812826 
330 131 16 21 0.97800326 
944 144 23 27 0.9768425 
508 132 15 21 0.9765866 
684 123 17 22 0.9741474 
374 127 16 20 0.9728607 
544 159 20 26 0.9726036 
479 129 15 20 0.97010976 
0 212 19 33 0.96853805 
945 113 17 20 0.96678644 
359 166 21 27 0.96476173 
618 139 20 25 0.9571896 
45 171 27 28 0.9541184 
981 100 12 14 0.9479188 
879 108 14 18 0.9468545 
751 112 13 17 0.9457206 
899 101 11 13 0.937843 
835 118 13 17 0.93065035 
984 127 23 26 0.9183002 
699 107 11 14 0.91719997 
526 140 19 25 0.90926725 
658 123 15 20 0.9036169 
813 95 12 15 0.8982783 
346 157 15 20 0.8561249 
571 128 13 16 0.7812526 
751 71 8 11 0.60437495 
999 106 12 14 0.48318732 
915 70 11 13 0.47725728 
632 119 10 12 0.45733437 
924 101 10 13 0.45112103 
800 75 10 12 0.44798887 
1012 112 11 16 0.4247141 
345 191 10 13 0.3388988 
521 219 15 17 0.3360438 
533 121 13 15 0.23289053 
774 72 9 12 0.2195999 
323 181 12 17 0.19832 
881 133 11 15 0.17462353 
1006 108 12 15 0.1473113 
970 155 16 18 0.14467524 
343 267 30 31 0.14186159 
604 131 12 16 0.14128613 
936 92 8 11 0.13384219 
643 132 11 14 0.13334805 
769 72 9 11 0.10914889 
605 162 17 20 0.101952724 
609 168 18 25 0.08752708 
997 112 13 16 0.07502296 
651 144 17 20 0.07237229 
56 183 18 21 0.07174093 
722 96 8 11 0.06599765 
791 76 9 11 0.057596788 
979 155 16 19 0.05663553 
1012 122 12 19 0.056419037 
364 172 24 31 0.055698615 
758 59 9 11 0.05304678 
783 72 8 11 0.052090403 
661 145 20 27 0.05092303 
814 77 8 11 0.048740536 
926 85 9 11 0.047640264 
339 214 11 15 0.045299012 
725 101 9 12 0.04518615 
461 122 12 15 0.044535726 
919 85 10 13 0.044225287 
911 87 11 14 0.043369815 
804 73 10 11 0.042522445 
883 135 14 18 0.04249791 
785 93 10 12 0.041133698 
978 140 22 27 0.040223103 
532 196 22 27 0.040095102 
4 203 23 38 0.03999383 
702 123 12 17 0.038469173 
353 223 10 13 0.038343567 
187 239 17 20 0.038072083 
853 116 12 15 0.037791364 
168 412 28 29 0.037627798 
728 109 9 12 0.036971834 
472 102 8 10 0.035466168 
927 95 10 14 0.03495881 
669 117 10 13 0.03494363 
20 204 25 36 0.034730453 
843 117 13 16 0.034181338 
644 137 16 20 0.033828977 
785 77 8 10 0.032841485 
474 195 24 28 0.031415492 
525 209 22 27 0.02985944 
930 139 14 19 0.02920409 
557 134 13 16 0.028721385 
966 108 11 14 0.028706241 
538 118 11 14 0.028566062 
733 110 9 12 0.028138276 
339 247 12 15 0.027790602 
496 126 9 14 0.027735528 
604 146 14 18 0.027485887 
352 155 17 19 0.027411118 
789 87 10 12 0.027365267 
784 87 10 12 0.026929365 
790 130 12 18 0.026807178 
966 65 9 11 0.026307633 
768 102 9 13 0.026241805 
823 117 10 14 0.026142249 
38 173 18 22 0.026069218 
344 181 12 16 0.025751466 
637 125 12 15 0.025585748 
351 245 14 15 0.025168322 
350 131 13 15 0.025160743 
768 109 9 13 0.024995659 
457 102 8 10 0.024956122 
919 94 10 12 0.02483101 
447 101 7 10 0.024755523 
440 101 9 10 0.024692466 
810 158 23 29 0.024656624 
725 115 12 14 0.024483606 
974 124 12 15 0.02407072 
352 162 19 27 0.023926975 
363 373 24 30 0.023623645 
973 118 12 15 0.023588452 
618 174 16 21 0.023568742 
336 251 11 14 0.023554418 
462 102 8 10 0.023340538 
454 121 13 16 0.023312 
943 87 9 12 0.022880264 
610 148 23 26 0.02210486 
447 123 11 13 0.022015154 
917 65 11 12 0.021723527 
734 117 11 13 0.021505838 
990 116 13 15 0.021402625 
752 61 9 12 0.021356585 
991 109 12 14 0.021101587 
528 123 12 15 0.02107846 
982 116 13 16 0.021069665 
700 159 15 22 0.020836074 
527 118 11 14 0.02082102 
719 110 10 13 0.020721782 
965 102 11 14 0.020566491 
880 125 12 16 0.020265205 
