11_Meeting_Meeting_11_Meeting_Meeting_11_507
273
131 361 30 39 0.99571276 
75 402 36 47 0.9947024 
55 252 28 36 0.99407554 
821 357 27 35 0.9909436 
901 408 40 51 0.97720724 
750 236 13 18 0.9673267 
192 241 17 21 0.96706665 
875 288 16 19 0.95469576 
845 301 18 21 0.9458752 
685 284 14 18 0.93893826 
775 231 12 17 0.93157774 
707 314 16 23 0.9272283 
283 289 14 17 0.9270573 
241 234 14 18 0.91414315 
662 283 13 16 0.9139734 
889 305 20 24 0.9007135 
866 356 18 33 0.8615691 
254 304 15 20 0.8563456 
649 276 11 14 0.85479736 
1011 249 13 20 0.8501396 
961 246 14 17 0.84267575 
309 284 13 16 0.7824047 
198 359 19 26 0.7311964 
977 353 24 26 0.73059636 
812 246 15 19 0.7232319 
631 263 8 12 0.6563103 
736 323 13 20 0.6462922 
148 295 17 20 0.6399245 
522 240 7 10 0.6387911 
600 255 8 10 0.53063995 
275 428 21 23 0.5260842 
697 300 15 20 0.5224039 
675 386 17 19 0.51501864 
764 223 10 13 0.50927323 
895 322 19 22 0.4892838 
661 255 9 12 0.46417767 
297 230 11 14 0.45157912 
215 273 13 16 0.44801876 
332 272 10 13 0.4090887 
961 223 9 12 0.33041576 
886 269 14 17 0.31356367 
1004 228 10 13 0.31288418 
271 270 13 14 0.30528972 
353 260 9 12 0.3038868 
458 245 7 9 0.26738068 
731 274 13 16 0.26562572 
592 279 8 10 0.25000718 
616 257 7 9 0.24174581 
916 354 21 27 0.23248415 
682 339 9 12 0.21824493 
378 253 9 11 0.21110809 
545 269 8 10 0.19370236 
936 371 14 16 0.18964344 
268 363 13 19 0.16232224 
900 230 10 12 0.1609513 
343 260 8 11 0.15609914 
392 249 7 10 0.1416166 
236 321 19 23 0.13897039 
258 261 10 13 0.13759692 
693 352 10 13 0.13658209 
325 246 9 12 0.13385983 
735 246 9 11 0.13162355 
626 262 9 12 0.12930824 
684 258 10 14 0.12309512 
312 390 14 17 0.12096346 
647 253 9 12 0.11204275 
924 237 12 15 0.11160608 
558 285 8 11 0.10746139 
708 359 12 16 0.10642298 
708 419 14 17 0.10614958 
658 259 9 12 0.10498468 
667 340 10 12 0.09353123 
734 240 9 10 0.0877007 
529 261 9 11 0.085531436 
585 252 8 10 0.08526045 
317 267 9 12 0.08299056 
914 366 17 22 0.081550516 
592 253 8 10 0.07952716 
157 350 20 28 0.07921972 
310 347 10 13 0.07823807 
604 256 9 10 0.077663094 
744 223 9 12 0.07694865 
312 262 9 13 0.07691234 
322 244 9 12 0.07430337 
338 261 8 10 0.073709354 
637 262 9 12 0.07139165 
984 243 13 17 0.07103577 
1011 278 12 23 0.07073156 
974 229 11 12 0.070304625 
607 311 7 10 0.069637045 
377 300 10 12 0.06599392 
910 275 14 19 0.06593769 
920 231 9 11 0.06571878 
326 251 10 12 0.06540374 
352 223 7 10 0.06352136 
312 255 8 10 0.0613361 
377 250 7 9 0.0593243 
749 356 18 22 0.059089947 
801 346 17 21 0.05791098 
648 249 8 9 0.057029158 
593 303 8 11 0.056471437 
747 309 16 19 0.056235634 
207 416 13 17 0.0523683 
551 232 7 9 0.05207201 
792 309 14 16 0.05140272 
105 352 17 23 0.050044637 
690 289 15 18 0.049765997 
241 313 21 26 0.04906031 
671 270 9 10 0.048953693 
406 249 8 10 0.047527384 
244 261 11 14 0.047453452 
328 239 8 10 0.047228985 
434 254 7 9 0.047130603 
734 252 12 14 0.04703772 
513 253 7 10 0.046488162 
879 254 11 13 0.04646719 
641 254 8 11 0.045792688 
575 295 8 10 0.04562891 
717 365 12 17 0.045625407 
601 319 8 10 0.04552209 
426 263 8 11 0.04543939 
201 441 15 16 0.045152705 
489 231 7 10 0.044183653 
970 321 13 19 0.043639068 
273 253 10 12 0.043202557 
767 411 15 16 0.04292103 
789 316 15 18 0.04280502 
566 263 8 10 0.0426288 
358 256 8 10 0.041280314 
6 309 14 17 0.040563837 
321 241 7 10 0.04038911 
590 283 8 10 0.040269934 
964 226 12 14 0.040268563 
584 295 8 9 0.040248167 
342 303 10 12 0.04019287 
398 310 7 9 0.040152233 
727 253 10 13 0.039968405 
288 244 9 12 0.039421193 
561 264 8 10 0.03819022 
656 282 12 16 0.038111094 
780 323 16 18 0.038091447 
167 276 11 15 0.037927486 
696 389 11 15 0.037877955 
632 255 8 11 0.03757538 
368 297 8 11 0.037434537 
276 364 13 18 0.037323046 
559 247 6 9 0.037157264 
333 323 11 13 0.036958057 
567 269 8 10 0.036470715 
408 271 8 11 0.03605863 
959 356 13 17 0.0354377 
883 263 14 17 0.03530914 
646 258 9 12 0.035112634 
902 259 14 16 0.035061523 
617 295 9 11 0.034112316 
749 222 9 12 0.033959854 
276 259 10 14 0.033513032 
272 262 12 15 0.03333386 
666 278 13 16 0.033239216 
256 356 23 28 0.033120994 
671 254 9 11 0.03297786 
137 277 16 18 0.032946065 
434 248 7 9 0.032915276 
880 283 16 19 0.032833893 
630 304 8 10 0.032769635 
429 263 9 12 0.032365814 
422 288 8 10 0.03204629 
400 248 8 9 0.031901285 
1000 224 10 12 0.031731896 
696 152 8 9 0.0314508 
602 295 8 10 0.03120353 
495 239 7 9 0.03102717 
343 269 10 13 0.030892722 
935 273 13 16 0.03085664 
584 279 9 11 0.030789476 
257 255 10 13 0.030642072 
662 249 9 11 0.030598778 
351 240 7 9 0.030462286 
393 305 8 10 0.030088505 
583 286 9 11 0.030046288 
630 248 7 9 0.029737512 
793 409 11 15 0.029490452 
439 262 9 11 0.029420769 
964 236 15 17 0.029155111 
599 303 7 10 0.028895408 
546 232 7 9 0.028808778 
268 326 14 18 0.02839042 
219 317 13 16 0.02805718 
652 272 10 14 0.028031817 
108 341 24 31 0.027453594 
334 238 7 9 0.027316434 
772 328 17 20 0.027183875 
284 407 11 14 0.027126905 
739 360 16 22 0.027094323 
770 234 11 15 0.027086979 
728 295 12 15 0.02704779 
318 347 12 14 0.027007623 
616 300 9 11 0.026656454 
606 260 9 11 0.02664533 
498 246 8 11 0.026481358 
247 306 16 19 0.026393862 
565 216 8 10 0.026375841 
837 343 16 21 0.025975412 
953 246 12 14 0.025972687 
351 267 9 12 0.025869109 
384 237 7 9 0.025862135 
949 267 14 18 0.025581693 
576 278 8 10 0.025546303 
607 303 7 10 0.025527809 
775 285 13 19 0.025505485 
305 262 9 13 0.025423076 
502 248 8 10 0.025307225 
172 291 11 15 0.025175773 
380 295 11 14 0.0251474 
350 327 9 10 0.02491903 
606 317 7 10 0.024827246 
976 340 23 26 0.024192093 
351 229 7 9 0.024190348 
866 346 16 28 0.024168864 
733 258 12 15 0.024159933 
569 279 7 10 0.02390311 
941 267 13 16 0.023780504 
924 232 10 13 0.02357024 
664 337 9 11 0.023525443 
714 311 15 20 0.023450796 
463 255 8 10 0.023343643 
384 285 10 11 0.02327468 
592 273 9 10 0.023248162 
670 438 9 11 0.023178065 
623 301 9 10 0.023091715 
701 150 8 10 0.02300031 
590 296 8 10 0.022941835 
903 325 18 20 0.022906886 
560 268 9 11 0.022829277 
994 220 8 11 0.02280131 
616 287 8 10 0.022700936 
143 354 24 35 0.022588717 
167 281 15 20 0.022530893 
631 316 9 12 0.022469923 
678 268 10 13 0.022455819 
255 264 12 16 0.022450177 
973 243 12 16 0.022294331 
544 237 8 11 0.022151627 
987 239 11 14 0.021997616 
700 295 13 17 0.021913243 
689 237 8 11 0.02187056 
930 238 12 15 0.021744475 
791 235 11 15 0.021716738 
296 226 10 12 0.021657988 
560 254 6 9 0.021482976 
293 356 12 15 0.021396037 
956 271 16 19 0.021353357 
360 276 11 14 0.021336382 
723 368 13 17 0.021315373 
773 169 13 16 0.021251764 
638 267 9 11 0.02121147 
283 369 15 18 0.021195028 
638 350 10 11 0.021182733 
166 487 12 14 0.021034023 
623 255 8 10 0.021008259 
808 349 22 30 0.02084745 
800 220 12 16 0.020764101 
326 262 9 10 0.020741645 
525 244 8 10 0.020589326 
912 267 18 25 0.020586567 
437 247 8 9 0.020580737 
922 366 16 21 0.02057344 
745 322 15 19 0.020424098 
700 379 16 18 0.020313583 
646 350 10 12 0.020187614 
1001 277 19 28 0.020157428 
461 242 8 10 0.020031272 
438 268 9 13 0.02002108 
