11_Meeting_Meeting_11_Meeting_Meeting_11_385
107
941 246 52 79 0.99918526 
159 209 30 45 0.9953661 
769 211 41 51 0.9915393 
35 259 47 74 0.99032927 
712 170 26 35 0.9892134 
659 162 23 28 0.98694754 
831 90 26 33 0.98175794 
72 219 38 59 0.9798868 
282 180 22 33 0.96853685 
600 146 11 15 0.96245724 
361 153 16 22 0.9571475 
834 217 38 47 0.95588565 
432 103 8 11 0.94852626 
910 162 16 19 0.94545287 
773 146 14 17 0.9380603 
805 176 22 35 0.9330913 
644 157 13 18 0.918197 
298 168 17 24 0.8976059 
962 166 15 18 0.8684349 
577 108 8 10 0.81781054 
454 148 12 15 0.8113511 
756 146 12 15 0.7963984 
703 112 10 12 0.7713691 
736 99 8 11 0.71085715 
618 147 14 16 0.6599185 
384 149 12 16 0.656696 
826 208 33 44 0.6260534 
792 138 10 14 0.6082698 
491 180 9 13 0.60054904 
794 164 15 20 0.5564916 
525 104 9 12 0.5324075 
515 116 11 13 0.45431393 
663 131 9 11 0.45247215 
736 137 9 12 0.41967946 
971 163 14 19 0.37281606 
1010 170 14 22 0.35098085 
652 142 10 12 0.28784105 
198 262 21 32 0.274709 
751 144 11 14 0.22416192 
711 109 10 13 0.2169391 
549 108 10 13 0.14314067 
584 149 8 12 0.13162859 
709 138 12 15 0.12004969 
434 174 9 12 0.11930409 
766 146 13 17 0.115753755 
885 178 13 16 0.10370651 
518 109 12 14 0.095449634 
377 171 10 14 0.08788691 
715 158 18 20 0.081519894 
819 196 26 39 0.08143646 
662 140 12 15 0.06707617 
814 180 25 34 0.06593744 
550 192 8 11 0.06554236 
512 112 11 13 0.064596474 
581 175 9 12 0.06099518 
814 111 9 11 0.058434293 
576 180 10 13 0.055412605 
504 119 9 12 0.05404131 
742 142 10 12 0.053948015 
409 177 10 11 0.05380846 
652 145 13 17 0.052421935 
933 182 12 15 0.050607014 
437 168 10 13 0.04998374 
564 186 10 14 0.049032897 
592 136 9 10 0.047364246 
804 170 16 27 0.046318706 
732 225 29 33 0.044939376 
290 174 18 26 0.043550517 
309 115 11 13 0.042684693 
626 147 12 15 0.042370237 
779 141 12 16 0.04093265 
318 115 9 13 0.03996906 
650 156 14 18 0.039210923 
325 188 10 14 0.03670935 
457 189 11 16 0.036012623 
629 141 10 13 0.033686094 
555 108 12 14 0.033315923 
813 380 62 43 0.03275285 
399 182 10 12 0.032605577 
503 104 9 11 0.032044057 
657 134 10 11 0.031688355 
885 155 9 13 0.030147264 
789 168 22 28 0.02991855 
813 115 10 15 0.029758304 
550 114 10 13 0.029675122 
529 158 8 10 0.029329656 
630 136 9 11 0.028345807 
330 315 48 62 0.027168877 
508 111 20 23 0.026414828 
707 114 10 14 0.026166838 
209 311 25 28 0.025816817 
326 197 12 17 0.025766369 
714 141 12 14 0.025300885 
790 142 13 17 0.0243258 
590 171 11 14 0.023071427 
808 124 11 15 0.022763163 
813 123 12 17 0.022682108 
331 162 11 14 0.022362767 
46 226 48 65 0.02180981 
606 204 15 18 0.021777311 
349 310 28 30 0.021527477 
787 135 10 13 0.021417478 
785 165 14 16 0.021158485 
504 109 9 11 0.021013428 
431 178 9 13 0.020733356 
801 164 15 21 0.020604689 
511 121 12 14 0.020394955 
