11_Meeting_Meeting_11_Meeting_Meeting_11_441
45
648 290 30 39 0.99811244 
554 280 26 32 0.9959306 
402 278 25 37 0.99524164 
463 276 23 31 0.99296194 
253 306 28 45 0.9909875 
731 289 26 42 0.9884255 
139 359 37 69 0.97963244 
737 334 26 36 0.9640252 
377 305 25 40 0.91952705 
193 477 71 90 0.8901707 
824 344 31 50 0.8849985 
770 337 24 40 0.84174013 
621 319 27 32 0.828559 
422 351 30 51 0.80083454 
920 579 98 96 0.7291134 
601 227 9 11 0.39165804 
671 11 10 14 0.2064199 
578 496 16 18 0.1660062 
338 300 27 34 0.13806038 
777 346 27 36 0.137574 
855 231 13 18 0.10252896 
776 11 11 14 0.08534662 
557 229 8 10 0.07905657 
354 304 28 36 0.077471904 
733 307 30 48 0.07591123 
620 244 9 11 0.06902601 
272 330 23 34 0.0593494 
788 348 30 38 0.058918346 
846 255 11 15 0.057214644 
571 246 11 13 0.05517119 
586 239 8 11 0.04970284 
344 288 28 37 0.047005065 
363 313 30 36 0.035860136 
558 237 8 12 0.02971851 
269 480 22 35 0.026655426 
597 514 13 14 0.025549373 
1013 410 9 14 0.025204966 
813 344 25 41 0.024321033 
603 462 13 16 0.023418387 
331 305 18 27 0.02333319 
607 244 10 12 0.022711715 
214 54 482 529 0.021522954 
226 459 52 90 0.021513425 
872 251 12 17 0.021295574 
605 510 11 14 0.020640006 
