11_Meeting_Meeting_11_Meeting_Meeting_11_529
27
539 347 67 84 0.9990934 
631 282 51 64 0.99834716 
827 314 53 69 0.9977508 
7 314 56 69 0.99767107 
457 281 48 58 0.9969812 
66 231 33 38 0.99663216 
665 462 71 90 0.9958787 
172 304 44 53 0.9952354 
11 247 46 58 0.99345434 
419 124 37 41 0.9928356 
842 402 78 99 0.99069595 
354 397 44 64 0.9901806 
728 293 31 38 0.96854883 
284 288 29 34 0.81036294 
780 295 22 28 0.42064902 
93 275 28 32 0.16483302 
512 467 46 71 0.081216045 
777 307 23 25 0.072881065 
380 307 38 46 0.06338469 
673 289 24 33 0.046091646 
524 279 43 59 0.03531027 
111 297 29 37 0.032733317 
9 286 53 64 0.031802867 
518 488 59 69 0.0242858 
298 343 44 53 0.023654634 
279 275 26 37 0.020209784 
197 267 15 19 0.02013233 
