11_Meeting_Meeting_11_Meeting_Meeting_11_295
49
608 370 50 60 0.99747473 
121 455 66 96 0.99740726 
230 337 28 35 0.99581677 
56 337 33 49 0.99525476 
689 290 23 31 0.9875772 
799 297 23 30 0.98230183 
899 310 21 29 0.98107713 
140 372 30 54 0.9667486 
809 544 59 126 0.9629333 
492 331 26 40 0.95752484 
592 310 19 36 0.95032984 
442 219 17 20 0.8892471 
790 322 22 33 0.87620354 
409 527 51 95 0.20651546 
12 348 16 22 0.18345436 
503 235 14 21 0.16970375 
795 306 22 31 0.14231607 
232 195 11 14 0.12362846 
450 242 15 22 0.10973879 
327 158 9 12 0.09621218 
302 186 12 15 0.068676434 
219 195 12 15 0.06028941 
192 176 10 12 0.05704746 
465 516 30 46 0.055927478 
257 405 12 15 0.045088235 
216 158 9 11 0.039654706 
369 167 10 11 0.03875189 
80 370 26 35 0.03864082 
247 204 8 11 0.03811774 
246 221 8 11 0.036946252 
160 205 11 14 0.03449523 
307 181 13 15 0.033213653 
239 220 9 12 0.032639228 
425 532 68 109 0.031687494 
780 328 28 37 0.031523205 
321 162 11 15 0.029239757 
121 340 23 30 0.028230129 
502 343 30 33 0.02634016 
166 194 11 15 0.025734913 
177 334 26 31 0.025707562 
329 153 9 12 0.025213193 
222 181 10 11 0.023883715 
455 329 27 31 0.02362121 
412 348 24 33 0.023054752 
250 189 9 13 0.02188621 
603 567 19 19 0.021637084 
443 226 20 28 0.021444269 
237 192 9 11 0.021256965 
509 232 18 26 0.020364529 
