11_Meeting_Meeting_11_Meeting_Meeting_11_644
136
615 465 24 33 0.9967437 
303 432 28 45 0.97893494 
448 453 22 37 0.9502832 
597 457 18 24 0.47785226 
669 448 12 18 0.44611365 
377 463 18 29 0.41648483 
903 447 10 13 0.3664675 
928 453 9 13 0.36485907 
815 488 8 11 0.31037617 
263 451 14 17 0.30016187 
160 470 8 10 0.2731235 
850 461 10 14 0.24220203 
149 462 8 10 0.21531434 
366 456 14 22 0.18991193 
244 468 14 21 0.17678554 
371 458 18 29 0.16942814 
801 472 9 12 0.15843159 
783 465 8 11 0.15831627 
57 492 12 15 0.15546112 
876 463 8 11 0.1261698 
511 466 13 15 0.11460632 
2 469 9 13 0.11182928 
66 463 8 11 0.10058115 
904 485 8 10 0.09623639 
201 468 11 15 0.095240064 
185 464 8 10 0.09463376 
168 548 8 11 0.09444283 
381 457 25 30 0.094337046 
894 502 7 10 0.0913186 
93 439 10 12 0.088504545 
771 419 15 16 0.08477417 
836 460 11 14 0.07838656 
797 494 10 13 0.07548835 
221 464 9 12 0.07409353 
994 513 22 27 0.07240815 
492 456 13 20 0.06910642 
358 457 14 19 0.0651447 
20 463 10 12 0.06152058 
604 463 22 32 0.06091915 
110 469 11 15 0.06031897 
142 478 10 12 0.060130756 
711 456 14 20 0.05870706 
243 462 12 18 0.055680584 
642 484 13 17 0.055607595 
156 490 13 17 0.054697156 
395 448 19 24 0.05338894 
349 459 15 17 0.05113453 
517 477 12 16 0.05108344 
813 513 9 11 0.050727647 
888 432 9 11 0.04880265 
0 503 7 14 0.04851204 
804 475 10 12 0.047999963 
102 467 14 17 0.043819103 
591 486 12 17 0.043590914 
108 461 11 15 0.04321733 
248 472 18 21 0.042705316 
808 515 11 14 0.042676356 
345 485 26 32 0.04259621 
516 463 10 13 0.042568497 
873 495 7 9 0.04215724 
863 477 7 10 0.0421439 
671 441 20 23 0.04198068 
183 468 10 12 0.041519806 
916 471 10 12 0.040978037 
906 482 7 9 0.039077546 
725 443 9 12 0.03905561 
879 509 7 9 0.03835919 
55 469 9 13 0.03772839 
18 467 9 12 0.03644479 
845 439 9 11 0.034869187 
910 502 9 11 0.034488313 
727 459 11 14 0.034290377 
753 500 15 16 0.034208022 
343 466 24 29 0.033923008 
686 431 11 15 0.033722334 
807 462 10 12 0.032374904 
682 440 15 18 0.03213227 
237 500 13 20 0.03138076 
556 495 18 25 0.030825768 
165 490 11 17 0.030092973 
832 454 12 14 0.029179698 
86 476 12 15 0.02887824 
40 486 9 12 0.028805308 
411 472 15 21 0.0287848 
784 479 10 13 0.028677694 
178 475 16 20 0.028446356 
887 452 9 11 0.027883947 
510 473 16 20 0.027527167 
766 456 11 13 0.027148267 
143 483 11 13 0.027118709 
741 462 14 19 0.027074609 
366 434 240 217 0.026991313 
168 485 10 15 0.026818346 
257 451 13 16 0.026537372 
853 486 10 13 0.026380172 
150 486 12 15 0.02615192 
584 486 11 15 0.026096862 
245 504 12 16 0.025894713 
895 498 8 9 0.0255093 
173 481 13 18 0.025366725 
20 454 10 13 0.025211075 
746 500 29 29 0.025131367 
402 464 21 28 0.02506427 
897 487 8 9 0.025053995 
71 468 10 13 0.02498884 
117 469 11 15 0.024802012 
917 478 10 12 0.02430708 
115 475 12 14 0.024285031 
206 463 10 14 0.02423432 
838 467 10 13 0.024103994 
853 456 10 12 0.024077076 
411 451 12 17 0.023611505 
997 456 10 11 0.023582842 
77 461 12 15 0.023527663 
125 470 9 13 0.023166362 
872 475 9 12 0.023067754 
501 459 13 18 0.023049626 
749 495 15 18 0.022643737 
876 468 9 13 0.022580897 
237 480 14 21 0.022536453 
63 466 9 12 0.022477994 
361 438 22 27 0.022439407 
839 476 8 10 0.021872409 
342 459 14 17 0.021862375 
708 430 14 18 0.021856053 
934 503 13 16 0.021686448 
391 471 19 22 0.021416135 
813 458 10 13 0.021331307 
661 354 13 15 0.021257492 
903 516 9 11 0.020909825 
923 453 9 12 0.020710357 
167 479 10 13 0.020630173 
176 469 10 12 0.020429298 
853 465 10 12 0.020363726 
508 455 12 17 0.020305391 
252 464 24 27 0.020199794 
