11_Meeting_Meeting_11_Meeting_Meeting_11_176
32
334 227 29 35 0.99870133 
121 244 33 44 0.99853027 
794 92 46 60 0.9975446 
412 220 25 30 0.99476284 
187 211 23 30 0.99454814 
497 212 24 30 0.99447685 
694 249 33 43 0.9918257 
214 266 28 36 0.9914465 
15 236 25 30 0.9885014 
654 202 20 28 0.9872012 
166 76 21 28 0.98172057 
283 212 21 26 0.9684259 
779 250 25 30 0.9531138 
570 212 21 26 0.9508941 
647 280 23 52 0.7552197 
590 256 14 17 0.5074008 
359 222 17 22 0.34814012 
292 348 49 69 0.20836802 
766 240 26 34 0.092121355 
827 205 31 31 0.08619652 
889 232 22 29 0.07645169 
453 350 52 55 0.06608839 
203 387 59 92 0.0644341 
150 270 23 32 0.06372723 
244 293 27 35 0.048175227 
763 246 17 24 0.036155146 
428 323 46 69 0.03192267 
367 242 18 26 0.03150546 
732 238 28 35 0.027863415 
643 268 24 43 0.023033978 
761 221 25 35 0.021322094 
774 255 18 22 0.021253211 
