11_Meeting_Meeting_11_Meeting_Meeting_11_26
131
309 251 13 18 0.9781577 
249 259 17 20 0.9769586 
781 266 17 23 0.9661239 
727 250 12 17 0.9537826 
217 271 21 26 0.9507748 
341 238 14 17 0.9487579 
828 291 19 29 0.9232487 
180 281 16 28 0.91476446 
157 305 21 31 0.8855555 
807 276 18 25 0.87892854 
672 237 11 15 0.87047064 
401 235 10 13 0.8309537 
692 242 11 15 0.8158805 
377 236 11 14 0.8010488 
655 235 10 13 0.75231415 
612 229 8 10 0.73992324 
749 252 12 18 0.6547825 
201 236 15 21 0.6522562 
272 254 12 17 0.6511114 
631 233 9 12 0.5567287 
298 270 10 14 0.5422922 
292 251 10 13 0.5341165 
423 233 8 10 0.5281518 
77 331 23 32 0.47176692 
165 234 11 14 0.4649414 
204 283 14 23 0.4231882 
704 244 9 13 0.34805766 
443 230 8 11 0.24932076 
249 227 9 12 0.22216624 
612 246 9 12 0.20140994 
366 262 10 14 0.19306222 
414 246 8 11 0.18680508 
265 201 8 9 0.17424826 
333 273 13 14 0.16310444 
865 321 18 25 0.1510673 
325 279 11 14 0.13865365 
182 232 9 11 0.1347557 
459 229 8 10 0.108473375 
927 301 26 33 0.10826783 
96 405 25 35 0.103673615 
526 221 7 10 0.09520231 
321 283 12 14 0.09034284 
756 260 11 14 0.08691715 
69 361 31 39 0.08664831 
694 285 16 17 0.08570238 
862 313 15 26 0.085557505 
600 238 8 10 0.07664595 
238 251 12 17 0.07610079 
389 259 11 13 0.07291065 
236 237 10 13 0.071177185 
864 303 16 27 0.0706996 
87 412 27 37 0.05976125 
70 417 41 48 0.059114218 
294 292 13 16 0.05550111 
212 276 18 24 0.05478336 
637 232 8 11 0.053319577 
546 223 7 8 0.050744053 
271 357 98 140 0.050007835 
549 223 8 9 0.04935833 
1005 203 10 12 0.04833199 
358 265 12 14 0.04756632 
267 303 13 17 0.047425423 
872 297 23 28 0.045184553 
49 420 41 53 0.045012835 
709 240 10 13 0.04416396 
1 160 22 32 0.043950334 
650 235 9 13 0.04233037 
166 280 23 28 0.040505365 
327 292 13 14 0.04006829 
176 231 9 12 0.03999455 
685 276 13 15 0.03964083 
700 277 13 14 0.039487224 
610 134 8 10 0.03760047 
749 279 15 18 0.03677432 
161 273 23 26 0.036747932 
343 260 10 14 0.03611379 
74 342 28 35 0.035921972 
150 443 11 14 0.035750132 
882 299 22 29 0.034751784 
59 251 11 16 0.033853333 
191 236 13 15 0.033256214 
456 404 14 16 0.032934513 
925 320 24 33 0.03269884 
584 232 8 10 0.032563344 
161 267 19 19 0.032554794 
670 270 10 12 0.03167213 
559 230 8 10 0.031396672 
60 572 36 49 0.031217335 
924 322 15 20 0.031010645 
649 232 8 11 0.030484531 
228 258 14 18 0.03021933 
648 255 10 13 0.030192023 
930 339 15 20 0.030025214 
366 255 11 15 0.028261319 
221 260 15 16 0.028121326 
736 319 10 13 0.027939994 
754 253 12 16 0.027781917 
653 261 10 12 0.027425833 
576 239 7 10 0.027326027 
280 246 9 13 0.0271944 
545 231 7 9 0.027095474 
955 559 48 65 0.026323996 
445 235 9 11 0.026196312 
288 300 12 14 0.026058126 
926 299 16 20 0.02601123 
1005 345 20 36 0.02575315 
284 239 10 11 0.025390184 
150 309 17 25 0.025305564 
978 353 14 16 0.024912544 
931 329 14 20 0.024845501 
745 333 11 13 0.024362933 
338 269 12 15 0.024352623 
237 258 14 18 0.024248842 
307 361 56 93 0.023938665 
385 254 11 13 0.023916807 
551 229 8 11 0.023642898 
623 117 9 11 0.023530567 
67 223 18 20 0.023281425 
416 237 10 13 0.023101917 
473 232 7 9 0.022748945 
287 257 12 15 0.022583615 
96 238 9 12 0.022311779 
299 311 15 18 0.022188278 
414 252 9 12 0.022111353 
761 314 11 16 0.021891821 
686 282 15 18 0.021884764 
243 246 12 14 0.021795873 
693 271 13 15 0.021411123 
458 411 15 16 0.02141098 
84 321 23 34 0.020710913 
28 413 47 61 0.020604726 
