11_Meeting_Meeting_11_Meeting_Meeting_11_560
50
2 463 33 46 0.9966209 
323 428 36 40 0.9965778 
191 567 51 82 0.9963804 
668 412 27 34 0.99613035 
559 399 25 32 0.9951881 
525 415 24 33 0.99404234 
444 416 23 29 0.9929329 
92 499 38 55 0.99070376 
744 395 22 31 0.99044156 
198 419 28 34 0.987668 
607 413 22 30 0.986616 
831 438 37 53 0.98453194 
399 407 22 30 0.98353875 
79 454 31 35 0.98261446 
758 428 38 54 0.9825618 
641 397 22 28 0.9769757 
238 407 24 30 0.97185034 
357 421 21 30 0.9691445 
810 383 24 27 0.96166843 
487 402 21 27 0.96009356 
463 396 17 26 0.94762987 
498 384 20 27 0.92356193 
700 413 19 24 0.92205083 
233 458 29 33 0.90777737 
356 393 22 27 0.8734535 
412 389 19 22 0.8691759 
84 684 39 73 0.83692235 
544 388 18 23 0.7512615 
491 391 22 29 0.4624307 
339 424 30 36 0.33195004 
188 514 32 39 0.3151886 
628 396 22 29 0.19482584 
296 652 48 44 0.17818207 
550 392 22 28 0.16463237 
413 369 13 15 0.057633843 
331 391 21 26 0.04940544 
381 463 17 21 0.045355678 
152 526 23 31 0.04522634 
160 521 29 34 0.035911255 
539 512 37 57 0.03337769 
796 540 34 55 0.030775435 
591 540 28 52 0.027805155 
621 399 18 23 0.026215024 
455 390 13 15 0.025691811 
169 514 39 45 0.025474207 
178 460 26 36 0.024712373 
149 525 13 19 0.023619154 
356 405 19 22 0.022500074 
630 392 12 16 0.022448612 
455 394 16 21 0.021084527 
