11_Meeting_Meeting_11_Meeting_Meeting_11_189
85
197 388 26 34 0.9855657 
808 147 34 54 0.9758243 
65 367 18 22 0.9454875 
98 384 16 25 0.943958 
397 391 14 19 0.9148334 
254 361 10 14 0.85757506 
335 364 10 12 0.75846314 
325 380 12 14 0.73707354 
18 361 11 15 0.6894032 
418 357 8 10 0.6381829 
160 370 12 16 0.59063923 
45 356 10 13 0.5732687 
108 365 9 12 0.4730036 
424 368 12 15 0.46635878 
495 361 8 10 0.45185232 
286 349 9 12 0.44920066 
373 357 9 11 0.44221354 
276 372 11 14 0.32864752 
273 378 12 15 0.28522855 
135 366 8 11 0.2831818 
0 363 11 16 0.23276396 
216 357 9 11 0.22676103 
393 364 9 12 0.21104328 
129 391 9 13 0.20939887 
31 356 11 13 0.18280856 
223 358 8 12 0.13189977 
413 437 11 17 0.12334029 
143 367 10 13 0.09580208 
149 367 10 14 0.09314704 
352 439 10 12 0.084282786 
408 442 15 19 0.06348035 
169 344 7 9 0.05139077 
294 352 8 10 0.05102549 
3 359 10 14 0.05045755 
228 382 11 14 0.049357142 
414 434 9 12 0.047724117 
300 389 12 14 0.04679872 
169 349 9 12 0.046785332 
409 373 10 13 0.046700865 
285 371 9 13 0.046044827 
341 451 12 14 0.045152456 
159 348 8 11 0.042457875 
222 362 11 14 0.041831963 
18 403 11 14 0.03958886 
229 359 8 11 0.03814489 
2 379 8 14 0.03812562 
76 358 11 14 0.037713382 
54 373 13 17 0.03685298 
190 373 10 13 0.036252577 
29 375 10 13 0.034574997 
39 351 13 16 0.034524802 
168 357 9 13 0.03255077 
259 363 10 13 0.03241693 
73 364 15 19 0.0311789 
131 367 8 11 0.030788638 
103 370 11 15 0.030452754 
365 388 11 14 0.029542927 
366 381 12 15 0.029364003 
355 387 15 16 0.029128127 
382 380 12 14 0.028200006 
154 344 8 10 0.027886739 
222 406 13 17 0.027447551 
136 362 8 11 0.027397087 
301 382 12 14 0.027116764 
56 368 19 25 0.026294176 
309 380 11 13 0.025741823 
333 368 12 16 0.025390832 
222 353 9 10 0.025132103 
3 372 11 16 0.024885982 
296 357 8 10 0.024668567 
25 380 10 13 0.02432969 
463 391 11 13 0.02410033 
302 352 8 10 0.023827907 
252 395 10 14 0.023708757 
46 374 13 18 0.023445962 
94 367 11 13 0.02254135 
364 420 12 18 0.022037465 
477 382 8 10 0.021851271 
23 351 12 15 0.021672538 
72 353 8 11 0.021422103 
227 412 13 16 0.021347925 
5 380 10 12 0.021072995 
87 371 11 16 0.021027641 
441 373 8 10 0.021026125 
371 353 8 12 0.020255033 
