11_Meeting_Meeting_11_Meeting_Meeting_11_663
73
239 216 53 73 0.9970409 
38 506 13 16 0.9707009 
131 480 12 17 0.9350541 
101 479 12 16 0.92199874 
59 510 14 18 0.760573 
81 507 13 15 0.62832093 
50 489 13 17 0.45877597 
14 511 10 13 0.4314401 
56 478 9 12 0.37790355 
81 479 9 13 0.28997123 
119 531 11 13 0.2663899 
29 525 12 18 0.24745865 
2 534 13 18 0.24442779 
0 502 7 12 0.24411085 
102 515 14 16 0.23692618 
113 497 13 16 0.2176214 
974 271 7 9 0.20935406 
959 335 11 14 0.18886402 
3 486 9 12 0.15577745 
14 493 13 16 0.1448592 
83 481 12 15 0.1256908 
36 487 11 14 0.1119342 
60 478 9 10 0.10813422 
968 286 8 10 0.10778833 
105 532 11 14 0.105168976 
7 514 11 14 0.090744264 
942 343 11 13 0.083339624 
40 476 9 11 0.08048304 
108 511 12 17 0.07701847 
47 477 9 11 0.07254787 
906 328 8 10 0.07217291 
928 348 10 13 0.06591075 
967 296 9 11 0.06348133 
0 516 10 16 0.052211452 
62 503 13 15 0.05170481 
7 492 10 15 0.051215827 
20 509 10 13 0.05028304 
16 476 11 13 0.049522184 
912 349 11 13 0.047215484 
68 487 11 13 0.046602026 
21 478 10 12 0.043282513 
912 342 10 12 0.04298241 
961 295 7 10 0.04155459 
65 514 12 14 0.040222056 
44 498 13 17 0.039542656 
869 311 8 10 0.033443138 
994 269 7 10 0.03334383 
85 492 11 14 0.03220535 
998 269 8 11 0.03113447 
31 479 9 11 0.030965183 
69 499 10 14 0.029701868 
95 515 14 18 0.028972017 
22 517 11 14 0.028343828 
918 335 9 11 0.027594365 
117 507 12 17 0.0269031 
52 495 14 17 0.025324788 
918 328 9 11 0.024901332 
126 516 12 17 0.023547638 
16 487 11 14 0.02332475 
933 346 12 14 0.022885188 
989 339 13 16 0.022694193 
20 501 12 15 0.02258661 
91 508 14 17 0.022526704 
865 317 9 12 0.022333743 
124 524 13 15 0.022249548 
22 484 10 13 0.02213962 
888 336 9 12 0.022112675 
965 338 12 14 0.021981096 
121 478 10 13 0.021896997 
5 524 12 17 0.021874338 
951 341 10 13 0.021835782 
14 522 11 15 0.021229222 
7 480 8 11 0.020473337 
