11_Meeting_Meeting_11_Meeting_Meeting_11_865
35
364 367 309 421 0.996849 
7 418 93 129 0.9884476 
431 1380 15 20 0.19204266 
325 1259 14 21 0.18315843 
353 1362 17 21 0.17410791 
261 1244 13 17 0.08130751 
298 1273 15 23 0.07048827 
299 1263 16 24 0.06904277 
355 1278 15 20 0.06318981 
379 1236 11 16 0.05943298 
482 1347 13 19 0.059151813 
308 1264 14 21 0.05772404 
452 1374 15 20 0.051738 
479 1443 20 21 0.048416797 
275 1319 24 28 0.04473164 
359 1323 14 19 0.044669066 
717 51 83 105 0.042994197 
476 1353 16 19 0.042876445 
396 1418 13 18 0.041602697 
282 1103 9 12 0.04027011 
523 1141 13 16 0.03815096 
186 1306 14 16 0.03789552 
325 1379 16 19 0.03743348 
352 1193 13 18 0.037274327 
299 1386 13 16 0.035775222 
445 1376 16 19 0.035660084 
395 1383 12 14 0.035522092 
90 336 44 56 0.035267122 
217 1208 19 23 0.030332554 
314 1259 20 27 0.029705705 
363 1277 14 20 0.027749378 
413 1279 13 17 0.026823437 
209 1235 17 19 0.024298152 
407 1396 12 17 0.022814764 
358 1243 12 15 0.020746749 
