11_Meeting_Meeting_11_Meeting_Meeting_11_574
228
713 321 31 38 0.99623626 
638 285 27 31 0.99392444 
850 294 28 34 0.99337405 
957 333 34 41 0.9923534 
262 298 21 28 0.9892265 
969 289 33 34 0.98858565 
348 301 22 28 0.98383236 
532 243 17 21 0.9824259 
800 266 22 28 0.98190343 
197 290 23 29 0.98149145 
454 221 14 19 0.9799902 
509 237 14 19 0.9751726 
865 241 19 22 0.9622623 
357 258 16 20 0.96212244 
806 237 13 16 0.9579741 
738 289 27 31 0.95624495 
45 333 44 73 0.94840115 
400 276 20 25 0.94697785 
729 241 15 18 0.9279439 
495 224 14 17 0.9252053 
354 236 15 19 0.9188988 
688 261 18 26 0.9126806 
304 258 16 21 0.90909874 
123 295 21 25 0.90828353 
436 217 13 18 0.8929198 
484 260 17 22 0.8841404 
927 221 13 16 0.8800112 
127 55 19 30 0.85367644 
920 194 10 14 0.840626 
515 208 13 17 0.82957536 
568 198 11 13 0.82101685 
592 231 13 16 0.8176095 
931 202 13 17 0.7962992 
873 215 16 19 0.776602 
588 193 12 15 0.74722534 
658 205 11 15 0.7434361 
413 237 13 16 0.7424488 
703 183 9 11 0.73196226 
782 257 19 26 0.71306217 
400 252 14 18 0.68300325 
624 218 11 15 0.66354895 
752 219 13 16 0.66107917 
705 251 18 22 0.6406285 
951 259 19 26 0.63358045 
613 200 10 14 0.6090452 
529 205 10 14 0.6020012 
468 244 14 17 0.595951 
821 189 9 11 0.58110535 
555 198 12 15 0.57349783 
786 208 9 13 0.49122262 
771 207 10 13 0.48826814 
551 232 15 20 0.48364478 
636 244 14 17 0.47762442 
636 189 9 13 0.46867532 
673 245 16 20 0.46739542 
572 213 9 12 0.3740338 
957 242 16 17 0.3566688 
833 197 12 14 0.34831575 
943 236 14 17 0.3162502 
549 221 11 13 0.29856566 
824 210 11 14 0.28600368 
607 197 11 14 0.28227782 
562 268 19 24 0.21336731 
793 197 9 10 0.20946452 
704 187 10 12 0.2053793 
544 222 11 13 0.20150697 
803 212 10 13 0.1954635 
605 192 9 11 0.18321173 
821 228 10 13 0.1669457 
624 270 17 22 0.15831544 
764 260 15 18 0.15434952 
884 195 10 13 0.15096562 
665 190 9 11 0.14870575 
646 195 10 12 0.14494261 
830 206 11 14 0.13717516 
691 306 21 27 0.13080125 
646 221 10 12 0.12804902 
618 250 13 16 0.12524633 
694 196 9 12 0.11742279 
674 227 14 16 0.1139097 
806 208 9 11 0.10393755 
853 212 10 13 0.10208228 
663 185 8 10 0.10041894 
418 243 12 16 0.099204905 
601 213 9 12 0.09233406 
708 191 9 11 0.08904128 
816 206 10 12 0.08693662 
613 228 10 12 0.08642947 
582 221 10 12 0.08565585 
783 231 12 15 0.08173888 
849 206 10 15 0.07917285 
694 172 8 11 0.07733281 
896 213 9 12 0.076262444 
730 284 23 27 0.07423842 
680 197 8 10 0.07415936 
602 195 9 13 0.07228636 
739 228 13 15 0.070294715 
711 233 13 16 0.07005546 
771 260 13 19 0.06940882 
584 214 10 12 0.0671171 
687 183 8 10 0.06673474 
675 236 14 16 0.06478698 
838 191 9 11 0.06339811 
948 238 15 19 0.06297893 
801 208 9 11 0.06257974 
798 218 12 15 0.061390236 
405 244 15 18 0.060960572 
844 289 23 31 0.060645778 
640 220 10 13 0.060633946 
616 222 10 14 0.060137432 
668 193 9 11 0.05962704 
885 292 16 21 0.057949275 
689 196 8 11 0.056998152 
606 221 11 13 0.05559014 
557 211 11 15 0.055265 
303 132 12 15 0.054597452 
198 150 11 15 0.05452546 
835 229 13 16 0.054218456 
571 204 11 14 0.05098553 
710 195 9 11 0.049951144 
704 196 10 12 0.049567405 
693 231 11 13 0.0494293 
814 227 13 16 0.049191594 
673 212 11 14 0.049112022 
774 259 19 25 0.048103347 
613 235 11 14 0.04709373 
763 253 14 18 0.047050737 
556 220 11 14 0.046821646 
679 181 9 12 0.04624381 
60 325 25 41 0.045876443 
804 217 12 15 0.04562722 
639 193 11 14 0.045366123 
695 191 9 12 0.044871837 
582 227 11 14 0.044824246 
442 300 14 19 0.043822303 
663 197 10 12 0.043258432 
608 226 11 15 0.043132268 
680 191 10 12 0.042659216 
446 219 13 18 0.042253442 
673 207 9 11 0.041576147 
688 191 9 11 0.040465355 
954 250 16 19 0.040273592 
638 186 8 10 0.039236017 
690 174 8 10 0.03881325 
528 201 9 12 0.037950657 
588 212 11 13 0.03777207 
627 274 25 30 0.035525423 
726 283 16 20 0.034827616 
683 244 14 19 0.034686986 
622 225 12 15 0.03421785 
599 207 9 12 0.033922236 
562 234 12 16 0.033900253 
765 245 13 15 0.032331586 
639 214 10 14 0.03210124 
567 217 12 16 0.031731617 
376 152 7 10 0.031391896 
818 185 9 11 0.0313884 
630 247 14 18 0.031323973 
883 218 13 16 0.031312503 
574 220 11 14 0.031204201 
574 226 12 16 0.031166462 
623 87 7 11 0.031124871 
421 247 13 17 0.031051937 
590 204 11 14 0.030926486 
662 229 12 15 0.030724848 
847 199 8 12 0.02968861 
398 266 16 20 0.029624842 
349 284 16 19 0.02945637 
815 197 9 12 0.029340709 
838 287 16 22 0.029298164 
742 222 11 14 0.028938215 
903 242 15 21 0.028388703 
607 235 11 16 0.028227832 
833 191 8 11 0.028185818 
847 222 11 13 0.028126907 
719 302 28 36 0.02811416 
796 192 9 12 0.028113678 
360 240 15 19 0.028101 
876 202 13 15 0.027929287 
854 220 11 13 0.027806414 
550 251 13 17 0.027250918 
411 245 15 19 0.026736751 
716 211 10 15 0.026349632 
748 258 14 18 0.026311645 
750 292 26 32 0.026168412 
462 273 16 19 0.026068129 
226 320 19 25 0.026012959 
816 211 11 13 0.025757048 
665 134 8 10 0.025614534 
886 213 11 14 0.02555034 
642 249 12 17 0.0254916 
919 211 11 14 0.025420468 
821 235 12 16 0.02523465 
873 238 15 20 0.024998752 
821 194 11 14 0.02497992 
583 236 12 16 0.024567714 
614 190 10 11 0.024348589 
808 199 9 11 0.02428556 
832 235 12 17 0.02415422 
728 163 10 13 0.024100937 
716 205 10 15 0.024059508 
909 206 9 13 0.02390865 
772 253 13 18 0.02374337 
822 243 13 17 0.023677325 
699 182 9 11 0.023665585 
735 224 11 13 0.023492415 
599 221 12 14 0.023472821 
744 253 12 16 0.02345725 
620 258 15 18 0.023201762 
861 220 11 15 0.02308874 
656 200 10 13 0.023062568 
894 219 11 14 0.022900796 
476 250 14 18 0.02240021 
724 274 17 19 0.022357745 
860 214 10 14 0.022248957 
664 129 8 9 0.02220363 
646 224 12 17 0.022052389 
585 159 8 11 0.021827588 
787 247 14 17 0.021556268 
703 247 14 18 0.021471888 
700 230 12 15 0.021382742 
852 227 12 16 0.02133269 
558 260 15 18 0.020776724 
664 223 10 13 0.020732194 
768 218 10 14 0.02071707 
67 341 45 66 0.020232767 
574 235 12 15 0.020111892 
673 182 8 10 0.020030519 
