11_Meeting_Meeting_11_Meeting_Meeting_11_206
25
801 217 35 45 0.99852633 
91 323 40 60 0.9936446 
475 252 35 47 0.9929147 
617 236 31 41 0.991495 
192 367 42 84 0.9910727 
302 278 36 44 0.97740924 
50 190 16 20 0.96441156 
139 185 20 25 0.95187503 
315 184 15 18 0.9406777 
219 190 18 24 0.8014008 
878 313 35 71 0.595989 
331 211 18 24 0.49898127 
274 191 16 21 0.4738008 
91 209 16 25 0.46265018 
956 283 35 63 0.13322885 
282 189 17 23 0.088155076 
83 220 22 22 0.08443785 
97 204 13 20 0.07146972 
430 190 9 11 0.052229937 
895 253 46 54 0.038752038 
324 167 10 14 0.030944971 
801 342 63 71 0.028905943 
265 187 18 27 0.022422118 
3 81 21 29 0.022288878 
835 246 30 38 0.020353882 
