11_Meeting_Meeting_11_Meeting_Meeting_11_349
76
187 162 82 138 0.9943857 
475 51 15 19 0.9832767 
523 50 19 23 0.9794586 
665 46 18 21 0.9741415 
629 57 20 27 0.96104157 
144 34 22 27 0.95538455 
427 38 15 22 0.955353 
697 61 19 22 0.9279614 
586 49 18 25 0.9204765 
727 57 19 22 0.9142037 
982 51 15 16 0.87819123 
824 51 18 25 0.8233025 
604 54 20 25 0.7675912 
895 54 11 13 0.7590498 
788 58 12 15 0.74590284 
859 56 13 16 0.6554487 
640 101 20 23 0.25205767 
749 93 14 16 0.23601814 
953 53 10 13 0.17715015 
619 55 20 27 0.17099012 
774 62 13 17 0.14336671 
890 53 10 13 0.09869821 
640 112 20 22 0.08326691 
606 47 14 18 0.078424916 
368 58 12 14 0.07655916 
901 56 12 15 0.07147656 
913 77 12 14 0.07093889 
879 89 12 14 0.066296525 
748 74 15 17 0.066098385 
910 59 11 13 0.06425002 
958 67 12 15 0.059150513 
956 60 13 16 0.05271983 
798 86 10 14 0.051115267 
951 58 13 17 0.048947264 
883 69 12 14 0.04770302 
941 66 12 15 0.046789266 
835 34 11 14 0.04599976 
780 62 14 18 0.04458786 
848 68 11 14 0.042235542 
848 152 11 14 0.04172331 
927 48 9 12 0.041459665 
872 119 10 12 0.039919965 
950 66 13 16 0.039629452 
847 53 14 17 0.038210165 
773 72 12 16 0.038030867 
886 60 11 13 0.036628094 
880 63 10 12 0.034854833 
842 135 9 12 0.03258982 
916 62 10 12 0.030289492 
735 46 12 15 0.030111948 
868 60 11 13 0.029434638 
853 45 10 13 0.028943015 
256 209 26 48 0.028735176 
556 68 13 15 0.02619197 
575 40 23 28 0.026041968 
743 81 22 25 0.025631413 
907 105 14 16 0.02549145 
911 70 13 15 0.025220975 
794 59 11 15 0.025001958 
871 85 11 14 0.024634248 
803 85 11 14 0.024226934 
744 97 13 17 0.024137659 
885 75 12 14 0.023929125 
1014 62 9 13 0.023363307 
828 47 14 18 0.02316902 
986 55 14 16 0.022467816 
739 52 13 16 0.021749543 
965 61 9 13 0.021574238 
827 130 10 14 0.021449957 
401 367 37 39 0.02119633 
402 346 56 46 0.02117197 
774 54 11 14 0.020925952 
851 40 11 12 0.02049962 
656 45 13 16 0.020489851 
398 76 13 14 0.020363078 
755 68 12 15 0.020012736 
