11_Meeting_Meeting_11_Meeting_Meeting_11_774
535
15 599 49 59 0.99672973 
234 412 17 20 0.97575 
403 437 22 29 0.9697337 
449 437 18 23 0.9692523 
597 405 14 19 0.96911925 
347 418 17 21 0.9630809 
709 415 16 21 0.9572456 
742 358 10 13 0.9525097 
600 441 22 28 0.9470642 
452 379 12 16 0.9459982 
301 424 16 22 0.94032973 
273 402 17 22 0.9243784 
741 396 17 21 0.91401434 
497 419 21 27 0.9126862 
790 353 12 15 0.908701 
800 373 13 17 0.9044684 
396 388 12 15 0.8996118 
195 374 13 17 0.8971097 
250 380 14 18 0.89620274 
473 392 16 21 0.8958251 
363 403 16 18 0.8942649 
830 310 9 11 0.87730694 
521 350 8 11 0.863242 
537 469 24 27 0.8536275 
567 473 20 26 0.84042895 
828 393 14 16 0.82217276 
423 386 12 15 0.82080215 
480 370 11 14 0.81395644 
884 324 12 16 0.8123718 
108 378 12 14 0.81015575 
271 349 11 14 0.8013958 
653 363 11 14 0.7978499 
101 396 12 14 0.7940098 
284 372 10 12 0.7915479 
133 352 10 14 0.7679967 
392 412 16 19 0.7619217 
174 355 11 14 0.75942177 
845 366 10 12 0.7591151 
659 389 13 17 0.7537676 
440 337 8 10 0.7496648 
427 408 15 18 0.7472754 
67 381 12 15 0.74051297 
718 371 12 15 0.72184056 
648 451 14 19 0.70164645 
349 371 12 14 0.70037824 
508 388 14 18 0.6844923 
766 390 13 18 0.6785759 
408 360 13 16 0.67478585 
820 374 12 14 0.66840714 
627 396 12 16 0.6674342 
783 300 9 11 0.6665687 
616 349 9 11 0.6518641 
508 365 11 13 0.64156604 
230 373 12 15 0.6363907 
127 390 12 15 0.63035506 
239 340 8 11 0.6251819 
246 361 11 14 0.59897494 
145 366 11 14 0.59304136 
324 374 12 14 0.59271926 
944 327 11 13 0.5844911 
375 370 12 16 0.57706237 
302 341 9 11 0.5766045 
527 420 13 17 0.5746457 
103 356 13 15 0.5730475 
330 351 10 13 0.5675048 
231 365 12 15 0.5552401 
255 341 9 11 0.53344136 
581 386 12 14 0.523791 
109 308 8 10 0.52223414 
430 358 11 14 0.5163243 
546 345 8 11 0.50759745 
565 342 8 10 0.4985473 
156 344 10 13 0.49817854 
332 463 12 15 0.49772194 
159 389 11 14 0.48938408 
577 356 8 10 0.4867678 
308 359 12 15 0.48350117 
417 302 7 10 0.4576242 
857 413 11 15 0.44817188 
457 355 10 13 0.4466234 
326 329 9 11 0.43802944 
333 399 16 19 0.43674335 
632 295 7 10 0.43620953 
296 389 13 15 0.42569554 
108 337 9 12 0.41185835 
357 344 11 13 0.40933254 
481 354 9 11 0.39826593 
368 331 9 12 0.39062375 
497 348 8 10 0.3815103 
431 442 14 20 0.36673242 
184 395 13 17 0.3603036 
129 333 7 10 0.34215555 
607 372 11 15 0.3397837 
502 349 8 10 0.32965392 
670 309 7 11 0.32216492 
210 329 8 9 0.3209583 
230 358 11 13 0.3183863 
733 347 9 12 0.3166489 
246 326 8 10 0.31529978 
316 469 12 14 0.31010678 
200 348 10 13 0.30952677 
671 51 11 13 0.29773185 
418 334 9 11 0.29728264 
706 352 9 11 0.26929894 
340 397 15 19 0.26566413 
641 297 8 10 0.24591355 
335 297 7 9 0.24005863 
56 356 8 11 0.2346087 
566 382 10 12 0.23447783 
215 304 7 9 0.225357 
277 336 8 10 0.22507747 
70 366 10 12 0.22401161 
632 348 8 11 0.21886401 
761 45 11 13 0.21255441 
390 328 8 10 0.21225335 
120 419 9 12 0.20380743 
645 298 8 10 0.19485515 
300 394 13 16 0.1941644 
829 348 11 13 0.19119103 
62 356 8 11 0.18155196 
376 348 10 13 0.18030669 
667 311 7 10 0.18028262 
639 372 9 11 0.17674968 
430 350 9 11 0.17339928 
345 329 8 10 0.17139038 
183 343 9 11 0.1681075 
718 324 10 12 0.1626081 
525 306 8 9 0.16011307 
93 102 7 9 0.1558499 
334 301 8 11 0.15453495 
401 339 9 12 0.15013948 
583 430 14 20 0.14990461 
601 347 8 11 0.14768425 
231 353 9 11 0.14711356 
670 407 13 18 0.13996825 
371 294 7 9 0.13917229 
848 420 10 12 0.13646095 
903 378 13 18 0.13319567 
434 409 13 17 0.13269825 
473 339 9 12 0.13016301 
253 346 9 12 0.12922159 
270 389 13 15 0.1273634 
39 100 7 10 0.12718675 
48 356 9 12 0.12543096 
632 488 19 21 0.12529908 
461 332 8 10 0.12347591 
356 351 12 15 0.12148538 
561 419 16 20 0.12020151 
323 333 8 11 0.11755889 
1 376 9 15 0.11749741 
581 356 8 11 0.1173219 
68 375 13 14 0.11663381 
69 348 9 12 0.11456384 
573 374 9 11 0.11385675 
236 363 11 15 0.11242424 
752 373 12 15 0.11030157 
470 426 15 19 0.10946097 
524 405 13 15 0.108871184 
151 413 10 14 0.108815275 
14 98 7 8 0.10673586 
295 329 8 10 0.106477566 
65 351 8 12 0.10463813 
94 389 12 15 0.09623721 
853 417 11 14 0.09410432 
437 373 11 14 0.09392125 
349 333 9 11 0.09354829 
416 328 9 11 0.08970753 
321 378 12 15 0.08877175 
714 302 7 10 0.08841523 
550 473 22 28 0.08753439 
23 395 9 12 0.08732127 
824 346 11 14 0.08700109 
118 325 7 9 0.08690203 
557 413 15 17 0.08681425 
558 372 11 14 0.08610538 
223 392 12 14 0.08375673 
540 415 11 15 0.0829641 
29 310 9 11 0.08210634 
361 385 11 15 0.08196622 
894 348 9 12 0.08120973 
549 383 10 13 0.080764934 
743 478 11 14 0.08050227 
144 428 8 10 0.08014686 
134 420 8 11 0.07963555 
531 336 7 10 0.07944324 
213 308 9 11 0.07935534 
184 111 6 8 0.07873091 
607 348 8 11 0.076951765 
760 63 11 13 0.076715834 
575 381 10 14 0.07632689 
312 324 8 10 0.07506761 
42 388 9 12 0.074856475 
367 313 7 10 0.07455764 
534 386 12 14 0.07443237 
701 375 9 12 0.07362976 
179 362 12 15 0.07260283 
532 414 14 18 0.07232319 
568 374 10 12 0.0692558 
41 383 9 11 0.068699725 
703 301 8 10 0.06853448 
379 367 12 16 0.06849288 
2 357 9 12 0.068281166 
571 435 13 19 0.067127205 
529 366 9 12 0.06669036 
631 359 9 12 0.066282995 
160 367 10 13 0.06540862 
322 328 9 11 0.06434781 
120 349 8 10 0.06412284 
421 413 16 20 0.06398781 
802 342 9 12 0.0637244 
573 368 9 12 0.06328921 
477 335 8 10 0.063265875 
41 342 7 9 0.06316041 
495 363 9 12 0.063130215 
684 69 9 12 0.06281702 
677 466 11 14 0.062044878 
543 382 12 16 0.062029645 
837 326 9 13 0.061319854 
165 118 6 9 0.060939826 
108 386 12 16 0.060822573 
301 349 10 11 0.060593683 
662 75 12 13 0.06032807 
9 342 8 13 0.06023977 
356 408 16 20 0.05962846 
664 498 13 16 0.0593362 
126 419 9 12 0.059005804 
582 392 13 17 0.05847664 
522 308 8 10 0.05844681 
438 365 9 12 0.05843411 
568 366 10 13 0.058321424 
115 112 6 8 0.05752106 
648 359 12 14 0.057331067 
521 319 8 10 0.057256587 
547 461 16 25 0.057043236 
957 355 13 16 0.056665998 
387 327 8 10 0.055742018 
647 341 9 10 0.054818526 
355 441 13 17 0.054607797 
740 352 12 14 0.05425796 
92 382 12 14 0.053939667 
114 324 8 10 0.05365662 
271 343 12 13 0.053019464 
222 319 7 10 0.051872455 
345 367 11 14 0.05141435 
351 355 12 14 0.051358934 
435 358 11 13 0.051220506 
302 326 8 10 0.051111124 
364 348 10 14 0.050919868 
485 351 9 12 0.05028953 
334 309 8 11 0.049993172 
404 336 9 12 0.04975029 
78 365 9 11 0.049630467 
47 374 10 14 0.048896413 
303 398 14 18 0.04855474 
602 373 10 13 0.04848994 
15 381 8 11 0.047986653 
120 343 9 11 0.04788276 
235 340 9 11 0.0478142 
602 93 17 20 0.04768508 
757 421 11 13 0.047320116 
297 350 9 11 0.0473146 
525 318 8 10 0.047073252 
169 272 8 9 0.046915244 
385 332 8 11 0.04689626 
29 396 9 11 0.046731055 
376 355 10 13 0.046701215 
45 380 9 13 0.046682026 
447 327 8 10 0.046592243 
561 387 11 14 0.04639217 
648 72 10 12 0.04637669 
422 340 9 11 0.046345677 
708 479 11 13 0.046277177 
107 362 13 15 0.046164487 
559 366 10 12 0.044921458 
654 351 10 12 0.044704918 
818 342 10 14 0.044599604 
6 349 10 14 0.044560123 
236 380 10 14 0.04447895 
145 383 9 12 0.04419015 
394 402 16 20 0.04408891 
887 349 11 14 0.04383405 
559 359 9 11 0.043799706 
660 436 14 20 0.04369683 
267 350 9 12 0.043384667 
48 365 10 12 0.043277696 
525 472 20 23 0.043099325 
265 326 7 9 0.042887602 
52 373 10 14 0.042699076 
162 394 12 15 0.042563498 
392 392 15 17 0.042422883 
198 385 12 15 0.04242078 
783 325 8 10 0.04203052 
181 348 11 13 0.041889887 
427 383 12 15 0.04186806 
700 71 13 15 0.041722193 
118 111 7 8 0.041608818 
339 445 13 16 0.04159673 
98 356 10 13 0.041164514 
319 341 8 10 0.040719632 
121 390 10 15 0.0406955 
209 427 11 14 0.040650625 
904 364 11 13 0.04057436 
438 379 11 14 0.040547375 
402 388 12 15 0.040522095 
773 403 10 14 0.040447474 
834 391 12 16 0.040444244 
633 288 8 10 0.040264983 
-2 539 22 41 0.040132757 
691 519 16 20 0.039854042 
214 129 7 9 0.039849438 
185 335 8 10 0.039711293 
206 343 9 13 0.03913819 
457 328 8 10 0.03874087 
128 339 8 11 0.038718514 
432 325 9 10 0.03844183 
671 306 8 9 0.037975922 
444 335 8 11 0.037403844 
223 327 8 9 0.037326425 
332 373 11 14 0.037187614 
563 393 13 15 0.037067305 
53 365 9 13 0.037041895 
99 325 7 10 0.036931902 
853 371 10 13 0.03679803 
287 341 8 11 0.036489166 
241 321 7 10 0.036154296 
704 364 11 14 0.035948325 
518 326 9 11 0.03589236 
328 466 11 14 0.03563662 
360 327 8 9 0.035588168 
289 333 9 11 0.03558607 
655 75 11 13 0.035567284 
467 510 14 20 0.035547305 
229 125 7 10 0.03499512 
850 366 11 14 0.03484536 
964 354 10 14 0.03473848 
615 355 10 11 0.034585077 
696 378 11 14 0.03436884 
484 367 10 14 0.03424203 
566 440 16 20 0.034066644 
685 479 11 14 0.03406363 
798 81 13 15 0.03405083 
408 325 8 9 0.03402446 
133 335 8 11 0.034004524 
666 388 12 16 0.03384408 
21 326 10 12 0.033747714 
824 327 9 10 0.033666223 
464 395 11 16 0.033539012 
263 357 9 12 0.033488724 
917 356 9 12 0.033458337 
0 440 10 18 0.033343133 
336 452 12 15 0.033101104 
696 295 7 9 0.032850727 
461 362 12 14 0.032788903 
233 336 8 10 0.032733567 
637 350 8 11 0.03270027 
405 380 12 16 0.032551702 
192 334 8 10 0.032415215 
398 325 9 11 0.032340124 
628 430 16 20 0.032186277 
84 463 10 13 0.03211972 
261 341 9 11 0.03209902 
118 357 9 12 0.03167653 
250 349 9 11 0.031406052 
30 366 10 12 0.031227538 
631 423 12 16 0.031075602 
310 459 14 17 0.030997995 
231 327 8 9 0.030938327 
69 359 10 12 0.0308111 
176 396 13 16 0.030723568 
533 371 10 12 0.030692339 
834 332 9 12 0.030618617 
31 333 7 10 0.03050656 
710 366 12 15 0.030489288 
823 334 8 11 0.030458773 
331 302 8 11 0.030439228 
236 387 11 16 0.0303323 
584 375 9 11 0.030244978 
668 395 12 15 0.030207442 
191 349 9 13 0.030184561 
324 383 12 16 0.02998783 
724 325 9 11 0.02979903 
401 394 13 17 0.029792756 
581 403 12 17 0.029681126 
517 366 9 13 0.029526642 
271 383 11 14 0.029244136 
1 366 8 12 0.029101696 
756 459 10 13 0.029060751 
134 342 9 11 0.029045792 
227 388 14 18 0.028949572 
345 320 7 9 0.028937493 
665 410 13 16 0.028854413 
655 342 8 11 0.02876954 
798 47 9 12 0.028681336 
749 456 14 15 0.028523307 
730 345 9 11 0.028511377 
637 74 12 15 0.028259553 
257 380 13 16 0.028028568 
784 320 7 10 0.027981706 
795 350 11 15 0.02796065 
316 451 11 13 0.027906718 
615 367 9 11 0.027890405 
372 328 9 11 0.02788537 
311 342 9 11 0.027663542 
41 357 8 11 0.027615478 
32 358 9 11 0.027538761 
704 295 7 10 0.02743252 
462 425 15 22 0.027286544 
623 392 13 17 0.027114492 
415 320 8 10 0.027069574 
191 357 9 12 0.02706547 
362 318 7 10 0.027063776 
438 327 10 12 0.027025346 
447 320 7 9 0.026971566 
17 390 10 14 0.026875183 
623 364 9 11 0.026849324 
126 368 9 12 0.026687982 
88 388 11 15 0.02663732 
249 141 8 11 0.026512692 
717 71 12 15 0.026400432 
261 335 8 11 0.026290568 
281 403 14 19 0.026290517 
198 354 10 13 0.026259242 
518 371 11 13 0.026194554 
910 358 12 13 0.026172396 
591 358 8 10 0.026155142 
301 384 12 14 0.026055178 
213 331 8 11 0.026054027 
407 320 8 10 0.025947347 
627 295 7 9 0.025836565 
514 393 14 17 0.025757015 
80 390 9 14 0.025632387 
258 125 8 10 0.025610197 
760 393 12 16 0.025579257 
462 389 11 16 0.025496783 
767 398 13 18 0.025418175 
290 328 8 11 0.025350388 
920 407 9 11 0.02534954 
132 383 12 14 0.025338152 
328 397 13 18 0.025337292 
101 321 8 11 0.025246354 
275 353 11 13 0.025178192 
431 344 8 10 0.025151737 
517 333 8 10 0.025117734 
98 351 9 12 0.024983745 
340 410 19 23 0.02494611 
143 387 10 14 0.02470403 
513 335 8 10 0.024450725 
149 359 10 13 0.024415206 
629 405 13 18 0.024373965 
253 359 10 13 0.024338016 
752 75 11 13 0.024279473 
165 365 10 14 0.024260521 
210 421 12 16 0.024259854 
344 424 15 18 0.024195855 
346 400 14 18 0.024085982 
437 415 14 20 0.024059273 
312 112 8 9 0.024040705 
435 426 14 19 0.02397522 
648 351 10 11 0.02389287 
415 382 12 15 0.023745151 
517 103 10 13 0.023727633 
261 364 10 12 0.023642406 
687 374 10 13 0.023630034 
663 350 8 11 0.023589194 
673 335 7 10 0.023587389 
539 115 12 13 0.02354363 
76 380 10 14 0.023543267 
952 362 13 16 0.023495836 
231 112 6 8 0.023393946 
611 376 12 16 0.023372507 
216 316 9 12 0.02332796 
297 357 10 13 0.023321288 
119 366 10 12 0.023171417 
144 359 9 11 0.023123877 
415 434 20 28 0.0230863 
620 489 18 19 0.023047548 
304 320 7 10 0.022991613 
248 342 9 12 0.022968262 
225 334 8 10 0.022938725 
704 288 7 9 0.022800118 
65 365 10 12 0.02274886 
740 343 10 12 0.022735763 
310 351 10 13 0.022672672 
432 320 9 10 0.02264531 
226 356 10 12 0.022567578 
415 306 8 11 0.022523904 
65 108 8 11 0.022458436 
97 402 11 13 0.022357447 
520 419 14 19 0.022326596 
236 141 9 11 0.022263963 
792 77 13 14 0.022237932 
641 60 10 12 0.021961497 
698 302 7 9 0.021875368 
448 358 9 12 0.021874888 
548 394 13 17 0.021871777 
385 320 7 10 0.021827437 
41 375 10 13 0.021797473 
639 358 8 11 0.02172967 
480 329 8 9 0.021726143 
788 301 8 11 0.021724703 
337 334 8 10 0.021622922 
318 320 8 10 0.02162091 
863 436 8 10 0.021577086 
615 419 14 18 0.021573463 
181 370 11 14 0.021525634 
294 384 12 15 0.021505928 
877 352 14 18 0.021488365 
198 335 8 10 0.021470355 
671 341 9 11 0.021416167 
421 328 9 11 0.021334471 
493 108 9 12 0.021175617 
328 343 10 12 0.0211413 
248 334 8 10 0.021101931 
158 336 8 11 0.021042714 
34 102 8 9 0.020996384 
302 458 13 16 0.020972256 
143 118 7 8 0.020964133 
757 342 9 11 0.020959387 
320 350 9 11 0.020944595 
422 362 11 14 0.020941699 
153 388 10 14 0.020937288 
348 390 12 16 0.020837266 
32 343 8 10 0.02080286 
790 373 11 16 0.020790072 
813 358 11 13 0.02073971 
340 461 12 15 0.020652344 
525 356 10 12 0.020617902 
504 369 12 14 0.020538146 
29 373 10 13 0.020461988 
97 454 10 13 0.020445911 
55 399 11 14 0.020415036 
150 383 9 12 0.020313632 
589 375 9 12 0.020244123 
554 373 10 12 0.020221509 
127 432 10 11 0.020061137 
