58_Hockey_icehockey_puck_58_507
74
724 116 60 71 0.9992524 
850 216 62 74 0.9992011 
412 106 37 42 0.98883784 
462 66 34 43 0.9839156 
343 161 48 55 0.74010503 
289 46 18 23 0.65554 
656 210 46 72 0.6386573 
365 69 32 37 0.42755848 
525 103 37 44 0.4182335 
141 17 17 21 0.21074402 
352 52 17 23 0.14358073 
266 107 37 45 0.12142138 
213 0 12 10 0.096762136 
359 28 10 13 0.09443204 
207 15 13 18 0.083200544 
520 85 36 46 0.08044847 
496 31 12 14 0.07740378 
498 133 45 51 0.07507107 
92 69 11 14 0.073635936 
284 37 14 16 0.07360135 
316 98 40 55 0.072488256 
510 115 47 51 0.06640798 
416 47 26 31 0.06359739 
13 11 15 17 0.061950658 
369 36 11 14 0.0554692 
160 -1 12 10 0.04876862 
162 78 17 21 0.04619502 
405 23 16 19 0.04572406 
40 -1 11 11 0.044041187 
118 13 14 17 0.042417716 
385 3 19 19 0.04230685 
916 445 13 17 0.040853627 
272 14 11 16 0.039914012 
351 45 14 19 0.039900545 
440 26 19 23 0.037952505 
470 13 13 15 0.036039222 
266 49 14 18 0.034093138 
79 0 12 12 0.032466095 
960 423 36 41 0.031651095 
107 -1 11 11 0.03156405 
316 47 15 20 0.030899346 
1011 454 12 19 0.030853843 
4 1 15 15 0.030562432 
510 12 15 17 0.028976485 
6 11 16 17 0.028827356 
471 26 14 16 0.02791255 
535 74 34 45 0.026812822 
310 11 16 18 0.026427615 
345 74 43 53 0.026117234 
170 78 16 22 0.02606998 
797 4 13 13 0.026054224 
78 10 15 19 0.025803676 
31 69 13 17 0.025800847 
348 135 52 63 0.025634123 
243 40 15 19 0.025156396 
918 440 11 14 0.024905512 
182 62 14 17 0.02456023 
168 19 13 17 0.024135696 
286 96 38 54 0.02342416 
302 21 10 14 0.023043176 
135 52 21 28 0.022911131 
230 72 24 27 0.022813605 
95 84 13 17 0.022370124 
341 21 12 15 0.02222091 
279 44 38 43 0.022186084 
429 1 13 15 0.022149263 
302 582 12 13 0.02206317 
951 6 11 12 0.021722788 
289 36 17 19 0.021674512 
54 32 12 14 0.021621978 
151 72 20 27 0.021620506 
223 370 44 42 0.021069527 
929 423 8 10 0.02044249 
277 51 15 18 0.020295845 
