58_Hockey_icehockey_puck_58_880
24
641 278 20 24 0.95533615 
393 311 23 26 0.89601415 
732 300 15 21 0.69395393 
619 315 17 24 0.44053587 
922 281 18 24 0.22429964 
336 327 18 21 0.122816294 
908 403 14 17 0.079928085 
718 298 14 19 0.07691366 
900 413 15 16 0.067553475 
594 313 20 22 0.047395073 
723 313 14 15 0.04518569 
333 360 15 17 0.04034317 
550 164 13 16 0.03870977 
389 318 19 23 0.03675695 
602 317 22 26 0.034651075 
939 277 26 31 0.026668008 
345 329 15 19 0.025903508 
955 282 27 34 0.025217587 
922 285 26 35 0.025117083 
943 282 14 18 0.02430279 
931 270 40 51 0.023487723 
739 309 13 20 0.02305467 
720 302 21 23 0.022430966 
644 139 12 14 0.020109076 
