58_Hockey_icehockey_puck_58_290
56
659 37 24 30 0.9935183 
560 43 25 33 0.9919739 
421 64 27 34 0.9915115 
808 18 23 28 0.9914151 
64 19 24 33 0.9880205 
490 63 23 30 0.987833 
363 0 23 27 0.9866868 
743 32 23 30 0.9861761 
302 82 22 31 0.9835383 
358 71 24 32 0.9820372 
862 0 24 28 0.97463846 
492 467 24 40 0.97060096 
123 23 24 27 0.9688631 
914 -1 23 24 0.9649832 
603 40 19 28 0.94254977 
179 15 21 25 0.94240946 
100 114 21 26 0.9299809 
45 180 17 23 0.9247723 
3 126 22 31 0.9071872 
31 35 19 28 0.89798737 
325 342 31 35 0.833168 
244 9 22 25 0.7602947 
77 95 15 17 0.51342314 
207 78 19 21 0.25480938 
692 345 12 16 0.2229374 
47 137 25 26 0.20122445 
681 0 20 17 0.10024303 
160 83 20 27 0.090178356 
392 170 12 17 0.08983874 
312 336 33 37 0.0856143 
178 1 19 21 0.084036686 
742 0 19 20 0.08185936 
212 22 19 23 0.07422919 
852 200 20 21 0.050877772 
141 86 12 17 0.048514992 
573 3 24 26 0.047182336 
713 -1 20 18 0.044711817 
107 30 17 25 0.037037905 
242 22 25 29 0.03564033 
694 338 21 31 0.029303856 
254 56 14 18 0.028607279 
238 14 18 21 0.028220776 
71 199 17 21 0.027577983 
946 2 22 27 0.02730098 
154 24 15 21 0.024961181 
736 246 29 35 0.024335014 
240 34 25 29 0.023048872 
197 81 18 23 0.022996357 
896 216 23 29 0.02293207 
105 177 23 27 0.022557348 
107 202 19 21 0.022516862 
908 236 16 17 0.022386514 
696 342 48 55 0.022205267 
236 54 18 23 0.021620104 
222 22 22 27 0.02151497 
260 62 22 26 0.02076466 
