58_Hockey_icehockey_puck_58_926
38
568 104 60 73 0.9990689 
348 13 57 71 0.9976421 
217 220 61 71 0.99642026 
393 319 58 72 0.99559855 
936 272 57 73 0.9940771 
879 49 55 72 0.9931751 
462 192 51 75 0.9899602 
608 379 62 72 0.9728688 
398 223 52 64 0.59702903 
460 409 87 108 0.27903366 
613 260 39 45 0.14415021 
338 516 55 52 0.13168342 
687 372 46 57 0.13019533 
500 434 61 84 0.0805361 
642 468 52 68 0.048356604 
952 128 47 75 0.0466909 
90 266 50 54 0.043285765 
114 255 57 62 0.043249737 
517 283 53 77 0.040775936 
668 492 62 75 0.03902695 
434 420 77 75 0.037666418 
655 268 14 17 0.036767 
367 223 61 74 0.03596956 
557 326 46 61 0.030767929 
684 381 32 36 0.029880993 
898 277 41 45 0.028785719 
915 29 49 69 0.02773547 
594 428 55 70 0.02751799 
525 453 55 73 0.025771907 
217 167 8 9 0.024533648 
158 332 14 14 0.024440456 
358 493 61 57 0.022803856 
297 94 123 119 0.022785222 
951 169 50 66 0.022073666 
774 483 26 30 0.021805555 
571 350 50 68 0.020880502 
822 398 51 67 0.02060875 
530 254 66 82 0.020511271 
