58_Hockey_icehockey_puck_58_245
27
409 82 31 40 0.99917006 
280 78 30 38 0.99888784 
733 63 29 39 0.9988187 
610 72 30 34 0.9987238 
883 46 29 37 0.9986689 
811 54 29 36 0.998657 
473 116 31 37 0.9985751 
677 54 30 39 0.9984823 
154 76 30 35 0.998002 
199 121 29 36 0.9978429 
352 207 30 36 0.9974565 
611 365 30 38 0.9970805 
198 225 34 41 0.99705267 
382 105 28 35 0.9969157 
102 95 32 39 0.9968861 
528 99 30 39 0.9965205 
253 204 31 39 0.99646384 
901 168 31 40 0.9957996 
840 199 29 36 0.9957793 
100 189 32 36 0.9949896 
612 194 30 38 0.99328583 
679 291 29 36 0.9929147 
437 194 32 41 0.9928813 
345 113 16 21 0.088151805 
582 364 29 34 0.08423394 
773 250 17 27 0.06331876 
714 82 20 28 0.05416524 
