58_Hockey_icehockey_puck_58_753
20
883 383 61 94 0.97835356 
895 192 16 23 0.78416306 
559 293 20 34 0.7453743 
765 159 14 19 0.4562873 
1004 158 15 22 0.44456887 
820 240 23 27 0.31009862 
711 323 42 49 0.18307334 
173 110 9 11 0.11824337 
939 154 18 21 0.066020705 
744 231 24 30 0.064444944 
563 299 29 36 0.040532567 
902 190 24 28 0.03209277 
934 99 12 14 0.023625117 
526 359 41 47 0.022210639 
816 241 45 56 0.021613073 
925 154 22 30 0.021364905 
824 255 53 74 0.02089706 
683 237 40 46 0.020235207 
961 180 23 30 0.020112844 
550 299 24 35 0.020078138 
