58_Hockey_icehockey_puck_58_835
30
677 249 31 40 0.9984975 
769 256 31 41 0.9974322 
442 238 35 40 0.9972608 
310 413 35 41 0.99713135 
560 403 36 50 0.99651897 
875 307 31 39 0.9960879 
514 244 31 36 0.9959304 
702 404 36 42 0.9952969 
148 244 33 41 0.9949478 
354 238 35 43 0.99486524 
216 181 30 38 0.994749 
355 178 31 37 0.99443996 
449 180 29 33 0.9941328 
245 243 33 42 0.9940188 
163 398 38 46 0.99363774 
852 406 36 47 0.9930917 
439 410 38 51 0.99301004 
51 307 38 49 0.99253404 
552 185 29 34 0.99179614 
626 197 27 33 0.99011093 
693 202 26 31 0.9899838 
289 175 29 39 0.9889959 
598 247 31 36 0.98332226 
761 213 28 35 0.96422064 
661 179 16 20 0.14760198 
654 228 16 21 0.07759745 
572 270 11 15 0.042262938 
548 258 15 23 0.03823994 
582 196 15 20 0.022980828 
660 183 22 29 0.021476422 
