58_Hockey_icehockey_puck_58_469
141
368 239 38 41 0.99409544 
548 211 38 43 0.9925574 
22 83 23 28 0.9841787 
165 82 16 22 0.95794374 
413 25 18 23 0.95177954 
479 88 19 22 0.94373995 
337 112 17 21 0.942993 
304 55 16 21 0.93586516 
397 86 21 25 0.9341116 
216 59 19 22 0.9312829 
619 112 21 24 0.93040794 
645 114 18 21 0.9159025 
100 83 20 26 0.9092665 
258 47 15 19 0.90251917 
89 2 16 20 0.8996729 
464 12 16 20 0.89127064 
69 92 18 22 0.8504235 
499 23 13 17 0.8458061 
573 104 18 22 0.83130443 
548 140 21 25 0.813571 
133 11 15 21 0.8032938 
783 156 16 21 0.79666436 
333 74 19 22 0.79343855 
888 68 13 17 0.7690381 
722 24 14 18 0.76764965 
902 165 13 18 0.76620007 
739 133 15 21 0.750801 
359 63 15 18 0.7079899 
829 117 15 19 0.6332465 
951 75 13 17 0.60453963 
520 161 18 23 0.5608816 
5 44 17 23 0.5274215 
162 30 13 17 0.5218421 
683 25 14 18 0.48884243 
622 -1 13 12 0.44710335 
924 153 15 18 0.38653323 
628 178 18 19 0.3634243 
840 163 11 16 0.3562644 
858 187 13 15 0.35214838 
879 93 11 13 0.31528232 
869 115 14 18 0.2532283 
864 159 12 18 0.22417907 
918 179 11 15 0.18325676 
606 21 14 17 0.176117 
478 1 14 16 0.17553838 
288 124 13 15 0.16489065 
215 25 13 16 0.16107799 
599 23 11 14 0.1362011 
268 68 13 15 0.13198203 
661 136 17 23 0.10706096 
364 181 17 21 0.10640474 
621 99 15 16 0.1059884 
922 123 10 14 0.10548095 
236 34 13 15 0.09347981 
583 -1 12 11 0.0916763 
810 165 11 14 0.090134636 
269 90 19 18 0.08986502 
746 83 13 17 0.08608511 
302 92 14 17 0.08605056 
731 293 38 45 0.08064361 
904 117 13 15 0.079423144 
713 8 11 16 0.07923878 
539 41 13 16 0.075532496 
948 117 15 20 0.07418214 
760 12 12 14 0.07348697 
547 -1 12 11 0.07269432 
279 134 11 13 0.069577485 
950 176 10 13 0.06793225 
945 76 12 16 0.06713505 
746 0 12 11 0.064386465 
77 181 16 19 0.062483612 
127 3 15 18 0.057871945 
186 74 14 18 0.056102518 
222 364 9 14 0.05068446 
911 88 9 11 0.04916207 
532 92 18 20 0.046411622 
732 197 14 16 0.04583167 
183 190 12 16 0.04464217 
283 128 15 18 0.043700945 
778 90 14 16 0.043543 
822 118 16 20 0.04271707 
238 50 13 16 0.04245309 
308 115 19 22 0.042332917 
726 305 14 18 0.042154815 
657 0 11 11 0.042033404 
458 34 15 20 0.041854963 
717 300 29 34 0.040706187 
912 176 13 17 0.039989527 
854 19 10 12 0.039721724 
588 -1 13 12 0.03735155 
203 10 16 20 0.036836687 
785 189 15 17 0.03620459 
627 303 13 15 0.035752714 
731 100 15 19 0.03562763 
869 130 14 18 0.035198383 
640 115 13 18 0.035137877 
565 6 14 16 0.03373498 
429 175 11 14 0.033020735 
852 248 10 13 0.031330623 
916 99 12 14 0.031229844 
930 160 14 18 0.03084877 
788 106 14 17 0.030790957 
370 90 14 19 0.030088166 
115 181 13 16 0.029665252 
291 128 13 18 0.028838748 
235 116 16 17 0.028627492 
808 249 13 17 0.028500408 
874 109 13 17 0.028344763 
937 181 11 14 0.027975513 
475 8 14 19 0.027217032 
327 79 16 19 0.027150396 
343 250 10 13 0.026796142 
727 0 13 12 0.02678825 
627 21 13 18 0.026533134 
864 120 13 16 0.0262282 
780 247 12 17 0.025840614 
852 49 15 17 0.025664791 
780 99 16 19 0.025534488 
163 38 15 21 0.02544415 
73 182 11 15 0.025342472 
873 92 12 15 0.025115315 
730 93 15 18 0.024853991 
903 191 12 15 0.024778789 
497 56 16 20 0.023928272 
229 43 15 17 0.023747258 
558 6 13 15 0.023245981 
619 179 25 27 0.022971867 
683 179 11 15 0.02270354 
785 84 14 16 0.022413991 
560 139 14 21 0.021990828 
880 68 13 17 0.021371104 
666 6 15 17 0.021321077 
91 199 13 14 0.02098538 
900 130 15 18 0.02055656 
567 108 17 22 0.020338576 
827 188 13 16 0.02032488 
418 0 18 17 0.02026263 
924 167 14 18 0.020181127 
148 230 13 16 0.020165589 
269 4 18 18 0.020070298 
854 72 11 14 0.020000745 
