58_Hockey_icehockey_puck_58_262
570
551 226 11 15 0.96302706 
349 248 13 17 0.95886815 
269 321 13 16 0.95584714 
319 411 13 18 0.9449936 
471 188 10 14 0.9448243 
206 237 11 15 0.9267727 
567 214 10 12 0.9248225 
430 203 9 12 0.9125156 
204 332 14 19 0.908449 
384 239 11 15 0.89854544 
324 235 11 15 0.87250954 
50 330 12 17 0.84461355 
777 487 15 20 0.8316123 
468 254 13 15 0.7663094 
776 84 8 11 0.75358266 
101 308 10 14 0.72159165 
364 36 13 16 0.62419903 
801 81 7 9 0.5747863 
538 246 13 16 0.5691978 
346 274 12 15 0.49586138 
322 329 13 16 0.47880298 
832 77 9 11 0.45642322 
722 45 8 9 0.44397354 
968 94 7 9 0.41240475 
695 52 8 10 0.40338475 
495 52 9 10 0.40315 
445 74 10 13 0.39742556 
558 46 7 9 0.39707428 
530 30 7 9 0.34849745 
754 21 9 11 0.33669648 
662 68 8 11 0.31076714 
306 13 11 13 0.30651256 
866 92 8 11 0.3032527 
423 50 12 15 0.30144045 
324 353 11 16 0.29852638 
880 74 8 9 0.2843928 
789 49 9 10 0.27623826 
504 237 9 12 0.26966506 
837 6 8 9 0.2685545 
626 40 8 9 0.263242 
75 613 32 42 0.25197384 
352 409 9 11 0.24618824 
857 30 7 9 0.23890534 
382 278 8 11 0.22107872 
265 56 8 9 0.21477947 
728 0 8 9 0.20768507 
670 55 6 8 0.20303877 
764 47 10 12 0.19419858 
339 2 11 14 0.19055848 
181 49 8 11 0.18497092 
578 33 7 9 0.18276355 
89 617 55 45 0.18219677 
50 53 7 9 0.17815705 
647 69 7 10 0.1763612 
912 37 8 9 0.16372184 
3 629 10 12 0.16280998 
243 639 10 11 0.16036183 
748 73 9 11 0.15874875 
229 307 9 13 0.15213491 
303 347 12 15 0.14981154 
332 43 9 12 0.14730255 
769 7 8 9 0.14672767 
640 24 8 10 0.14435925 
416 238 10 13 0.1441848 
561 24 8 10 0.14288214 
679 31 7 9 0.14086595 
623 95 7 9 0.13928208 
181 15 8 9 0.13606167 
662 31 7 10 0.13467889 
736 15 8 10 0.13298713 
569 5 7 9 0.12747113 
607 23 8 9 0.12694035 
502 24 7 9 0.12656872 
293 3 10 13 0.124275774 
449 39 9 12 0.12310372 
216 34 8 10 0.12189527 
22 47 10 13 0.11808698 
742 1 9 9 0.11652394 
603 70 7 9 0.11496898 
323 0 12 11 0.11449803 
446 23 9 12 0.11408031 
881 95 7 10 0.11358385 
718 62 7 9 0.11280954 
911 87 7 9 0.11146944 
230 25 8 9 0.1111133 
593 24 6 8 0.107000224 
198 256 9 10 0.106403135 
580 230 12 14 0.10606604 
111 325 13 18 0.105594896 
617 22 8 10 0.10476693 
578 38 7 9 0.10418475 
63 10 12 15 0.10284522 
786 70 7 8 0.10249135 
156 3 14 15 0.10220429 
2 30 8 11 0.1019828 
302 7 13 15 0.10029228 
632 73 7 9 0.0999482 
206 24 8 9 0.097869605 
508 240 9 11 0.095437564 
248 0 12 13 0.09444365 
498 22 8 10 0.093652785 
447 44 9 11 0.09346464 
735 61 7 10 0.091873825 
350 310 8 11 0.09117916 
258 14 9 11 0.090576045 
896 41 7 9 0.08955769 
614 6 7 9 0.08921122 
697 31 7 8 0.08817781 
724 41 9 11 0.08777245 
743 31 8 10 0.087552294 
672 88 8 10 0.08685701 
609 16 7 9 0.086705305 
766 38 8 10 0.08539946 
778 31 8 11 0.08503176 
655 85 8 10 0.08498232 
766 97 7 8 0.08438287 
809 0 7 8 0.08379146 
463 257 13 16 0.08374178 
566 23 7 9 0.08300935 
840 26 8 10 0.08277269 
426 45 12 15 0.08174858 
621 21 8 10 0.08099617 
592 49 7 8 0.07954411 
702 87 7 9 0.078428805 
577 47 6 9 0.07804515 
478 0 8 9 0.077275224 
847 87 7 9 0.07616524 
760 110 7 9 0.07574979 
633 56 7 9 0.07541498 
48 48 8 12 0.075279534 
869 0 8 9 0.07440079 
642 86 6 9 0.074376844 
836 76 9 11 0.07366373 
428 4 12 13 0.07308114 
561 29 7 10 0.07288848 
624 79 6 8 0.072752744 
343 23 10 13 0.072442144 
510 0 7 8 0.07208152 
2 633 21 33 0.07141293 
610 7 7 9 0.07125144 
423 227 11 15 0.069816165 
753 57 7 9 0.0695621 
602 30 7 9 0.06830917 
641 15 8 9 0.06814717 
678 40 8 9 0.06775355 
253 48 8 10 0.06772803 
679 46 7 9 0.0663766 
672 78 7 9 0.06630764 
512 33 6 8 0.06627778 
886 1 9 9 0.065948054 
690 54 8 10 0.06516352 
552 63 8 10 0.06486354 
250 53 8 10 0.064659916 
529 38 8 10 0.064319365 
30 333 8 10 0.064187706 
646 23 8 10 0.06372749 
777 23 8 10 0.0636568 
473 1 8 9 0.06299625 
714 80 7 10 0.061244085 
34 17 9 12 0.060882833 
729 56 7 10 0.06067717 
777 1 8 9 0.059826575 
857 48 7 9 0.05947869 
606 30 7 9 0.05834953 
535 7 7 9 0.057693854 
287 222 9 11 0.057609443 
853 0 9 9 0.05755702 
640 29 7 9 0.05744103 
730 72 7 10 0.05730604 
673 6 8 9 0.056850698 
616 80 7 9 0.05677732 
566 244 11 13 0.056728363 
334 357 11 13 0.05645728 
90 67 9 12 0.05607406 
625 45 8 9 0.055719547 
608 47 6 8 0.055354323 
160 329 9 13 0.05511224 
536 46 8 10 0.054767035 
657 5 8 10 0.054647584 
454 192 10 12 0.053994406 
361 422 10 12 0.053984545 
471 5 8 10 0.053730983 
666 49 7 9 0.052988403 
425 168 8 10 0.052966487 
609 81 7 9 0.05279687 
792 93 7 10 0.052749097 
440 93 9 11 0.05266171 
734 57 8 9 0.052589465 
722 13 7 9 0.051823977 
688 21 7 9 0.05179694 
785 52 8 10 0.05168083 
226 25 8 9 0.051657796 
745 38 8 11 0.05162354 
689 16 8 10 0.051516466 
25 332 9 12 0.05139103 
438 303 10 12 0.051326793 
632 78 7 9 0.05097319 
702 0 6 8 0.050813206 
752 87 8 9 0.05063358 
849 0 9 9 0.050593466 
623 1 8 9 0.050522335 
756 16 9 12 0.050480746 
446 13 9 12 0.05035708 
778 54 6 9 0.050345037 
297 326 11 15 0.04958283 
51 19 11 13 0.04934625 
783 13 8 9 0.049113486 
534 40 7 9 0.04909256 
729 61 8 10 0.049038377 
718 85 7 9 0.049026683 
329 396 9 13 0.04889597 
650 46 7 10 0.048861876 
672 48 7 9 0.048854426 
242 33 8 10 0.04883537 
782 0 7 8 0.04872506 
665 95 8 11 0.048694216 
220 8 9 11 0.04859079 
272 365 9 12 0.048583977 
721 56 7 10 0.047219735 
711 8 6 8 0.04680744 
124 1 12 11 0.04670813 
456 5 8 11 0.046705592 
599 80 7 8 0.04635965 
593 0 7 8 0.046017386 
487 21 8 10 0.04575501 
904 102 8 9 0.045540094 
269 21 11 13 0.04547389 
606 66 8 9 0.045306258 
447 190 8 10 0.045283943 
582 1 8 9 0.045240425 
869 88 9 11 0.04516831 
559 64 8 11 0.04513548 
846 93 9 11 0.04509986 
369 345 8 11 0.045016386 
631 46 7 9 0.044950176 
674 40 8 9 0.04490777 
438 6 13 13 0.044905424 
659 69 7 10 0.04469635 
181 8 10 12 0.044648647 
480 104 8 10 0.044067353 
669 93 9 12 0.043900643 
715 63 7 10 0.04389679 
505 47 8 11 0.04388547 
219 13 7 9 0.043808658 
264 22 8 12 0.04371968 
584 54 7 9 0.043497592 
681 61 7 9 0.042997465 
278 19 11 13 0.04291507 
488 10 7 9 0.042902697 
927 1 10 12 0.04274103 
479 7 8 10 0.042635597 
726 7 8 10 0.042438995 
703 66 7 8 0.042264033 
826 78 8 10 0.04205001 
906 38 7 9 0.04192161 
419 243 10 14 0.04167578 
773 6 8 10 0.041648213 
912 48 7 9 0.04160579 
96 52 9 12 0.041602947 
681 57 8 9 0.04148252 
754 61 7 10 0.041235603 
650 55 7 9 0.04103093 
55 360 8 10 0.04081522 
689 39 7 8 0.040507566 
649 41 7 9 0.04027284 
607 41 7 8 0.040251497 
694 9 8 9 0.04014674 
912 103 8 10 0.03989426 
785 66 7 9 0.039842885 
618 72 6 8 0.039708022 
655 47 6 9 0.039574865 
601 24 7 10 0.039379094 
761 71 7 9 0.03935641 
703 30 8 9 0.039320808 
810 95 7 9 0.039299056 
861 29 7 10 0.039253138 
768 33 7 9 0.039247744 
722 102 8 11 0.03904135 
554 41 8 10 0.038933095 
52 50 9 10 0.038815953 
729 24 7 9 0.03880944 
884 76 8 11 0.038805086 
718 81 7 9 0.03880262 
647 86 7 10 0.038514413 
633 6 9 10 0.038353708 
509 48 8 11 0.038347952 
790 69 7 9 0.038125902 
438 89 8 11 0.038074546 
736 0 8 9 0.037864674 
348 37 9 12 0.03767994 
807 495 10 12 0.037664704 
664 78 7 9 0.037392825 
616 30 7 9 0.037267357 
365 55 12 14 0.03723462 
735 21 7 10 0.037204962 
633 32 7 9 0.037179314 
664 16 7 8 0.037150726 
373 270 10 12 0.03708156 
346 309 9 12 0.03696874 
654 55 6 8 0.03695713 
616 48 6 8 0.036754016 
761 53 8 10 0.0366882 
69 336 8 11 0.03667053 
696 70 8 9 0.03656736 
64 334 9 12 0.036464725 
457 254 9 13 0.036337588 
728 95 8 9 0.035993908 
610 85 7 10 0.03598752 
52 0 10 9 0.035900757 
592 54 6 8 0.035794113 
535 287 8 10 0.035511654 
444 6 10 12 0.03549547 
543 0 8 9 0.035459463 
804 80 8 10 0.03539497 
568 56 7 8 0.03506867 
785 103 7 10 0.035062846 
498 30 7 9 0.034945235 
488 14 7 10 0.03480255 
197 260 9 13 0.034798823 
568 16 8 10 0.0347844 
424 173 8 10 0.034687653 
666 24 6 8 0.034604684 
369 269 9 12 0.03450022 
602 40 6 8 0.034483746 
207 47 8 10 0.034346092 
809 30 7 9 0.033989895 
624 73 6 8 0.03389695 
552 31 7 9 0.033647783 
922 54 7 10 0.03335 
727 29 7 10 0.032998953 
133 2 15 15 0.03298612 
159 31 11 14 0.032968402 
245 36 7 10 0.03293986 
638 8 8 10 0.032890387 
582 32 8 9 0.032890044 
763 95 7 9 0.032538626 
733 78 7 10 0.032448567 
689 8 8 9 0.032358542 
289 0 11 13 0.03231522 
400 45 11 14 0.03224013 
471 29 7 10 0.03214281 
303 651 13 17 0.032107268 
619 624 20 20 0.032105938 
831 83 9 11 0.032045387 
657 65 7 10 0.03202667 
759 87 7 9 0.031979885 
209 0 9 9 0.03195491 
257 20 9 12 0.03183955 
429 167 8 10 0.031809635 
862 7 8 10 0.031535402 
433 238 9 12 0.031501736 
814 0 8 8 0.031372964 
2 37 9 12 0.03115569 
634 95 7 9 0.031062424 
584 49 7 9 0.031031398 
615 1 9 10 0.031006375 
614 85 7 10 0.031000812 
592 40 7 9 0.030974507 
704 81 6 9 0.030962478 
553 14 7 9 0.030791199 
397 644 10 13 0.030740777 
591 30 7 9 0.030705035 
536 2 8 8 0.030678025 
641 81 7 9 0.030433496 
670 99 9 12 0.030200591 
452 37 9 12 0.030182231 
445 214 9 12 0.03009319 
48 359 8 11 0.03008406 
504 29 7 10 0.03000638 
713 71 7 8 0.029884 
373 348 8 11 0.029859895 
849 62 7 9 0.02974372 
672 72 7 9 0.02974044 
750 40 7 9 0.02973407 
785 237 10 12 0.029684206 
781 24 9 10 0.029676247 
350 104 8 11 0.02959159 
207 28 8 10 0.029547885 
791 65 7 9 0.029491484 
710 39 7 10 0.029435484 
296 271 9 12 0.029309966 
336 342 10 12 0.029297657 
332 426 10 14 0.029252416 
490 53 9 11 0.029192587 
271 15 11 13 0.029083183 
543 7 8 10 0.028987808 
793 31 7 9 0.02895296 
638 95 7 10 0.028883342 
602 66 7 9 0.028804347 
150 29 9 12 0.028795231 
198 270 8 12 0.02863188 
574 246 10 13 0.028557776 
664 38 7 9 0.02854722 
21 325 10 15 0.028511934 
99 4 16 18 0.028502366 
485 37 9 11 0.02837869 
733 72 8 9 0.028308013 
598 87 7 10 0.028248655 
456 206 9 12 0.028190209 
567 63 8 10 0.028166767 
691 48 7 10 0.028124535 
15 305 8 10 0.028039886 
469 311 9 11 0.02803591 
319 239 12 16 0.027952997 
472 64 9 11 0.027908774 
377 317 10 12 0.027858146 
624 5 8 9 0.027838446 
10 630 23 38 0.027821418 
601 48 6 8 0.027793838 
656 40 7 9 0.027777102 
511 37 7 10 0.027768498 
456 286 9 12 0.027676601 
0 43 8 13 0.027654609 
641 40 6 9 0.027624141 
675 31 7 9 0.027508782 
276 29 10 12 0.027501075 
529 263 8 11 0.027491761 
769 14 7 9 0.027466256 
640 71 8 9 0.027434649 
769 65 7 9 0.027344758 
529 26 7 10 0.027313769 
268 54 8 10 0.027286952 
721 24 8 9 0.027183566 
489 295 10 13 0.027090553 
462 223 8 11 0.027079854 
428 229 9 12 0.026993934 
689 71 7 9 0.02696906 
430 10 12 14 0.02681798 
646 16 7 9 0.026640832 
720 70 7 9 0.026563931 
572 218 10 13 0.026473809 
792 530 10 13 0.026415339 
678 6 8 9 0.026340777 
206 276 8 10 0.026305806 
847 30 7 9 0.026275886 
142 340 9 12 0.026169831 
926 29 9 11 0.026149241 
633 87 6 9 0.026147895 
751 28 9 11 0.026115458 
694 38 7 9 0.026092587 
753 7 8 9 0.026076606 
198 6 9 10 0.026007334 
577 235 11 14 0.02593146 
465 5 7 10 0.025913617 
272 47 8 11 0.025778696 
280 40 9 11 0.025737114 
416 230 11 14 0.0257073 
582 6 8 9 0.025550887 
730 77 7 9 0.025543189 
854 102 7 10 0.025495447 
457 246 9 12 0.025359983 
714 85 8 10 0.025300553 
271 27 9 12 0.025223477 
0 11 7 14 0.025069444 
710 31 7 10 0.02504632 
424 40 11 14 0.025041465 
441 190 8 10 0.025017891 
301 238 8 11 0.025011923 
498 237 10 13 0.024980638 
438 205 9 12 0.024947293 
429 39 11 13 0.02493739 
647 80 7 10 0.02492276 
319 271 9 11 0.024893593 
633 62 8 9 0.02485505 
534 25 8 10 0.024815623 
864 46 7 10 0.024802763 
575 5 8 10 0.024738738 
320 2 11 14 0.024591068 
896 88 7 9 0.024550272 
815 14 7 9 0.024549004 
680 24 8 10 0.024510343 
799 62 7 9 0.024376681 
727 13 7 10 0.024348615 
42 45 8 11 0.0240191 
655 103 8 10 0.024007412 
351 84 9 12 0.023938749 
697 79 7 9 0.023935039 
253 4 10 13 0.023934653 
905 87 8 9 0.023930404 
326 14 10 11 0.02387799 
655 24 7 9 0.023861226 
720 0 8 8 0.02383555 
561 1 6 8 0.023750573 
439 54 9 11 0.023704376 
215 48 7 10 0.023692854 
240 46 7 10 0.02351796 
368 261 12 15 0.023457823 
912 93 8 10 0.02342162 
793 0 8 9 0.023360757 
856 38 7 9 0.023331944 
528 284 9 12 0.023263464 
839 3 9 10 0.023185113 
206 375 8 11 0.023174923 
799 30 7 9 0.02317242 
441 46 8 11 0.02295955 
745 46 7 9 0.022883568 
374 311 10 13 0.022857042 
639 63 8 10 0.022818804 
439 184 8 11 0.022803644 
634 23 7 10 0.022781203 
857 7 8 10 0.022724172 
462 246 10 13 0.022565797 
176 351 8 10 0.022401359 
6 54 10 13 0.022359718 
530 7 7 9 0.02229131 
945 0 9 9 0.022177491 
639 47 7 9 0.022162063 
864 24 6 9 0.022049788 
280 63 9 11 0.021854687 
864 70 7 10 0.021827001 
799 56 7 9 0.021794606 
506 0 8 9 0.021785587 
847 5 9 11 0.02167616 
624 88 8 11 0.021622373 
848 80 7 9 0.021588525 
918 38 7 9 0.021576442 
105 70 8 11 0.02157464 
577 1 9 10 0.02153753 
569 47 7 9 0.021520704 
687 63 7 8 0.021517588 
346 29 11 13 0.02151434 
759 64 6 9 0.021488024 
758 6 8 10 0.021469634 
919 48 8 10 0.021461822 
615 16 8 10 0.021428388 
135 340 10 13 0.021374812 
619 94 7 10 0.021367958 
594 79 7 9 0.021314977 
521 24 7 9 0.02131319 
703 47 8 10 0.02124464 
473 25 7 9 0.021219747 
893 112 10 14 0.021184249 
299 364 14 17 0.021077618 
334 261 12 14 0.021076882 
854 62 8 10 0.021067863 
657 15 7 8 0.021057468 
678 88 7 10 0.02105275 
239 13 9 10 0.021051817 
45 607 58 55 0.02103604 
301 0 12 12 0.02101435 
686 2 9 8 0.020987691 
378 238 11 13 0.020938985 
704 25 8 9 0.020934481 
6 44 10 14 0.020934153 
809 15 7 9 0.020905273 
608 55 7 8 0.020821147 
430 159 7 9 0.020813026 
761 80 7 9 0.020803686 
872 31 7 9 0.020682672 
132 621 10 12 0.020676864 
770 85 9 11 0.020668969 
624 56 8 10 0.02066832 
495 81 7 11 0.020620482 
278 43 9 13 0.020564953 
152 44 9 12 0.020541955 
864 64 8 9 0.020502504 
503 52 8 10 0.020457018 
247 12 9 13 0.020442398 
856 80 7 9 0.02035037 
795 80 7 9 0.020324338 
285 79 9 12 0.020301202 
745 85 8 11 0.020273553 
561 54 7 9 0.020270163 
554 24 7 9 0.020249262 
842 93 9 11 0.020191558 
664 87 8 10 0.02018267 
697 64 7 9 0.020116745 
524 277 10 13 0.020111881 
164 35 10 13 0.02010981 
585 23 7 9 0.020045675 
