58_Hockey_icehockey_puck_58_285
28
290 146 34 38 0.9919823 
568 174 37 44 0.9919658 
568 95 20 24 0.95243007 
430 128 31 35 0.9242852 
39 130 22 25 0.88126886 
786 83 13 16 0.8671989 
961 263 49 56 0.6585375 
792 122 9 13 0.1492174 
611 168 21 27 0.14654014 
313 116 24 29 0.12198072 
765 85 9 12 0.06401469 
23 208 10 15 0.06225115 
84 162 17 17 0.061328605 
829 77 9 12 0.05732734 
840 78 10 12 0.053974196 
854 66 8 10 0.046244137 
804 70 11 14 0.037026964 
316 94 10 12 0.034483843 
840 85 9 11 0.033695493 
829 97 9 11 0.032426987 
782 110 12 14 0.028557813 
794 85 12 14 0.026301086 
606 171 15 21 0.025500802 
28 106 17 21 0.02477701 
787 110 13 15 0.024260538 
796 130 11 14 0.02264911 
307 124 26 37 0.022003504 
841 71 10 12 0.021515675 
