58_Hockey_icehockey_puck_58_244
19
705 468 32 39 0.99905413 
800 482 32 37 0.9981692 
234 481 35 42 0.9980496 
629 459 30 36 0.99777645 
363 272 27 34 0.9976897 
673 437 26 31 0.99760854 
587 464 27 33 0.9963575 
459 253 27 37 0.996033 
402 468 28 37 0.99540377 
408 419 27 35 0.99512625 
518 507 28 34 0.99348515 
452 455 26 30 0.993255 
540 279 26 33 0.9919776 
535 407 22 29 0.98958045 
495 415 24 30 0.98685884 
456 504 24 31 0.98538184 
453 565 11 12 0.03084979 
477 541 16 19 0.030545259 
569 595 12 15 0.02123934 
