58_Hockey_icehockey_puck_58_493
56
469 87 74 90 0.99837035 
252 46 33 44 0.9971192 
109 15 31 40 0.99671435 
113 130 35 45 0.9960375 
227 -1 32 33 0.9947472 
720 -2 30 35 0.9937703 
905 125 37 46 0.9935108 
598 0 37 36 0.9920648 
610 140 36 47 0.99203753 
655 54 31 43 0.9911719 
775 139 38 46 0.99116766 
3 -2 31 38 0.9881188 
809 0 28 33 0.98388577 
483 -1 32 37 0.98103446 
346 1 36 27 0.9746142 
237 107 40 51 0.97354615 
441 56 25 38 0.94877917 
318 168 78 94 0.93580693 
935 21 27 31 0.88230795 
875 26 19 21 0.82520676 
159 130 28 36 0.57879597 
451 346 84 109 0.46742517 
878 76 24 30 0.27974346 
537 115 43 55 0.09990061 
0 115 16 43 0.09925225 
763 71 29 37 0.097200975 
868 83 29 36 0.077590324 
700 2 18 23 0.068409875 
313 82 21 24 0.06324336 
754 56 32 39 0.057774283 
478 327 93 120 0.056765344 
23 212 32 46 0.0528031 
311 0 18 19 0.048611477 
899 68 28 33 0.04768039 
862 99 26 31 0.046987094 
304 89 29 36 0.046119202 
831 91 40 47 0.04484156 
963 -1 19 20 0.041945543 
272 0 21 20 0.03606968 
432 99 22 32 0.035727818 
829 2 24 31 0.035378706 
388 70 16 22 0.035176422 
846 79 38 46 0.034571916 
35 128 16 26 0.03185432 
523 327 63 100 0.03137511 
164 140 17 22 0.029454194 
882 75 36 45 0.029439228 
557 126 31 39 0.028965019 
824 86 26 34 0.0271999 
365 1 21 19 0.024086673 
298 103 31 39 0.022760747 
885 69 25 31 0.022573665 
371 81 30 35 0.02132002 
416 89 18 23 0.021220366 
724 81 19 22 0.021067664 
840 4 17 21 0.020750664 
