58_Hockey_icehockey_puck_58_384
56
422 492 30 35 0.9883307 
224 206 33 29 0.9812645 
605 226 28 31 0.97439957 
531 441 29 35 0.9736771 
541 252 25 30 0.9356153 
552 300 24 31 0.86784166 
346 574 36 43 0.86719465 
599 193 22 29 0.8664482 
625 73 28 25 0.80274117 
771 60 22 25 0.66733307 
238 484 30 32 0.24695599 
2 502 27 31 0.23254547 
739 125 25 27 0.2263608 
303 450 24 29 0.20098491 
253 615 17 23 0.18376704 
847 22 16 18 0.17467637 
136 529 41 32 0.1715626 
511 340 32 37 0.15568486 
507 330 26 33 0.121072344 
683 75 21 21 0.115513764 
656 178 25 29 0.101722784 
288 453 29 31 0.097656175 
1 503 13 20 0.08470392 
759 113 29 31 0.08311426 
672 69 10 13 0.075235166 
746 116 32 31 0.06965791 
759 62 27 31 0.056251377 
663 189 20 24 0.05511536 
633 123 24 22 0.05460292 
660 247 12 16 0.047010068 
678 74 14 17 0.041787185 
279 459 26 33 0.04151136 
432 242 33 30 0.04145504 
241 612 26 35 0.038057294 
829 58 23 27 0.037889574 
566 106 11 14 0.03786424 
537 293 24 31 0.037513893 
647 237 15 20 0.037052628 
822 138 19 20 0.036287803 
423 248 34 36 0.033835087 
462 290 38 51 0.03360674 
522 287 26 34 0.03293281 
841 25 23 26 0.03254158 
504 228 28 32 0.032282602 
521 351 33 31 0.03151959 
750 131 27 28 0.031482387 
221 608 39 49 0.027741017 
315 508 39 51 0.025236078 
396 294 32 33 0.024756623 
708 67 15 17 0.02338663 
747 67 30 36 0.023364345 
860 65 23 30 0.022741232 
838 28 15 19 0.021503018 
331 610 19 24 0.020977508 
427 358 30 30 0.02094927 
473 209 16 17 0.02069103 
