58_Hockey_icehockey_puck_58_680
353
672 355 33 38 0.99593025 
838 205 36 44 0.9958003 
563 244 35 40 0.995375 
332 239 35 42 0.99533087 
563 329 34 43 0.99516135 
773 341 38 46 0.9942252 
751 216 35 40 0.99343646 
434 227 33 40 0.99071574 
369 321 36 44 0.9896913 
470 321 37 43 0.98958874 
891 365 38 43 0.9887426 
549 192 32 35 0.9878471 
224 199 37 42 0.984784 
256 344 33 43 0.9839697 
789 124 15 19 0.9839648 
692 236 36 42 0.9806928 
259 176 27 31 0.9750611 
643 141 15 20 0.9667114 
245 132 15 19 0.9614209 
804 151 14 18 0.95594513 
791 51 10 14 0.9498717 
702 150 15 19 0.9415265 
622 252 33 39 0.94099087 
378 131 13 17 0.93234175 
288 330 29 40 0.9297782 
624 138 13 16 0.91697186 
301 138 15 17 0.91661435 
674 59 14 17 0.9138247 
740 119 13 17 0.9121246 
230 81 14 17 0.90331465 
835 126 15 17 0.8960802 
544 148 13 17 0.87997824 
982 24 13 16 0.8775117 
945 222 32 36 0.8748177 
342 31 11 15 0.87405646 
626 57 13 16 0.8665963 
703 119 14 17 0.86306465 
937 166 12 15 0.8609071 
513 112 14 17 0.85691655 
928 79 11 15 0.8476204 
485 151 13 16 0.84295595 
703 25 10 14 0.82196087 
889 134 14 18 0.82177 
466 111 14 19 0.8152125 
434 132 14 17 0.81006354 
116 79 12 15 0.7726653 
580 131 12 16 0.7627729 
771 19 12 16 0.74998504 
950 60 11 13 0.7467185 
300 79 13 16 0.7437272 
370 105 13 16 0.73438823 
686 188 17 20 0.7310993 
579 93 13 17 0.7304163 
955 126 12 16 0.6774414 
446 96 11 14 0.6759197 
984 174 14 16 0.67010915 
143 279 51 58 0.6526979 
868 154 15 17 0.64686346 
559 26 12 15 0.6439759 
838 26 10 13 0.6437226 
502 29 13 17 0.63313377 
670 3 12 15 0.6281156 
452 17 12 14 0.62207615 
22 104 10 12 0.61912537 
526 46 10 13 0.5980582 
335 143 13 16 0.55716974 
1002 44 13 16 0.55658007 
731 61 11 13 0.52412266 
590 60 10 14 0.5189313 
832 41 12 15 0.5134366 
364 27 10 12 0.4858974 
50 38 13 16 0.479967 
975 140 12 15 0.47078437 
349 134 14 18 0.46382496 
581 3 12 14 0.4466816 
639 188 18 20 0.43367425 
319 -1 10 11 0.4238681 
897 60 10 13 0.41329035 
424 113 11 14 0.40168917 
217 126 12 15 0.396483 
174 52 12 14 0.3931248 
212 14 12 16 0.39065203 
308 19 12 15 0.38795307 
736 140 12 16 0.38303876 
283 155 14 17 0.38252717 
919 22 11 14 0.38233525 
107 45 12 17 0.37724993 
90 168 36 51 0.34971255 
703 70 11 15 0.31844893 
416 39 11 13 0.3011997 
927 9 9 11 0.29635704 
539 112 14 16 0.2934393 
755 139 16 20 0.2791974 
273 132 11 13 0.27564955 
406 6 11 14 0.2581165 
600 0 10 11 0.2545443 
873 42 11 14 0.2511456 
518 0 11 12 0.25078136 
684 131 13 17 0.23503725 
324 105 12 15 0.21205439 
524 67 12 14 0.21023557 
393 22 9 12 0.2062225 
402 76 12 14 0.20391266 
668 80 10 13 0.18959557 
503 23 12 14 0.18657312 
864 29 9 11 0.18310021 
734 192 15 20 0.17350094 
624 -1 13 12 0.172282 
470 63 12 15 0.17194192 
827 141 12 15 0.17101204 
894 56 10 13 0.1674242 
340 162 12 16 0.16618116 
233 13 11 15 0.16380791 
479 79 12 14 0.16098487 
887 102 12 14 0.15497759 
962 155 14 18 0.15179978 
700 52 9 13 0.15091354 
777 149 11 15 0.14891511 
734 75 12 14 0.14617538 
589 40 10 12 0.14196584 
720 22 10 13 0.13936621 
675 105 12 16 0.12884192 
811 12 10 13 0.12831442 
409 93 11 14 0.12702602 
614 192 15 21 0.123524606 
317 21 10 13 0.12105288 
315 191 17 21 0.118848525 
854 0 13 11 0.117594 
224 0 10 10 0.11361579 
527 85 11 13 0.11247542 
308 108 11 14 0.10672769 
557 42 11 15 0.10319343 
870 76 10 13 0.10261393 
703 85 11 14 0.09901726 
22 0 8 8 0.098909974 
427 167 11 14 0.098862156 
732 68 12 14 0.09382413 
504 0 9 11 0.092710376 
639 79 13 17 0.09112009 
591 66 13 15 0.08866003 
724 14 10 13 0.08724108 
711 56 12 15 0.08668236 
996 82 10 13 0.0860246 
465 37 10 13 0.08572994 
996 66 11 15 0.0826593 
450 99 11 14 0.07968374 
78 88 9 12 0.07706886 
317 163 14 18 0.07697489 
945 101 10 12 0.0768724 
756 100 12 15 0.07656428 
278 159 14 17 0.07517512 
406 83 12 15 0.06902618 
97 9 16 21 0.06596305 
447 159 13 15 0.06516565 
483 83 10 13 0.06459129 
421 28 11 13 0.06346909 
729 76 11 13 0.062973015 
963 124 11 14 0.060832303 
191 213 25 33 0.06060449 
969 141 11 14 0.06050306 
959 119 12 16 0.059324596 
396 243 27 33 0.0568825 
691 133 13 16 0.056879833 
557 35 13 16 0.055722065 
503 55 10 12 0.0556117 
726 19 9 13 0.054549113 
33 67 11 14 0.05449073 
916 99 11 14 0.054188494 
510 94 11 14 0.05366344 
664 21 11 13 0.053325195 
390 220 17 19 0.05320222 
702 60 11 14 0.052079547 
196 123 10 13 0.051469166 
969 5 10 14 0.051454153 
20 22 11 13 0.05143391 
275 337 34 41 0.051227026 
926 0 10 9 0.05116211 
276 44 11 14 0.050616622 
432 39 10 12 0.04972575 
395 91 13 15 0.049706284 
436 37 12 13 0.049431294 
310 365 16 18 0.048292287 
436 109 11 14 0.04828251 
56 68 8 11 0.04766084 
231 150 13 16 0.046378184 
969 11 11 15 0.045477606 
919 13 12 13 0.045219865 
4 71 11 14 0.044784974 
395 99 12 15 0.044173535 
448 117 11 14 0.04309559 
512 0 11 11 0.04299813 
397 37 11 14 0.042907186 
163 70 14 17 0.042355098 
917 55 13 19 0.042345703 
594 351 24 28 0.042049363 
908 0 11 11 0.04170529 
247 65 11 15 0.041316032 
1007 11 10 13 0.04090989 
994 101 12 16 0.040813006 
1013 98 10 14 0.040726066 
782 151 12 16 0.040597532 
241 188 30 40 0.040558547 
280 19 10 12 0.040208656 
698 210 24 27 0.040161293 
960 111 11 13 0.039991166 
422 22 12 14 0.039664987 
360 61 10 13 0.039461043 
397 83 13 16 0.03941597 
734 0 10 9 0.039042775 
39 55 9 12 0.038919214 
355 42 12 16 0.03874901 
471 77 12 14 0.03868489 
890 53 10 13 0.038486384 
223 37 11 13 0.03821855 
109 132 12 15 0.038131904 
732 20 10 12 0.037926603 
58 5 9 11 0.037615713 
908 123 10 14 0.037205745 
430 14 10 12 0.036712773 
270 39 9 12 0.035954833 
367 35 11 14 0.035881966 
435 43 12 14 0.035711475 
914 21 11 13 0.035353154 
404 117 13 15 0.034580242 
685 42 11 13 0.034403138 
119 111 13 15 0.033873554 
141 249 48 57 0.033353746 
528 318 26 35 0.03309176 
789 176 14 18 0.03300798 
841 129 13 15 0.032958593 
525 74 13 16 0.03276818 
586 43 11 15 0.032431662 
945 -1 10 9 0.032423504 
871 22 9 12 0.032358244 
921 8 11 12 0.032151934 
697 47 9 12 0.03211973 
319 14 10 14 0.032074746 
936 63 10 13 0.031627942 
420 42 10 13 0.031449933 
438 31 11 14 0.03137517 
287 31 10 12 0.03132084 
681 127 11 16 0.031264864 
823 22 10 13 0.031242028 
621 37 11 13 0.030980444 
706 73 12 15 0.030341033 
614 78 13 15 0.030231042 
122 118 14 16 0.030144162 
348 35 11 15 0.029843876 
160 116 11 14 0.029798852 
775 45 12 15 0.029392317 
713 45 10 13 0.028949387 
528 90 12 15 0.028883584 
162 3 13 15 0.028786557 
532 93 12 14 0.028758017 
694 58 11 14 0.028573282 
543 130 12 15 0.028476505 
265 37 10 13 0.028302386 
740 72 12 15 0.028030608 
45 63 10 11 0.027975835 
303 27 11 14 0.027875653 
304 102 12 14 0.02773663 
415 31 12 14 0.027554102 
430 21 11 13 0.02746691 
472 166 11 12 0.027455311 
391 139 11 14 0.027013699 
431 30 10 11 0.026948784 
959 139 10 13 0.026756389 
308 112 14 18 0.026705505 
220 146 13 16 0.026393143 
540 120 14 18 0.026072135 
47 53 10 13 0.025996592 
971 157 13 16 0.02583809 
834 24 10 12 0.02578956 
75 55 10 14 0.025622562 
116 131 13 17 0.025533937 
397 27 10 13 0.025438808 
215 139 13 18 0.02521415 
565 111 13 16 0.025093107 
846 161 14 17 0.02503413 
532 120 13 17 0.02503142 
598 555 14 14 0.024985483 
478 165 10 13 0.02496862 
-2 38 8 13 0.024942828 
461 76 12 14 0.024838448 
467 103 15 18 0.02478368 
261 140 12 16 0.024768794 
406 2 11 11 0.024694858 
367 44 10 12 0.024548082 
474 68 13 16 0.024427837 
470 94 10 12 0.024274101 
373 38 10 12 0.024162753 
73 170 33 43 0.024132218 
892 117 11 14 0.023956235 
761 145 14 17 0.023950813 
391 86 12 14 0.023858115 
944 76 10 13 0.02379419 
78 25 9 13 0.023663513 
976 172 13 17 0.023638552 
865 75 10 13 0.02353988 
5 47 8 12 0.023388933 
37 61 12 15 0.023283137 
444 36 11 12 0.02319606 
677 155 13 15 0.02311537 
431 104 10 12 0.022993771 
581 75 11 13 0.02285417 
397 106 11 14 0.02272558 
563 43 10 14 0.022703718 
106 173 20 27 0.022642624 
318 27 10 12 0.0225065 
757 51 13 15 0.02249001 
454 109 10 14 0.022320474 
498 33 13 17 0.022239644 
787 149 12 17 0.022147207 
228 38 11 13 0.022005914 
559 67 13 16 0.021987768 
390 105 12 15 0.021925744 
714 40 9 11 0.02189804 
1001 11 11 14 0.021841312 
375 67 11 15 0.021730592 
423 13 11 12 0.021579789 
261 197 16 24 0.021538343 
1007 29 11 16 0.021385025 
463 43 12 14 0.021375539 
728 56 11 13 0.021336086 
301 382 13 18 0.021332018 
1014 30 10 15 0.021324718 
920 -1 11 10 0.021303188 
396 0 12 11 0.021259692 
517 71 14 17 0.021256825 
0 44 9 13 0.021232186 
976 21 11 15 0.020902433 
552 38 12 16 0.02081992 
686 61 9 13 0.020801961 
398 73 19 23 0.020798974 
558 50 12 16 0.020777725 
142 26 11 13 0.020725023 
367 55 10 12 0.020685477 
473 288 33 33 0.020643372 
365 61 11 14 0.02063483 
499 172 13 16 0.020585397 
896 36 9 12 0.020539775 
873 14 9 12 0.020481588 
996 115 12 15 0.020480957 
511 67 13 16 0.02045293 
932 6 11 13 0.02044153 
757 61 13 15 0.020329028 
695 84 11 15 0.020309417 
104 69 11 15 0.020308 
759 44 12 15 0.020234914 
697 69 11 13 0.02007766 
85 126 11 14 0.020058522 
52 49 11 14 0.020038549 
261 147 13 16 0.02002202 
