58_Hockey_icehockey_puck_58_785
25
525 340 32 37 0.9990945 
375 340 34 45 0.99890053 
729 339 33 37 0.99859196 
129 328 39 45 0.9985019 
447 355 33 41 0.998467 
480 339 32 41 0.99818075 
625 361 31 38 0.9975545 
916 310 37 46 0.9974497 
328 333 35 40 0.9971258 
284 364 34 39 0.9965339 
685 337 31 36 0.9964799 
657 305 30 40 0.996051 
791 310 33 38 0.9960167 
245 360 33 40 0.9958633 
422 292 33 42 0.99569064 
279 308 35 39 0.9917908 
610 327 25 30 0.97162986 
602 328 21 26 0.095237814 
778 332 14 20 0.059244435 
598 323 16 23 0.041857503 
249 342 33 42 0.037089102 
567 525 13 19 0.031171754 
832 447 24 26 0.025939303 
670 318 27 37 0.025327697 
542 583 10 12 0.023850083 
