58_Hockey_icehockey_puck_58_825
23
596 115 27 34 0.9984861 
820 118 29 38 0.9983334 
791 218 33 41 0.99820507 
573 231 32 40 0.99785405 
498 125 27 34 0.99784577 
714 121 28 38 0.9973943 
250 110 28 34 0.9972038 
106 110 29 37 0.9970601 
297 118 27 36 0.9966466 
210 229 33 43 0.9966462 
683 222 32 39 0.99660194 
545 101 27 34 0.99653924 
390 117 26 32 0.9963685 
639 104 26 33 0.99635065 
346 105 26 32 0.99572206 
477 217 28 40 0.9952943 
841 398 39 45 0.9952643 
769 103 26 34 0.99515224 
343 213 31 43 0.9950317 
212 116 28 37 0.99430263 
452 88 26 30 0.9894895 
90 384 48 49 0.97065854 
454 106 23 30 0.020089282 
