58_Hockey_icehockey_puck_58_212
185
594 77 55 72 0.9971859 
180 156 23 32 0.99050224 
141 160 24 33 0.9889493 
253 116 23 31 0.9726988 
64 173 22 29 0.9652021 
238 29 20 26 0.9545539 
498 38 22 29 0.95150393 
649 49 19 23 0.9446538 
943 155 20 26 0.9316773 
379 74 19 25 0.9310056 
402 9 17 21 0.9272457 
514 83 22 26 0.9263817 
287 34 22 27 0.92241096 
877 18 17 21 0.9154805 
991 157 20 26 0.91450787 
970 113 17 21 0.8981158 
853 158 18 24 0.8935618 
138 75 23 29 0.89235705 
373 46 17 24 0.8686841 
428 82 21 26 0.85958093 
964 56 17 22 0.8578508 
915 119 16 23 0.8255453 
774 50 17 22 0.8221529 
419 54 18 21 0.78712964 
957 91 17 20 0.7113816 
219 73 23 28 0.7017879 
360 131 20 27 0.6970498 
204 31 21 27 0.6561634 
62 89 20 26 0.57971597 
842 30 14 16 0.5778635 
429 7 19 25 0.5625651 
507 132 20 24 0.55830497 
826 61 16 19 0.5156161 
989 20 16 19 0.49164128 
789 95 16 20 0.48352337 
37 34 22 27 0.47359917 
797 53 14 18 0.45981905 
130 43 18 21 0.4362433 
866 51 21 26 0.41576156 
354 33 14 17 0.3950559 
454 145 20 25 0.3866833 
939 14 13 19 0.3656555 
331 252 30 36 0.3642047 
0 175 13 26 0.3475169 
437 122 17 21 0.32803148 
322 36 15 20 0.31207365 
834 86 18 23 0.29204074 
255 13 20 25 0.28665736 
733 51 16 20 0.27269402 
598 9 17 21 0.25253895 
268 89 23 28 0.25099763 
217 4 16 18 0.23512793 
718 46 14 19 0.23205386 
190 0 16 16 0.23135418 
348 10 12 14 0.2124578 
143 0 25 27 0.20853789 
165 38 18 23 0.20619349 
378 194 24 26 0.19856605 
109 41 16 20 0.19473821 
931 87 16 20 0.19434078 
996 100 16 18 0.18903215 
532 0 24 29 0.18663442 
348 75 22 26 0.18280016 
329 58 14 18 0.1808184 
877 81 17 20 0.16931506 
668 41 16 22 0.1660683 
155 1 17 21 0.1593454 
915 30 18 20 0.15672633 
933 66 16 19 0.1392628 
821 134 14 18 0.13900867 
997 45 16 19 0.13168019 
823 67 21 28 0.1304129 
571 -1 21 21 0.120726824 
247 22 20 28 0.11370683 
262 118 25 32 0.11292465 
808 171 18 21 0.112167284 
26 -2 20 19 0.11091529 
117 25 13 16 0.11030973 
908 184 15 19 0.10637978 
11 37 17 20 0.10141832 
807 91 14 20 0.09985351 
18 76 23 29 0.09926231 
61 62 21 26 0.091514625 
657 43 19 26 0.09083697 
59 72 22 31 0.08881948 
234 178 24 28 0.0800496 
329 103 23 26 0.0783793 
682 78 18 22 0.073615246 
349 134 19 23 0.07101464 
720 71 18 24 0.07014132 
324 29 15 19 0.0697683 
798 60 16 22 0.069511995 
38 20 16 17 0.06353442 
746 89 26 28 0.05881784 
818 35 15 17 0.05617224 
924 18 21 24 0.05605963 
927 72 22 26 0.054673657 
335 113 18 21 0.05328399 
970 24 15 19 0.05113362 
331 -1 13 11 0.050315555 
771 10 15 18 0.050187252 
1006 17 16 20 0.04978926 
798 37 13 17 0.04556336 
229 102 17 21 0.04535859 
789 88 13 16 0.044191558 
907 107 14 18 0.042539045 
37 26 17 23 0.038940202 
803 -1 13 11 0.038887396 
995 86 23 28 0.03796001 
114 32 17 23 0.03795436 
222 158 23 28 0.037246767 
724 51 22 27 0.037245043 
422 4 16 19 0.03698953 
819 11 16 17 0.036150042 
814 39 16 19 0.03552994 
502 137 28 35 0.035434596 
259 95 20 24 0.035257194 
430 125 17 22 0.03439314 
228 164 25 29 0.034236036 
279 121 21 28 0.03346073 
184 0 14 12 0.033124104 
199 32 16 22 0.032865483 
983 20 15 19 0.032620165 
397 267 30 36 0.032570425 
746 1 16 18 0.03256028 
332 234 31 40 0.032140184 
866 101 16 19 0.03193096 
874 153 15 19 0.03192311 
428 164 19 22 0.031690072 
167 80 14 22 0.031546257 
816 63 21 26 0.03153475 
346 51 13 16 0.031433992 
878 179 14 18 0.031278156 
270 50 15 17 0.030729527 
987 2 12 13 0.029979503 
468 69 17 23 0.029895086 
860 91 13 17 0.029801523 
330 20 15 18 0.029468304 
1002 78 19 22 0.029454896 
644 2 18 17 0.029077899 
443 135 20 27 0.029007317 
577 3 23 25 0.028491097 
596 17 22 26 0.027813135 
293 122 17 22 0.027750462 
798 42 18 24 0.027092207 
854 88 14 19 0.026928892 
327 12 14 15 0.026687102 
861 12 14 18 0.02662144 
1014 109 9 15 0.026592288 
792 55 14 21 0.026564352 
11 80 18 24 0.026462752 
439 86 17 22 0.026065134 
642 34 17 19 0.02592241 
874 45 20 22 0.025707478 
659 1 19 18 0.025371712 
115 41 20 25 0.025366925 
262 30 14 20 0.025332628 
216 34 14 20 0.025300467 
914 39 17 18 0.025287915 
75 66 16 20 0.024735127 
447 126 21 27 0.024515914 
773 93 12 16 0.02439982 
354 4 16 17 0.024381233 
284 28 17 22 0.02432465 
964 101 22 27 0.023416018 
420 71 21 28 0.023239605 
436 131 17 22 0.02288075 
279 88 17 23 0.022877673 
533 328 45 56 0.022793585 
995 110 16 20 0.02251178 
749 75 22 28 0.02232771 
528 2 16 20 0.02228551 
284 19 14 17 0.022042058 
347 69 18 21 0.021918343 
463 146 17 21 0.021728994 
830 30 11 15 0.021722414 
1002 104 15 18 0.021630883 
226 1 18 20 0.021620294 
765 16 15 19 0.021452462 
501 0 14 11 0.021444395 
816 171 16 19 0.021315493 
997 76 16 19 0.020997807 
754 2 16 18 0.02099709 
876 106 13 16 0.020181958 
354 124 20 26 0.020108335 
