58_Hockey_icehockey_puck_58_221
50
113 458 48 65 0.99900824 
252 329 44 65 0.997957 
0 695 56 72 0.99756026 
6 456 48 62 0.99710065 
99 361 50 64 0.9969156 
206 471 50 69 0.9962131 
456 528 71 85 0.9950081 
654 459 51 63 0.9943474 
80 579 52 71 0.98757535 
198 196 44 63 0.98339695 
576 37 44 50 0.97290117 
740 159 31 54 0.96553147 
1 74 32 46 0.96403086 
53 197 36 49 0.96337974 
50 66 43 53 0.9389754 
541 480 40 59 0.93758327 
0 194 31 57 0.8935988 
114 82 41 59 0.88596225 
362 287 45 61 0.8648527 
899 475 43 58 0.8511016 
836 152 27 40 0.7842915 
474 459 50 62 0.59263563 
826 474 33 44 0.55232203 
131 329 39 56 0.54129523 
426 360 48 53 0.43898866 
485 301 38 48 0.1446247 
820 150 32 40 0.10053363 
314 240 43 50 0.08959947 
113 379 45 61 0.08058346 
227 393 39 50 0.076765 
602 398 38 41 0.07532701 
128 414 40 54 0.071025126 
607 639 28 29 0.06364036 
277 130 48 59 0.063346535 
301 272 43 55 0.05870382 
601 370 46 50 0.03778917 
283 283 44 56 0.033508923 
606 349 43 50 0.03183684 
505 874 11 15 0.031146219 
6 359 31 45 0.028598996 
843 163 28 45 0.026619004 
515 464 44 64 0.026299309 
296 293 47 64 0.026102187 
140 735 35 45 0.023727361 
253 433 47 58 0.02296868 
444 336 48 62 0.021314051 
289 107 50 71 0.020668661 
465 299 46 59 0.020501839 
510 459 31 38 0.020272177 
293 148 47 61 0.020088147 
