58_Hockey_icehockey_puck_58_113
32
306 122 54 58 0.99653494 
81 38 28 34 0.9917378 
520 54 52 60 0.95518416 
658 51 24 27 0.8447902 
224 42 18 22 0.79149383 
181 41 22 25 0.7370381 
274 33 26 30 0.6548903 
842 2 22 22 0.5441172 
490 57 14 18 0.4968964 
362 46 20 23 0.3268777 
126 45 15 20 0.25117937 
445 49 14 18 0.20190194 
245 18 10 13 0.161797 
316 44 18 21 0.14357118 
436 37 11 13 0.12534377 
993 95 28 44 0.12070805 
2 30 18 23 0.11544043 
396 49 18 22 0.11240823 
434 47 17 22 0.09962271 
437 82 25 36 0.051447846 
496 41 48 63 0.047985326 
129 50 19 23 0.044268508 
493 51 23 33 0.038501095 
367 34 24 26 0.037050586 
442 75 14 19 0.032778025 
128 82 16 20 0.032601833 
962 1 25 31 0.032206956 
378 32 15 17 0.03203769 
271 34 18 21 0.027777087 
394 35 26 31 0.023336211 
28 36 20 28 0.020652363 
223 81 23 26 0.020472856 
