58_Hockey_icehockey_puck_58_17
26
70 81 64 79 0.9970175 
445 493 26 31 0.99282974 
29 322 80 108 0.98403764 
166 499 39 45 0.9061478 
856 62 53 69 0.5700349 
375 240 21 21 0.30164266 
277 453 22 26 0.22688253 
413 432 19 22 0.16853045 
543 451 15 19 0.0662914 
593 248 8 11 0.053341556 
410 476 18 21 0.046724744 
229 354 12 16 0.044627428 
430 498 23 30 0.04417301 
326 248 9 10 0.041521955 
391 445 16 19 0.03824978 
175 371 10 12 0.036879376 
507 449 18 22 0.03509645 
366 473 18 21 0.03479844 
223 328 46 53 0.033821177 
201 495 25 34 0.03258779 
32 500 53 54 0.029842317 
250 439 27 35 0.029604083 
201 365 11 13 0.026826316 
544 436 24 32 0.026047368 
876 54 57 73 0.024649499 
379 400 14 19 0.024483355 
