19_Couple_Couple_19_743
39
447 307 30 37 0.9962787 
403 305 34 39 0.99596137 
695 411 30 37 0.99477 
523 278 33 38 0.9939149 
155 311 29 35 0.99205947 
858 300 32 41 0.9920433 
126 318 28 36 0.98327905 
803 302 35 38 0.9731521 
669 395 29 31 0.958008 
277 413 23 39 0.93970126 
634 325 20 23 0.8799707 
182 472 21 36 0.8569776 
594 316 22 25 0.2970607 
594 300 16 18 0.20058206 
639 357 23 26 0.13391848 
626 300 15 17 0.12677774 
320 217 19 23 0.119838 
600 386 24 28 0.09321367 
501 325 23 28 0.08352098 
759 212 23 28 0.08037543 
592 304 22 24 0.05408398 
626 377 14 19 0.040970575 
609 320 16 20 0.03719043 
636 318 16 20 0.035436634 
662 363 16 20 0.03131617 
525 340 28 38 0.03046465 
734 207 12 17 0.029967448 
587 541 12 14 0.029733112 
642 371 21 30 0.02926214 
635 307 15 18 0.024238909 
591 295 13 18 0.023000836 
558 445 26 30 0.022557959 
869 309 32 37 0.021858398 
558 324 18 21 0.02181357 
523 471 15 23 0.021761911 
553 379 24 31 0.021508839 
634 301 14 16 0.02133189 
659 372 21 28 0.020173738 
144 472 21 34 0.02004724 
