4_Dancing_Dancing_4_156
31
905 22 59 61 0.9990933 
157 11 38 50 0.96527773 
525 52 61 92 0.9473358 
666 1 40 59 0.9236294 
463 123 49 63 0.91611207 
225 11 37 42 0.35695517 
504 48 60 77 0.30416644 
193 48 34 46 0.27389932 
878 0 27 29 0.24592182 
761 4 25 34 0.14610033 
504 238 53 77 0.11475845 
294 23 27 44 0.09750866 
100 1 29 39 0.08847572 
345 54 53 74 0.084459335 
283 18 27 40 0.083950736 
84 8 43 54 0.08032575 
306 0 17 21 0.06586897 
620 -3 50 51 0.06529707 
474 91 55 79 0.050816797 
211 24 39 51 0.04786203 
648 -2 45 50 0.039006818 
491 60 42 49 0.038842324 
297 5 38 54 0.038321767 
380 95 61 78 0.03499454 
363 78 58 69 0.03354837 
436 101 68 91 0.031169321 
268 -2 18 20 0.030451257 
244 14 30 40 0.029942242 
332 27 57 78 0.026733825 
274 10 26 34 0.024272246 
96 29 30 43 0.022045234 
