4_Dancing_Dancing_4_57
28
583 204 44 57 0.9649801 
562 137 30 51 0.94730335 
846 162 23 33 0.8798528 
770 166 21 27 0.804865 
947 198 18 26 0.69569105 
889 165 18 24 0.6926381 
732 157 23 31 0.6814959 
820 163 20 28 0.25371155 
968 128 19 27 0.23004866 
938 170 16 22 0.14608705 
929 170 21 27 0.12027261 
976 83 20 31 0.10616918 
918 173 20 27 0.08155089 
814 168 15 21 0.07757271 
989 145 14 17 0.061510745 
837 161 21 31 0.057218894 
1001 180 22 37 0.05093789 
877 165 23 30 0.047682557 
1010 123 14 23 0.042591225 
642 56 392 463 0.04224376 
831 274 20 23 0.035963725 
856 165 25 34 0.033148505 
906 168 22 29 0.029892404 
776 176 21 30 0.025634201 
772 157 16 18 0.024262112 
744 164 18 24 0.022537524 
780 188 21 28 0.021142455 
977 136 17 21 0.020740347 
