4_Dancing_Dancing_4_84
38
478 138 38 45 0.99627787 
850 109 41 47 0.99514467 
133 177 46 53 0.99410135 
699 160 44 55 0.9935486 
344 157 39 48 0.9928894 
536 197 33 51 0.9831271 
732 70 22 25 0.9797121 
274 136 17 22 0.9791971 
149 78 18 22 0.9700579 
221 72 19 24 0.94765383 
53 71 19 23 0.9470303 
789 65 21 24 0.9454691 
604 82 20 25 0.9410296 
451 139 21 26 0.93555605 
83 147 19 24 0.6722404 
765 131 16 21 0.44338775 
675 0 16 14 0.29463637 
944 214 17 22 0.21966253 
257 198 36 43 0.08654088 
665 33 17 22 0.08181805 
691 135 23 32 0.069496125 
716 1 14 14 0.054898627 
651 1 15 17 0.04814741 
934 206 25 33 0.04192434 
546 549 20 21 0.038367145 
659 18 13 16 0.037981097 
406 219 34 44 0.037893124 
174 160 13 17 0.033838704 
113 108 11 16 0.03232094 
609 177 9 11 0.030040465 
112 103 10 13 0.029609643 
458 137 24 32 0.029583802 
734 4 14 14 0.02768529 
632 4 17 16 0.02718758 
616 142 13 14 0.025171155 
632 132 11 13 0.02355738 
620 210 12 15 0.022586906 
759 137 13 18 0.020128608 
