4_Dancing_Dancing_4_41
47
601 105 48 70 0.99679166 
548 101 47 77 0.99484247 
131 377 14 19 0.9767594 
197 394 15 19 0.9625554 
22 401 21 25 0.9415977 
150 396 20 26 0.94096947 
58 364 14 18 0.8774224 
37 380 18 23 0.85271364 
230 371 13 16 0.83293307 
95 401 22 27 0.79455596 
257 388 14 18 0.77139384 
176 371 16 19 0.65168226 
577 101 41 75 0.6119125 
103 352 14 19 0.5140115 
260 447 14 17 0.27788964 
309 323 10 14 0.23745191 
313 362 10 13 0.20489183 
82 358 14 17 0.16948356 
211 446 13 16 0.12804787 
142 342 11 14 0.1043606 
202 388 14 19 0.064861536 
110 373 13 17 0.06449665 
204 382 11 14 0.05714789 
264 450 16 18 0.043962274 
87 312 10 12 0.04063787 
257 334 10 14 0.038127337 
180 395 12 17 0.036402043 
87 401 15 20 0.03578171 
191 331 10 12 0.03468559 
304 379 10 13 0.033979494 
312 342 10 14 0.03339832 
260 434 16 17 0.032346267 
4 372 15 17 0.031663388 
586 208 35 50 0.03145816 
95 356 13 17 0.03072242 
174 342 12 15 0.029321233 
235 386 12 16 0.027700748 
30 318 10 12 0.027226837 
141 334 10 14 0.02648309 
253 426 15 18 0.022164125 
217 442 15 18 0.022091564 
235 419 16 20 0.021922033 
251 451 23 25 0.021535689 
107 360 14 18 0.021255745 
278 459 15 17 0.02100864 
265 424 16 19 0.02085931 
147 341 11 15 0.020441059 
