4_Dancing_Dancing_4_319
58
553 35 33 39 0.9986486 
410 74 30 38 0.9985745 
342 46 33 38 0.9981976 
486 60 33 39 0.99792707 
593 -2 34 40 0.9972657 
148 61 31 40 0.99676204 
732 52 33 44 0.99664223 
688 60 27 37 0.99619067 
955 26 29 37 0.9961504 
964 79 39 45 0.9953499 
213 157 37 43 0.9953192 
446 53 33 38 0.9950282 
612 139 62 54 0.99481034 
198 90 26 32 0.99434316 
1 15 26 35 0.99415463 
443 141 29 34 0.9928803 
656 50 28 38 0.992297 
321 8 24 30 0.98952764 
88 70 46 52 0.9804016 
329 244 32 40 0.98028713 
212 26 22 26 0.979916 
196 57 25 30 0.9516935 
274 42 23 32 0.9377718 
742 506 91 64 0.93281245 
709 36 32 41 0.9300607 
427 47 24 35 0.91705257 
303 45 32 33 0.9079974 
470 94 27 31 0.73514146 
26 73 30 39 0.72329783 
722 44 33 41 0.3311999 
234 84 14 17 0.1834928 
194 75 23 33 0.11133028 
250 97 15 19 0.102048896 
44 1 15 20 0.098466046 
256 83 23 30 0.0893585 
282 43 27 37 0.08367962 
361 246 29 39 0.07297508 
819 0 22 19 0.05936507 
230 86 20 25 0.05193588 
327 156 37 41 0.050924174 
433 57 25 37 0.046569664 
821 28 28 38 0.04341336 
231 125 23 29 0.039601497 
533 119 38 41 0.038664725 
407 255 27 35 0.03812868 
267 86 17 23 0.03773269 
238 81 22 28 0.037508223 
757 465 85 79 0.03640878 
696 47 27 38 0.035988323 
817 5 27 32 0.03266667 
45 8 22 30 0.032664787 
436 202 39 43 0.028636642 
216 90 23 31 0.028328154 
225 98 23 29 0.02660209 
518 145 35 40 0.025133269 
856 220 10 15 0.024898745 
268 170 24 30 0.024433305 
229 65 21 27 0.022117838 
