4_Dancing_Dancing_4_715
54
409 105 42 67 0.99706715 
416 443 33 36 0.9967506 
486 467 38 48 0.9956429 
75 456 38 45 0.9930496 
660 122 41 59 0.9912142 
625 453 33 40 0.9892987 
293 464 33 39 0.97445947 
150 455 29 35 0.88629234 
171 350 17 21 0.10494094 
276 229 11 14 0.099775724 
185 380 28 40 0.0886055 
235 290 11 14 0.080266885 
193 346 12 16 0.075589634 
226 663 41 50 0.061779015 
307 428 18 21 0.05977451 
814 630 12 15 0.05752904 
33 334 15 22 0.05574534 
742 470 17 22 0.050323274 
633 250 20 28 0.05020889 
191 363 15 17 0.050112225 
275 247 12 14 0.04684932 
277 270 10 12 0.044619218 
759 471 15 20 0.043595746 
76 303 10 13 0.041060034 
760 627 13 15 0.040330738 
229 347 10 14 0.034422986 
853 684 9 13 0.034373842 
865 663 9 13 0.033998203 
300 431 26 31 0.033848807 
120 96 9 12 0.033844627 
328 312 13 16 0.03372492 
313 159 9 11 0.03304066 
155 214 12 19 0.03284296 
114 337 13 19 0.031155575 
152 361 13 17 0.031011572 
312 182 11 14 0.030983029 
615 293 44 57 0.030561648 
155 355 14 19 0.029615879 
157 460 38 44 0.028509457 
286 382 23 34 0.028213048 
826 660 14 17 0.027658375 
236 279 10 13 0.025854668 
197 290 10 12 0.025826065 
941 662 16 18 0.025797887 
235 229 11 14 0.0250962 
865 677 11 14 0.024427982 
311 187 14 19 0.024189156 
674 444 23 31 0.024121467 
721 719 28 24 0.02265554 
237 216 8 11 0.021909365 
72 337 13 18 0.021091614 
364 324 27 28 0.021042516 
80 95 10 12 0.020938616 
153 334 9 12 0.020064952 
