4_Dancing_Dancing_4_489
67
779 237 46 59 0.99858177 
601 212 46 59 0.99821633 
347 83 33 45 0.9979944 
186 77 42 55 0.9973762 
400 124 43 55 0.996979 
539 231 43 54 0.99697006 
908 45 36 43 0.9968406 
173 238 51 65 0.99680746 
806 21 35 42 0.9966973 
615 79 39 47 0.99584156 
887 102 35 44 0.9957967 
394 239 45 54 0.9951639 
669 101 42 55 0.99504304 
296 67 40 50 0.99407494 
759 42 33 39 0.99361426 
420 59 41 51 0.9929724 
274 239 46 62 0.9927765 
483 104 41 52 0.9919115 
529 59 42 53 0.99142843 
129 117 41 52 0.99108255 
749 105 42 52 0.99108255 
253 133 41 53 0.9909985 
706 282 42 54 0.9893773 
915 136 40 49 0.9884035 
830 107 37 51 0.9877 
687 28 42 50 0.9833534 
900 0 17 23 0.9761445 
872 23 18 22 0.9619692 
62 34 16 20 0.96183187 
937 11 20 22 0.9593398 
982 20 16 20 0.95523435 
164 22 16 19 0.95102507 
50 21 14 18 0.91040605 
108 23 16 20 0.8859497 
24 18 16 21 0.859924 
850 4 15 17 0.84701145 
151 11 13 18 0.77532846 
84 24 15 18 0.71828306 
91 36 13 17 0.436902 
91 -1 14 12 0.25627717 
68 54 10 13 0.24150784 
86 30 15 20 0.21902634 
142 -1 13 12 0.1849574 
2 0 12 13 0.16573437 
109 51 12 16 0.16424994 
166 35 13 17 0.1448309 
26 53 16 20 0.13773203 
100 45 14 17 0.0841936 
40 0 12 11 0.07428142 
18 0 16 18 0.06771154 
50 5 13 14 0.06431084 
6 102 9 12 0.057259616 
70 2 13 15 0.05012482 
0 78 8 15 0.046476454 
323 69 38 53 0.037465554 
100 0 13 11 0.035586413 
52 15 13 16 0.025867244 
65 0 10 11 0.025332795 
58 21 14 16 0.024461884 
80 33 13 18 0.024261963 
27 0 16 18 0.023612749 
108 -1 11 11 0.022710416 
-1 14 9 13 0.021027002 
100 35 13 17 0.02093105 
37 76 10 12 0.020666998 
5 21 12 15 0.020524444 
29 66 14 18 0.020346148 
