7_Cheering_Cheering_7_687
59
570 83 54 75 0.99926406 
817 212 33 43 0.9959281 
677 378 17 25 0.8075447 
224 463 9 11 0.2972471 
894 445 14 19 0.19760238 
20 479 9 12 0.1568967 
73 492 8 10 0.11572623 
712 499 11 13 0.115675665 
542 89 29 55 0.114831455 
776 309 31 40 0.110845536 
186 522 13 16 0.08601887 
46 490 9 10 0.08254977 
793 471 10 13 0.08015917 
80 477 9 11 0.07680518 
31 494 10 13 0.07260019 
157 479 9 10 0.068931475 
540 474 31 33 0.06891287 
132 453 9 12 0.05931691 
62 460 8 11 0.05659921 
121 502 10 13 0.055275455 
55 470 9 12 0.05453484 
706 511 9 12 0.05069298 
101 461 9 11 0.050484546 
190 464 8 11 0.05024239 
118 477 9 11 0.046144843 
32 464 9 10 0.041107845 
57 463 8 10 0.039920706 
33 469 8 11 0.039783888 
916 445 10 13 0.038907506 
0 461 8 12 0.037949212 
103 501 11 15 0.036526132 
186 470 8 9 0.036275424 
925 520 14 17 0.035946734 
96 486 8 10 0.035144635 
72 525 9 10 0.032793913 
206 476 9 13 0.032625422 
38 492 9 12 0.032053497 
697 523 9 12 0.031222131 
153 456 9 11 0.029976027 
674 470 14 19 0.029219896 
239 501 9 14 0.0291487 
53 518 10 13 0.027914712 
207 451 9 12 0.027330121 
25 511 9 12 0.027028693 
148 492 11 14 0.026741792 
705 204 26 30 0.02655863 
101 486 8 10 0.026128244 
173 461 9 10 0.025206465 
44 446 11 13 0.025008261 
128 460 9 11 0.02333406 
89 494 8 10 0.02287449 
895 441 12 14 0.021053443 
168 437 9 10 0.020993523 
37 471 8 11 0.020833408 
753 447 9 11 0.020772768 
114 477 8 11 0.02060389 
952 461 10 12 0.020322457 
615 167 35 37 0.020230727 
816 469 13 16 0.020039504 
