7_Cheering_Cheering_7_138
25
469 166 47 65 0.998885 
339 136 45 57 0.9978974 
834 120 52 73 0.9978878 
600 195 48 56 0.99617815 
55 172 42 55 0.9948479 
866 88 46 61 0.99372864 
494 103 49 63 0.99264973 
784 120 47 67 0.98799384 
216 135 44 50 0.9872219 
195 123 24 32 0.9561446 
390 134 37 53 0.94695634 
293 129 41 52 0.9311246 
105 151 32 38 0.6173734 
536 92 37 52 0.57514185 
0 343 51 83 0.21746442 
280 146 25 36 0.09306042 
97 119 18 19 0.08342487 
152 182 52 56 0.040437624 
181 178 42 53 0.03969298 
136 310 22 23 0.033936117 
97 225 30 38 0.02510873 
377 133 33 49 0.02163762 
515 89 49 68 0.02161679 
144 315 21 21 0.021287749 
322 120 43 54 0.020007359 
