7_Cheering_Cheering_7_345
104
581 393 24 28 0.9863668 
252 371 23 27 0.9821764 
451 156 28 38 0.982129 
264 393 24 30 0.9799477 
353 402 24 28 0.97984076 
553 352 23 28 0.9797814 
229 379 22 27 0.97204506 
1 310 22 32 0.95467573 
795 393 24 32 0.93670666 
463 391 22 29 0.9320161 
857 357 22 31 0.7641505 
290 413 20 26 0.7202443 
760 373 22 27 0.7077956 
92 379 18 21 0.65301585 
876 375 21 27 0.6286461 
602 192 25 34 0.5734406 
200 388 19 21 0.457739 
329 420 18 32 0.44570336 
681 233 16 26 0.40181413 
234 431 19 29 0.37553424 
942 309 20 29 0.37315992 
332 381 19 30 0.36293522 
431 190 26 34 0.3502469 
899 355 30 33 0.32241005 
692 429 12 17 0.31352478 
27 370 15 21 0.30431372 
209 414 16 18 0.27741212 
155 409 23 27 0.24605301 
860 404 20 29 0.19920334 
49 402 15 18 0.17132679 
20 384 21 25 0.15026979 
686 433 16 20 0.123158395 
434 267 24 30 0.106294364 
278 442 13 18 0.10037353 
751 421 12 23 0.09988277 
348 450 14 20 0.090169914 
866 355 17 22 0.09016205 
526 398 14 22 0.08289597 
619 410 15 22 0.0795295 
566 332 17 23 0.075455755 
441 392 17 23 0.070372336 
334 431 19 34 0.06648568 
325 69 12 15 0.053118452 
45 385 13 15 0.052523166 
802 432 28 32 0.051395755 
346 392 21 29 0.0498269 
866 386 23 33 0.04938825 
489 328 19 23 0.04498996 
624 419 18 19 0.04311996 
645 411 11 18 0.04258415 
781 379 11 14 0.042498447 
614 406 13 22 0.04140676 
874 354 16 20 0.04119756 
435 292 17 21 0.041072767 
597 377 14 17 0.040651508 
244 418 15 22 0.03845212 
172 417 14 25 0.037897747 
35 376 14 22 0.03722936 
395 381 17 23 0.0333735 
869 375 17 24 0.03240676 
756 397 15 17 0.031979397 
869 349 16 19 0.031663883 
751 396 11 15 0.03146623 
753 492 11 14 0.031397462 
891 363 25 30 0.03081185 
143 410 26 30 0.030474063 
281 414 20 27 0.030285213 
882 386 18 25 0.029918352 
773 411 14 17 0.029238787 
759 414 24 29 0.028730726 
909 362 25 35 0.028317897 
104 429 27 29 0.028206043 
105 412 27 33 0.028023496 
11 392 19 22 0.027996 
790 399 18 23 0.02737954 
475 487 14 21 0.027177501 
203 396 19 21 0.027105242 
273 398 23 29 0.027069194 
473 388 16 24 0.027007986 
190 409 15 19 0.026990116 
250 421 14 21 0.026819466 
802 447 29 33 0.026481036 
52 390 13 15 0.026006095 
754 408 19 28 0.025539648 
90 387 19 24 0.025145307 
461 134 12 16 0.025101442 
0 443 8 14 0.0250688 
618 194 27 30 0.024149911 
807 399 18 22 0.02388775 
133 386 13 18 0.023768637 
951 315 19 24 0.02343195 
80 401 19 24 0.023148818 
157 379 23 24 0.023083966 
138 480 15 21 0.02283334 
170 380 14 17 0.022752343 
148 387 17 20 0.022710294 
861 351 14 16 0.022696475 
333 372 18 22 0.021985278 
173 532 12 14 0.021279434 
938 298 16 24 0.021137577 
195 381 20 22 0.021102538 
58 397 12 17 0.020193068 
637 198 16 22 0.02012543 
325 432 18 28 0.020017257 
