7_Cheering_Cheering_7_386
174
766 435 31 39 0.9863148 
763 291 32 42 0.9862903 
212 547 44 54 0.977373 
57 505 52 76 0.9770032 
786 486 33 57 0.91879666 
255 469 28 39 0.88434637 
221 428 16 21 0.8827263 
286 400 15 19 0.8410074 
661 441 28 36 0.8390938 
297 433 25 28 0.7367422 
354 430 19 22 0.72478646 
389 401 16 19 0.61636776 
220 456 26 34 0.52092946 
792 498 41 69 0.50099015 
565 421 15 18 0.48792478 
243 374 16 20 0.47342128 
307 407 13 17 0.42670968 
132 366 23 31 0.4112247 
417 441 17 22 0.28559202 
433 426 16 20 0.27612564 
871 345 25 28 0.26153067 
257 429 15 20 0.25018862 
53 390 40 54 0.24385944 
475 389 12 16 0.23499489 
320 542 75 83 0.20916952 
408 404 14 18 0.1897146 
157 356 13 15 0.18283442 
326 397 15 19 0.16019613 
582 370 13 17 0.14980593 
364 356 13 14 0.14385554 
331 463 22 29 0.13577798 
36 539 36 48 0.13103177 
234 458 25 35 0.12977937 
237 428 15 20 0.11909038 
171 434 26 33 0.11489307 
444 388 15 19 0.096089855 
263 376 15 19 0.09578436 
803 529 32 55 0.09507863 
462 437 21 26 0.09048604 
864 358 31 36 0.08884831 
211 371 14 17 0.08818344 
885 396 28 34 0.0875749 
188 400 13 17 0.08602473 
684 274 24 35 0.085441254 
196 428 14 18 0.084227666 
319 403 14 19 0.08312913 
529 418 16 18 0.082323804 
360 457 19 21 0.08066961 
199 355 11 14 0.0779904 
534 412 14 18 0.07789149 
402 523 37 45 0.07593078 
718 547 40 56 0.07083597 
612 504 31 39 0.07018442 
363 407 16 20 0.068120256 
526 425 15 18 0.062019296 
225 397 13 17 0.06166509 
563 468 44 58 0.06158029 
437 386 15 20 0.05791741 
335 456 19 23 0.05507645 
381 398 17 19 0.054601118 
150 471 30 34 0.054188058 
310 433 20 23 0.054043178 
380 546 47 67 0.05298876 
910 375 24 28 0.051526904 
395 375 11 14 0.048641823 
479 357 10 12 0.04689523 
825 420 23 27 0.04560906 
216 356 10 12 0.045201078 
49 387 25 34 0.04461375 
363 386 16 18 0.043654542 
373 403 14 20 0.042893324 
809 390 28 34 0.0423411 
145 358 22 28 0.04131227 
428 457 21 29 0.04118738 
412 398 13 16 0.040789485 
616 438 23 31 0.040275086 
444 372 13 15 0.040043436 
23 380 25 32 0.038934436 
1 464 31 46 0.038562242 
935 402 25 34 0.03849721 
496 358 12 15 0.038059074 
239 402 14 18 0.03751071 
51 386 14 18 0.037390374 
245 399 15 19 0.037011325 
535 334 12 15 0.036544517 
894 556 41 63 0.035883605 
295 506 32 43 0.03562337 
374 396 14 18 0.035312332 
559 369 15 20 0.035295825 
82 509 46 63 0.03527641 
364 520 57 69 0.034547787 
183 385 13 16 0.033762418 
238 366 13 17 0.03345112 
602 513 30 36 0.03324872 
422 465 16 21 0.032717593 
394 459 20 23 0.032293603 
176 428 18 21 0.031608257 
303 395 12 14 0.031054316 
485 380 11 14 0.030663766 
503 387 14 17 0.030585082 
360 463 23 28 0.030535934 
346 364 13 17 0.03033423 
592 475 46 64 0.029423436 
543 392 11 14 0.029302625 
460 451 24 28 0.0292313 
148 377 26 33 0.029170062 
537 553 48 65 0.02911107 
386 460 22 28 0.028713407 
64 388 24 34 0.028501265 
240 318 8 11 0.028417174 
206 376 20 25 0.02828106 
589 421 22 26 0.027809413 
432 382 12 16 0.02748569 
405 437 21 26 0.027438523 
528 423 26 33 0.027396124 
818 379 28 34 0.027138207 
347 371 14 18 0.026917905 
370 468 24 28 0.026861582 
186 426 22 29 0.026810806 
535 581 56 78 0.026776636 
134 380 16 22 0.026680421 
479 383 12 16 0.026627276 
141 341 10 13 0.026533002 
871 372 32 38 0.026532754 
340 368 16 19 0.026483253 
135 342 11 14 0.02621118 
397 436 17 20 0.026151357 
894 363 15 19 0.026053485 
420 446 21 30 0.025919657 
324 469 20 26 0.02572595 
236 411 16 19 0.025712926 
372 437 16 18 0.025456239 
682 329 16 21 0.025442714 
230 370 11 16 0.025425239 
382 426 14 16 0.025350044 
349 357 10 12 0.02525449 
105 319 26 31 0.02520195 
475 402 14 19 0.025189457 
150 347 21 27 0.025005983 
223 351 9 12 0.024913447 
551 462 31 43 0.024371315 
854 367 31 37 0.02430768 
49 527 37 56 0.024266662 
155 367 15 20 0.024230363 
484 356 10 12 0.024044659 
997 375 16 23 0.02400511 
511 365 12 15 0.023682602 
574 417 23 28 0.023618266 
446 452 23 30 0.023576392 
559 554 56 71 0.0234277 
298 341 10 12 0.023232128 
7 471 47 57 0.023142101 
453 445 21 29 0.023000063 
445 382 13 16 0.022447187 
519 435 28 35 0.022250118 
796 353 26 33 0.022146845 
404 483 17 18 0.022119643 
472 439 17 23 0.021944474 
74 393 14 18 0.021929612 
59 447 28 40 0.021837274 
386 420 15 18 0.02180285 
221 434 23 30 0.021673147 
341 460 22 31 0.021642137 
610 476 31 36 0.021199834 
557 532 93 113 0.02119029 
366 372 13 15 0.021093829 
163 352 11 14 0.021033969 
307 397 13 15 0.020722836 
620 337 15 18 0.020707948 
587 433 24 29 0.020707252 
217 307 10 13 0.020680651 
212 458 21 27 0.02065826 
241 422 16 19 0.020173624 
4 372 28 34 0.020114621 
