7_Cheering_Cheering_7_313
27
162 121 47 63 0.9974021 
744 137 40 59 0.99360704 
346 161 35 49 0.99208814 
234 146 37 49 0.9919335 
26 113 36 47 0.99132544 
652 149 35 52 0.98475164 
950 184 38 63 0.94559 
970 149 35 59 0.9232056 
867 1 24 26 0.4679174 
331 0 24 20 0.28158686 
846 0 23 20 0.2134037 
803 124 15 21 0.08321936 
10 52 30 43 0.066358775 
197 0 12 10 0.06350156 
851 13 18 22 0.043566156 
76 1 38 36 0.03909961 
855 4 27 29 0.036907285 
879 2 16 20 0.033883113 
203 156 27 36 0.032578804 
585 212 10 13 0.028880332 
0 89 26 44 0.028341625 
40 0 20 16 0.025500271 
619 178 17 22 0.02313745 
869 14 18 20 0.022872046 
779 640 15 21 0.020820808 
323 0 19 14 0.020706693 
837 535 13 17 0.020030918 
