7_Cheering_Cheering_7_426
43
307 1006 71 86 0.99865746 
855 1182 38 48 0.98702985 
493 988 43 82 0.8866604 
288 1312 50 65 0.15369834 
655 171 9 12 0.13754034 
722 100 9 11 0.122824684 
710 180 9 11 0.11089852 
746 1217 16 23 0.1065986 
739 1239 21 28 0.09175142 
758 113 8 10 0.075832106 
721 95 9 12 0.0624902 
774 1136 21 30 0.055953573 
915 1193 16 25 0.05102667 
886 1102 10 13 0.04803244 
734 1216 24 32 0.039062906 
169 1281 24 34 0.036655102 
726 1173 21 31 0.033532232 
713 112 8 10 0.031688683 
390 1034 48 69 0.03164367 
633 153 9 11 0.030707948 
721 89 8 10 0.02783886 
552 1318 52 69 0.02753627 
779 1208 22 33 0.0273403 
755 117 7 10 0.027176075 
384 501 9 11 0.026504563 
687 134 8 10 0.026437573 
721 1062 10 14 0.026249658 
421 461 9 10 0.026185513 
718 111 8 10 0.026042849 
725 1315 24 32 0.025006155 
415 521 12 15 0.024255289 
703 97 8 10 0.023999436 
698 268 9 12 0.023588039 
776 129 11 15 0.02293403 
655 125 8 11 0.02274027 
442 117 9 12 0.022720752 
919 1189 22 35 0.022391994 
778 103 8 11 0.022011299 
694 88 8 9 0.02200877 
610 865 47 43 0.021302873 
655 119 9 11 0.021033417 
695 94 9 10 0.020483226 
82 1334 43 47 0.02005007 
