7_Cheering_Cheering_7_118
99
873 292 115 144 0.9998437 
566 242 98 129 0.9995844 
295 225 99 123 0.999571 
415 234 100 124 0.9994854 
776 218 101 134 0.9994079 
28 283 98 130 0.99904305 
13 223 36 43 0.7669674 
28 228 55 63 0.70358765 
852 120 21 26 0.55488724 
789 140 20 26 0.5281964 
924 96 22 26 0.42980552 
819 183 19 22 0.42948762 
599 36 14 17 0.41858482 
105 211 19 22 0.40099433 
580 25 13 16 0.3570698 
763 160 19 23 0.3506806 
823 144 25 32 0.31366768 
284 149 17 21 0.30032462 
282 384 33 40 0.29993084 
210 203 15 20 0.2995123 
384 114 18 21 0.25608075 
854 75 22 27 0.25591102 
20 247 89 111 0.221196 
957 31 21 26 0.18947855 
839 7 21 23 0.1817731 
885 162 21 27 0.17577945 
754 185 19 26 0.17255974 
387 42 17 20 0.15902965 
411 94 20 26 0.15118217 
385 166 18 24 0.15036888 
983 139 16 19 0.14425564 
666 55 15 20 0.13922589 
321 199 26 29 0.13825563 
426 162 19 24 0.1368368 
236 162 20 23 0.13135354 
658 35 14 17 0.1220623 
1006 108 17 22 0.11378089 
520 18 14 19 0.10856854 
1000 212 19 26 0.101073064 
369 229 106 126 0.086008534 
185 208 20 27 0.084002554 
936 178 25 31 0.08172879 
875 191 26 36 0.081081614 
694 56 15 20 0.07952537 
290 65 19 22 0.076890595 
1006 174 17 23 0.071435355 
98 214 31 38 0.06793401 
653 29 14 17 0.06670034 
686 51 14 20 0.065221906 
241 273 24 30 0.062987424 
767 133 14 18 0.06227631 
154 212 15 19 0.062146645 
289 374 46 64 0.061792187 
934 124 20 25 0.057605494 
578 92 17 19 0.055856813 
540 29 15 20 0.051922 
328 138 22 28 0.049987003 
437 112 21 27 0.049397867 
757 173 23 31 0.04829325 
317 144 22 26 0.047770415 
672 49 18 25 0.047331437 
902 45 22 26 0.047254432 
334 127 22 31 0.047166646 
272 318 19 20 0.046084132 
44 178 22 28 0.045412015 
878 161 17 21 0.043704532 
928 108 23 28 0.040758125 
315 49 18 23 0.0401667 
976 163 25 29 0.039908968 
157 191 24 29 0.03753352 
950 200 20 29 0.03598248 
587 201 31 37 0.033716336 
330 105 15 19 0.03365723 
684 18 13 16 0.033230867 
921 157 17 22 0.031828452 
531 167 14 18 0.031455636 
876 170 26 36 0.030718135 
896 168 17 21 0.029684506 
1005 85 15 19 0.026908431 
132 299 47 71 0.026408987 
989 166 23 30 0.026332622 
649 24 11 12 0.025726749 
728 27 12 15 0.025181828 
695 150 24 28 0.025137635 
155 201 18 23 0.02487771 
653 38 16 19 0.024478413 
2 244 55 75 0.023987703 
939 191 23 31 0.023731606 
999 187 24 41 0.02360725 
775 22 11 13 0.023406455 
178 145 16 20 0.023377914 
571 129 27 32 0.023307605 
546 28 13 17 0.022901127 
4 228 30 47 0.02235031 
331 169 17 19 0.021997938 
224 337 29 39 0.021884067 
822 161 24 29 0.021325586 
43 216 33 42 0.020433383 
47 195 27 33 0.02001891 
