7_Cheering_Cheering_7_29
883
444 170 14 17 0.9661918 
883 369 14 18 0.9546323 
205 93 12 16 0.94636387 
811 369 15 18 0.9424232 
619 178 13 17 0.9309869 
271 107 12 15 0.93062353 
978 336 14 18 0.9215141 
728 165 13 16 0.9177632 
899 350 14 19 0.9057628 
890 216 14 18 0.9001257 
910 126 12 17 0.89030087 
570 218 15 19 0.8691198 
605 238 14 18 0.8633786 
21 153 16 19 0.8532459 
246 45 9 12 0.8363729 
173 110 13 16 0.83248836 
533 139 10 12 0.8251036 
838 342 12 15 0.80954367 
358 246 12 14 0.8030367 
165 147 10 12 0.7889558 
962 299 14 18 0.7855402 
439 129 12 15 0.7845226 
111 129 12 15 0.78426653 
195 271 13 16 0.74248767 
880 249 12 15 0.74212205 
678 117 11 13 0.73973614 
805 277 14 18 0.73789567 
477 333 14 17 0.73410666 
712 295 13 15 0.7222798 
70 278 13 17 0.70824724 
937 118 11 14 0.6683073 
247 104 10 13 0.657695 
225 142 10 13 0.64894927 
1004 333 14 17 0.63645613 
255 231 12 15 0.63612485 
412 202 12 15 0.63140416 
94 294 13 15 0.6300093 
593 98 10 13 0.62299794 
341 130 12 15 0.6043057 
311 111 10 12 0.6033337 
100 214 12 16 0.6030699 
804 101 9 12 0.60174006 
680 178 12 15 0.59980077 
193 120 10 12 0.5924521 
364 362 14 17 0.5857491 
156 268 12 14 0.58330107 
465 358 14 17 0.5830545 
631 365 13 17 0.57296747 
884 114 10 13 0.55911237 
593 126 11 15 0.5403286 
351 340 12 14 0.53977805 
249 287 11 15 0.535039 
172 75 12 15 0.52644914 
329 60 12 16 0.52496594 
927 383 10 13 0.5227031 
126 268 12 15 0.51700455 
612 361 13 16 0.5168563 
823 269 12 14 0.50617194 
999 188 11 14 0.5056248 
767 270 12 15 0.50327796 
326 275 13 15 0.49417433 
304 205 13 17 0.49248603 
151 322 13 18 0.48010483 
824 99 9 11 0.4737134 
153 111 11 15 0.4708501 
404 295 10 13 0.44682276 
71 88 10 13 0.42490113 
309 87 10 12 0.4104665 
479 308 11 13 0.407633 
100 310 11 15 0.40696928 
8 57 8 10 0.40405452 
606 83 10 13 0.4017886 
407 326 12 14 0.39278924 
504 79 10 12 0.39200628 
995 223 13 15 0.39182466 
381 116 10 13 0.38841537 
5 116 9 12 0.37928718 
828 294 11 14 0.3757511 
372 298 11 13 0.36885947 
478 168 11 13 0.36795628 
667 245 17 20 0.3598939 
657 465 16 19 0.35794684 
46 348 13 15 0.3576112 
707 317 14 16 0.35669833 
623 115 11 14 0.35550088 
101 369 15 17 0.3551828 
44 357 12 16 0.35066646 
777 311 10 13 0.3354087 
1005 87 11 14 0.33516145 
17 431 17 21 0.33397946 
707 101 11 13 0.3305017 
421 307 10 13 0.33017814 
978 196 11 13 0.3279264 
951 254 11 14 0.31832284 
520 155 12 14 0.3159895 
557 91 10 12 0.31134975 
45 96 9 11 0.3092688 
904 83 10 12 0.30917683 
278 86 9 12 0.30583823 
351 401 13 16 0.30407423 
720 119 9 12 0.3029355 
217 70 8 11 0.2973209 
484 308 11 14 0.29729933 
78 74 8 10 0.29665762 
40 170 11 14 0.2879082 
519 86 10 12 0.2774752 
444 79 10 12 0.2723877 
739 108 8 11 0.2715488 
888 94 10 12 0.2700663 
908 101 10 13 0.26431593 
664 56 9 12 0.26379815 
991 100 10 11 0.26365444 
196 404 10 12 0.25849074 
924 286 10 13 0.2574243 
772 331 13 15 0.2559406 
845 99 9 12 0.25531825 
290 211 11 14 0.24948658 
791 61 8 11 0.24793756 
279 92 11 12 0.24736543 
214 242 10 13 0.24723886 
679 143 11 14 0.24272834 
581 120 10 12 0.23929252 
942 92 11 13 0.23297834 
487 204 10 13 0.23193192 
922 95 9 11 0.23104033 
530 225 15 18 0.22774157 
622 216 12 15 0.22231852 
489 272 9 12 0.22041681 
64 335 11 13 0.2192533 
855 94 8 10 0.21879096 
622 140 10 14 0.21500532 
494 203 11 14 0.21392038 
697 159 10 13 0.21309192 
842 316 12 15 0.21178924 
761 127 10 13 0.21113652 
372 150 15 17 0.21051705 
110 76 9 13 0.20990323 
614 419 13 17 0.20836909 
308 267 10 13 0.20193794 
951 333 13 17 0.20000249 
515 279 13 15 0.1986564 
608 213 9 13 0.19835152 
790 212 11 13 0.19736429 
767 282 11 13 0.19389197 
827 234 12 14 0.19273573 
390 201 10 12 0.19195762 
89 94 9 10 0.19109833 
337 166 14 15 0.19085765 
694 61 11 13 0.19069412 
767 327 12 15 0.19046494 
726 365 11 14 0.18882695 
926 132 8 11 0.18338767 
854 212 11 13 0.1799418 
968 92 12 16 0.17710465 
813 472 12 17 0.1765366 
823 171 10 12 0.17430496 
804 233 11 14 0.17137659 
927 222 13 15 0.17100158 
980 123 10 13 0.17037828 
639 201 11 16 0.16796336 
373 268 9 12 0.16691576 
348 434 15 17 0.1666297 
414 156 12 17 0.16063298 
290 52 8 10 0.15779036 
662 104 9 12 0.15499349 
4 339 13 20 0.15484332 
725 119 9 13 0.15417573 
844 443 13 19 0.15285474 
380 182 12 17 0.15283993 
158 102 10 12 0.15101491 
389 158 10 13 0.15086786 
241 263 8 11 0.15005581 
452 307 9 14 0.14912379 
240 101 9 12 0.14649723 
998 196 12 15 0.14612171 
189 44 9 12 0.14588462 
413 351 12 15 0.14317986 
781 102 10 13 0.14078245 
833 116 9 12 0.140726 
553 92 10 13 0.13954075 
362 123 12 14 0.13942073 
502 216 10 12 0.1392484 
848 284 11 14 0.13908368 
220 123 12 15 0.13654031 
170 373 13 16 0.13624163 
263 93 10 12 0.13540359 
502 265 10 12 0.13496184 
5 140 11 13 0.13396372 
561 159 11 14 0.13324887 
784 92 10 12 0.1330201 
19 294 12 16 0.13292208 
856 124 10 12 0.1312589 
280 255 11 13 0.12715676 
509 219 11 13 0.12714566 
259 131 14 16 0.12663303 
510 84 9 12 0.1262836 
776 100 9 13 0.12567915 
672 133 9 10 0.123412736 
452 391 9 13 0.121787354 
278 103 11 15 0.121669605 
226 403 10 13 0.1211007 
576 110 9 11 0.12107283 
662 283 9 12 0.12102162 
73 133 10 14 0.11954485 
622 121 12 18 0.1186215 
383 131 11 14 0.118599884 
701 135 9 11 0.11809839 
315 109 11 14 0.117722556 
380 155 12 15 0.11720687 
356 87 11 13 0.11634162 
883 331 12 14 0.114967935 
941 295 10 14 0.11381906 
769 100 8 12 0.11321865 
43 463 17 20 0.11254209 
816 308 12 15 0.11238263 
158 28 9 11 0.1120462 
488 184 11 14 0.11046145 
838 199 12 15 0.10876629 
82 318 13 17 0.107139066 
1007 136 10 13 0.107137054 
493 270 10 13 0.10663736 
76 403 14 16 0.10555759 
740 326 11 14 0.10492371 
400 101 10 12 0.10445529 
62 361 11 15 0.10421203 
57 80 8 10 0.10410489 
961 119 9 12 0.103640065 
373 331 13 15 0.10319911 
193 165 9 13 0.10303253 
436 199 11 13 0.10294695 
997 258 13 18 0.102774404 
580 419 15 19 0.10220035 
736 62 8 11 0.10202648 
543 95 9 12 0.10168031 
996 101 9 11 0.10082568 
168 116 10 13 0.0979034 
496 291 10 13 0.09664246 
846 229 14 19 0.09660187 
778 459 17 21 0.09604181 
670 100 9 11 0.0958968 
457 120 9 12 0.09535821 
694 68 10 13 0.09471523 
324 347 11 13 0.09386233 
842 97 8 10 0.09315446 
800 281 11 15 0.093079664 
360 107 9 12 0.092727505 
56 147 9 12 0.09257552 
1009 90 13 18 0.091437265 
303 330 11 14 0.091070555 
535 336 10 12 0.09065274 
160 295 10 14 0.08958389 
88 145 8 10 0.08923448 
375 112 10 12 0.088765435 
0 202 8 14 0.08783912 
534 234 12 15 0.087293915 
408 93 10 11 0.086793765 
558 187 11 14 0.08640915 
197 319 12 13 0.0863911 
542 156 12 16 0.0863797 
631 88 8 10 0.08607448 
737 140 11 13 0.0852148 
257 72 9 12 0.08515445 
264 302 10 13 0.08460543 
405 109 12 14 0.08398915 
1 112 10 13 0.08396111 
12 100 11 14 0.08382317 
519 243 12 17 0.08359132 
863 220 10 13 0.083424576 
924 99 10 11 0.08201891 
686 273 13 16 0.08191758 
406 116 12 14 0.081524365 
216 118 12 15 0.08149851 
577 124 10 14 0.08118245 
375 340 13 16 0.0803962 
661 126 10 13 0.08024488 
462 304 9 12 0.07995014 
915 130 12 14 0.07937502 
464 391 12 15 0.07936876 
501 100 10 13 0.07931957 
167 324 11 14 0.079170436 
116 117 11 14 0.078685164 
73 127 8 11 0.078559086 
158 95 9 11 0.078461215 
119 246 10 13 0.078446485 
695 77 9 11 0.077740476 
588 358 10 13 0.077605754 
36 263 11 14 0.076934464 
967 207 10 13 0.07674453 
839 321 14 17 0.07633271 
449 318 9 12 0.07549911 
609 101 8 11 0.07493469 
90 87 8 11 0.07485435 
543 112 9 12 0.074844435 
327 103 9 13 0.074548155 
25 85 9 12 0.073617764 
80 155 9 13 0.07348273 
758 102 9 11 0.07317998 
934 473 15 18 0.07265144 
673 76 8 10 0.07193042 
862 102 8 10 0.071602255 
258 138 14 17 0.07145212 
463 101 9 12 0.071052656 
777 453 16 18 0.07087551 
472 310 9 12 0.07067071 
824 298 11 15 0.07032051 
658 102 9 12 0.07002317 
44 311 14 20 0.069394775 
126 102 9 10 0.06892618 
85 149 10 11 0.0685606 
348 147 13 15 0.06836712 
233 101 10 12 0.0681678 
471 288 10 13 0.06775497 
216 293 10 13 0.067477226 
856 101 9 10 0.06718629 
676 133 11 14 0.0668603 
344 189 12 15 0.06682949 
263 429 14 17 0.066740856 
741 135 10 12 0.066535324 
134 92 9 12 0.06649687 
622 364 12 15 0.066145174 
449 303 10 14 0.06601815 
974 212 12 13 0.06575344 
689 157 9 12 0.06555621 
239 300 8 12 0.065239176 
342 146 12 15 0.065229125 
850 278 12 15 0.06500055 
628 121 12 15 0.064947516 
390 312 11 15 0.06469037 
222 110 10 12 0.06465843 
126 372 11 13 0.06459324 
21 124 8 11 0.06376427 
379 332 12 14 0.063552134 
629 141 11 15 0.063202046 
772 36 9 12 0.06311274 
280 244 11 13 0.062450703 
680 301 10 13 0.062411822 
680 278 10 14 0.06219085 
449 96 10 12 0.062007066 
65 276 12 17 0.061656132 
453 292 9 12 0.061241895 
102 208 11 15 0.060914654 
774 215 9 12 0.06073403 
133 88 9 11 0.060628083 
461 250 10 12 0.060614675 
1006 202 13 16 0.06059891 
520 110 10 14 0.06046761 
262 71 8 10 0.06032499 
1007 96 11 14 0.060051598 
672 148 11 14 0.059726264 
764 236 11 13 0.059690353 
1012 140 9 12 0.05953911 
795 408 13 18 0.059063587 
577 117 11 14 0.05905995 
809 214 10 11 0.058890488 
322 277 11 13 0.058867507 
540 336 10 12 0.05880306 
208 244 11 13 0.058759782 
424 340 11 13 0.05866249 
788 88 10 12 0.058530297 
309 223 10 12 0.05824148 
912 172 15 17 0.05775662 
470 68 9 11 0.057573173 
39 349 14 16 0.05752755 
477 239 11 12 0.05741324 
318 254 11 13 0.057006422 
468 315 10 13 0.05641546 
722 78 8 10 0.05622918 
520 202 12 16 0.05605779 
543 375 11 15 0.056046523 
508 148 11 14 0.05603097 
803 451 14 17 0.055574466 
202 196 9 13 0.05535863 
183 251 9 12 0.05534492 
446 325 9 12 0.055294234 
383 203 11 13 0.055248693 
480 80 8 10 0.054675654 
735 276 9 14 0.054569107 
509 264 9 11 0.054009557 
120 101 8 11 0.053912856 
252 107 9 12 0.053912316 
455 100 10 13 0.053555634 
554 327 15 17 0.052913863 
955 256 12 16 0.05287141 
86 100 9 11 0.052749176 
342 138 12 16 0.05251301 
581 110 10 12 0.05210356 
645 119 10 13 0.05200664 
764 119 11 13 0.051826533 
17 418 17 19 0.05170421 
78 139 9 11 0.05159502 
54 134 8 10 0.051421616 
67 436 14 16 0.05142072 
969 283 12 13 0.051303834 
219 237 12 15 0.050823886 
738 69 8 11 0.050708614 
352 92 10 13 0.050237153 
742 145 11 15 0.050102796 
97 297 16 18 0.049902085 
714 190 9 13 0.0497926 
904 326 12 15 0.049786467 
400 96 9 11 0.049765896 
769 491 19 20 0.04958539 
343 98 10 13 0.04938578 
974 221 12 15 0.04930093 
193 157 10 14 0.049271844 
302 242 12 15 0.04921257 
310 228 11 14 0.049018882 
366 84 9 12 0.048713416 
677 157 9 11 0.048707195 
78 224 10 13 0.04860982 
96 391 12 15 0.048304953 
757 110 10 12 0.047826342 
463 97 8 10 0.047719166 
986 100 9 11 0.04765903 
725 414 12 16 0.047599696 
862 243 11 14 0.047579434 
106 86 8 11 0.047501326 
741 44 9 11 0.04683943 
499 203 11 15 0.046813987 
167 123 9 10 0.046335384 
624 390 11 13 0.046289753 
852 220 12 16 0.046253137 
455 370 11 15 0.04621708 
526 369 13 18 0.046208903 
750 148 11 15 0.0462074 
177 438 11 14 0.046043973 
979 213 11 14 0.045877494 
647 143 8 11 0.045866214 
552 130 11 14 0.045861498 
249 236 9 13 0.045793276 
734 284 10 15 0.045584448 
269 92 11 14 0.045579996 
836 181 10 13 0.045411922 
821 315 11 16 0.045356102 
827 215 13 14 0.04503301 
462 165 8 11 0.04490339 
717 142 10 12 0.04489922 
232 94 9 12 0.044355314 
382 123 12 16 0.04430983 
789 126 9 12 0.044240728 
179 404 10 13 0.044210717 
183 86 9 11 0.044010628 
94 365 13 17 0.04392811 
581 364 11 15 0.043894086 
13 269 11 13 0.043663513 
404 100 13 16 0.043273583 
378 93 8 11 0.043169748 
247 143 9 13 0.043060165 
1005 341 14 19 0.0430311 
110 83 8 12 0.04299814 
180 115 10 12 0.042815004 
777 255 9 11 0.042668913 
860 214 11 14 0.04248639 
119 112 9 12 0.042269625 
839 123 10 13 0.04215233 
957 110 10 11 0.041955005 
385 404 12 16 0.04163149 
476 409 14 16 0.041611653 
406 123 14 15 0.041574445 
703 268 13 15 0.041545052 
102 253 11 15 0.04141013 
702 294 14 15 0.041184925 
103 330 11 15 0.041015208 
538 182 14 16 0.04100919 
278 131 11 14 0.040847287 
712 125 9 10 0.04082883 
839 309 14 16 0.040688116 
539 277 12 16 0.040636867 
827 167 11 13 0.04060234 
352 287 10 12 0.040511943 
860 238 11 14 0.040391546 
308 235 13 17 0.039917503 
767 339 13 16 0.03979364 
390 369 11 14 0.03976639 
664 132 9 11 0.03971573 
686 237 12 15 0.03955872 
159 284 12 14 0.03955093 
142 95 9 11 0.039503094 
284 258 10 12 0.03940725 
455 247 12 14 0.03940069 
49 143 10 13 0.039353877 
560 102 9 12 0.039285593 
944 155 8 11 0.03920862 
612 85 9 12 0.03915236 
223 87 10 13 0.039138615 
655 38 8 11 0.03911521 
721 149 9 12 0.039002 
497 212 10 13 0.03887548 
792 110 8 11 0.038781434 
197 244 12 14 0.038773555 
420 430 11 14 0.038667895 
980 221 10 13 0.038563583 
714 119 9 12 0.038560696 
562 180 13 16 0.038422175 
542 86 8 10 0.038406778 
1011 199 12 16 0.03828934 
952 107 10 12 0.038272925 
969 300 13 16 0.038083263 
945 271 10 13 0.038027313 
607 93 11 13 0.038019758 
179 77 11 13 0.037646905 
614 213 11 15 0.037560202 
870 88 7 10 0.037514582 
751 133 9 12 0.037483733 
893 177 12 16 0.03740297 
283 101 11 14 0.037341077 
349 267 10 13 0.037147854 
829 321 14 18 0.037116736 
769 274 12 15 0.03702975 
965 124 9 11 0.03696854 
190 245 12 15 0.036852766 
251 413 10 13 0.036813233 
960 85 8 11 0.03665308 
310 180 14 16 0.036631335 
174 288 11 14 0.036531325 
162 269 12 13 0.03644735 
165 278 11 12 0.036433715 
222 133 13 15 0.036293082 
618 133 10 14 0.036130343 
692 293 13 16 0.03607338 
431 402 15 17 0.035699673 
761 117 10 12 0.035643425 
903 94 11 13 0.035604354 
62 282 12 15 0.03555104 
538 95 9 11 0.03538473 
841 234 10 14 0.035361197 
575 413 11 14 0.035293184 
778 108 9 12 0.03526738 
852 293 13 16 0.03524324 
779 492 16 18 0.035091963 
791 295 10 13 0.035006996 
502 108 11 13 0.034946825 
193 151 9 12 0.03480375 
938 92 9 13 0.034789924 
463 62 10 11 0.03472829 
433 92 9 12 0.034618717 
30 92 10 13 0.034385424 
625 86 8 10 0.03423102 
697 317 11 16 0.034164477 
208 413 10 11 0.034141373 
531 172 14 18 0.033921517 
518 81 9 12 0.0338259 
585 101 9 11 0.03373954 
729 308 11 16 0.033686675 
748 141 10 14 0.03367235 
415 408 10 14 0.03331444 
538 85 8 10 0.03318618 
129 95 9 10 0.033183668 
983 95 10 13 0.033141796 
387 117 11 14 0.033123173 
190 86 9 11 0.03296931 
705 105 11 14 0.032931194 
524 198 13 18 0.032806333 
84 447 15 18 0.032786906 
378 347 12 15 0.03276605 
917 190 10 12 0.032720022 
63 85 9 12 0.03271489 
525 236 13 17 0.032640558 
1008 116 10 13 0.03262303 
256 149 11 14 0.032570023 
616 126 10 14 0.032521214 
180 71 10 13 0.032445073 
74 76 9 11 0.032403495 
846 124 11 13 0.032263793 
757 260 11 13 0.032248314 
302 69 8 11 0.032248296 
454 96 9 12 0.032245234 
549 110 9 12 0.032222193 
699 396 15 19 0.03213188 
597 120 11 14 0.03210139 
519 125 10 13 0.032053806 
538 260 12 15 0.032046527 
736 118 9 12 0.032022245 
921 381 12 15 0.03201061 
431 444 12 13 0.03195652 
671 174 12 16 0.031758264 
813 125 11 12 0.03175653 
917 166 12 16 0.03171451 
736 57 8 11 0.03170249 
10 139 12 15 0.0316403 
353 317 10 12 0.03142873 
482 203 10 13 0.031423677 
346 127 13 15 0.03135785 
367 308 11 14 0.031199532 
392 342 10 15 0.031159077 
627 217 13 16 0.031146681 
640 125 10 13 0.031141419 
778 331 12 16 0.031141328 
375 87 9 12 0.031061836 
1003 184 13 16 0.03104667 
961 92 10 13 0.030998198 
742 63 8 10 0.03099532 
141 115 10 13 0.030978786 
1000 93 10 14 0.030932792 
958 271 10 13 0.030898418 
369 265 9 12 0.030831395 
807 125 10 12 0.030759457 
47 117 9 13 0.030653251 
23 90 11 14 0.03062483 
391 149 11 15 0.030622642 
690 70 9 11 0.030605879 
204 250 12 15 0.030524086 
909 166 15 18 0.030482206 
406 341 12 15 0.030465217 
607 389 12 15 0.030386385 
277 82 9 10 0.030215727 
801 97 9 12 0.029960074 
188 250 12 16 0.029958071 
1012 164 11 18 0.02990531 
405 132 12 14 0.029855948 
744 349 11 14 0.02984316 
991 324 11 15 0.029827328 
784 212 11 14 0.029804336 
618 115 10 14 0.029738538 
559 174 13 15 0.029672293 
864 88 8 10 0.029634427 
816 364 15 19 0.029532785 
120 406 12 16 0.0295235 
229 108 10 12 0.029517738 
136 111 10 13 0.029475737 
496 264 12 13 0.029361451 
629 111 10 12 0.02935096 
550 373 11 14 0.029251346 
816 100 10 12 0.029208997 
537 81 8 10 0.02918104 
152 93 9 11 0.02917219 
568 109 9 10 0.029140765 
401 106 11 14 0.028816571 
437 93 9 11 0.02881419 
638 435 14 17 0.028733188 
150 252 10 12 0.02858368 
551 187 12 15 0.028579881 
537 109 9 12 0.028447002 
667 301 12 14 0.028402606 
798 159 9 11 0.028345747 
263 100 11 13 0.02826465 
720 364 12 16 0.028251473 
130 55 6 9 0.028161861 
995 188 10 13 0.028042505 
925 89 10 13 0.028029101 
310 104 12 15 0.027969912 
560 108 9 11 0.027903471 
356 277 10 12 0.027880149 
590 119 10 14 0.027819207 
64 441 13 16 0.0278077 
200 270 14 16 0.027779019 
769 214 10 12 0.027773816 
410 354 12 15 0.027770003 
549 358 11 13 0.027713671 
57 284 11 15 0.02770913 
815 235 10 13 0.027667519 
830 289 12 14 0.027609095 
631 443 12 15 0.02757335 
730 372 13 16 0.027569955 
672 155 10 13 0.027494363 
269 131 11 14 0.027449265 
30 86 9 12 0.02739341 
824 118 9 12 0.02736354 
456 333 10 14 0.027156858 
398 134 12 14 0.027100222 
515 271 14 17 0.027045693 
677 72 8 11 0.026956724 
411 119 12 14 0.02694089 
909 95 11 13 0.026911916 
814 118 10 11 0.026681809 
550 365 10 12 0.026678924 
417 355 13 16 0.026665572 
586 96 9 11 0.026574714 
832 344 12 16 0.026551615 
27 300 13 16 0.026502943 
72 157 9 12 0.026499448 
689 102 8 10 0.026460985 
901 180 11 14 0.026440565 
707 96 9 12 0.026354462 
497 101 10 13 0.026333682 
40 80 9 10 0.026291678 
398 343 9 13 0.026280705 
726 71 8 11 0.026267918 
531 366 12 14 0.026240066 
315 173 13 15 0.026224524 
718 136 10 12 0.026121821 
503 355 9 14 0.025981115 
708 310 14 16 0.02597702 
112 101 9 11 0.025948893 
669 283 12 14 0.025916217 
131 467 16 19 0.025857035 
762 278 10 14 0.025832439 
879 57 11 14 0.025812116 
871 245 11 15 0.025798881 
347 191 15 18 0.0257358 
76 263 12 13 0.02568051 
237 96 9 12 0.025641227 
873 251 11 15 0.02559073 
452 165 12 15 0.025580933 
645 108 10 12 0.0255352 
763 179 11 15 0.02547979 
315 164 13 14 0.025450207 
614 447 11 14 0.02541449 
605 283 182 198 0.025301935 
773 262 13 16 0.025290163 
620 207 14 18 0.02523617 
461 325 9 12 0.025231738 
966 89 11 14 0.025217518 
784 294 10 12 0.025174042 
544 364 9 13 0.025088694 
293 49 8 11 0.02505003 
76 92 10 12 0.024983188 
305 91 10 13 0.024969235 
641 104 9 11 0.024966067 
216 110 11 13 0.024958627 
830 172 10 12 0.024906097 
837 211 11 14 0.02488035 
628 132 12 17 0.0247931 
61 148 9 12 0.024786342 
10 95 10 12 0.024781859 
397 139 12 14 0.024680616 
735 124 9 10 0.024610272 
178 252 9 12 0.02460845 
667 58 10 12 0.024604026 
39 87 8 10 0.024586601 
798 294 11 14 0.024545431 
271 295 9 11 0.024517613 
82 101 8 11 0.024405656 
950 167 9 13 0.024392297 
849 213 11 14 0.024373624 
503 115 10 12 0.02436323 
382 372 13 15 0.024306 
456 326 10 12 0.024299204 
204 192 10 12 0.0241504 
50 387 14 17 0.023960283 
223 102 10 12 0.023924073 
784 466 17 19 0.023915216 
990 314 12 15 0.023909258 
738 40 9 11 0.023874143 
752 102 10 12 0.023871938 
0 310 8 12 0.023865867 
879 103 9 11 0.023865484 
342 179 13 15 0.023854895 
128 189 11 15 0.023804415 
343 399 13 15 0.023763906 
457 139 9 12 0.02375497 
805 221 13 14 0.02375197 
240 238 9 12 0.023710411 
872 477 13 17 0.023698356 
705 297 170 191 0.023695324 
153 274 11 13 0.023661828 
13 106 12 14 0.023643643 
752 110 10 13 0.023642406 
460 368 12 15 0.023633692 
690 62 9 13 0.023615815 
190 262 12 15 0.02361229 
807 119 10 11 0.023608876 
730 63 8 10 0.023596084 
278 367 10 13 0.023571918 
686 148 9 12 0.023527695 
653 53 10 12 0.023517616 
822 124 10 12 0.023499964 
837 113 9 12 0.023479413 
640 108 8 11 0.023455814 
967 227 11 14 0.023398208 
482 170 12 14 0.023274498 
741 236 11 15 0.023213461 
936 298 11 14 0.023173533 
441 333 9 12 0.023167392 
694 102 8 10 0.023126828 
765 110 10 11 0.023103721 
995 184 20 23 0.023079801 
523 115 11 13 0.02305378 
208 408 9 11 0.023017272 
77 126 9 13 0.023006704 
389 332 10 14 0.023001045 
772 125 10 13 0.022998467 
319 283 10 12 0.02297122 
356 191 12 15 0.022935422 
796 245 10 12 0.02293026 
554 337 15 17 0.02291357 
357 129 14 15 0.022912245 
86 334 12 15 0.02289802 
695 86 9 11 0.022886353 
337 147 11 14 0.02286269 
31 349 12 16 0.02283859 
1 401 12 19 0.022808138 
903 173 12 15 0.022780279 
439 84 10 13 0.022758933 
177 262 9 13 0.022751825 
480 85 8 10 0.02269929 
173 310 10 12 0.022670915 
366 107 10 13 0.02266631 
30 102 9 11 0.022646533 
957 102 9 11 0.022570407 
86 127 9 11 0.022555409 
95 134 8 11 0.022501398 
198 250 13 15 0.022464467 
487 102 9 13 0.02244324 
863 94 8 10 0.02242659 
836 292 12 14 0.022417951 
819 444 13 16 0.022398038 
741 115 9 13 0.022362798 
454 86 9 10 0.0223516 
33 267 12 16 0.02234533 
832 141 11 13 0.022294719 
41 98 10 12 0.022283379 
89 297 12 16 0.022270922 
270 70 8 11 0.022268938 
174 409 11 15 0.02225168 
54 93 9 12 0.022214103 
201 71 9 13 0.022174433 
972 205 12 15 0.022163244 
165 284 11 15 0.02216287 
83 413 12 15 0.022044886 
383 161 12 15 0.022028074 
567 412 9 12 0.022023749 
125 125 10 13 0.02201912 
568 123 11 14 0.021980973 
968 113 8 11 0.021952122 
461 122 9 12 0.021901444 
753 261 10 13 0.021901354 
237 256 9 13 0.021882584 
657 96 8 10 0.021866709 
94 323 12 16 0.02186182 
470 102 8 11 0.021821639 
319 271 11 14 0.02178302 
244 166 11 15 0.021767432 
805 290 11 14 0.021754436 
373 316 12 14 0.021721348 
435 126 10 15 0.021617327 
239 118 10 14 0.021538885 
99 355 14 16 0.02149298 
993 201 11 14 0.021473143 
57 50 172 196 0.02142867 
614 95 8 11 0.02142791 
103 102 9 12 0.021359472 
561 408 8 11 0.021355072 
145 254 9 12 0.021349391 
134 134 10 12 0.021299466 
548 306 13 16 0.021291627 
395 373 12 14 0.02128459 
27 292 12 15 0.02120617 
931 162 11 15 0.021196708 
95 78 9 11 0.02116894 
529 335 10 12 0.021058382 
540 242 11 14 0.02103445 
182 381 10 13 0.021023726 
509 154 13 16 0.021011574 
487 209 11 15 0.021009572 
726 292 10 13 0.020904701 
268 163 12 15 0.020893408 
413 341 12 16 0.02074606 
533 358 11 13 0.020740032 
542 194 14 18 0.02073484 
89 80 8 10 0.020702438 
499 79 8 11 0.020696608 
349 100 10 13 0.020637834 
472 254 11 13 0.020619607 
161 142 18 22 0.020606706 
156 327 12 17 0.020604802 
239 191 10 12 0.020586824 
131 264 12 15 0.020565616 
409 155 12 16 0.020559128 
198 282 11 13 0.020508597 
134 100 11 12 0.020445421 
168 310 10 12 0.02042263 
1014 149 9 14 0.020399777 
503 421 10 15 0.020381097 
574 408 10 13 0.020374082 
294 126 11 13 0.020369265 
776 134 9 11 0.020335807 
107 294 10 12 0.020321604 
949 87 11 13 0.020315334 
370 420 13 15 0.020313876 
989 149 11 13 0.020246828 
380 380 13 15 0.02023912 
141 100 10 11 0.020204648 
895 98 10 14 0.020193042 
335 330 11 14 0.020183777 
967 348 11 14 0.020146579 
372 276 10 13 0.020109627 
55 269 11 14 0.02008113 
757 151 11 15 0.020071637 
397 199 10 13 0.020059628 
726 404 14 17 0.020046072 
171 147 11 13 0.020045552 
624 383 10 13 0.020037547 
