7_Cheering_Cheering_7_413
45
927 380 55 70 0.998906 
485 427 59 87 0.9982457 
427 363 30 38 0.99824405 
728 453 86 106 0.99748874 
843 378 36 43 0.9960983 
617 369 39 48 0.9959377 
341 411 47 64 0.9950075 
748 386 47 55 0.9945322 
543 348 30 39 0.9944818 
271 342 26 34 0.99111676 
46 385 33 37 0.98998064 
166 335 23 30 0.98573154 
734 361 30 36 0.9839983 
68 331 21 25 0.9710678 
156 382 32 52 0.96349084 
383 339 15 20 0.96260935 
320 348 21 26 0.9575854 
38 334 20 26 0.95608884 
202 333 12 16 0.86176336 
249 334 14 18 0.8590274 
344 333 17 22 0.65182394 
12 345 18 21 0.64181286 
1000 373 24 44 0.40519696 
352 283 12 15 0.36208856 
3 339 21 25 0.28834772 
494 393 29 36 0.17293607 
0 340 15 19 0.088650316 
707 435 14 21 0.08268646 
680 399 24 31 0.070450306 
432 341 10 12 0.055316098 
353 333 15 19 0.050994556 
672 390 24 36 0.042824287 
490 397 47 59 0.04112191 
693 131 9 12 0.038274378 
31 337 16 22 0.036375407 
403 340 12 16 0.03422289 
649 198 8 10 0.033432502 
152 372 23 39 0.030990735 
331 337 22 26 0.029455237 
445 472 39 53 0.026599916 
706 430 26 34 0.026285052 
662 381 25 37 0.025410557 
663 164 8 12 0.025382852 
205 362 16 19 0.022755148 
364 340 11 16 0.021182537 
