7_Cheering_Cheering_7_462
33
547 129 72 100 0.99679023 
823 366 32 41 0.98815674 
276 359 37 42 0.987184 
66 554 28 46 0.9743448 
718 335 25 44 0.9707237 
360 591 37 65 0.95946956 
199 367 28 36 0.9283023 
888 505 22 37 0.768707 
0 546 17 38 0.75122386 
214 423 35 41 0.7071733 
388 376 20 33 0.46050254 
405 311 28 42 0.36916938 
894 515 27 37 0.2808121 
12 420 16 20 0.17322814 
98 416 18 21 0.16122967 
145 375 28 33 0.13669027 
184 399 21 28 0.093451336 
92 418 26 34 0.084256895 
56 419 29 37 0.08420432 
813 384 25 34 0.07210524 
901 525 32 34 0.05814716 
30 429 15 19 0.049093485 
50 460 19 24 0.046745077 
756 568 18 21 0.04449482 
74 396 14 18 0.035398148 
417 443 39 47 0.035318002 
188 383 27 37 0.032774683 
923 376 22 34 0.03224711 
0 396 10 17 0.030711148 
170 459 27 36 0.03010837 
420 413 23 34 0.027056836 
338 306 25 31 0.026439901 
153 498 25 30 0.020470887 
