7_Cheering_Cheering_7_57
32
431 337 44 55 0.995708 
0 304 47 55 0.9952223 
794 283 52 55 0.9949832 
30 162 39 50 0.99191177 
741 335 47 55 0.99120355 
554 348 44 49 0.9896171 
131 302 42 48 0.98372847 
332 308 40 52 0.9315291 
663 311 44 51 0.8704039 
105 323 36 50 0.8431165 
600 176 23 30 0.640037 
248 351 35 47 0.2825224 
354 204 18 19 0.20979539 
881 295 36 47 0.14937574 
737 170 33 33 0.12209353 
738 149 34 40 0.11583708 
1003 341 21 44 0.093252145 
745 201 37 32 0.09266612 
251 373 39 43 0.061660204 
878 98 49 66 0.06047212 
738 185 30 35 0.044602003 
1007 337 14 22 0.041757617 
697 207 16 20 0.041152205 
665 342 44 57 0.0393668 
539 706 24 31 0.038634814 
974 196 41 42 0.03359398 
387 223 32 34 0.030406825 
235 312 40 52 0.030016297 
800 198 46 54 0.02945439 
959 374 37 49 0.026473701 
333 280 48 59 0.025885142 
688 205 13 16 0.021847522 
