7_Cheering_Cheering_7_536
70
245 231 26 34 0.96331483 
177 256 24 31 0.95825636 
517 332 40 63 0.95761096 
205 224 25 31 0.9344622 
0 230 21 31 0.92938083 
254 313 24 31 0.91526085 
329 305 26 32 0.91246486 
334 259 25 33 0.9080904 
936 294 35 37 0.8867634 
216 263 27 33 0.88512045 
315 227 25 30 0.8634894 
997 240 26 39 0.8557024 
851 281 29 39 0.81448823 
100 240 25 28 0.7875486 
461 271 26 33 0.74308157 
508 257 42 47 0.7331506 
135 233 26 31 0.72429836 
-1 342 17 33 0.63805467 
648 263 33 39 0.6120052 
27 243 23 28 0.5705163 
899 244 26 29 0.5405894 
876 263 26 33 0.40237826 
723 280 60 75 0.36942396 
66 237 25 29 0.35234833 
729 229 34 37 0.2482647 
269 253 22 26 0.22537887 
398 242 25 28 0.22203787 
997 392 26 36 0.17732657 
133 247 27 32 0.17670049 
128 327 22 26 0.14756149 
47 224 25 31 0.14027473 
840 244 25 32 0.14020148 
0 277 23 34 0.12648633 
888 252 32 37 0.10691645 
433 248 25 27 0.1029027 
728 247 30 38 0.072136074 
124 314 25 30 0.069602124 
635 265 54 62 0.06564314 
273 580 67 55 0.060453348 
249 394 17 25 0.050085116 
131 337 22 25 0.047889784 
691 284 54 69 0.047225114 
601 244 28 32 0.040157683 
747 305 52 73 0.039856803 
90 357 22 28 0.038523506 
24 294 22 32 0.037835013 
380 268 24 28 0.03382021 
131 264 28 32 0.03125786 
721 258 50 65 0.030867936 
0 266 19 23 0.029827854 
357 241 17 22 0.028621294 
417 248 27 31 0.027284525 
763 339 46 67 0.026875986 
115 306 26 33 0.026470546 
148 296 30 38 0.024988132 
262 389 12 15 0.02492298 
43 211 25 31 0.023869256 
533 265 28 35 0.023687243 
559 256 30 39 0.023363385 
64 214 26 30 0.022960495 
622 229 28 30 0.022910522 
41 239 19 24 0.022906046 
387 260 27 30 0.022226293 
201 248 26 31 0.022160862 
839 253 39 47 0.021979587 
45 235 30 34 0.02157243 
246 391 13 19 0.02131023 
70 200 24 27 0.021295713 
655 287 51 60 0.021233097 
501 270 29 36 0.020253677 
