7_Cheering_Cheering_7_542
22
557 138 238 318 0.99985373 
249 286 216 307 0.9997826 
145 343 44 70 0.8242276 
3 341 29 40 0.5477582 
85 319 34 43 0.35707137 
177 342 43 75 0.18597463 
3 358 29 41 0.13249439 
872 293 13 16 0.116157874 
901 288 11 13 0.10603477 
1 286 22 36 0.06085854 
902 296 14 17 0.04652738 
91 323 45 60 0.041606374 
78 308 31 39 0.034611493 
63 352 17 20 0.034127686 
953 289 12 15 0.03100766 
133 339 39 58 0.030135047 
859 302 10 14 0.026633356 
0 289 13 24 0.026497073 
778 249 43 69 0.023052718 
0 298 13 29 0.02270935 
46 316 21 28 0.02255786 
1013 244 9 14 0.02022243 
