7_Cheering_Cheering_7_391
80
709 174 17 21 0.9529008 
202 433 54 68 0.9057092 
314 327 13 22 0.7405609 
478 339 13 23 0.6936816 
220 350 16 27 0.6571894 
340 622 76 134 0.6400502 
356 365 16 25 0.41789293 
303 366 16 22 0.36128515 
660 324 19 20 0.32163864 
540 335 14 22 0.26914605 
113 268 23 33 0.20744264 
404 313 13 17 0.1876231 
645 166 14 16 0.18099655 
362 360 17 27 0.17187221 
422 315 10 14 0.15337665 
664 274 11 15 0.1372614 
365 307 10 14 0.13254511 
736 365 20 33 0.10504725 
562 400 21 36 0.10482586 
703 290 13 22 0.08898181 
761 253 12 17 0.08567577 
461 315 12 16 0.084237084 
90 386 28 39 0.07918492 
190 346 13 19 0.07762808 
195 342 16 24 0.0773413 
628 246 12 16 0.07641812 
412 314 13 16 0.07368962 
4 418 25 42 0.06071446 
60 413 30 54 0.055495504 
685 312 14 19 0.051174093 
739 372 27 38 0.049684133 
658 268 10 13 0.04847103 
697 299 20 26 0.04827618 
558 281 9 10 0.046263807 
515 333 20 26 0.044526357 
239 112 508 572 0.041739576 
636 271 11 13 0.040653843 
508 334 14 23 0.040191695 
387 332 12 17 0.039098136 
528 336 22 26 0.03804436 
810 339 28 43 0.03791968 
484 331 13 22 0.03781204 
572 278 10 12 0.03598362 
728 150 8 11 0.034988064 
676 244 462 571 0.034103055 
360 589 97 154 0.03375041 
409 315 21 25 0.033540383 
278 439 14 15 0.033146996 
208 351 21 27 0.03293116 
480 317 11 16 0.032169748 
941 423 42 87 0.03180439 
369 360 15 22 0.031772677 
705 282 19 32 0.030376334 
548 341 13 20 0.030178322 
125 327 12 15 0.029746301 
692 305 16 22 0.02965917 
40 375 30 43 0.027982337 
367 231 7 8 0.027894385 
780 355 22 42 0.027702369 
792 168 8 10 0.02759568 
92 331 16 22 0.027379397 
475 322 18 30 0.025608208 
397 342 21 34 0.024989884 
595 196 10 13 0.024879701 
806 286 27 35 0.02455628 
657 265 8 11 0.024352996 
709 295 20 32 0.023916299 
672 207 7 10 0.023493515 
221 362 16 23 0.022781776 
697 228 10 14 0.022777839 
468 314 12 17 0.02267025 
208 420 89 89 0.022480054 
202 345 20 26 0.02180338 
621 285 10 12 0.02180025 
428 316 11 16 0.021787578 
420 320 13 18 0.021760445 
504 337 12 18 0.02104928 
568 279 10 12 0.02098303 
414 330 14 17 0.020801304 
71 315 12 15 0.020596009 
