7_Cheering_Cheering_7_195
20
457 471 52 53 0.9986349 
189 590 55 62 0.99275535 
680 624 46 60 0.8546616 
326 524 45 49 0.8055639 
233 896 67 49 0.7347309 
608 482 53 59 0.5825094 
569 869 56 57 0.2527512 
308 517 41 44 0.22698826 
221 915 83 59 0.18010993 
430 970 72 65 0.1718673 
355 780 29 37 0.13611571 
630 476 40 44 0.08314306 
603 457 32 46 0.053435497 
720 734 66 64 0.039214782 
519 513 29 41 0.035726167 
622 801 34 39 0.03487946 
584 884 61 59 0.031416595 
563 886 40 41 0.031242115 
585 855 67 62 0.022838458 
208 798 28 32 0.022167189 
