7_Cheering_Cheering_7_134
39
236 222 97 152 0.99982125 
465 243 91 118 0.9991042 
718 257 89 110 0.9984548 
0 38 70 137 0.99272037 
162 77 76 108 0.9873366 
469 142 82 90 0.98640186 
420 136 32 43 0.2698879 
951 330 12 14 0.1704052 
838 443 10 14 0.11943373 
973 391 10 13 0.093804665 
975 348 9 10 0.0909737 
998 342 9 12 0.06888578 
940 382 13 16 0.06769707 
932 342 10 12 0.061453428 
562 285 33 42 0.06076473 
419 134 17 22 0.05994016 
970 325 8 11 0.051528934 
906 461 14 17 0.051339634 
293 150 15 19 0.048688892 
999 379 10 13 0.043392114 
911 490 16 19 0.042851716 
362 94 9 12 0.04214942 
259 167 11 12 0.035919942 
550 293 41 61 0.032696307 
944 492 21 26 0.032427233 
915 340 10 12 0.032088604 
964 357 8 11 0.029676154 
930 469 15 17 0.028174784 
1014 420 9 15 0.028087338 
289 106 9 11 0.027367925 
293 145 27 31 0.02727328 
936 388 11 14 0.027026262 
884 508 24 29 0.026789539 
83 106 12 15 0.025221288 
867 532 13 18 0.023634875 
272 110 9 10 0.022882562 
291 129 52 61 0.02217516 
968 350 9 11 0.021081775 
895 369 10 11 0.020667529 
