7_Cheering_Cheering_7_334
28
167 136 46 58 0.998166 
680 171 45 55 0.9978269 
194 281 48 59 0.99778134 
300 201 44 54 0.99774724 
643 376 45 57 0.9974776 
510 341 47 58 0.9971117 
376 240 46 58 0.99669373 
803 143 44 58 0.99608046 
460 121 43 56 0.99553585 
779 285 43 56 0.99421716 
399 352 44 55 0.9938232 
291 306 44 54 0.993443 
707 290 43 55 0.99321127 
614 257 42 55 0.99149173 
496 244 45 57 0.99060094 
568 178 40 53 0.98988056 
386 167 18 24 0.85795826 
1014 150 9 13 0.2120419 
137 69 16 19 0.15027602 
145 76 15 18 0.092883736 
661 620 49 57 0.0872738 
750 48 10 13 0.072533794 
118 5 9 10 0.06932078 
888 164 9 12 0.048711143 
590 293 12 15 0.027823094 
339 25 18 18 0.02600981 
719 57 8 10 0.024811551 
893 164 10 12 0.02011881 
