7_Cheering_Cheering_7_171
678
926 236 12 15 0.98382324 
975 298 13 18 0.9795976 
437 283 15 20 0.9749758 
53 18 14 17 0.9737839 
292 268 16 22 0.97184396 
340 318 15 19 0.96936774 
691 249 13 17 0.96876234 
554 294 16 19 0.9685555 
425 310 17 24 0.9652303 
471 27 11 14 0.9641123 
349 237 15 21 0.9614514 
581 251 12 16 0.9582578 
620 295 14 18 0.9573398 
491 67 13 17 0.956834 
550 264 14 17 0.95490754 
391 253 13 17 0.95403016 
485 100 13 16 0.9537687 
423 65 13 16 0.9528572 
118 5 13 16 0.95235723 
131 171 18 21 0.94696134 
149 116 15 18 0.94588983 
603 261 15 19 0.9455619 
222 62 14 17 0.9421251 
57 84 14 18 0.9402403 
628 227 13 17 0.9401357 
461 130 14 19 0.9383027 
350 272 15 18 0.9361399 
96 159 18 22 0.932216 
60 61 15 18 0.9321827 
419 148 14 17 0.93188405 
991 307 13 17 0.927329 
511 131 11 14 0.92653674 
887 226 10 14 0.9249122 
131 142 14 20 0.92351323 
906 251 13 16 0.9212135 
554 220 13 16 0.9164092 
512 261 13 16 0.9163279 
611 238 13 17 0.91389394 
330 4 11 15 0.91298145 
637 205 12 16 0.9117481 
86 90 16 21 0.9099831 
201 35 12 15 0.90609974 
461 228 17 20 0.905471 
715 233 12 16 0.90470064 
157 205 14 22 0.9044759 
321 241 15 21 0.90358233 
534 245 13 17 0.90178335 
602 221 13 16 0.8991301 
624 69 10 14 0.8983281 
699 234 13 15 0.898078 
304 218 15 18 0.89608705 
754 210 13 17 0.8933399 
942 275 13 16 0.892719 
722 306 15 20 0.89223504 
291 75 13 17 0.89204013 
690 94 11 14 0.8823596 
954 327 14 17 0.8813893 
474 181 13 17 0.8776636 
104 117 13 17 0.87706846 
516 106 12 15 0.87563884 
535 189 13 16 0.8746229 
106 69 11 15 0.87438357 
523 208 13 17 0.8730523 
796 196 15 18 0.8708649 
547 101 13 17 0.86982936 
490 125 14 17 0.86931425 
736 86 9 12 0.8652595 
385 122 13 18 0.86469424 
24 389 18 22 0.8625627 
460 102 11 14 0.86252946 
774 165 12 15 0.8621007 
274 89 13 17 0.8618645 
639 300 14 17 0.8605252 
877 171 11 15 0.8571533 
651 163 13 16 0.8570116 
524 67 13 14 0.85511494 
401 108 12 15 0.8548492 
963 262 10 12 0.85120696 
650 246 14 18 0.8487883 
263 185 12 16 0.84608734 
997 243 11 14 0.84412545 
493 35 9 12 0.8399113 
475 207 13 16 0.83518857 
160 30 13 18 0.83413553 
383 407 21 26 0.83196115 
873 195 11 13 0.83029866 
570 133 12 16 0.82543385 
936 218 11 14 0.8224668 
928 261 13 17 0.8200459 
500 158 13 17 0.8186582 
658 212 12 15 0.8183765 
158 94 14 17 0.81295115 
499 236 15 18 0.812231 
330 54 14 18 0.8117371 
727 157 12 14 0.8104738 
1010 268 11 14 0.8091191 
478 81 11 14 0.8091004 
346 99 13 16 0.80832976 
445 78 11 15 0.80559295 
586 296 16 19 0.8047663 
289 40 13 17 0.80467653 
855 211 10 14 0.80005145 
270 68 11 15 0.7989595 
386 66 12 16 0.7969451 
595 182 11 14 0.7965228 
555 246 14 17 0.79576457 
239 42 14 17 0.7955178 
312 91 12 15 0.7948443 
74 421 17 23 0.79119647 
495 215 14 17 0.78819454 
365 12 11 13 0.7794031 
357 53 14 18 0.77713025 
573 48 9 12 0.77536166 
811 183 11 14 0.7714157 
811 163 12 15 0.7700739 
751 258 14 17 0.76538515 
741 119 12 14 0.75941586 
5 12 13 15 0.7542597 
881 295 12 16 0.75251466 
637 109 10 12 0.75245196 
251 26 12 15 0.7480947 
669 59 10 12 0.74575204 
363 31 12 16 0.74167407 
477 47 12 15 0.74101245 
426 111 12 16 0.7379399 
34 161 12 17 0.7369736 
862 227 10 13 0.73351693 
450 212 14 16 0.731559 
584 162 13 15 0.72745144 
996 266 10 14 0.72706443 
419 19 10 13 0.7266317 
156 148 13 17 0.72624546 
662 88 11 15 0.72601056 
646 93 10 12 0.7242705 
784 143 10 13 0.7157643 
442 144 13 16 0.710726 
597 138 11 14 0.7072018 
589 71 10 13 0.7062334 
853 293 11 14 0.70609754 
239 78 12 16 0.6961642 
801 147 9 13 0.692259 
515 33 11 15 0.69013995 
709 255 12 15 0.68781626 
958 279 13 16 0.6845092 
541 169 11 14 0.68143964 
155 9 13 15 0.677187 
596 46 10 12 0.6695659 
559 59 11 13 0.6668973 
728 285 13 17 0.65931714 
954 242 11 14 0.6587951 
902 325 10 15 0.65605736 
508 187 13 16 0.6524371 
978 267 11 14 0.6451778 
296 18 11 14 0.63966745 
188 0 12 13 0.6382054 
22 81 14 16 0.6373898 
666 141 12 15 0.6359299 
727 194 12 15 0.6261999 
327 83 11 14 0.6196477 
697 134 12 16 0.6173152 
754 319 11 14 0.61706257 
270 305 17 22 0.6163484 
304 1 11 13 0.61274165 
445 59 11 13 0.60822767 
221 8 13 18 0.6067309 
0 82 9 16 0.6024913 
551 126 13 17 0.5978211 
792 170 11 14 0.59485036 
878 216 9 12 0.5817858 
634 181 13 16 0.5801885 
699 277 13 16 0.5745961 
401 155 12 16 0.5711921 
668 190 12 14 0.5673493 
175 11 11 15 0.5632315 
647 51 8 12 0.5596217 
746 237 12 15 0.5306881 
123 417 15 19 0.5286504 
680 79 13 16 0.52835983 
985 373 14 16 0.52746093 
761 118 11 16 0.5266795 
649 75 11 13 0.5241985 
696 196 12 14 0.51204664 
784 190 11 14 0.5085239 
743 136 10 14 0.5077563 
757 162 10 13 0.50163686 
619 88 11 14 0.4918991 
722 108 10 14 0.48799908 
885 249 12 15 0.47326893 
341 217 16 17 0.47054935 
992 286 12 16 0.45109877 
469 67 11 13 0.44545865 
415 188 11 14 0.4432561 
384 30 11 15 0.44316465 
809 132 8 11 0.43266362 
405 206 11 14 0.43117616 
127 55 11 14 0.41866148 
616 156 12 14 0.41010028 
387 309 15 19 0.40755895 
283 379 14 19 0.40437913 
635 331 14 18 0.40153143 
140 0 10 12 0.3936365 
934 329 12 15 0.38239157 
386 333 14 16 0.36773333 
852 377 13 16 0.34892136 
614 187 13 16 0.34377083 
751 175 12 15 0.3409876 
782 310 13 17 0.3408875 
952 364 10 13 0.32713547 
717 137 11 13 0.3265539 
167 417 18 21 0.3214236 
448 28 10 13 0.3065911 
895 369 12 15 0.29244673 
699 119 10 13 0.29010552 
851 174 12 14 0.28730932 
723 214 12 15 0.2870151 
380 199 11 14 0.2864612 
417 98 11 14 0.2796814 
417 40 10 12 0.27788645 
528 44 12 14 0.27075318 
454 48 10 13 0.26514193 
975 245 11 13 0.2637428 
332 28 11 13 0.2633261 
603 85 10 13 0.25834194 
803 409 28 34 0.24398094 
581 114 10 14 0.2368418 
320 35 10 14 0.22925983 
244 61 12 16 0.22752927 
720 102 11 13 0.22013529 
605 4 10 11 0.2195398 
453 30 9 12 0.20741524 
675 118 10 12 0.19102192 
839 364 12 15 0.18940195 
784 127 9 11 0.17967893 
63 141 13 18 0.1776449 
748 280 14 17 0.17738032 
69 143 13 18 0.17563789 
760 108 11 14 0.17484128 
909 237 11 13 0.17064385 
1014 323 9 15 0.16766044 
901 217 10 12 0.16651025 
573 110 11 13 0.16167077 
340 130 12 14 0.15827909 
831 236 12 16 0.15279931 
184 392 24 32 0.15267977 
775 263 11 14 0.15148595 
909 229 10 12 0.14581175 
693 178 11 13 0.14574756 
736 164 10 13 0.14238773 
430 99 13 14 0.14218286 
819 362 15 20 0.14032649 
999 354 14 16 0.13796857 
597 116 11 13 0.13519436 
567 207 10 12 0.12740399 
440 182 11 14 0.12365353 
222 0 12 13 0.123111 
582 213 10 12 0.12101987 
653 132 9 11 0.120133474 
442 24 9 11 0.1180527 
253 262 12 13 0.11617241 
127 220 12 18 0.11306057 
393 23 10 13 0.11142404 
770 327 10 13 0.11136635 
573 102 9 11 0.111250825 
219 37 12 15 0.11098653 
267 221 13 17 0.10751759 
103 96 14 16 0.10743542 
532 117 11 14 0.1071846 
533 100 11 13 0.10552959 
363 72 11 13 0.103807956 
1014 330 11 17 0.10031096 
387 320 16 21 0.099669605 
152 94 13 15 0.09924142 
252 0 10 9 0.099235326 
82 424 21 26 0.09790348 
705 103 10 13 0.09591197 
705 55 8 10 0.09568454 
817 144 8 11 0.09164292 
518 63 14 17 0.08871966 
545 207 10 12 0.088120416 
613 138 10 12 0.087596856 
867 422 16 17 0.083426714 
575 156 10 13 0.08279814 
720 115 10 13 0.08278943 
955 362 13 15 0.0805831 
336 285 14 17 0.0788821 
421 285 11 14 0.07840584 
873 220 11 13 0.07726199 
1014 338 9 14 0.07623586 
709 106 9 13 0.076021336 
858 198 9 10 0.07467915 
-1 61 7 12 0.07453456 
333 45 13 14 0.07372386 
993 240 10 13 0.07366829 
886 445 15 20 0.07312393 
744 348 9 12 0.07272771 
293 93 11 15 0.07241706 
461 331 15 17 0.070720814 
396 28 9 11 0.06997017 
512 62 11 14 0.0699107 
85 29 10 11 0.06959869 
242 51 14 17 0.06874683 
479 286 11 14 0.06860859 
670 183 12 14 0.06839249 
703 253 12 15 0.06693475 
918 363 11 12 0.065929875 
821 149 9 12 0.065776214 
606 139 10 13 0.06532222 
267 36 10 13 0.06527367 
569 212 10 12 0.065262325 
593 117 10 12 0.0648611 
139 398 15 20 0.06374587 
176 44 11 13 0.063535936 
980 245 10 11 0.06335176 
590 196 10 13 0.06257924 
889 366 12 14 0.06221451 
574 213 10 12 0.06219278 
673 28 8 10 0.06187654 
439 167 14 16 0.06176409 
668 306 12 19 0.06143303 
322 77 11 14 0.061319392 
240 68 13 17 0.06098258 
974 250 10 13 0.06075054 
390 197 11 14 0.060564697 
908 224 9 12 0.05992079 
625 45 9 12 0.059254147 
853 323 12 15 0.059072047 
364 435 16 20 0.058810968 
864 246 11 14 0.058659554 
473 83 11 14 0.05847516 
913 382 15 18 0.058357272 
966 229 9 11 0.057729535 
85 13 12 14 0.057253063 
779 244 11 14 0.05686595 
903 236 11 13 0.056174222 
668 91 10 13 0.056032185 
415 60 10 14 0.05587996 
858 292 11 14 0.055653892 
845 431 16 22 0.05537855 
114 153 13 19 0.05510922 
647 143 9 12 0.054393135 
598 155 11 13 0.054372206 
642 53 9 11 0.05412049 
796 416 21 30 0.05301875 
626 297 13 17 0.05242887 
564 195 11 14 0.05236928 
774 285 11 14 0.052217327 
856 157 9 12 0.051864594 
531 258 13 17 0.051837932 
383 24 11 14 0.0514836 
788 128 10 11 0.05142856 
370 227 14 17 0.051053878 
431 45 9 11 0.0509109 
621 161 12 14 0.05089085 
371 159 11 15 0.05028525 
189 405 16 22 0.04990124 
963 362 12 14 0.04987481 
968 205 8 11 0.0497986 
666 57 9 12 0.04974245 
790 133 10 12 0.049442343 
597 148 13 15 0.049377285 
686 69 10 11 0.049141534 
574 62 9 12 0.049035594 
788 425 15 21 0.04891539 
747 134 10 14 0.04890021 
534 108 11 15 0.04860933 
334 36 11 13 0.048563812 
292 355 10 13 0.048450947 
777 317 12 14 0.048099793 
116 406 13 15 0.048015326 
292 248 17 21 0.04766883 
411 188 9 12 0.047668815 
822 144 8 10 0.047588434 
531 50 12 15 0.04751465 
119 412 14 16 0.047375984 
269 250 10 14 0.04719897 
109 156 13 18 0.04707001 
178 400 23 29 0.046886597 
815 403 24 30 0.046574157 
749 349 8 11 0.046546996 
903 228 12 14 0.046521883 
892 251 11 14 0.04647816 
737 135 11 13 0.04644617 
973 273 13 15 0.046067838 
391 315 16 19 0.04605866 
253 244 10 13 0.04584737 
533 16 9 12 0.04584022 
190 65 14 20 0.04574019 
556 109 12 14 0.045665413 
178 138 13 15 0.04551197 
983 253 10 12 0.04527443 
823 166 9 13 0.045208573 
402 113 13 17 0.04410855 
867 227 10 14 0.044082258 
444 69 13 16 0.04386484 
188 58 14 19 0.04375519 
259 348 13 16 0.04366463 
833 102 8 11 0.04310585 
659 244 12 17 0.04306914 
597 123 11 13 0.04298479 
852 166 12 14 0.042774025 
341 47 9 12 0.042755872 
604 118 10 11 0.04241838 
794 370 15 20 0.042228118 
804 143 11 14 0.041522663 
660 238 11 13 0.041315433 
462 44 9 13 0.04121955 
85 20 12 14 0.04115952 
592 28 7 11 0.041103847 
1012 309 11 17 0.040850457 
452 61 10 13 0.040770058 
84 35 11 13 0.04072647 
621 153 12 15 0.04065655 
592 135 13 14 0.040240392 
972 388 10 14 0.039719038 
553 12 10 12 0.039666474 
784 133 11 11 0.039344773 
781 317 13 17 0.0391977 
531 211 11 14 0.03879766 
654 239 13 16 0.03879404 
405 121 10 13 0.038730465 
833 241 13 18 0.038281497 
569 52 10 13 0.03820425 
719 97 9 11 0.03804449 
896 236 10 13 0.03783838 
890 228 11 14 0.037785646 
663 298 12 20 0.037763443 
774 76 9 11 0.037723515 
558 115 10 13 0.037707113 
848 355 10 13 0.037533235 
390 174 11 14 0.037431393 
448 46 11 12 0.03741363 
333 119 10 12 0.03738716 
861 157 9 11 0.037203778 
655 91 11 14 0.037123643 
92 402 11 15 0.037110787 
539 180 13 17 0.036950212 
465 62 11 14 0.03690248 
317 86 12 15 0.036839977 
326 189 10 14 0.036341563 
788 148 10 12 0.03619067 
414 284 14 18 0.036009233 
191 19 10 12 0.03599025 
718 122 11 14 0.03590325 
528 100 11 14 0.035717387 
349 130 12 14 0.035715286 
677 181 10 13 0.035710685 
450 76 11 16 0.035621863 
23 58 11 13 0.03547016 
873 112 8 9 0.035199378 
335 125 12 14 0.03516385 
648 111 9 12 0.035062272 
564 251 11 14 0.035044037 
579 363 12 17 0.034834187 
607 125 9 11 0.03473397 
856 152 9 11 0.034547128 
619 70 10 12 0.0344034 
226 5 12 17 0.034399796 
593 14 8 11 0.034359317 
860 287 9 13 0.034201305 
699 191 12 15 0.03409609 
463 82 12 14 0.033832796 
999 159 9 11 0.033686914 
110 437 12 16 0.03363979 
217 0 11 10 0.03347279 
438 44 10 12 0.033428602 
721 189 12 14 0.033313986 
670 156 10 14 0.03326411 
455 34 9 12 0.0332139 
975 151 7 9 0.03306896 
658 164 11 15 0.032747578 
23 89 13 17 0.03266233 
891 458 14 25 0.03256691 
736 170 11 15 0.03252854 
847 325 12 14 0.032497603 
35 423 13 17 0.032390635 
632 53 8 10 0.032316867 
351 57 13 17 0.031814616 
186 377 26 35 0.031756166 
677 29 8 10 0.031500276 
256 238 10 14 0.0313936 
586 23 8 10 0.031345878 
341 52 11 14 0.03133709 
744 32 8 10 0.031307753 
688 179 11 13 0.031253714 
567 221 10 13 0.031172752 
592 111 10 12 0.031087112 
699 203 11 13 0.030934608 
29 98 10 13 0.030900218 
446 102 11 13 0.03065996 
791 277 13 17 0.030616557 
766 182 11 14 0.0304757 
591 23 8 11 0.030467827 
841 332 10 13 0.030131925 
29 59 11 14 0.029954607 
574 68 10 11 0.029882843 
633 86 9 12 0.02979457 
621 195 11 13 0.029503865 
639 87 10 12 0.029414497 
712 118 10 13 0.029407553 
483 50 11 14 0.029347105 
601 80 10 14 0.029287405 
637 314 13 17 0.029263787 
317 99 11 14 0.029232966 
1004 359 16 19 0.029106667 
856 192 9 11 0.029082542 
905 150 8 10 0.029075366 
790 215 11 14 0.02905984 
803 352 25 32 0.029041188 
321 106 10 13 0.028990462 
713 95 8 10 0.02897514 
391 54 10 13 0.028877215 
387 202 12 14 0.028876241 
529 94 11 14 0.028825171 
167 188 12 15 0.028775977 
447 35 10 12 0.028727507 
573 219 10 13 0.028682917 
601 90 11 14 0.028428359 
324 69 13 15 0.028377257 
551 214 11 14 0.028338315 
14 138 11 16 0.028133515 
959 228 9 12 0.027963664 
585 29 8 11 0.027931245 
783 303 12 15 0.027802963 
779 252 12 16 0.02769886 
598 13 9 12 0.027695611 
697 23 8 9 0.02767492 
68 29 12 15 0.027429702 
671 122 12 14 0.027396556 
476 69 12 14 0.027314683 
984 285 13 15 0.027109217 
421 184 13 15 0.027004365 
862 173 9 12 0.026938234 
644 8 9 10 0.026910765 
640 70 10 11 0.026901055 
461 51 10 13 0.026856715 
966 11 13 15 0.026765365 
641 325 15 19 0.02658783 
310 62 10 13 0.026537681 
912 135 7 10 0.02647123 
744 283 11 15 0.026439533 
665 23 7 9 0.02628911 
504 192 12 15 0.026277533 
239 5 11 14 0.026208747 
796 362 14 19 0.026055105 
863 151 8 10 0.026023677 
645 190 11 13 0.0259681 
729 244 10 14 0.025955731 
769 55 7 9 0.025939122 
983 240 9 11 0.025919534 
159 402 10 14 0.02571941 
567 115 12 15 0.025704686 
933 404 9 11 0.025574908 
664 118 9 12 0.025534049 
426 148 12 15 0.025399495 
392 16 9 10 0.02539462 
355 133 12 15 0.02538638 
287 93 11 14 0.025359781 
511 211 10 13 0.025322266 
592 124 11 13 0.025233049 
722 451 17 20 0.025122033 
366 122 11 14 0.025110817 
531 39 11 14 0.025076061 
503 182 14 17 0.024973556 
435 96 10 13 0.024827281 
90 422 16 20 0.024724452 
391 109 13 15 0.024624739 
572 128 12 15 0.024563871 
757 375 13 17 0.024457453 
523 108 12 14 0.024440149 
747 124 10 12 0.024386134 
349 83 12 14 0.024342857 
895 218 10 14 0.024318771 
620 182 12 15 0.024313997 
205 6 10 12 0.02424545 
686 64 9 10 0.024218792 
661 81 10 12 0.02419237 
783 432 14 17 0.024095867 
217 5 13 16 0.023996921 
156 0 12 14 0.023977842 
294 63 12 14 0.023975862 
760 39 8 9 0.023973456 
606 150 11 14 0.023937376 
542 0 9 9 0.023895402 
568 156 10 13 0.02382998 
874 425 13 16 0.023816988 
829 167 9 12 0.023781708 
784 72 8 10 0.023742316 
561 204 9 12 0.02371406 
505 162 12 15 0.0237139 
345 208 21 24 0.023649076 
768 71 10 12 0.023621604 
959 223 10 11 0.02360448 
183 2 12 15 0.023596646 
782 121 9 11 0.02357858 
500 61 12 15 0.023476886 
430 40 9 12 0.023435071 
662 125 11 12 0.023432178 
98 428 13 17 0.023426391 
510 222 11 13 0.023406075 
966 256 11 13 0.023307735 
827 363 14 18 0.023282524 
344 14 9 12 0.023265634 
591 213 9 12 0.023255834 
196 59 13 16 0.023242986 
824 228 11 14 0.023198858 
164 196 13 20 0.023192653 
777 148 10 12 0.023101214 
837 196 10 14 0.023090841 
462 39 10 12 0.023029828 
701 23 9 10 0.02300303 
412 206 12 14 0.023002187 
252 254 12 15 0.02299789 
502 55 10 12 0.022924408 
724 139 11 12 0.022901509 
679 91 11 13 0.02287807 
751 79 8 11 0.022696873 
445 108 11 14 0.022547852 
953 172 8 10 0.022547353 
466 101 12 15 0.022508696 
303 62 10 13 0.022480965 
973 208 10 12 0.022361055 
544 131 11 14 0.022338778 
527 123 11 14 0.02226064 
0 183 10 16 0.022240525 
507 228 12 15 0.022237603 
288 19 11 14 0.022201745 
990 278 12 15 0.022094956 
860 205 11 15 0.022055617 
944 192 9 11 0.022053882 
668 292 19 28 0.022006378 
562 395 16 16 0.021945216 
700 179 12 15 0.021943133 
612 231 14 16 0.021921229 
863 167 9 12 0.021883817 
173 48 13 16 0.021882039 
895 376 12 16 0.021833975 
30 194 12 15 0.021824576 
641 77 9 12 0.021820638 
664 8 8 9 0.021782098 
537 0 9 9 0.0217533 
205 60 11 14 0.021747608 
881 126 7 9 0.021741403 
357 435 16 19 0.021709437 
751 69 9 11 0.021670591 
111 410 12 16 0.021658026 
543 6 9 10 0.02159717 
975 168 9 11 0.021547701 
374 52 11 14 0.021403624 
500 151 13 16 0.021353913 
357 139 11 14 0.021335805 
637 133 11 13 0.02133 
913 412 10 14 0.021261547 
370 439 15 21 0.021233957 
948 295 13 15 0.021118697 
836 251 12 16 0.021033008 
598 196 11 15 0.02098538 
518 93 12 14 0.020980159 
790 176 12 16 0.020851154 
431 53 11 12 0.020795729 
254 2 11 13 0.020767812 
573 207 11 13 0.020735824 
414 55 10 13 0.020697588 
778 126 8 12 0.020682923 
493 207 13 16 0.020589171 
847 158 9 12 0.020459255 
616 5 8 10 0.020392839 
761 96 9 11 0.020384258 
825 356 13 16 0.02036628 
399 121 11 15 0.020335088 
832 127 8 10 0.020334812 
963 371 13 16 0.020275647 
572 179 12 15 0.020181354 
234 44 12 15 0.02014623 
630 133 11 14 0.020106604 
946 270 13 16 0.020094 
622 139 10 12 0.020058792 
712 7 7 9 0.0200508 
591 65 10 13 0.020005262 
