7_Cheering_Cheering_7_655
19
388 787 225 336 0.99986887 
918 1227 13 16 0.072385855 
936 1120 9 11 0.06888262 
884 1308 12 15 0.045647025 
876 1231 12 15 0.043499723 
874 1477 27 39 0.03951349 
956 1418 17 20 0.03636239 
659 775 29 38 0.031832527 
973 1341 17 21 0.031185133 
844 1310 11 14 0.027236134 
967 1442 23 30 0.02611731 
939 1118 10 12 0.025372561 
961 1410 19 22 0.02421677 
143 1286 13 14 0.024023693 
21 1414 13 17 0.022670927 
860 1126 10 13 0.022575857 
933 1492 16 20 0.022461612 
954 1460 17 18 0.021796368 
920 1332 11 14 0.021263313 
