7_Cheering_Cheering_7_530
94
9 105 22 25 0.9714038 
303 163 12 16 0.96578807 
723 144 21 29 0.93314606 
957 211 13 17 0.9072422 
401 29 31 59 0.8596464 
139 141 13 16 0.853591 
80 135 12 14 0.8482837 
814 175 16 27 0.8277605 
365 182 8 11 0.69612324 
261 176 9 12 0.6212338 
913 232 7 10 0.5935281 
551 196 8 10 0.580384 
615 107 22 43 0.54706347 
921 244 10 12 0.2627212 
246 190 7 10 0.20207094 
158 166 9 11 0.17998219 
217 189 8 10 0.17507729 
120 187 8 11 0.14601894 
522 189 10 13 0.14566912 
866 171 16 21 0.1258944 
249 243 9 11 0.11263761 
359 197 9 11 0.102694675 
591 216 9 11 0.09879095 
109 168 9 12 0.0977906 
258 179 9 12 0.07138591 
260 198 9 12 0.071315534 
527 216 8 11 0.05757692 
221 188 8 11 0.055451196 
599 202 14 16 0.052569903 
168 292 12 14 0.049013253 
518 208 8 9 0.048155934 
148 148 10 12 0.047835875 
166 173 8 10 0.046328153 
932 259 9 12 0.04510008 
520 215 8 10 0.04509162 
57 166 10 13 0.044261653 
550 220 8 10 0.04121288 
863 168 13 17 0.04061433 
943 205 10 13 0.039613377 
114 183 9 12 0.039505415 
687 189 10 13 0.038478434 
360 190 10 11 0.038368322 
359 246 9 10 0.037534244 
369 262 9 12 0.03696312 
359 58 10 14 0.03677611 
925 224 9 11 0.03547837 
239 204 9 11 0.034905754 
128 200 8 11 0.034056526 
910 181 8 11 0.033502407 
329 228 8 9 0.03270058 
560 221 8 10 0.03175038 
105 167 10 12 0.031607404 
77 182 10 12 0.030955484 
547 193 8 10 0.030852597 
134 235 11 14 0.030829785 
520 197 9 11 0.030484362 
78 189 9 12 0.029908143 
916 230 9 11 0.02976954 
597 213 12 13 0.029531363 
337 156 8 12 0.029326126 
920 257 11 15 0.028413132 
246 197 8 10 0.027877338 
906 183 8 11 0.027474577 
845 171 14 22 0.026949566 
264 249 8 10 0.02563057 
256 192 9 10 0.025599662 
142 154 11 13 0.025596876 
544 215 8 11 0.025574123 
713 144 22 29 0.025228778 
902 164 8 11 0.025171246 
165 168 9 11 0.024974674 
523 253 9 11 0.024804983 
125 190 8 11 0.024561476 
903 194 11 15 0.024470245 
326 166 8 10 0.024239056 
38 239 14 17 0.024196867 
361 177 8 10 0.023985371 
297 248 9 11 0.02355363 
950 180 8 12 0.023531443 
943 199 10 12 0.023249293 
271 216 8 10 0.023219105 
71 229 11 12 0.022819333 
988 182 9 11 0.022762693 
925 242 8 11 0.02230631 
262 192 8 10 0.022281094 
297 183 8 11 0.022095593 
921 225 9 10 0.021873666 
704 165 9 12 0.021530244 
513 201 7 10 0.021264147 
273 192 7 9 0.021245904 
1014 241 8 14 0.020936538 
173 285 12 15 0.02084855 
514 205 8 10 0.020767512 
524 194 9 12 0.020620955 
