23_Shoppers_Shoppers_23_511
341
502 317 12 15 0.8259694 
530 13 9 12 0.77714705 
324 210 11 14 0.77189857 
56 303 8 10 0.71840346 
243 121 13 17 0.71120596 
449 302 8 11 0.6870705 
748 574 9 11 0.6158022 
345 213 9 12 0.6095906 
418 285 8 11 0.5691026 
749 278 9 11 0.56536156 
384 252 9 12 0.50940275 
717 333 11 15 0.4864618 
161 93 9 12 0.4654646 
648 304 11 14 0.4426947 
737 324 11 14 0.3904278 
201 118 8 11 0.37607032 
63 284 8 11 0.3505085 
843 318 13 15 0.3483424 
127 124 8 11 0.34031874 
292 138 10 14 0.30308992 
247 164 9 12 0.2993313 
893 342 10 13 0.27977097 
606 341 9 12 0.27199456 
76 321 9 11 0.2627625 
481 324 9 12 0.24117446 
485 23 9 12 0.2396897 
743 215 10 12 0.22992681 
652 308 9 12 0.22594354 
562 324 9 12 0.22052076 
695 318 10 12 0.2003977 
96 68 9 12 0.19362271 
359 244 10 12 0.18788736 
917 332 9 12 0.17263734 
845 223 7 10 0.17026839 
824 15 9 10 0.16979145 
589 332 10 13 0.1687684 
12 603 12 16 0.16633949 
855 561 7 9 0.1651512 
560 33 7 9 0.16495997 
132 358 10 14 0.16222885 
236 101 10 12 0.16145006 
774 308 10 12 0.1575598 
49 590 9 12 0.15194447 
799 16 8 10 0.1510439 
699 334 11 15 0.14614977 
100 62 12 15 0.14336085 
844 332 12 16 0.14183061 
902 325 9 13 0.13073975 
13 220 13 17 0.12845583 
478 9 7 10 0.12456355 
791 339 11 13 0.120772496 
588 327 9 12 0.12063095 
696 340 11 14 0.11904276 
830 260 10 12 0.11857599 
361 78 9 11 0.11693023 
70 299 11 13 0.11680223 
47 40 10 12 0.11487706 
688 342 9 11 0.113169044 
9 327 9 11 0.111504264 
82 92 9 13 0.110144466 
364 239 9 13 0.10654171 
485 320 9 12 0.10578827 
722 333 11 14 0.10238461 
616 312 9 10 0.10031737 
704 606 13 16 0.09882975 
830 240 8 10 0.098686524 
837 254 9 11 0.0968131 
138 48 7 9 0.09550942 
17 294 8 11 0.09263755 
759 285 7 10 0.09165523 
824 260 10 12 0.09084822 
55 324 9 10 0.08962787 
912 327 9 13 0.08824657 
832 256 10 11 0.08665226 
719 270 9 12 0.082626246 
42 349 9 12 0.082184985 
900 331 10 13 0.08133299 
97 37 8 9 0.08127684 
825 269 9 11 0.08098947 
369 31 7 10 0.08031805 
568 365 11 13 0.07560432 
616 4 7 9 0.074846216 
626 333 8 10 0.07462654 
292 172 9 11 0.0740903 
233 107 10 14 0.072948806 
88 45 8 11 0.07288819 
639 301 10 13 0.071591504 
23 351 9 12 0.06906639 
215 29 7 10 0.068983525 
60 301 10 13 0.06880117 
870 341 10 12 0.06860498 
823 581 9 12 0.068011746 
200 123 9 13 0.06667171 
568 341 9 12 0.065970816 
930 272 7 10 0.06524475 
896 334 11 14 0.06455684 
74 324 8 10 0.06413617 
462 554 13 19 0.061445124 
791 348 10 14 0.061019834 
623 311 8 11 0.059807587 
710 600 10 13 0.05790724 
133 94 8 11 0.055536795 
816 224 7 9 0.055402063 
696 323 10 12 0.05527147 
206 125 9 13 0.055082038 
732 196 10 12 0.054518487 
143 346 14 16 0.054056022 
239 195 9 12 0.05333549 
808 604 11 15 0.052226886 
280 230 9 12 0.05220347 
785 7 8 9 0.052192274 
589 337 11 15 0.05191682 
399 278 8 11 0.051905274 
903 321 8 10 0.051622607 
94 316 8 11 0.050873283 
830 350 10 12 0.05067989 
166 166 9 13 0.049606215 
551 374 10 12 0.048558988 
272 84 8 10 0.048493065 
122 125 9 10 0.047942646 
630 328 8 11 0.047132432 
101 36 8 10 0.045983754 
719 277 9 11 0.045810115 
752 8 8 10 0.045806333 
153 112 9 12 0.045791347 
775 260 8 11 0.04574504 
769 277 8 11 0.045193292 
633 350 9 11 0.04468305 
421 281 8 12 0.044057827 
821 21 10 12 0.043773178 
158 116 9 13 0.04361239 
846 60 9 12 0.04341223 
53 44 8 11 0.043159153 
752 317 8 10 0.043127462 
702 15 7 10 0.04296251 
797 265 8 10 0.0428614 
563 319 12 14 0.04271745 
820 575 9 13 0.04257716 
161 52 10 13 0.042302553 
148 135 9 12 0.04058227 
84 88 10 13 0.039598107 
782 631 11 13 0.039233256 
739 617 17 22 0.039180897 
835 277 13 16 0.039166894 
769 309 10 12 0.038981803 
465 23 7 9 0.038925752 
646 333 8 11 0.03845466 
616 358 10 12 0.038370736 
41 319 8 11 0.038274832 
115 372 12 15 0.037974346 
166 88 8 11 0.037835862 
485 16 9 11 0.037794277 
671 369 8 10 0.03725063 
166 119 11 13 0.03694062 
21 295 9 11 0.036876824 
72 364 12 14 0.036684908 
872 336 9 11 0.036475357 
671 319 8 12 0.03629235 
318 204 20 22 0.03609046 
78 52 8 11 0.036056884 
851 324 10 15 0.035982586 
184 29 8 10 0.0359308 
130 526 9 12 0.03592615 
88 41 8 10 0.035271183 
576 253 10 13 0.034987662 
810 262 8 9 0.03494169 
735 329 11 15 0.034618795 
688 336 10 12 0.034454025 
599 335 11 14 0.034268223 
768 272 7 10 0.03377699 
791 5 7 10 0.033739224 
838 261 9 10 0.03358306 
71 77 8 10 0.03342476 
360 38 8 10 0.03318094 
169 110 8 11 0.033150125 
357 248 12 17 0.03309715 
773 291 11 12 0.033004504 
1 334 9 12 0.032535903 
110 558 12 15 0.03227118 
863 348 12 14 0.032183703 
550 325 9 12 0.031719256 
558 278 13 15 0.031668227 
793 304 8 10 0.031656355 
842 229 8 10 0.03160152 
719 264 9 11 0.031597532 
762 270 7 9 0.03137214 
785 221 10 12 0.031103928 
296 30 8 9 0.030862685 
734 271 11 12 0.030819014 
174 110 8 11 0.030712944 
631 310 8 11 0.030671379 
142 172 9 11 0.030666938 
277 31 8 11 0.030595116 
326 30 8 10 0.030283757 
119 85 8 10 0.029629244 
135 88 7 9 0.029500837 
282 22 7 9 0.02942204 
639 308 9 12 0.02923829 
782 636 15 16 0.029186439 
752 283 9 12 0.029152619 
102 55 10 12 0.029017191 
333 92 11 13 0.029002063 
761 264 8 10 0.028760202 
297 23 7 9 0.02875999 
227 175 10 12 0.028502736 
899 341 11 13 0.028374732 
671 310 8 10 0.028226636 
72 52 9 11 0.028198384 
816 335 10 12 0.028165577 
69 71 10 12 0.02808296 
289 31 7 9 0.027911259 
329 64 7 10 0.027815383 
738 214 10 11 0.027603883 
199 114 8 10 0.02737391 
560 312 11 13 0.02703638 
55 342 8 10 0.02699963 
677 30 8 10 0.026958758 
725 327 11 15 0.026948158 
232 61 8 11 0.026769875 
289 168 10 12 0.026646124 
743 286 8 11 0.02658464 
810 257 7 10 0.026495054 
813 303 9 11 0.026447082 
151 78 8 10 0.026396202 
831 29 8 11 0.026389187 
934 271 8 11 0.026356453 
792 214 7 10 0.02633816 
2 292 8 12 0.02631208 
550 63 9 12 0.026300957 
41 355 9 11 0.026188657 
208 130 9 12 0.026165541 
113 379 11 15 0.026095275 
542 352 10 13 0.026039464 
821 336 9 12 0.026006306 
878 341 8 12 0.025996132 
167 139 10 13 0.025760297 
251 38 10 12 0.025746256 
511 404 11 14 0.02573616 
753 332 10 13 0.025721217 
701 399 11 13 0.025633581 
192 116 8 11 0.025561377 
607 326 9 11 0.025413936 
166 101 8 11 0.025398208 
841 249 8 11 0.025281241 
641 320 8 11 0.025268978 
75 358 11 14 0.02479176 
897 376 9 13 0.02463605 
118 174 11 13 0.024585878 
296 54 9 10 0.02454845 
53 55 10 12 0.024543438 
111 48 8 10 0.024490006 
193 131 9 12 0.024479551 
814 260 8 11 0.024286693 
353 246 11 13 0.02424924 
135 120 9 11 0.024244426 
846 238 9 11 0.024212059 
382 241 9 11 0.024201808 
718 286 8 10 0.024193855 
526 94 10 12 0.024119781 
5 293 9 11 0.024086526 
740 320 10 12 0.023963887 
605 286 10 12 0.023934448 
285 193 14 18 0.023815276 
133 551 15 19 0.023682844 
817 229 8 10 0.023666542 
7 318 9 11 0.023618937 
758 385 9 11 0.023607504 
90 313 8 10 0.023596685 
541 357 10 13 0.023541776 
806 213 8 10 0.023528276 
730 30 7 10 0.023522938 
759 0 8 8 0.023508271 
688 556 9 12 0.023430012 
61 326 8 10 0.023260865 
645 326 10 12 0.023114737 
735 607 11 12 0.023106942 
6 331 10 13 0.02302854 
600 285 10 13 0.02296503 
29 219 399 517 0.022879316 
737 287 8 11 0.022819633 
671 303 9 11 0.022655293 
234 97 8 11 0.022649871 
75 299 10 13 0.022617707 
164 46 10 14 0.022552503 
698 17 7 9 0.02252297 
5 309 10 12 0.0225002 
929 277 7 9 0.02249567 
62 343 8 11 0.022446485 
793 356 9 13 0.022444742 
600 291 11 13 0.0223436 
798 358 10 12 0.022285167 
768 343 9 11 0.022245048 
59 284 9 12 0.022187253 
239 61 7 10 0.022176595 
44 414 11 14 0.022077285 
823 341 9 11 0.021983268 
89 382 9 10 0.021971656 
773 276 10 13 0.021957038 
745 272 10 12 0.021882318 
432 365 13 16 0.021872386 
803 190 7 9 0.021837182 
136 52 9 11 0.021806227 
191 25 7 9 0.021749167 
798 7 8 10 0.021731773 
168 584 12 15 0.021645313 
681 341 8 11 0.021610815 
454 297 9 12 0.021581195 
160 122 12 15 0.021541549 
47 319 8 11 0.021426508 
303 55 8 10 0.021343036 
181 358 9 11 0.02125455 
637 351 9 11 0.021220328 
135 351 10 14 0.021204669 
823 27 10 12 0.021202309 
851 330 11 15 0.021186523 
374 314 9 12 0.021165537 
713 337 10 15 0.021109732 
14 289 9 11 0.021108808 
22 300 10 13 0.020935016 
609 311 9 10 0.020905746 
64 68 11 13 0.020876972 
4 227 15 21 0.020820823 
62 381 9 12 0.020819308 
793 15 8 11 0.020818094 
351 250 12 15 0.020768655 
303 22 7 9 0.020761112 
725 271 10 12 0.020758156 
478 53 11 14 0.02075271 
226 31 7 10 0.020662438 
474 13 8 11 0.020600896 
386 247 10 13 0.020598212 
318 69 9 12 0.020556767 
598 325 10 12 0.02054447 
400 328 8 10 0.020514207 
142 69 8 10 0.020433916 
585 32 7 10 0.020421913 
37 615 11 14 0.020400837 
476 352 14 17 0.020328363 
702 20 7 10 0.02030353 
664 310 8 10 0.020276295 
103 47 8 11 0.020192962 
