23_Shoppers_Shoppers_23_459
221
106 114 15 17 0.89243275 
781 125 9 12 0.8128598 
254 489 9 11 0.7370343 
305 417 7 9 0.60241103 
134 122 11 14 0.45877343 
166 121 9 11 0.424866 
509 535 10 14 0.41346306 
325 417 7 10 0.410792 
254 432 7 8 0.34819582 
650 522 14 17 0.31138954 
774 108 9 10 0.28951028 
700 580 11 13 0.2562653 
551 567 10 12 0.24820411 
222 408 9 11 0.24423033 
799 122 8 10 0.2383751 
887 480 10 11 0.19900805 
752 132 10 12 0.19584385 
49 130 11 14 0.17732382 
670 509 10 12 0.17686157 
277 432 7 9 0.16627274 
445 527 11 12 0.15896814 
49 120 8 10 0.15128861 
505 540 8 11 0.14706886 
63 130 13 16 0.13895889 
703 128 8 11 0.13171947 
600 527 9 12 0.12485474 
815 135 9 11 0.1126439 
426 525 11 14 0.11060692 
426 241 7 10 0.10802071 
478 552 8 11 0.10705991 
447 538 11 14 0.10459783 
400 247 7 10 0.10107311 
599 549 11 15 0.09877144 
893 480 10 12 0.097864114 
758 120 9 10 0.094263546 
451 560 12 14 0.09424165 
495 568 9 12 0.09243249 
206 101 8 11 0.0918419 
415 285 7 9 0.087909296 
838 456 8 10 0.08336859 
818 481 8 10 0.08294159 
131 119 9 13 0.08222724 
456 494 8 10 0.08073418 
761 431 7 9 0.078211784 
437 272 7 9 0.07606927 
808 120 7 9 0.075909235 
735 518 10 13 0.07309604 
622 620 11 16 0.0718679 
7 750 13 15 0.07154079 
814 117 7 10 0.07139871 
393 303 8 10 0.069302216 
660 525 10 14 0.0692099 
457 489 7 9 0.0676509 
659 495 10 13 0.06473751 
655 498 11 14 0.064143546 
383 313 7 9 0.063171655 
447 342 8 10 0.061320484 
695 455 9 11 0.060778856 
529 517 8 11 0.060673993 
756 125 11 15 0.06044195 
834 456 8 10 0.060372338 
426 317 8 11 0.059759267 
662 500 10 12 0.057810638 
309 415 8 11 0.05760806 
37 134 12 15 0.05618674 
129 549 10 13 0.05562031 
670 593 9 11 0.054947663 
200 100 9 12 0.05289105 
339 277 7 10 0.05221921 
322 288 7 9 0.051977735 
605 526 10 13 0.051505525 
752 160 8 10 0.05012437 
23 233 12 17 0.050053235 
432 312 7 9 0.049969934 
344 127 7 9 0.049703695 
414 281 7 9 0.049546313 
553 561 8 10 0.049457997 
326 286 7 9 0.04937474 
606 327 8 10 0.04909794 
337 135 7 9 0.048214525 
515 534 10 13 0.04793479 
697 126 8 11 0.047365487 
129 543 10 12 0.046969537 
519 505 7 10 0.046354074 
745 110 9 10 0.046239804 
490 480 7 9 0.044691857 
445 532 12 15 0.044681523 
385 121 7 9 0.043807764 
647 531 13 18 0.043120284 
794 358 6 8 0.042847354 
350 492 8 11 0.04268222 
375 125 7 10 0.042432956 
444 511 9 10 0.04239475 
383 317 8 10 0.041843012 
447 288 7 9 0.041380934 
140 119 11 13 0.041336894 
562 479 7 9 0.040847648 
384 303 7 8 0.039623983 
509 528 10 12 0.039029956 
708 581 9 12 0.03874113 
671 515 9 13 0.038498435 
405 309 8 11 0.036980014 
447 336 9 10 0.036094468 
498 543 7 9 0.036078565 
375 649 8 11 0.03588893 
240 461 7 10 0.03579242 
465 303 7 10 0.035774916 
449 303 7 10 0.034066662 
680 598 10 12 0.03372499 
760 296 11 13 0.03298119 
510 328 7 9 0.03295834 
463 325 8 10 0.03285998 
606 543 10 12 0.032808315 
475 551 8 10 0.032697853 
758 556 9 12 0.032657634 
785 605 9 12 0.0324929 
487 573 8 11 0.032223903 
765 126 9 12 0.03220871 
438 278 7 9 0.031784594 
684 603 14 18 0.03141605 
159 543 8 10 0.03136201 
407 303 7 10 0.031295795 
28 197 11 15 0.030781139 
405 542 14 16 0.030752337 
6 125 10 13 0.030746419 
481 573 10 11 0.030663554 
722 325 8 10 0.030532215 
371 287 6 8 0.030191261 
777 469 8 10 0.030087247 
526 454 7 9 0.03006551 
181 411 10 12 0.029980002 
466 749 9 11 0.029877534 
169 449 7 8 0.029856762 
488 526 8 10 0.029798456 
673 545 8 10 0.029772006 
273 136 8 11 0.02955508 
439 310 8 9 0.029496122 
695 417 8 11 0.029256945 
4 139 12 16 0.029158616 
176 413 9 11 0.028490558 
794 120 8 11 0.028041786 
671 133 8 10 0.027784104 
697 121 6 8 0.027507957 
744 495 9 12 0.027483916 
744 499 11 14 0.027354823 
384 237 8 10 0.027320083 
335 438 6 9 0.027232442 
536 510 8 11 0.027102765 
446 328 8 9 0.026781863 
454 340 9 12 0.026340833 
546 566 10 13 0.02591027 
223 144 9 12 0.025746675 
185 430 7 9 0.025714647 
821 484 7 10 0.025598012 
362 343 6 8 0.025598006 
653 509 10 12 0.025538512 
472 295 7 10 0.025267353 
560 326 11 13 0.024973022 
398 302 8 11 0.024965132 
428 531 10 12 0.02495081 
251 491 9 12 0.024705593 
517 540 9 12 0.02461558 
447 292 8 10 0.024525292 
391 317 8 10 0.02441479 
674 548 8 11 0.024266927 
686 591 8 10 0.024242416 
726 649 8 10 0.024199266 
320 468 8 11 0.024172312 
92 530 14 19 0.024106218 
694 254 8 10 0.024001075 
529 319 7 9 0.0238808 
440 304 8 10 0.023731349 
368 249 7 9 0.023700023 
312 295 7 9 0.023661152 
408 272 6 9 0.023541713 
675 510 9 13 0.02353289 
314 446 7 10 0.023438316 
580 515 14 15 0.022971248 
573 515 13 15 0.022948645 
776 466 7 9 0.022929396 
431 324 8 10 0.022840332 
13 139 11 14 0.02266228 
390 120 6 9 0.022602348 
407 263 7 9 0.022539467 
353 301 7 10 0.022505956 
446 546 11 13 0.022493416 
583 524 12 15 0.022355542 
761 495 10 12 0.02234495 
184 446 7 9 0.022307819 
663 518 10 14 0.022191487 
335 432 7 9 0.022180585 
472 318 7 9 0.021986006 
696 564 10 12 0.021972138 
711 321 7 9 0.02191465 
196 108 11 13 0.021895194 
441 335 8 10 0.021825356 
411 279 7 9 0.021703528 
496 312 6 8 0.021561781 
580 326 10 13 0.02148875 
402 271 6 8 0.021473473 
209 439 8 12 0.021459458 
473 639 8 10 0.021453038 
695 279 7 8 0.02141 
150 118 8 12 0.021322086 
798 358 6 8 0.021248143 
7 134 10 14 0.021186087 
441 327 8 10 0.020995904 
469 573 8 11 0.020954382 
351 127 7 9 0.020887492 
449 247 7 9 0.020807004 
771 104 9 12 0.02075589 
200 472 8 10 0.020693222 
256 481 9 11 0.02060001 
391 309 9 12 0.020563139 
589 531 11 15 0.020518817 
574 329 13 16 0.020504648 
170 481 7 11 0.020321995 
698 359 8 10 0.02020662 
575 510 22 27 0.020126047 
320 135 8 10 0.020108473 
238 431 7 10 0.020026065 
