23_Shoppers_Shoppers_23_25
23
452 58 40 67 0.97692525 
365 108 16 21 0.77584195 
890 80 17 27 0.59249526 
423 132 437 622 0.3029269 
783 44 14 16 0.0804491 
270 163 19 28 0.07958549 
271 126 11 15 0.07500272 
924 48 15 18 0.073463745 
619 92 14 19 0.070494525 
934 524 62 59 0.05033828 
447 80 29 51 0.04974833 
898 78 21 29 0.0444164 
917 79 15 23 0.03803553 
0 499 52 79 0.033960093 
435 98 23 34 0.033238422 
826 110 17 21 0.029173901 
896 38 26 29 0.025997024 
235 265 40 46 0.025430085 
899 35 16 19 0.024823662 
777 109 12 14 0.023708984 
259 167 18 23 0.022394016 
913 58 23 29 0.021930471 
242 167 26 31 0.02001297 
