23_Shoppers_Shoppers_23_450
156
661 354 18 22 0.92236 
248 433 18 25 0.9060273 
431 679 19 28 0.78673846 
853 633 19 28 0.46585196 
726 264 8 10 0.38882512 
785 587 20 26 0.3845312 
684 300 10 13 0.28599912 
752 249 8 11 0.22882561 
759 324 7 10 0.21016522 
581 621 13 16 0.17965372 
517 585 15 17 0.16170935 
741 616 14 19 0.14954025 
729 312 9 11 0.14566551 
629 284 11 14 0.14012498 
684 582 22 26 0.12980211 
749 334 8 11 0.12966707 
447 335 10 12 0.12693952 
729 285 8 10 0.12621263 
425 627 10 12 0.10950012 
713 317 7 10 0.10917824 
810 573 20 27 0.10086102 
358 108 11 15 0.0948307 
713 287 7 10 0.08995902 
517 396 10 13 0.08747789 
357 372 17 21 0.083369434 
752 325 8 11 0.07452853 
782 581 16 21 0.07176361 
697 317 8 10 0.07062337 
606 241 8 10 0.070570864 
733 617 16 19 0.06567898 
758 344 9 11 0.065148674 
385 771 13 17 0.06441726 
654 294 9 12 0.06436057 
448 261 9 12 0.06427774 
665 276 9 11 0.060277417 
746 312 9 10 0.05996606 
791 578 20 27 0.058440134 
545 578 10 13 0.05649687 
236 118 10 14 0.05616004 
619 770 13 16 0.05477616 
339 104 11 13 0.054760363 
749 294 9 10 0.052904956 
710 183 8 10 0.052775964 
204 117 10 14 0.051724624 
420 641 18 20 0.05151139 
664 301 9 11 0.051325396 
606 293 13 16 0.049901906 
344 262 8 12 0.04807382 
662 188 8 10 0.047215767 
256 107 10 14 0.044791006 
136 456 30 37 0.044676103 
278 103 8 10 0.044630654 
569 263 10 13 0.044468902 
832 321 10 14 0.043708492 
580 628 17 21 0.04320555 
733 246 9 11 0.04310599 
726 613 16 19 0.04261785 
694 175 8 10 0.04158523 
409 294 10 12 0.04082183 
715 253 7 10 0.040601913 
688 246 7 10 0.04026842 
734 271 8 10 0.03987217 
891 603 16 21 0.039571166 
682 594 25 25 0.039339937 
240 104 7 10 0.038750004 
496 687 11 13 0.03841109 
855 246 8 9 0.03837484 
752 319 8 10 0.038204778 
460 624 12 15 0.037711397 
759 254 8 10 0.037368357 
671 291 9 12 0.037169125 
717 319 8 9 0.03688594 
440 261 9 12 0.03677019 
490 504 8 10 0.03665882 
759 311 8 10 0.03567868 
802 578 22 26 0.035498668 
836 294 11 14 0.035414934 
678 580 17 25 0.035263285 
679 245 7 10 0.034908023 
688 174 8 10 0.03454056 
752 339 10 11 0.033345323 
576 327 11 15 0.03320382 
673 247 8 10 0.033020597 
636 284 9 12 0.032113507 
756 400 12 17 0.031450763 
883 445 14 21 0.031416204 
293 433 16 18 0.03137654 
602 240 8 11 0.03123132 
749 286 10 12 0.031116413 
898 604 19 28 0.030502448 
760 295 8 10 0.029724889 
652 299 10 14 0.029650144 
759 303 7 9 0.029353637 
697 334 9 11 0.029041544 
441 334 10 12 0.028941624 
744 352 11 14 0.028933112 
597 276 11 13 0.02872234 
573 1164 10 13 0.028682731 
763 621 15 21 0.02850726 
687 280 7 9 0.028429829 
657 263 8 10 0.02835611 
563 575 10 13 0.028331699 
730 240 7 10 0.028280234 
576 238 10 12 0.028051268 
538 625 22 28 0.027428327 
679 200 8 10 0.027130917 
569 274 11 14 0.02712264 
98 392 17 18 0.027118662 
832 297 12 15 0.026913429 
540 620 17 19 0.026893577 
233 102 7 10 0.026821882 
575 244 10 12 0.026816819 
404 580 11 12 0.026449159 
782 269 8 10 0.026355598 
702 247 7 9 0.02635189 
681 296 10 13 0.025739491 
733 286 7 10 0.025689403 
332 105 15 19 0.02552119 
665 166 7 9 0.025517376 
607 288 11 12 0.025501633 
598 260 12 15 0.02547361 
692 573 21 32 0.025276285 
422 580 9 10 0.02518467 
919 601 15 22 0.025171809 
529 587 12 15 0.025084207 
655 230 7 10 0.024648298 
506 566 9 11 0.024633614 
570 268 11 14 0.024371177 
745 327 9 12 0.024260389 
730 245 8 11 0.0241309 
765 255 8 10 0.023607306 
729 255 8 10 0.023444965 
330 115 10 14 0.02340563 
768 342 9 11 0.02337293 
785 310 8 10 0.023301698 
451 338 11 14 0.022947948 
275 102 8 11 0.022442022 
768 209 8 10 0.022399902 
259 103 11 15 0.022112608 
912 604 21 31 0.02200823 
578 613 15 19 0.021912232 
731 315 9 13 0.021855442 
781 265 9 10 0.02142376 
697 246 8 10 0.02120848 
460 687 16 19 0.020975774 
750 270 8 9 0.020789215 
734 252 8 10 0.02076788 
247 104 8 12 0.020654175 
749 280 9 10 0.020571996 
791 177 9 10 0.02051826 
656 288 8 10 0.020477897 
727 189 8 9 0.020379659 
541 687 16 17 0.020242771 
413 270 7 10 0.020194007 
271 127 9 12 0.02018863 
654 167 7 9 0.020141065 
