23_Shoppers_Shoppers_23_461
22
650 186 18 24 0.97547024 
743 146 20 28 0.9428249 
688 139 20 25 0.87182957 
326 32 80 138 0.5801462 
602 171 15 21 0.4761299 
621 201 17 20 0.2906603 
551 185 15 18 0.18953489 
536 192 13 16 0.07351459 
770 83 13 15 0.059964664 
918 142 14 19 0.05971775 
598 176 21 26 0.05894892 
676 182 16 21 0.047717363 
354 9 65 128 0.034363665 
525 188 13 17 0.03347612 
447 188 10 12 0.032899782 
700 192 16 21 0.03150278 
609 169 14 20 0.030591836 
686 201 16 22 0.03023277 
500 197 12 15 0.029861901 
568 152 18 23 0.02174346 
791 76 14 17 0.021650644 
814 173 14 20 0.020376308 
