23_Shoppers_Shoppers_23_60
56
146 508 23 38 0.8843591 
393 584 14 20 0.87853694 
270 548 16 21 0.8255849 
109 514 15 20 0.6235739 
213 552 14 20 0.5606459 
219 549 16 24 0.53154206 
518 587 10 13 0.40136954 
695 606 7 10 0.3476667 
663 612 7 10 0.22397149 
560 577 10 12 0.20500477 
576 572 12 15 0.18393782 
634 583 9 12 0.11298341 
476 591 11 16 0.11242297 
775 609 8 10 0.1039658 
101 520 17 21 0.09088422 
658 614 8 10 0.076873034 
663 632 7 9 0.07656416 
496 585 9 12 0.07425772 
461 589 11 14 0.07380212 
691 607 8 10 0.07026038 
653 598 8 11 0.063918084 
665 609 8 11 0.06232067 
703 605 7 10 0.055295676 
511 611 10 13 0.05261205 
649 599 9 10 0.05143923 
501 587 10 13 0.046624873 
511 658 8 11 0.04383743 
713 621 9 11 0.043013964 
457 590 10 14 0.042727306 
544 573 8 11 0.040528983 
670 606 8 11 0.039462395 
718 617 8 10 0.03862327 
672 614 7 11 0.03764182 
556 582 15 18 0.03682419 
477 599 11 19 0.03578307 
581 579 9 13 0.03464221 
649 637 8 10 0.032749947 
461 594 13 17 0.031808402 
653 589 8 11 0.03108134 
142 510 16 27 0.029006148 
264 550 17 23 0.02841242 
710 606 7 9 0.027502736 
565 575 10 14 0.02741739 
653 584 9 11 0.026716447 
703 621 9 11 0.024558507 
641 599 8 11 0.024545213 
670 598 8 11 0.02385488 
609 630 7 10 0.022628304 
517 591 13 16 0.022418635 
479 612 10 14 0.022150874 
658 632 7 10 0.021908328 
383 586 14 18 0.021794515 
553 580 12 15 0.021686893 
625 589 9 12 0.021648997 
704 616 9 11 0.020954577 
523 589 10 12 0.020823635 
