23_Shoppers_Shoppers_23_328
34
315 215 32 37 0.9983228 
477 205 29 40 0.99698335 
126 338 88 95 0.99276286 
330 168 26 30 0.9741322 
622 185 12 15 0.8975326 
576 182 14 18 0.8174424 
546 190 14 19 0.65671915 
23 427 11 14 0.3913932 
645 213 10 12 0.11359503 
663 209 11 14 0.08325899 
629 207 11 15 0.08159937 
515 218 14 17 0.051236227 
337 203 26 32 0.049293738 
54 425 8 11 0.04452372 
312 177 14 20 0.043309532 
100 404 11 14 0.03933097 
65 424 9 11 0.038498867 
377 221 12 15 0.034838293 
79 429 14 16 0.030410025 
44 435 11 13 0.029750774 
47 430 10 12 0.029093364 
4 439 12 14 0.026621832 
540 220 11 14 0.024954975 
558 187 11 16 0.023942893 
506 217 22 27 0.023934536 
403 180 207 244 0.023818312 
41 432 10 11 0.0236246 
624 210 12 16 0.02272145 
325 170 19 23 0.022070475 
315 172 23 28 0.021728138 
1 444 12 17 0.021469595 
462 190 9 11 0.021466438 
522 220 12 14 0.0212063 
815 270 9 11 0.021164184 
