23_Shoppers_Shoppers_23_10
30
468 334 26 32 0.99770576 
278 309 33 46 0.9965591 
639 298 26 33 0.9960872 
63 385 38 51 0.9892035 
580 314 25 38 0.93774456 
1002 331 16 25 0.5763716 
761 325 16 27 0.26419294 
852 314 23 25 0.20604926 
940 35 10 12 0.16991685 
429 482 11 14 0.10658874 
691 293 20 26 0.08378674 
677 298 22 30 0.06581359 
790 320 18 29 0.065228716 
892 327 14 15 0.06366245 
-1 375 20 43 0.053836722 
349 493 10 13 0.049666625 
958 314 16 23 0.045139853 
953 294 25 30 0.04118709 
900 2 12 16 0.038851418 
536 302 18 23 0.030301288 
846 313 16 21 0.027084714 
125 123 9 11 0.027025457 
795 180 12 15 0.0261223 
717 207 9 10 0.025830101 
542 80 7 8 0.023912452 
927 5 17 17 0.022548174 
705 218 15 18 0.022384224 
998 339 23 35 0.021128949 
520 529 8 10 0.020864569 
944 320 12 18 0.02075387 
