23_Shoppers_Shoppers_23_607
59
235 304 181 229 0.9994104 
229 1410 10 13 0.17188314 
349 1291 10 13 0.1536779 
212 1416 10 12 0.14844924 
373 940 10 12 0.13600191 
896 454 52 39 0.10518882 
176 1434 10 13 0.09681573 
172 1219 11 14 0.08046178 
132 1415 10 12 0.06968385 
416 1188 8 11 0.06814617 
216 1391 11 15 0.065007456 
381 1373 9 11 0.06446913 
367 1148 8 11 0.06300548 
333 1181 9 11 0.059124462 
261 1157 9 12 0.053423475 
90 1456 8 11 0.05247613 
453 918 11 13 0.05189293 
173 1283 11 13 0.048893943 
317 1207 8 10 0.048318397 
145 1237 10 12 0.044887338 
254 1423 8 10 0.042375714 
189 1223 12 15 0.042313978 
199 1440 11 17 0.041724585 
294 1168 8 10 0.041124485 
416 1253 9 12 0.037131887 
350 1149 8 10 0.03626005 
367 1295 8 9 0.03391783 
415 946 10 14 0.033916913 
305 1160 8 9 0.03079021 
103 1456 8 11 0.030682558 
370 936 9 12 0.03044328 
249 1421 9 12 0.029538386 
247 1415 9 11 0.02894823 
191 1406 9 11 0.028533088 
440 919 7 9 0.028372273 
400 1306 8 10 0.028261358 
428 1469 10 12 0.028028063 
329 1175 8 10 0.027347555 
390 922 10 14 0.026748765 
353 1359 9 11 0.02671025 
238 1205 8 11 0.02624386 
233 1342 9 12 0.025647221 
265 1429 8 11 0.02428432 
290 1167 7 10 0.023336127 
383 1158 8 10 0.023028905 
415 1167 8 10 0.022795938 
123 1389 12 14 0.022535004 
199 1406 9 11 0.022347935 
94 1434 10 13 0.022007383 
442 935 8 11 0.021712322 
184 1503 11 13 0.021569747 
281 1157 8 11 0.0214377 
270 1430 9 11 0.021065263 
301 1480 11 14 0.021064203 
464 1243 9 13 0.020990731 
450 1262 8 11 0.020659124 
342 1246 8 10 0.020629875 
380 941 9 11 0.020575818 
71 1449 7 10 0.020278791 
