23_Shoppers_Shoppers_23_43
54
156 394 64 85 0.9993469 
355 234 61 74 0.9991547 
167 233 56 70 0.9981299 
573 149 45 59 0.9945515 
941 122 25 31 0.9880415 
926 203 48 61 0.9863064 
66 147 36 45 0.983573 
791 132 31 47 0.95637065 
603 123 31 44 0.9264504 
76 212 37 60 0.87523365 
23 145 25 34 0.83823633 
383 139 25 41 0.8379456 
718 341 44 44 0.7828906 
868 149 31 40 0.48014647 
232 149 24 36 0.16238897 
587 133 38 51 0.08103757 
742 180 9 13 0.079738386 
100 155 21 32 0.07133903 
515 451 38 67 0.06646071 
212 146 22 41 0.065099046 
970 117 23 30 0.059264943 
1011 122 12 19 0.055614054 
299 146 16 21 0.05158772 
774 102 9 11 0.050286047 
478 107 27 37 0.049717978 
168 126 19 34 0.04743355 
459 109 30 38 0.045106817 
270 272 43 51 0.043543827 
550 134 22 30 0.04276025 
743 187 11 15 0.041906405 
552 134 13 16 0.041815206 
336 147 23 31 0.037299287 
785 -1 32 40 0.034235187 
485 94 23 38 0.032717895 
154 154 26 40 0.032591317 
817 405 49 78 0.029551458 
809 101 11 13 0.028991956 
272 136 20 29 0.028727984 
944 95 18 21 0.028144645 
430 387 41 60 0.027987653 
803 140 32 41 0.026582444 
761 179 11 16 0.026510322 
165 157 26 44 0.02589973 
363 146 44 51 0.02576895 
796 33 13 15 0.025450112 
156 131 33 51 0.025140693 
905 176 33 42 0.024258068 
639 174 41 52 0.023895022 
959 84 28 35 0.022719685 
975 35 12 15 0.022093644 
684 24 16 19 0.02106907 
855 100 12 14 0.02104428 
747 180 12 16 0.020418668 
292 272 42 56 0.020000279 
