23_Shoppers_Shoppers_23_243
38
572 420 22 31 0.87288827 
102 404 16 19 0.8266681 
46 395 16 18 0.654466 
4 437 12 15 0.25496924 
289 468 9 13 0.22308274 
185 437 9 12 0.21336293 
2 478 8 11 0.11897831 
305 455 8 11 0.07934208 
170 421 14 16 0.072043225 
157 437 13 15 0.060622297 
210 440 7 10 0.058531877 
214 440 7 9 0.042948782 
223 452 8 11 0.042918384 
609 437 10 13 0.041146718 
497 444 10 14 0.037607703 
733 438 10 14 0.036941998 
0 442 11 16 0.035628587 
0 449 9 16 0.034602523 
564 423 20 25 0.03265641 
706 437 10 13 0.029785935 
189 433 9 12 0.029187357 
586 425 13 20 0.028392034 
62 421 12 15 0.027828693 
0 428 12 16 0.027757093 
33 442 14 17 0.026734406 
520 532 11 15 0.02653084 
446 499 11 13 0.025346244 
728 438 10 12 0.023772098 
743 429 25 33 0.023322513 
304 438 9 11 0.021798965 
342 467 9 13 0.021249015 
147 422 12 14 0.021193523 
233 448 9 11 0.020913811 
45 404 16 20 0.020736154 
372 499 13 21 0.020649228 
538 445 14 16 0.02056058 
0 418 11 16 0.020464959 
198 439 8 10 0.020093001 
