23_Shoppers_Shoppers_23_599
42
145 29 39 81 0.92527866 
656 43 39 53 0.91387016 
804 466 22 28 0.7383381 
607 422 22 29 0.6133878 
571 428 21 27 0.6087896 
483 410 14 17 0.53783864 
607 530 26 32 0.5183882 
958 170 21 26 0.3916255 
790 219 26 33 0.21118966 
683 422 19 21 0.18925305 
502 532 18 22 0.17274372 
533 417 17 20 0.14230332 
645 426 15 20 0.1297392 
539 436 23 27 0.116956726 
684 510 26 31 0.11057517 
535 423 22 26 0.09294945 
500 412 23 28 0.08891349 
503 437 25 30 0.08299023 
217 19 19 26 0.07810829 
654 420 13 20 0.07017409 
660 522 22 29 0.04997899 
699 522 14 19 0.049292833 
475 93 24 34 0.04842377 
939 526 51 49 0.043616626 
511 412 23 28 0.043590754 
489 532 21 26 0.041583024 
539 414 21 26 0.038157918 
613 512 16 19 0.03774921 
572 545 20 22 0.03658969 
533 531 24 26 0.033595465 
524 415 18 22 0.031710804 
501 405 16 17 0.031145472 
782 363 22 29 0.03089181 
668 516 25 33 0.03033899 
468 414 11 14 0.029960247 
533 433 19 22 0.027760075 
495 418 13 17 0.026467845 
489 412 14 17 0.025719184 
388 219 11 13 0.024909617 
548 405 11 16 0.024873547 
382 197 12 15 0.021469245 
548 432 23 27 0.020650636 
