23_Shoppers_Shoppers_23_91
23
635 118 45 55 0.9979227 
365 227 31 45 0.9967464 
312 267 23 31 0.95443887 
198 203 23 32 0.9320277 
301 233 23 30 0.1633512 
17 361 10 12 0.058379695 
35 320 6 9 0.05807163 
119 268 9 11 0.0555349 
114 269 7 11 0.04015304 
306 244 23 36 0.03360708 
21 363 8 12 0.0323682 
227 310 17 24 0.03196741 
124 269 10 11 0.029697923 
776 237 10 11 0.029036233 
271 228 11 16 0.02836142 
316 233 14 19 0.027935615 
311 215 13 20 0.026707157 
247 324 9 12 0.023612432 
137 268 9 11 0.023408158 
87 278 7 10 0.021299345 
57 278 8 9 0.020919017 
9 261 10 15 0.020707421 
48 279 7 9 0.020433277 
