23_Shoppers_Shoppers_23_271
36
499 227 48 67 0.999273 
602 237 60 66 0.9989785 
18 278 34 38 0.9978356 
267 275 23 29 0.98414063 
169 313 26 27 0.9540628 
372 307 14 22 0.27535018 
110 377 17 18 0.22401059 
839 316 15 18 0.16344139 
870 329 8 10 0.16054957 
366 313 17 21 0.13862862 
923 346 7 9 0.11899182 
966 351 8 10 0.09094444 
952 352 8 10 0.08967081 
123 339 12 15 0.060260255 
555 235 43 59 0.04881192 
157 343 8 11 0.043063186 
475 477 42 44 0.042757507 
937 359 7 10 0.04202316 
960 351 9 11 0.04193537 
122 345 14 17 0.038348556 
137 333 8 11 0.0378931 
240 269 10 12 0.031087823 
159 305 23 29 0.028934874 
945 341 7 10 0.02872188 
170 379 19 20 0.028666753 
873 351 8 11 0.0275849 
922 368 7 10 0.02756817 
926 347 7 10 0.026226388 
866 331 9 11 0.02551959 
911 369 8 10 0.023826485 
1000 453 7 9 0.023128413 
379 311 12 19 0.021700507 
966 356 8 10 0.021477023 
973 310 12 13 0.021343295 
832 255 7 9 0.020879079 
958 442 11 14 0.02077651 
