59_peopledrivingcar_peopledrivingcar_59_659
18
187 254 26 33 0.9817899 
298 274 22 30 0.94031286 
790 323 20 32 0.91477007 
256 242 21 33 0.903173 
509 241 19 28 0.8291587 
593 257 18 32 0.6416668 
667 314 22 30 0.5299674 
596 504 11 15 0.067997195 
417 40 360 524 0.06450082 
589 254 17 24 0.055465482 
243 244 24 29 0.028757444 
457 248 8 10 0.027550729 
520 242 16 23 0.026098011 
590 494 10 14 0.025821589 
503 243 17 22 0.02205532 
238 243 16 21 0.020782145 
711 509 10 14 0.02048443 
581 257 18 23 0.020375744 
