59_peopledrivingcar_peopledrivingcar_59_532
81
66 88 24 33 0.9880713 
132 51 21 28 0.98679113 
232 52 23 31 0.98385125 
0 73 23 32 0.9785993 
97 49 21 29 0.9426982 
174 90 20 27 0.9345626 
380 96 16 20 0.8750909 
500 88 16 20 0.8351743 
298 72 17 23 0.58246696 
399 83 15 18 0.5023867 
877 82 14 17 0.45363045 
816 83 12 15 0.31322885 
735 76 22 26 0.2966629 
209 108 17 18 0.25534368 
670 100 11 14 0.22905791 
291 74 18 25 0.20473003 
512 112 14 17 0.19425061 
785 132 15 17 0.1649923 
419 69 13 17 0.124154866 
580 106 18 22 0.12236705 
557 91 10 12 0.1116543 
622 188 13 16 0.104088485 
862 111 9 12 0.08569089 
204 399 239 278 0.08501676 
455 33 14 16 0.07150133 
468 111 12 14 0.07124667 
290 86 19 26 0.06872311 
540 78 10 13 0.06492676 
781 114 16 17 0.062760256 
206 112 22 27 0.061552133 
462 76 12 15 0.060105454 
378 177 17 22 0.056727126 
464 82 12 14 0.05266687 
947 75 13 17 0.04852492 
945 130 10 15 0.0478992 
642 333 10 12 0.046381626 
540 84 11 14 0.044095546 
716 126 13 16 0.04379532 
468 86 11 14 0.042103227 
686 108 9 12 0.041736674 
721 84 9 11 0.041233342 
587 106 19 27 0.040852558 
854 26 12 16 0.038059995 
711 101 7 10 0.037878763 
841 104 8 11 0.037457757 
675 100 10 12 0.035399344 
872 116 10 12 0.034998544 
984 93 10 13 0.034285948 
518 84 10 16 0.034162816 
486 87 11 14 0.03350968 
652 217 15 19 0.033051323 
408 193 28 35 0.03305024 
615 187 15 18 0.03293852 
724 100 10 12 0.03260633 
1002 110 7 9 0.03255373 
662 100 15 19 0.03150608 
599 200 24 30 0.029713178 
782 121 17 19 0.028863713 
352 195 12 15 0.02796811 
925 78 8 11 0.02770369 
414 181 25 32 0.02658028 
441 61 10 12 0.025762474 
664 92 14 18 0.02548364 
305 70 17 22 0.025377678 
580 60 9 12 0.025128176 
592 83 12 14 0.024835803 
462 43 11 14 0.024410222 
625 182 14 17 0.02418143 
706 97 7 10 0.023029862 
724 78 12 17 0.022663914 
726 95 9 13 0.02254914 
966 83 10 13 0.022427356 
743 85 19 22 0.02220005 
668 87 10 13 0.022039725 
745 109 12 14 0.021876184 
1011 124 10 15 0.021631774 
648 326 11 12 0.02160266 
256 125 15 18 0.021205239 
608 190 24 28 0.021011608 
391 85 14 16 0.020849805 
597 119 12 19 0.020491885 
