10_People_Marching_People_Marching_2_2
269
950 464 39 63 0.9845653 
759 424 31 39 0.983538 
488 484 23 40 0.96939284 
662 480 29 49 0.9482295 
658 396 16 26 0.90650034 
1001 421 22 33 0.8809443 
629 382 12 16 0.87040704 
963 394 15 24 0.8381277 
793 386 10 14 0.8156899 
905 404 16 26 0.77144724 
719 395 14 21 0.7222775 
827 349 11 13 0.5867765 
658 433 20 35 0.576455 
337 388 11 14 0.5292006 
37 390 10 14 0.5083192 
311 391 10 13 0.50257385 
520 417 12 17 0.45074913 
815 399 11 15 0.42293093 
252 384 9 12 0.40502363 
84 405 11 15 0.404682 
111 404 9 12 0.40320206 
236 406 10 15 0.3434117 
295 395 10 13 0.33258566 
572 424 12 20 0.30804396 
404 392 10 11 0.30222642 
541 373 8 9 0.29300788 
163 429 15 18 0.2738736 
763 393 15 16 0.27204934 
270 385 9 11 0.2556899 
200 388 9 13 0.25356224 
301 410 10 14 0.25087488 
314 442 13 19 0.23902442 
975 348 8 11 0.2386793 
558 390 11 12 0.22275978 
101 394 9 13 0.2048353 
436 403 10 13 0.2012012 
994 356 9 11 0.19755523 
52 398 10 14 0.18977697 
401 395 10 14 0.17919573 
703 368 9 12 0.17712353 
359 412 11 14 0.1594863 
7 391 9 12 0.15814002 
497 382 9 11 0.15638827 
175 391 9 12 0.1526308 
816 381 9 11 0.15112606 
618 358 9 11 0.14902787 
590 356 8 10 0.14379464 
87 399 10 15 0.1378815 
362 376 8 10 0.13500583 
781 285 8 11 0.12958515 
416 396 9 12 0.123865105 
521 357 8 10 0.12350076 
913 509 20 34 0.11229228 
366 381 8 10 0.109446436 
201 396 10 12 0.10862564 
394 368 7 9 0.108279854 
252 458 26 33 0.10807403 
341 457 20 35 0.10715855 
424 389 9 11 0.10123851 
265 399 9 10 0.09982627 
636 381 11 15 0.09748209 
358 391 7 9 0.0924145 
613 383 9 13 0.090854466 
218 393 7 10 0.08851928 
911 353 8 10 0.08831483 
481 372 8 11 0.087698035 
453 462 14 26 0.08488343 
863 421 12 17 0.08410446 
577 360 8 11 0.08086319 
120 399 8 10 0.079970665 
610 372 9 12 0.079926014 
761 390 11 14 0.07866726 
58 218 13 18 0.0785007 
858 372 9 13 0.07843215 
644 385 10 15 0.078144334 
223 391 8 11 0.07706522 
189 423 11 14 0.07232104 
637 361 9 11 0.07114205 
942 359 9 12 0.07102895 
857 398 11 15 0.07002403 
583 358 8 11 0.06973554 
477 397 8 12 0.06744856 
582 398 10 13 0.06376826 
388 444 20 35 0.06341858 
750 417 26 32 0.061664104 
354 390 8 11 0.058903173 
124 482 47 66 0.05883468 
567 381 10 12 0.058799274 
680 364 8 11 0.05840993 
30 210 16 18 0.056770246 
408 375 9 10 0.055829648 
642 412 14 16 0.055083673 
334 403 11 14 0.054891683 
895 454 26 45 0.053479746 
375 410 12 15 0.05208402 
225 479 41 66 0.05195802 
593 392 9 11 0.05164414 
221 396 8 10 0.051593464 
479 370 7 9 0.050439276 
190 398 9 11 0.050107263 
572 382 9 11 0.04995057 
112 381 8 10 0.049825717 
383 376 8 10 0.04908181 
831 419 13 22 0.049061984 
362 381 8 10 0.04896643 
240 421 10 14 0.048814166 
551 406 11 15 0.04834748 
5 410 15 20 0.047906313 
697 371 10 12 0.04764907 
513 383 8 10 0.047267318 
538 369 8 11 0.047240656 
485 375 8 10 0.04647115 
417 473 11 17 0.046337932 
253 470 14 21 0.04597996 
747 408 17 24 0.045561925 
78 407 15 19 0.045469142 
135 252 12 13 0.045018196 
639 386 10 14 0.044528447 
809 398 11 16 0.044304084 
183 391 9 11 0.04389363 
375 366 7 9 0.043601017 
542 398 8 11 0.043168258 
559 383 11 14 0.042729232 
473 375 8 10 0.04238078 
424 444 21 32 0.0420984 
262 405 10 13 0.042091254 
266 451 24 36 0.041445732 
832 238 8 10 0.04088676 
319 406 10 13 0.040807586 
297 405 12 15 0.040073745 
256 406 11 14 0.03973788 
135 405 11 14 0.03886693 
416 391 9 11 0.038582392 
485 382 9 10 0.038395867 
694 352 8 10 0.038109507 
425 269 8 12 0.037398178 
523 421 16 19 0.037256118 
502 388 9 11 0.036912493 
191 390 9 11 0.036874868 
204 391 9 13 0.036741596 
142 383 8 10 0.036374144 
391 373 9 11 0.035970476 
232 457 37 60 0.035859883 
553 287 7 10 0.035789672 
513 374 8 11 0.035656124 
472 380 8 11 0.035603758 
301 418 12 15 0.035367984 
63 404 12 16 0.034764983 
427 445 13 18 0.034737203 
377 391 10 13 0.034362406 
763 399 17 19 0.034230914 
398 401 13 17 0.03409054 
480 381 10 12 0.03384374 
127 404 10 13 0.03381823 
415 374 7 9 0.03348538 
429 383 9 11 0.033405114 
461 418 14 21 0.03331886 
575 403 12 15 0.03322393 
120 393 8 9 0.033123553 
300 396 10 14 0.032939754 
14 388 9 13 0.03250415 
615 366 9 11 0.03230924 
609 387 11 14 0.032217048 
222 412 10 14 0.032048713 
420 395 9 12 0.031677634 
289 396 12 14 0.031459678 
137 383 8 10 0.03140509 
225 384 7 10 0.031296253 
140 406 10 13 0.031164646 
329 375 8 10 0.030931545 
278 388 8 11 0.030887287 
440 455 23 33 0.030637005 
475 417 14 20 0.030628005 
877 345 9 11 0.030379038 
208 381 8 11 0.030370766 
319 382 8 11 0.030334748 
686 365 8 10 0.030254362 
161 411 10 14 0.030199118 
869 369 12 18 0.029768838 
112 377 8 10 0.02976476 
89 374 8 10 0.029732225 
312 386 10 12 0.029717697 
310 414 10 14 0.029679654 
377 375 8 10 0.02909299 
431 374 9 11 0.028766915 
376 382 8 10 0.0282406 
142 374 7 10 0.028218012 
286 403 11 13 0.027792696 
106 405 10 12 0.027686357 
430 449 24 37 0.027637376 
133 400 10 13 0.02749451 
419 459 20 33 0.027466128 
500 405 12 14 0.027370622 
341 385 8 11 0.02712518 
970 372 15 16 0.026951354 
722 390 13 18 0.026854243 
0 266 8 14 0.026621832 
561 358 8 10 0.026290044 
536 272 9 11 0.026098097 
333 373 8 10 0.025970658 
407 383 8 10 0.025731295 
170 432 16 18 0.025627317 
981 362 12 15 0.025531312 
294 374 8 10 0.02534905 
600 310 7 9 0.025308771 
65 375 8 10 0.025303021 
415 384 7 9 0.025237732 
138 374 7 9 0.02523676 
804 638 13 18 0.025172979 
317 413 10 12 0.02499321 
287 383 10 12 0.024961947 
639 374 8 11 0.02484219 
118 382 9 10 0.024711793 
525 353 8 10 0.024435636 
191 404 11 13 0.024417622 
45 389 10 14 0.02439443 
128 382 7 9 0.024245553 
441 382 8 9 0.024139425 
814 388 11 15 0.02399586 
69 409 16 19 0.023929412 
343 453 13 25 0.023877645 
593 405 11 13 0.023740223 
289 389 10 13 0.023688855 
553 293 8 9 0.023415715 
497 377 8 11 0.023318185 
328 382 8 11 0.023116544 
570 302 8 10 0.023005456 
846 372 10 14 0.022955446 
899 507 21 33 0.022940427 
159 383 8 10 0.022922508 
182 425 15 19 0.02289607 
382 395 8 12 0.02285692 
167 242 14 17 0.022840753 
526 373 10 12 0.02278285 
127 399 9 12 0.022698881 
367 388 9 11 0.02251772 
475 369 6 8 0.022463243 
365 406 11 14 0.022452762 
315 396 10 13 0.022433653 
511 387 9 12 0.022425994 
519 381 9 11 0.022414645 
208 376 7 9 0.02232844 
904 504 39 51 0.022282934 
301 428 15 18 0.022258114 
423 367 7 9 0.021985272 
471 393 9 12 0.021851916 
915 358 11 13 0.021663535 
511 403 9 13 0.021654999 
202 374 7 9 0.021631956 
280 397 9 12 0.0216025 
567 358 7 10 0.021589125 
534 390 10 12 0.02156356 
535 402 12 15 0.021538207 
140 249 12 16 0.021322893 
424 373 8 11 0.021224992 
519 396 9 13 0.021159198 
973 365 13 16 0.021098437 
573 376 9 12 0.020839624 
520 391 9 13 0.020744344 
230 420 11 15 0.02069126 
79 399 14 18 0.02054965 
982 349 9 11 0.020429723 
214 382 7 9 0.020409917 
416 368 8 10 0.020344438 
121 587 10 11 0.02034226 
632 377 10 14 0.02027445 
414 418 13 15 0.020081786 
687 359 9 11 0.020070484 
446 383 8 10 0.020062344 
