10_People_Marching_People_Marching_2_191
59
746 326 21 26 0.9745427 
83 293 15 22 0.9730628 
244 308 17 26 0.9714256 
454 321 16 24 0.9646502 
515 314 17 29 0.960919 
659 323 21 24 0.9499422 
847 316 21 27 0.9287635 
337 307 17 25 0.9178988 
384 316 18 21 0.90249264 
92 313 20 26 0.8884073 
967 344 19 29 0.8698271 
20 297 20 25 0.866535 
329 238 14 17 0.83569294 
319 302 14 18 0.832844 
187 313 17 22 0.81163687 
379 239 13 18 0.7950625 
829 323 16 25 0.7765246 
138 303 15 23 0.69881946 
363 311 14 19 0.675698 
256 293 18 21 0.56018883 
195 310 15 22 0.3491677 
788 471 21 30 0.17813715 
180 316 18 22 0.17222837 
498 332 12 18 0.13196115 
230 309 10 14 0.12418449 
1006 475 17 25 0.10400229 
145 302 15 21 0.08573611 
253 287 13 18 0.078989156 
833 316 21 27 0.070867956 
124 303 10 14 0.05854662 
370 314 13 18 0.05583906 
524 484 23 37 0.054306604 
737 313 17 23 0.053507846 
389 279 9 12 0.052704412 
940 450 12 18 0.052612595 
988 460 23 28 0.052500986 
1005 311 11 13 0.051484816 
119 289 11 15 0.0503062 
638 314 22 30 0.050256964 
29 280 11 13 0.046694934 
884 534 14 17 0.03995121 
821 316 20 28 0.0385381 
175 321 15 19 0.03397989 
86 318 17 20 0.032582093 
900 374 13 20 0.029963769 
167 295 14 20 0.029783977 
325 283 11 15 0.029374026 
734 320 15 21 0.029076926 
818 474 16 24 0.028808352 
815 322 15 19 0.027641913 
68 293 12 17 0.024841217 
360 279 12 15 0.022507006 
741 323 18 23 0.022273056 
960 478 13 17 0.021405526 
974 343 24 31 0.020685295 
939 457 14 20 0.020633413 
314 301 12 16 0.020549843 
294 354 13 17 0.02045623 
12 292 18 24 0.020270972 
