10_People_Marching_People_Marching_2_668
74
538 293 32 37 0.9985549 
768 316 26 29 0.9974202 
602 305 24 28 0.9966085 
657 311 33 36 0.9963768 
296 351 35 42 0.99421483 
98 264 33 40 0.99314135 
857 315 21 26 0.98774 
408 309 43 49 0.9849021 
191 298 36 45 0.98376346 
463 319 23 30 0.93560654 
921 336 16 19 0.93361175 
957 331 13 15 0.9322048 
512 313 22 27 0.9247278 
369 332 20 26 0.87946004 
901 346 15 17 0.79403853 
985 332 12 16 0.70222265 
986 325 13 16 0.209908 
936 370 11 14 0.13786785 
922 326 15 18 0.08967246 
965 370 10 13 0.079846166 
452 311 26 35 0.07684317 
959 320 11 14 0.07386588 
949 346 11 14 0.068563916 
942 295 12 16 0.06795634 
886 287 8 10 0.06070703 
830 316 10 13 0.059058517 
356 335 25 32 0.058233485 
1005 334 11 13 0.05468747 
870 215 7 9 0.052623946 
914 89 14 22 0.050094057 
91 273 26 33 0.0496548 
582 304 14 20 0.04763652 
884 330 11 14 0.047419436 
831 322 19 26 0.046104748 
943 342 11 14 0.045263767 
1015 309 8 14 0.043173328 
79 307 9 12 0.04221942 
896 333 11 13 0.03800606 
897 279 7 10 0.03760246 
900 335 12 14 0.036016576 
895 340 13 17 0.034245845 
650 321 27 30 0.033502895 
471 314 20 25 0.033005312 
1014 341 9 12 0.032481465 
831 338 12 15 0.031876937 
972 350 11 14 0.031379167 
929 338 13 17 0.030594997 
906 342 13 17 0.029828941 
884 291 9 12 0.029769408 
86 290 12 16 0.02943137 
968 348 11 13 0.027617456 
497 315 21 30 0.02638182 
1001 341 10 13 0.026105866 
846 295 10 13 0.02538798 
936 309 10 13 0.024854552 
952 374 11 14 0.024829324 
919 388 10 13 0.024680713 
821 340 11 15 0.024473017 
439 308 28 35 0.024426294 
999 332 10 14 0.02394394 
522 307 27 33 0.023880102 
966 342 10 13 0.02364555 
813 340 14 19 0.023506701 
997 356 10 13 0.023062432 
952 326 14 17 0.022876054 
941 309 11 13 0.022469917 
992 350 10 13 0.021986322 
637 312 14 19 0.020992337 
669 306 30 34 0.020970674 
923 318 14 16 0.020672616 
985 321 10 14 0.020532219 
990 256 7 9 0.020378055 
587 300 13 21 0.020349553 
1013 314 10 16 0.02022015 
