10_People_Marching_People_Marching_10_People_Marching_People_Marching_10_People_Marching_People_Marching_10_1024
253
953 1929 59 62 0.9992549 
0 1689 60 65 0.9986203 
365 1891 75 84 0.9974033 
729 1852 50 58 0.9974031 
613 1990 75 83 0.9973369 
914 1788 48 53 0.9973333 
400 1787 54 59 0.9965178 
209 1965 80 91 0.9959026 
885 1688 34 41 0.994338 
796 1786 43 47 0.99372286 
595 1764 34 38 0.99218917 
515 1846 39 46 0.9920516 
461 1044 28 35 0.9914699 
610 1829 44 48 0.9902417 
861 1782 40 46 0.99017566 
663 1805 35 43 0.9891077 
490 1719 31 40 0.98896617 
78 1705 44 51 0.9863353 
579 1900 44 49 0.98405784 
268 1747 41 51 0.9830201 
176 1749 45 50 0.9822274 
904 1078 40 49 0.98153 
342 1752 36 47 0.9812779 
548 1776 30 34 0.9736092 
450 1829 39 44 0.9686094 
860 1725 35 38 0.9458071 
216 1750 33 46 0.94220984 
281 1048 22 29 0.9227433 
764 1743 33 39 0.91531336 
206 1054 28 34 0.90929735 
986 1760 37 44 0.8971256 
127 1710 36 42 0.880612 
574 1043 21 26 0.86799693 
634 1755 28 32 0.8653643 
710 1086 23 33 0.84224427 
469 1769 27 34 0.8305503 
671 1746 24 30 0.8145522 
697 1756 24 29 0.7553128 
172 1058 17 23 0.73310524 
384 1056 21 27 0.66042507 
994 1090 26 36 0.6533413 
773 1033 25 27 0.64368904 
666 1017 15 21 0.5699048 
350 1011 17 22 0.5542914 
229 1720 32 38 0.52937776 
491 1042 18 22 0.4826924 
706 1071 23 32 0.44321337 
689 1006 17 24 0.44265673 
414 1064 23 29 0.32839283 
65 298 18 22 0.29728618 
397 342 22 26 0.28526118 
517 363 12 15 0.26390007 
652 1047 17 24 0.26365227 
326 1049 16 20 0.22324626 
701 342 22 26 0.21547204 
177 358 12 15 0.21428183 
985 1672 27 30 0.2059909 
215 362 13 15 0.19093214 
734 329 32 35 0.18674712 
364 1731 24 28 0.16880824 
687 1060 14 17 0.14916332 
251 1051 15 19 0.14074409 
848 1070 24 29 0.13802908 
446 363 15 19 0.13707584 
509 1790 31 36 0.13482085 
644 1002 21 27 0.13210371 
160 364 13 18 0.1317293 
939 1089 28 36 0.1294228 
470 1901 39 50 0.12844358 
367 922 23 28 0.12801649 
703 1742 25 31 0.1254955 
155 1619 33 40 0.123611376 
82 1039 30 42 0.12279042 
927 1723 24 30 0.11996435 
960 1690 25 32 0.11838759 
790 204 33 41 0.11775325 
708 1735 20 24 0.112393126 
742 237 30 35 0.10912049 
850 1039 26 31 0.10261557 
780 1003 23 26 0.10210444 
965 1092 22 33 0.09990485 
42 1021 16 19 0.09498681 
720 1083 26 33 0.094132334 
778 1015 25 27 0.08955113 
510 974 23 34 0.08604846 
606 1056 17 21 0.084635645 
666 331 24 30 0.08449131 
100 361 14 17 0.082498774 
476 1043 26 34 0.0816154 
678 1008 20 25 0.08128087 
97 1031 31 36 0.0793319 
314 1046 21 26 0.078378715 
28 344 16 20 0.07670824 
477 365 14 18 0.07619471 
59 358 13 16 0.075819775 
134 1692 33 44 0.07364333 
997 1727 26 36 0.0682639 
856 363 22 27 0.06809526 
923 1748 30 37 0.06428101 
80 1056 25 37 0.064036645 
590 358 12 15 0.06309723 
293 985 20 27 0.062516384 
160 1663 34 39 0.06227485 
107 1025 22 28 0.06025189 
670 1730 25 31 0.059611484 
973 1193 22 29 0.056321137 
309 1040 18 23 0.05486685 
806 975 17 22 0.054751832 
36 339 14 21 0.054141663 
143 396 15 19 0.053947773 
515 1027 15 21 0.053006835 
904 972 25 35 0.05185005 
247 373 13 17 0.05036469 
535 366 11 14 0.050213177 
925 2120 16 19 0.050130058 
947 1085 15 20 0.049636245 
955 1091 15 21 0.04874989 
690 1044 20 26 0.048686042 
899 341 16 22 0.04854258 
244 354 12 15 0.0478172 
799 1052 21 31 0.047587365 
735 1773 24 30 0.04733954 
141 365 17 20 0.046919 
246 999 23 27 0.04580312 
547 1058 18 20 0.045535482 
668 374 16 21 0.04546014 
413 354 12 16 0.043559678 
710 1010 20 27 0.04303247 
419 1807 50 57 0.04234808 
147 1672 35 41 0.04091539 
675 376 14 19 0.040403284 
291 1045 24 31 0.04024668 
564 1780 26 34 0.03955939 
777 304 35 38 0.038946483 
281 1735 36 43 0.038090453 
687 299 16 20 0.037837297 
349 1055 23 29 0.037632633 
83 1677 30 35 0.037518952 
842 1051 27 32 0.036942337 
650 1010 22 28 0.03681353 
837 1040 25 30 0.036423597 
248 1044 14 19 0.036319416 
682 1746 27 34 0.036008622 
103 1028 15 19 0.03597618 
243 971 16 20 0.03587565 
125 1023 11 16 0.035458107 
905 1792 34 44 0.03529209 
252 353 11 15 0.034652304 
201 1722 34 40 0.034595635 
552 1051 16 19 0.03443691 
217 1610 27 37 0.033718806 
357 1742 33 42 0.033558995 
738 1735 19 23 0.033531215 
714 999 16 20 0.033341657 
198 379 11 13 0.03320221 
947 333 14 19 0.033071846 
13 1033 44 60 0.032343972 
905 400 22 31 0.03234023 
409 347 15 19 0.0323102 
162 1056 23 30 0.03228105 
664 1091 21 31 0.03195443 
611 1813 34 41 0.031504735 
36 1050 15 18 0.031320978 
454 1918 45 66 0.031099504 
400 1056 25 30 0.030600224 
243 1054 24 31 0.030319287 
376 1060 13 18 0.030259414 
497 1037 14 17 0.029827757 
963 1092 13 21 0.029578324 
231 371 13 17 0.029482543 
60 366 16 21 0.029235508 
445 1860 47 61 0.029234927 
55 894 229 246 0.029177928 
13 339 28 31 0.029062288 
590 366 16 20 0.02855006 
28 1048 16 19 0.02845741 
561 1020 16 19 0.028263178 
891 1081 38 38 0.028229842 
362 371 23 27 0.028026141 
146 1037 14 17 0.02787206 
0 192 25 42 0.027796796 
853 1074 30 40 0.027753834 
623 353 26 31 0.027389036 
209 1029 18 24 0.02733125 
765 1718 26 33 0.027205968 
383 376 22 28 0.027187334 
539 1026 15 20 0.027150212 
234 977 23 28 0.027088229 
219 367 15 18 0.027071493 
727 1055 14 18 0.026946466 
87 1038 21 24 0.026786927 
173 1011 10 12 0.026658982 
488 1753 27 33 0.026595898 
235 989 24 28 0.02658225 
770 995 23 25 0.02648352 
881 955 19 24 0.026477296 
729 235 44 61 0.026468268 
736 1815 31 38 0.026130281 
414 363 14 19 0.026115471 
697 1004 15 23 0.02605236 
810 1047 25 32 0.025745926 
719 981 13 17 0.025672352 
900 964 25 28 0.025652548 
331 933 17 21 0.025595741 
114 1020 21 27 0.025485592 
154 1287 16 22 0.02536267 
715 983 22 27 0.025309527 
558 358 11 14 0.02530779 
919 363 26 30 0.025307536 
393 1051 16 22 0.025302218 
764 1034 20 22 0.02528278 
123 1721 42 57 0.02502081 
427 1059 17 18 0.024927372 
124 356 12 17 0.02457902 
796 1051 15 22 0.024542656 
502 362 11 15 0.024387525 
548 1012 22 27 0.024094352 
656 367 22 28 0.023811074 
568 1047 15 21 0.023635264 
73 369 28 32 0.023305878 
331 1046 20 27 0.02330025 
685 339 40 48 0.023203244 
329 337 16 24 0.023192346 
348 1040 23 29 0.022807365 
133 364 12 17 0.022785323 
729 1047 17 23 0.022631483 
423 1071 21 26 0.022602111 
370 301 18 24 0.022548968 
392 346 15 19 0.022478217 
973 1105 17 25 0.022463638 
792 958 24 30 0.022365496 
990 1089 17 26 0.022161532 
840 1063 23 30 0.022053327 
470 379 11 14 0.021946084 
464 348 11 13 0.021732397 
202 1040 26 33 0.021592362 
688 296 26 30 0.021416564 
662 1050 24 30 0.021134898 
300 972 23 29 0.020906702 
626 997 24 29 0.02088562 
677 1049 22 27 0.020820178 
680 191 42 57 0.020757139 
785 1055 23 30 0.020644052 
466 1755 25 33 0.020529509 
384 261 22 29 0.020483857 
61 365 26 33 0.020414326 
155 1736 43 55 0.02040661 
184 1729 40 52 0.020399727 
693 344 17 22 0.020393817 
245 364 13 17 0.020277811 
192 365 12 14 0.020265205 
172 1028 14 17 0.020211974 
761 1075 23 32 0.020123776 
