10_People_Marching_People_Marching_2_898
72
675 588 56 65 0.99786633 
513 710 43 56 0.9909763 
262 805 45 53 0.9713966 
800 653 26 31 0.94311184 
443 783 32 39 0.7698678 
541 662 24 30 0.22085278 
374 653 12 16 0.17793642 
444 701 13 17 0.14229545 
325 725 13 17 0.14135878 
388 606 9 12 0.12766525 
869 577 24 32 0.12734477 
381 686 17 21 0.1083783 
380 769 40 48 0.09987163 
888 653 29 33 0.070080414 
801 554 19 21 0.0690151 
903 584 28 33 0.06815184 
592 685 18 22 0.06317591 
876 654 24 29 0.062105954 
285 644 11 14 0.059414938 
371 605 10 13 0.05833801 
414 583 8 11 0.05160153 
809 609 29 33 0.04478746 
326 648 12 15 0.042928472 
388 676 14 18 0.04160475 
243 683 14 17 0.039958656 
343 777 15 24 0.03786769 
382 797 43 51 0.037629724 
384 627 10 13 0.03650289 
909 587 16 17 0.03568469 
381 679 14 17 0.03543912 
212 631 10 14 0.03432575 
294 827 29 34 0.03290641 
360 621 10 12 0.032740295 
384 820 36 41 0.03254973 
388 625 11 14 0.032052074 
919 560 17 21 0.031856325 
323 612 12 14 0.030454623 
429 764 34 41 0.030274333 
282 667 13 17 0.029475557 
301 680 16 21 0.029402964 
424 583 9 10 0.028713048 
432 788 46 56 0.028508207 
377 656 14 17 0.028034545 
941 668 21 29 0.027719224 
891 658 17 20 0.027585644 
738 562 28 28 0.027358465 
420 949 15 20 0.026742736 
412 623 13 15 0.02669804 
878 581 27 33 0.026318133 
591 630 13 16 0.02604421 
363 691 11 14 0.025744764 
410 581 8 12 0.02534485 
424 588 9 11 0.025246479 
376 682 14 19 0.024648279 
810 641 27 33 0.024554932 
385 692 17 22 0.023750797 
415 685 12 17 0.02339157 
560 619 10 13 0.023129424 
816 655 16 24 0.023006763 
415 588 8 10 0.02292388 
332 718 11 16 0.022808341 
387 610 11 15 0.022706188 
390 779 44 53 0.02263634 
448 706 14 16 0.022515316 
375 600 8 10 0.021948656 
888 581 31 37 0.021750156 
893 639 29 32 0.02153271 
916 822 10 11 0.021454563 
259 645 12 16 0.021203073 
467 748 13 14 0.02119799 
763 673 27 43 0.020441161 
342 680 13 15 0.020043269 
