10_People_Marching_People_Marching_10_People_Marching_People_Marching_10_People_Marching_People_Marching_10_162
157
390 309 23 27 0.99418133 
451 125 14 17 0.6139753 
141 271 23 26 0.48753214 
780 90 16 18 0.44857082 
693 272 22 32 0.4023122 
68 319 20 22 0.3161043 
41 307 23 28 0.27484134 
660 39 18 20 0.26972526 
527 132 15 18 0.24387464 
225 304 29 33 0.19692525 
629 48 19 22 0.16498092 
274 298 15 19 0.1605683 
841 317 26 31 0.15957165 
412 108 16 18 0.1595672 
573 130 20 28 0.15664361 
572 78 13 19 0.15473141 
898 24 23 34 0.14971498 
712 214 21 31 0.14159004 
356 212 14 16 0.14106555 
869 132 28 32 0.13119872 
283 219 16 18 0.12653635 
854 3 17 17 0.12231188 
60 225 24 30 0.12157768 
669 292 17 24 0.11940369 
443 221 12 14 0.10634308 
614 217 23 31 0.102262296 
891 33 22 32 0.10025233 
616 60 22 28 0.09835397 
270 305 16 20 0.09763378 
92 177 18 25 0.09426281 
594 184 14 18 0.08528359 
909 19 13 16 0.08487205 
830 307 28 35 0.08196007 
567 238 22 32 0.07200816 
437 290 25 28 0.0698131 
447 323 13 16 0.06910803 
845 189 25 33 0.06830065 
497 204 14 18 0.06791544 
301 277 23 31 0.05915836 
352 151 10 13 0.058855925 
519 178 22 28 0.058395848 
667 277 27 37 0.056060035 
939 26 15 19 0.05578554 
467 264 21 32 0.055613544 
447 118 14 16 0.0539423 
904 16 22 27 0.053100675 
581 99 15 18 0.052521817 
605 53 13 15 0.050302967 
882 47 23 29 0.049918726 
612 49 15 18 0.04962841 
627 311 27 30 0.048536636 
974 -3 42 49 0.048258737 
664 84 17 19 0.047976196 
515 271 24 30 0.047938097 
261 235 12 15 0.046922974 
359 163 10 13 0.046607696 
838 80 24 32 0.046283036 
712 68 15 19 0.04626168 
336 274 18 19 0.045898866 
579 140 16 21 0.045542665 
462 92 15 18 0.04538608 
389 128 12 16 0.044031337 
803 107 16 19 0.043733113 
327 182 12 16 0.043531597 
472 317 22 28 0.04083716 
824 179 25 33 0.040344644 
675 248 25 31 0.03905543 
619 50 16 19 0.03897955 
161 242 22 35 0.038844842 
733 0 15 13 0.038701102 
221 311 17 22 0.038622383 
255 322 14 17 0.03809234 
264 345 24 31 0.037784543 
142 260 37 46 0.03769155 
874 55 23 28 0.036857344 
711 18 14 18 0.03663155 
62 315 15 20 0.036457866 
100 291 17 22 0.03641953 
418 227 14 16 0.036161266 
700 276 26 33 0.035902113 
282 296 14 19 0.035812378 
677 146 16 19 0.03555602 
376 146 12 15 0.03448632 
499 307 17 20 0.034380138 
488 147 13 18 0.03406192 
755 0 15 13 0.034003872 
537 235 36 48 0.033833016 
1000 48 22 33 0.03365977 
655 333 15 18 0.032612514 
917 86 16 26 0.032517873 
45 297 25 30 0.032413878 
719 143 12 15 0.031872492 
824 9 21 27 0.031430237 
828 178 17 19 0.031401925 
934 182 25 32 0.030873097 
625 58 24 29 0.030294428 
871 76 22 30 0.02999955 
323 203 20 29 0.029888567 
780 37 17 20 0.029746776 
672 262 28 38 0.028959047 
53 224 18 23 0.028919624 
189 279 14 16 0.02873956 
658 26 19 23 0.02867634 
477 173 13 16 0.028031414 
920 323 17 22 0.027803188 
648 213 12 15 0.027549759 
852 311 24 31 0.027052516 
166 311 25 31 0.02686499 
785 127 17 22 0.026780693 
728 61 13 18 0.02626567 
547 97 16 17 0.02625054 
953 143 38 48 0.02622803 
261 315 15 19 0.026065912 
883 83 15 21 0.025542522 
684 256 27 41 0.025334442 
635 243 15 19 0.02531176 
208 259 13 19 0.025268557 
760 41 24 27 0.025171375 
351 250 21 29 0.025167163 
549 226 35 46 0.024922453 
893 336 25 29 0.024878891 
562 216 28 35 0.024870414 
380 143 13 16 0.024549512 
210 264 16 24 0.024434112 
460 97 21 27 0.024041422 
793 60 14 17 0.024017224 
686 111 20 28 0.02356032 
332 199 20 29 0.023335952 
685 178 23 28 0.023064243 
666 197 14 18 0.022978663 
188 284 18 21 0.022916554 
801 111 24 27 0.022827365 
533 305 17 20 0.022661865 
598 180 23 28 0.022602217 
474 306 23 28 0.022527609 
250 312 25 30 0.021936748 
910 160 25 36 0.021753494 
863 3 19 19 0.021750702 
83 179 18 24 0.021729862 
50 281 25 30 0.021629255 
571 176 15 17 0.021431834 
523 135 21 27 0.0213115 
716 149 18 22 0.021294635 
60 329 26 34 0.021276778 
761 54 18 21 0.021024318 
645 38 25 29 0.02097554 
315 209 16 21 0.020927023 
906 35 23 36 0.020733193 
849 4 13 15 0.020724874 
347 348 16 23 0.020633217 
236 317 16 20 0.020552037 
595 117 14 19 0.020426309 
772 36 17 21 0.020367466 
734 41 16 19 0.020185702 
829 176 35 48 0.020167092 
869 319 15 19 0.020153727 
383 163 12 14 0.0201027 
