10_People_Marching_People_Marching_2_27
58
574 190 36 46 0.99667466 
362 183 29 36 0.9959175 
704 204 32 38 0.9947249 
832 227 30 38 0.9940771 
264 194 26 30 0.99287415 
860 205 27 34 0.9925668 
913 212 31 39 0.9907522 
18 189 25 33 0.9898487 
646 181 28 36 0.9895838 
791 230 26 32 0.9892392 
536 198 33 40 0.9878847 
38 203 29 37 0.9830632 
433 185 27 37 0.9802925 
212 204 22 27 0.9760618 
518 194 21 33 0.971186 
913 266 34 43 0.9668186 
611 210 31 36 0.9586831 
306 183 34 38 0.9552763 
486 195 21 26 0.9158575 
159 180 27 35 0.878443 
653 220 25 31 0.8088703 
125 202 24 31 0.7571303 
758 232 21 30 0.4426022 
988 205 23 36 0.4190538 
205 188 21 24 0.3871071 
-1 188 15 30 0.25863868 
352 155 18 23 0.13316512 
339 187 23 33 0.094037615 
477 377 10 12 0.08651606 
884 179 14 18 0.07227157 
773 204 20 28 0.057821605 
531 185 24 29 0.05550309 
887 223 22 29 0.045925736 
263 240 16 20 0.043812294 
323 192 30 36 0.041200086 
536 178 19 20 0.03730424 
87 144 19 23 0.03729551 
50 175 25 32 0.036855966 
137 191 30 34 0.033388756 
765 209 22 33 0.032674726 
120 207 15 23 0.0310938 
529 344 8 11 0.03020425 
908 203 24 30 0.030067874 
216 63 7 10 0.028715622 
478 199 22 29 0.02731485 
125 154 16 23 0.027064519 
908 248 31 45 0.027042015 
301 187 18 22 0.02677171 
467 340 12 15 0.0266604 
649 201 31 37 0.023835016 
465 142 17 21 0.023174826 
857 179 16 19 0.0225998 
362 333 8 10 0.02249825 
880 214 24 31 0.021416863 
25 187 36 46 0.021329006 
563 195 26 35 0.021104878 
340 204 19 26 0.02067134 
31 2 40 40 0.0202468 
