10_People_Marching_People_Marching_2_498
90
28 15 23 27 0.9897367 
346 420 26 28 0.988591 
412 585 25 27 0.98510957 
539 439 24 31 0.97729015 
704 0 20 23 0.9764871 
163 422 24 28 0.97581476 
785 545 24 25 0.97572 
954 544 24 31 0.97273356 
543 4 24 27 0.9723884 
69 146 22 28 0.9716822 
772 133 23 28 0.9711156 
895 417 21 28 0.96756 
36 613 25 27 0.96253645 
607 130 24 25 0.9605438 
189 27 26 29 0.9571585 
834 275 23 29 0.9543954 
362 30 22 26 0.93840116 
1002 275 20 26 0.92431724 
291 285 23 26 0.8660467 
722 421 24 25 0.86105984 
663 281 24 25 0.85376966 
116 270 21 25 0.84614944 
942 126 23 24 0.73129714 
240 138 23 24 0.65254104 
875 5 27 29 0.50362736 
471 296 22 24 0.46653157 
575 597 20 29 0.38056412 
216 590 26 29 0.29280183 
724 17 22 26 0.15312856 
0 456 17 25 0.1420171 
423 152 25 29 0.12840131 
803 174 19 21 0.09504663 
411 566 21 23 0.09497788 
124 298 22 24 0.078334086 
119 278 24 28 0.0718774 
1 442 16 25 0.06951395 
730 402 14 16 0.06522821 
651 9 16 18 0.061660204 
290 266 24 25 0.06024547 
663 268 25 28 0.059783272 
422 139 24 29 0.059674416 
613 88 18 22 0.056704804 
207 68 23 26 0.052510865 
235 119 25 27 0.050322976 
181 450 17 19 0.049921982 
870 314 13 19 0.04643035 
607 113 24 27 0.043640535 
310 342 26 26 0.042511128 
0 439 11 16 0.040923033 
376 82 21 20 0.04031556 
36 0 15 14 0.0374706 
324 308 14 16 0.037465442 
789 524 16 16 0.036400106 
189 9 25 29 0.036033615 
443 332 14 21 0.034439497 
162 412 17 20 0.034106 
389 548 21 30 0.03339457 
700 314 13 18 0.032637253 
212 603 28 29 0.032397043 
128 273 16 21 0.029880775 
611 110 17 18 0.029864177 
351 402 16 17 0.029732896 
462 292 12 15 0.029351613 
316 306 21 26 0.029331312 
819 576 13 18 0.029293446 
358 0 13 12 0.029060362 
21 483 16 20 0.028939301 
876 18 20 24 0.027199479 
675 314 19 20 0.026977226 
309 318 24 28 0.02653053 
583 607 17 22 0.026301332 
237 130 21 24 0.026263652 
914 466 15 18 0.026246428 
212 615 31 29 0.026112571 
427 165 19 22 0.025959015 
464 299 13 17 0.02560542 
193 7 16 18 0.024996532 
908 462 14 18 0.024505176 
786 530 23 24 0.024411537 
424 134 13 16 0.024319207 
209 60 20 22 0.024130944 
308 331 25 27 0.023985485 
745 39 16 20 0.023801092 
874 461 13 18 0.02263101 
173 413 15 17 0.021858547 
893 47 17 19 0.020994356 
60 34 18 19 0.020734385 
176 438 23 27 0.020598529 
944 115 22 24 0.02036256 
432 186 20 20 0.02011411 
