10_People_Marching_People_Marching_2_373
510
282 295 34 42 0.99870265 
381 188 30 38 0.9982273 
772 188 27 35 0.99817073 
809 298 35 38 0.99806625 
969 92 26 32 0.9973224 
393 347 36 43 0.9973042 
352 435 47 53 0.99727577 
981 151 28 36 0.9971595 
863 133 25 31 0.9971251 
569 302 29 38 0.9970669 
168 385 35 40 0.99704796 
693 480 45 53 0.99694127 
290 471 33 42 0.9969199 
312 205 30 37 0.99691665 
259 262 29 36 0.9969074 
885 175 29 32 0.99677795 
756 276 35 37 0.99673176 
984 242 31 37 0.99668616 
135 315 32 36 0.9966344 
698 338 32 40 0.99608445 
250 400 40 47 0.99597615 
21 322 36 40 0.99593544 
630 470 40 48 0.9959319 
153 345 32 37 0.9957432 
223 309 31 41 0.9955308 
912 228 30 37 0.9953762 
270 95 26 33 0.9953406 
249 465 40 49 0.99521685 
268 203 29 30 0.9951651 
943 207 28 32 0.99509877 
338 166 26 33 0.9950576 
672 437 36 41 0.99476624 
695 200 30 34 0.99474394 
914 151 26 32 0.9942812 
461 328 36 42 0.99426466 
809 144 25 29 0.99417925 
713 174 29 33 0.99403524 
966 190 25 31 0.9938769 
274 364 39 47 0.9937495 
143 505 46 50 0.99362373 
619 112 26 31 0.9934535 
994 80 24 30 0.9933843 
70 467 37 50 0.9933114 
265 139 26 32 0.9932354 
934 73 24 31 0.9930682 
840 158 25 27 0.9930199 
875 100 25 31 0.9928861 
107 425 42 46 0.9925271 
367 383 31 38 0.9925047 
167 286 34 46 0.99232155 
756 335 32 38 0.9923159 
977 438 30 37 0.9921705 
206 259 31 36 0.9917352 
92 376 32 41 0.9914191 
727 86 24 29 0.99138993 
500 94 25 31 0.9909661 
694 295 30 33 0.99085534 
56 305 29 37 0.99032485 
521 258 30 34 0.99026465 
511 414 41 51 0.9900767 
849 238 28 35 0.98999083 
857 295 30 36 0.98979527 
792 372 34 39 0.9894823 
766 114 25 28 0.9890647 
839 75 24 29 0.9889208 
410 424 35 49 0.9888708 
695 238 31 35 0.98879904 
546 93 26 30 0.9887931 
814 180 24 32 0.98829365 
995 205 24 30 0.9882483 
765 495 40 53 0.9879776 
181 119 24 34 0.9876797 
87 187 26 30 0.9876401 
50 540 42 43 0.98759896 
183 436 33 42 0.9869751 
51 52 23 27 0.98693234 
953 505 40 44 0.9860728 
48 430 38 43 0.98543257 
925 121 25 27 0.98524207 
791 65 24 29 0.9851364 
164 69 23 29 0.9849154 
148 102 23 28 0.98455125 
989 477 33 44 0.9841344 
253 166 24 28 0.98345226 
627 407 27 38 0.98306435 
757 233 28 33 0.98299557 
873 68 24 26 0.9821147 
121 7 19 21 0.9820002 
346 50 22 27 0.979624 
478 39 22 28 0.97934306 
355 76 21 27 0.9790709 
612 75 22 26 0.9781821 
397 254 26 29 0.9777058 
369 136 26 31 0.9771275 
677 139 23 28 0.9764662 
49 259 27 34 0.9764633 
320 43 20 23 0.9764439 
797 119 22 28 0.9762487 
930 291 26 33 0.9754018 
330 280 33 34 0.9745984 
796 272 29 31 0.9742493 
871 403 37 45 0.9731663 
656 139 26 30 0.97302026 
552 390 39 42 0.972946 
774 88 22 27 0.97184145 
20 81 22 29 0.9706377 
205 201 28 33 0.96935296 
185 14 19 24 0.96909565 
122 386 34 37 0.9682691 
775 147 23 27 0.96776664 
1001 373 24 38 0.9677665 
371 106 24 27 0.96742445 
927 499 34 44 0.96713746 
920 380 30 41 0.96687293 
825 56 22 26 0.9663862 
849 206 24 28 0.9623167 
877 275 27 29 0.9620367 
756 28 19 23 0.96079844 
101 241 21 29 0.9606534 
314 537 49 43 0.9599392 
954 284 31 35 0.9582159 
851 50 21 26 0.95632744 
285 16 18 23 0.954429 
57 224 24 28 0.9542663 
208 230 24 30 0.9536819 
415 99 21 26 0.95283294 
769 50 20 22 0.9513756 
818 88 21 27 0.9503567 
479 273 23 26 0.946534 
624 175 23 31 0.94522774 
4 8 19 21 0.94517654 
576 62 21 26 0.9451453 
120 35 19 23 0.94158995 
699 -1 18 19 0.9385555 
157 5 18 24 0.9373183 
330 434 31 41 0.9373149 
69 246 22 32 0.93224335 
304 10 18 24 0.93130195 
523 62 18 22 0.92657644 
549 46 16 21 0.92595214 
369 41 18 24 0.91972727 
794 17 19 28 0.918151 
176 501 29 43 0.91479224 
346 23 18 20 0.90051097 
346 323 26 39 0.89836425 
185 61 20 28 0.89637196 
116 55 19 24 0.89561284 
656 53 22 24 0.8933638 
362 12 14 18 0.8920149 
145 42 20 25 0.887579 
727 3 21 27 0.8833182 
630 294 32 39 0.87595314 
228 81 21 25 0.87407285 
380 3 22 25 0.87233484 
423 51 20 26 0.8695635 
443 43 19 21 0.86626637 
569 85 17 21 0.8553755 
60 353 29 36 0.8436795 
640 28 19 22 0.84282315 
401 299 23 31 0.83844894 
818 510 36 46 0.83260983 
410 27 19 23 0.83166194 
746 165 22 26 0.8254411 
617 34 18 21 0.8230673 
228 539 41 46 0.82064694 
242 7 13 16 0.8149367 
494 24 16 19 0.8145075 
445 380 32 44 0.8029357 
818 39 17 20 0.8000862 
698 25 21 26 0.7961121 
200 102 20 24 0.79553425 
140 134 21 26 0.7951269 
405 53 20 25 0.7938016 
456 14 13 15 0.79260457 
133 85 21 26 0.7714951 
446 282 27 39 0.7563352 
-1 44 15 23 0.7501859 
166 188 27 32 0.74582356 
262 75 21 24 0.7433997 
498 52 18 23 0.712128 
38 12 16 21 0.70720875 
657 -2 20 19 0.700126 
760 78 18 20 0.6981866 
174 66 22 29 0.69472414 
908 265 24 29 0.68363863 
362 259 27 36 0.67955405 
929 50 16 19 0.6763926 
591 370 33 41 0.67540497 
564 0 16 14 0.670429 
460 76 19 28 0.6509263 
733 557 35 27 0.63630444 
0 85 19 28 0.62953454 
227 36 18 21 0.6070592 
107 299 23 30 0.60493666 
881 46 17 18 0.6012439 
895 98 21 27 0.5974516 
81 35 17 20 0.57195663 
55 21 15 16 0.56494796 
659 17 18 21 0.5595759 
99 552 32 30 0.52654094 
666 348 29 34 0.5073773 
413 329 28 34 0.49654743 
702 146 20 25 0.48636076 
214 1 14 15 0.4290169 
211 63 19 25 0.4248442 
23 56 20 25 0.41110295 
678 6 16 20 0.40418792 
538 10 16 18 0.40416273 
621 0 15 15 0.402634 
834 474 34 46 0.40046826 
901 71 17 21 0.3881328 
846 15 13 15 0.3797819 
905 557 26 26 0.36808345 
554 22 15 19 0.36807373 
206 243 28 34 0.35000166 
730 44 16 19 0.3474301 
489 46 21 29 0.3449665 
889 29 14 17 0.3390996 
516 36 16 16 0.3295415 
583 42 17 18 0.32683703 
841 230 28 35 0.30964065 
728 64 21 25 0.30614388 
662 380 30 42 0.28969657 
942 30 12 15 0.27938092 
570 31 17 20 0.2744552 
431 47 19 25 0.27298725 
783 412 32 41 0.26874703 
940 178 22 26 0.2675289 
108 382 30 38 0.2655616 
445 112 18 19 0.26411247 
610 15 15 18 0.26120237 
401 79 23 25 0.2583265 
240 105 15 19 0.25707495 
395 126 19 26 0.25345203 
341 129 18 21 0.2422873 
511 11 16 19 0.24187753 
770 10 16 19 0.23828559 
233 53 17 20 0.2173385 
46 176 21 26 0.20802143 
704 138 18 21 0.20630875 
944 9 14 19 0.20205528 
742 178 23 29 0.19871753 
407 89 22 29 0.19321881 
84 11 14 17 0.19246739 
2 204 16 27 0.18913244 
800 281 32 38 0.18106118 
996 133 21 28 0.17773195 
947 370 29 32 0.16846062 
477 114 22 26 0.16638187 
190 107 26 31 0.15892246 
888 70 22 26 0.15080677 
260 154 27 30 0.14937976 
537 77 17 21 0.14624937 
529 398 40 51 0.1453641 
956 200 26 31 0.14281741 
267 -1 16 13 0.14117962 
849 34 16 18 0.13721597 
22 1 12 12 0.12689613 
54 147 24 29 0.12575704 
457 47 16 20 0.124195136 
37 307 37 43 0.12417655 
116 140 18 20 0.119221345 
654 390 30 42 0.11824303 
354 45 22 26 0.11663535 
621 72 20 26 0.11636729 
767 83 22 26 0.116292216 
158 179 28 33 0.114034794 
820 48 21 27 0.11348179 
942 187 23 30 0.11265249 
170 481 34 47 0.109824896 
206 194 17 20 0.10893472 
845 26 16 19 0.10736491 
341 13 13 15 0.1064248 
748 0 14 16 0.10139286 
386 120 23 27 0.0984974 
353 18 18 22 0.098415 
417 42 21 27 0.09811326 
302 215 22 28 0.096608184 
301 537 36 42 0.09639725 
488 20 14 16 0.0931407 
637 0 12 12 0.08875224 
785 74 24 30 0.08807573 
635 277 27 35 0.08719044 
445 0 14 13 0.085803606 
24 21 14 17 0.08549192 
334 104 20 24 0.08329236 
3 296 23 31 0.082750954 
463 257 26 28 0.081290744 
979 550 38 46 0.08067916 
975 480 36 48 0.07970915 
4 146 15 22 0.079077154 
676 556 34 28 0.078491636 
528 69 20 26 0.07811962 
0 261 12 16 0.07787019 
793 259 28 31 0.077830955 
579 29 17 18 0.07777404 
217 92 19 26 0.075937875 
574 36 20 23 0.075662315 
115 302 24 35 0.07295992 
936 457 32 34 0.07160563 
102 318 27 38 0.07140924 
869 452 33 43 0.07098513 
877 57 23 26 0.07094222 
668 196 23 29 0.07089981 
633 397 31 40 0.06960743 
120 373 28 38 0.06918283 
220 223 22 30 0.06848883 
121 360 26 32 0.067765184 
632 67 19 27 0.06668993 
963 51 17 20 0.06667596 
45 85 15 20 0.06422902 
355 0 13 12 0.06357432 
1011 33 12 22 0.06330038 
500 1 16 16 0.062589996 
437 94 17 21 0.06079613 
443 555 38 31 0.060020097 
517 2 15 20 0.058931228 
76 5 16 19 0.05845027 
30 15 19 23 0.058111887 
62 271 27 32 0.057592757 
359 299 26 34 0.05686768 
941 18 15 20 0.056854542 
574 375 31 41 0.055674117 
408 20 15 18 0.055029534 
607 214 21 31 0.05493694 
231 298 27 36 0.054355845 
344 274 27 36 0.053753823 
420 408 39 49 0.053562958 
839 18 15 18 0.051601343 
272 0 18 18 0.051524177 
708 162 27 32 0.051518925 
22 206 16 21 0.051473264 
239 113 15 23 0.050821297 
628 0 14 13 0.05045186 
216 70 20 25 0.05017626 
232 27 16 18 0.049592573 
665 8 19 23 0.04911944 
163 470 36 40 0.04886511 
648 25 18 20 0.04856698 
802 414 23 31 0.048447136 
525 11 13 18 0.04843887 
847 4 14 15 0.048061196 
450 296 30 34 0.047289263 
492 15 16 18 0.046984162 
186 51 21 25 0.046983812 
944 390 27 35 0.046526663 
272 69 22 26 0.046438117 
565 28 15 20 0.044984464 
493 2 15 15 0.044519216 
453 74 18 28 0.044196263 
237 211 17 21 0.043974966 
349 60 25 26 0.043466054 
211 98 17 23 0.042924237 
970 335 37 44 0.042828295 
35 1 19 21 0.0421054 
69 2 17 18 0.042089727 
373 6 19 24 0.042078357 
9 49 21 27 0.04148613 
906 370 24 31 0.04134644 
181 276 29 43 0.041142236 
26 0 15 17 0.040331963 
802 57 18 22 0.040005106 
533 15 18 19 0.039790105 
762 39 22 27 0.03964813 
916 273 26 34 0.03953336 
814 0 14 17 0.03941637 
717 66 21 26 0.039415475 
208 4 13 15 0.038786713 
150 134 19 24 0.03825004 
499 12 16 19 0.03794301 
360 283 23 36 0.037672427 
852 0 12 12 0.037573274 
348 0 15 16 0.037311822 
332 129 17 22 0.03716708 
406 311 28 34 0.03677998 
885 2 15 15 0.036657337 
521 40 16 20 0.036332496 
460 277 29 30 0.036148913 
690 143 21 30 0.03599277 
397 97 16 21 0.035747603 
761 19 21 27 0.03565049 
34 0 16 13 0.03544581 
898 336 39 47 0.03486923 
1012 115 12 19 0.03480327 
196 268 26 37 0.034336407 
0 145 11 23 0.034116227 
131 207 22 27 0.034028955 
402 34 24 25 0.033963177 
317 0 15 12 0.03347344 
777 12 21 26 0.033300195 
544 85 24 26 0.032873612 
125 243 16 21 0.03276652 
28 164 15 19 0.03247886 
508 101 25 33 0.03198003 
377 251 35 39 0.031967126 
1013 28 10 17 0.03193691 
761 410 43 48 0.031917106 
441 88 21 25 0.03171437 
791 251 24 26 0.031268984 
849 216 27 35 0.030874697 
953 54 20 22 0.030724747 
607 0 12 12 0.030613251 
631 123 24 28 0.030584568 
333 308 37 47 0.030321134 
921 262 23 28 0.030172374 
510 336 24 30 0.029961467 
820 19 16 19 0.02995156 
340 5 16 16 0.02973127 
51 167 25 30 0.029544717 
613 29 16 20 0.02932055 
865 280 35 42 0.02886364 
74 0 14 13 0.028723733 
847 458 37 46 0.028645476 
36 23 17 21 0.028310152 
613 3 15 16 0.02830909 
798 445 28 44 0.028271193 
541 19 22 24 0.028234767 
13 60 18 24 0.028087074 
204 11 12 15 0.028046958 
141 116 25 31 0.028031498 
611 184 26 33 0.027804676 
675 15 15 19 0.027646655 
642 2 13 14 0.027646162 
289 173 17 22 0.027539741 
589 0 14 13 0.027486993 
0 135 12 23 0.0270307 
476 27 13 16 0.027030312 
716 133 15 19 0.026891217 
700 554 34 29 0.02687196 
27 73 22 29 0.026601324 
1005 47 13 18 0.026591504 
915 82 14 20 0.026526693 
548 35 18 22 0.026236843 
932 53 21 28 0.025972564 
426 333 28 37 0.025945056 
783 61 23 27 0.025543436 
507 57 22 27 0.025337268 
123 249 23 30 0.024974914 
0 195 12 21 0.024967682 
522 0 15 15 0.024899207 
841 225 20 24 0.024489492 
138 326 36 40 0.02446934 
124 312 26 36 0.024455206 
761 66 23 26 0.024242122 
227 5 13 14 0.024233572 
226 218 18 24 0.02419906 
242 294 17 23 0.024134357 
903 508 27 33 0.024040159 
708 68 21 27 0.023968086 
195 209 17 22 0.023757888 
205 58 17 24 0.023693927 
881 0 12 10 0.023584785 
86 39 18 20 0.02340183 
634 178 22 29 0.023398275 
452 4 16 18 0.023352847 
215 212 21 25 0.023205405 
577 123 16 23 0.023202976 
297 223 20 27 0.023158927 
395 428 33 42 0.023070034 
803 1 16 17 0.023021031 
182 193 24 32 0.02301908 
453 317 32 39 0.022946283 
599 18 14 18 0.022890266 
442 359 20 23 0.022883369 
739 156 22 26 0.022854565 
434 364 37 49 0.022766862 
217 183 23 27 0.022451343 
32 61 17 24 0.022427246 
500 382 32 35 0.022402216 
673 229 19 27 0.02239072 
684 15 14 17 0.022119034 
1013 21 10 16 0.02199043 
741 84 23 28 0.021937141 
58 14 17 20 0.021908615 
772 468 41 49 0.021889787 
818 27 18 21 0.021839255 
201 48 17 21 0.021736935 
908 77 17 21 0.021736277 
69 28 14 17 0.021700218 
34 35 21 25 0.02157014 
557 101 24 32 0.021485368 
618 59 15 18 0.021464726 
927 0 11 11 0.021416094 
334 18 14 18 0.02133557 
438 103 21 26 0.021146204 
14 82 18 24 0.021113932 
787 426 33 45 0.021078564 
669 368 27 40 0.021063048 
703 536 31 35 0.020971881 
814 45 19 25 0.020895792 
68 282 24 29 0.020875812 
243 551 40 33 0.020813588 
67 260 18 25 0.02077752 
1 157 17 22 0.020736834 
952 65 17 22 0.020608585 
489 -1 12 11 0.020580614 
357 135 22 27 0.020482283 
734 153 17 20 0.020473357 
523 53 16 20 0.020370385 
366 309 27 38 0.020358376 
718 549 36 32 0.020314228 
0 182 18 30 0.020313654 
643 136 15 22 0.020275936 
869 484 29 38 0.020238895 
809 54 21 27 0.020211868 
958 26 14 16 0.02020188 
864 420 44 52 0.02010685 
847 42 20 25 0.020045264 
517 49 17 20 0.020044113 
386 49 17 21 0.020003118 
