10_People_Marching_People_Marching_2_430
31
417 172 28 35 0.9915455 
164 163 34 39 0.99130803 
289 129 29 35 0.99093187 
634 203 41 52 0.99054503 
914 252 35 42 0.9771928 
770 201 40 44 0.9709712 
214 157 23 28 0.9651703 
90 145 21 29 0.70583314 
86 186 23 29 0.32210505 
57 127 29 33 0.27992958 
306 181 26 34 0.24042195 
539 164 44 56 0.12683189 
363 171 24 29 0.11178434 
58 192 26 31 0.108790465 
106 186 22 28 0.104964234 
586 227 27 40 0.10422342 
59 144 29 36 0.09344503 
71 189 27 31 0.0763809 
64 124 20 23 0.0638 
66 158 26 30 0.05124577 
264 214 27 31 0.040519956 
835 271 32 43 0.03806258 
168 145 28 32 0.037628643 
818 276 27 41 0.033383984 
364 166 17 21 0.033355128 
350 177 27 30 0.028054414 
87 161 25 32 0.027950805 
314 173 18 21 0.023025306 
274 220 26 33 0.022962721 
252 210 29 31 0.021107776 
738 220 20 24 0.020932565 
