10_People_Marching_People_Marching_2_822
27
317 76 82 103 0.9970741 
512 146 76 101 0.9967437 
665 222 89 102 0.9965258 
173 132 33 51 0.9651046 
107 148 16 22 0.9104615 
31 149 19 26 0.9045261 
841 259 17 21 0.90085125 
892 247 16 22 0.63352776 
883 263 12 15 0.5473115 
910 245 12 20 0.25884974 
68 165 12 14 0.1794712 
240 91 21 32 0.04460048 
835 289 15 18 0.041957736 
480 217 8 11 0.04072461 
880 257 19 24 0.039680336 
641 252 15 17 0.034977295 
801 238 10 14 0.031446308 
927 308 13 15 0.029129164 
62 157 14 19 0.028551016 
612 247 11 12 0.026945928 
787 253 9 12 0.025749419 
4 139 13 19 0.025182012 
832 285 14 17 0.024325358 
252 145 30 35 0.02383677 
482 177 13 18 0.023732211 
832 265 13 17 0.022434108 
893 279 12 15 0.020645874 
