10_People_Marching_People_Marching_2_823
38
361 200 193 258 0.9997731 
798 450 26 30 0.93383664 
232 414 24 32 0.79351914 
948 491 20 28 0.66462916 
991 462 14 16 0.3919509 
967 460 12 15 0.088863865 
143 449 10 12 0.074404135 
880 468 9 12 0.07423029 
211 390 23 29 0.07175864 
745 475 10 14 0.06977584 
691 461 10 11 0.06394933 
747 469 13 19 0.05670593 
672 458 11 16 0.05471849 
151 394 13 17 0.053884808 
217 413 29 29 0.052867036 
129 447 9 12 0.048465725 
650 456 22 30 0.043626696 
902 484 11 14 0.042930163 
851 481 17 20 0.039926402 
954 483 16 22 0.035855073 
204 409 27 25 0.03561038 
153 372 13 17 0.03480145 
1013 451 11 17 0.034599103 
950 468 20 30 0.03319794 
948 462 17 22 0.032592736 
134 447 9 13 0.032577574 
695 480 9 11 0.028721811 
704 485 7 10 0.028075295 
197 466 16 19 0.02540228 
662 455 22 29 0.024951812 
809 445 17 25 0.02471019 
897 485 10 13 0.024340592 
757 467 12 15 0.02408603 
217 409 18 20 0.023970503 
631 461 13 15 0.021766156 
922 472 14 17 0.020672817 
907 484 11 15 0.020660032 
836 467 11 15 0.02065346 
