10_People_Marching_People_Marching_10_People_Marching_People_Marching_10_552
17
437 102 74 87 0.9982785 
693 99 11 13 0.3818468 
795 91 10 13 0.27294835 
839 87 11 13 0.21599735 
712 3 19 21 0.17806406 
929 92 10 12 0.13449548 
958 100 10 12 0.12203404 
656 88 11 14 0.11440451 
628 93 15 17 0.081968434 
747 95 11 14 0.06347612 
636 34 23 28 0.048076764 
665 171 17 22 0.03925614 
773 88 14 19 0.02994092 
209 60 14 18 0.027099472 
691 0 17 13 0.025175534 
269 62 17 20 0.02496862 
282 322 27 25 0.020577416 
