10_People_Marching_People_Marching_10_People_Marching_People_Marching_10_848
29
759 132 55 68 0.99792105 
244 218 32 42 0.99561846 
642 168 47 54 0.994595 
482 160 43 53 0.99369425 
128 187 35 42 0.9931398 
363 200 42 51 0.98830765 
987 196 35 52 0.9242306 
583 200 27 40 0.9200071 
724 177 32 52 0.9176295 
108 242 18 21 0.26604837 
7 229 26 38 0.17358245 
735 156 40 59 0.09967847 
100 242 18 23 0.07011955 
538 107 16 18 0.05342083 
161 138 11 15 0.049309712 
254 433 9 10 0.041407797 
312 430 8 11 0.036303725 
523 100 15 17 0.031339884 
624 185 28 40 0.029102083 
106 204 20 25 0.028808698 
18 241 19 26 0.027255362 
249 433 8 10 0.025477905 
366 454 13 16 0.023794867 
528 108 26 27 0.02345475 
408 436 9 12 0.022730593 
451 445 11 15 0.021326438 
579 450 23 26 0.020869639 
347 390 10 12 0.020212455 
142 156 12 15 0.020162221 
