10_People_Marching_People_Marching_10_People_Marching_People_Marching_10_447
834
461 480 28 34 0.99683774 
967 475 26 32 0.9953099 
850 653 24 28 0.99440295 
964 392 24 30 0.99237376 
175 829 24 29 0.99224246 
410 454 24 30 0.9920013 
872 626 23 28 0.9913496 
615 364 22 30 0.9908126 
807 636 22 28 0.99027514 
925 616 25 30 0.9900842 
671 510 22 28 0.9885393 
247 483 24 30 0.98626846 
383 644 23 28 0.98566264 
36 687 23 28 0.9852593 
567 753 26 32 0.98510647 
883 406 25 27 0.98329824 
70 445 22 27 0.98139185 
769 744 24 29 0.97941965 
774 498 22 28 0.9791033 
609 692 24 27 0.9789569 
301 396 22 29 0.9782913 
185 575 22 29 0.9782568 
108 535 22 28 0.97786784 
831 524 22 30 0.97762406 
980 269 22 25 0.9766728 
736 333 19 24 0.9758242 
327 425 22 28 0.9752702 
132 793 23 28 0.9750734 
810 309 22 26 0.97491765 
701 18 22 28 0.97477055 
639 672 23 28 0.97404724 
252 810 23 28 0.97404194 
171 470 22 25 0.97353023 
489 326 21 27 0.9734352 
414 349 24 27 0.9729239 
214 883 27 32 0.97155356 
519 350 22 27 0.971455 
860 469 23 29 0.9691704 
277 547 20 26 0.96812403 
232 637 23 27 0.9680784 
14 291 21 26 0.96678025 
84 195 22 25 0.96657693 
80 891 27 35 0.9640847 
557 632 22 27 0.9639647 
296 335 20 24 0.9635022 
598 156 22 28 0.9625826 
310 642 22 26 0.9621792 
67 835 23 29 0.9620087 
759 104 22 30 0.96192044 
646 269 21 26 0.9613192 
971 166 17 21 0.96111125 
894 238 21 26 0.96040547 
273 280 18 24 0.9586282 
791 704 22 26 0.95816344 
260 438 21 26 0.95605224 
283 368 19 25 0.9558077 
567 274 22 28 0.9515986 
849 14 17 21 0.950555 
933 327 20 26 0.9495207 
193 428 23 27 0.9484508 
256 73 22 26 0.9473688 
180 602 23 27 0.94238657 
951 24 21 26 0.9418438 
563 330 23 27 0.94048375 
697 88 19 22 0.9370211 
404 86 22 27 0.936793 
662 151 20 25 0.9366897 
494 785 41 45 0.93503433 
831 244 21 26 0.93186504 
993 366 21 26 0.9308326 
357 510 23 29 0.9298046 
296 233 20 23 0.92939615 
256 569 22 26 0.9283134 
504 37 19 25 0.92363834 
908 67 18 23 0.9198466 
686 267 20 24 0.91957957 
620 3 20 25 0.9192491 
834 49 20 24 0.9178988 
406 798 33 38 0.91610825 
73 648 19 28 0.9153261 
992 524 25 28 0.91451746 
719 45 20 27 0.91440403 
795 280 18 23 0.9118882 
683 365 19 24 0.9091499 
900 731 23 27 0.9070183 
873 110 21 24 0.9061723 
637 241 16 22 0.9040547 
878 1 21 25 0.8970907 
145 346 19 24 0.89445436 
838 195 22 26 0.89439255 
150 174 20 25 0.89413756 
869 323 21 27 0.8929941 
462 103 16 22 0.8919986 
894 198 21 26 0.8838704 
529 179 20 22 0.8817207 
192 123 19 22 0.880715 
333 158 19 23 0.8783485 
904 160 19 23 0.87261057 
605 265 22 28 0.87259054 
993 108 20 24 0.87029696 
741 136 18 23 0.8592973 
108 59 19 22 0.8581746 
412 391 19 23 0.8562573 
767 358 21 23 0.8561676 
614 131 22 27 0.8528512 
546 134 19 22 0.85186225 
463 39 16 21 0.84614533 
14 455 21 26 0.84554935 
339 253 19 22 0.8444418 
992 342 19 24 0.8438656 
48 75 19 23 0.8432108 
18 153 22 25 0.84096926 
962 200 18 21 0.83656424 
459 306 22 24 0.8342106 
2 246 18 21 0.8337824 
561 106 21 23 0.8334131 
38 777 21 30 0.8293869 
58 584 18 23 0.8243932 
513 77 20 24 0.82175756 
427 28 17 19 0.82119876 
678 311 20 26 0.8207623 
148 667 22 33 0.8200699 
667 46 21 27 0.8152068 
873 383 19 23 0.8095128 
545 39 20 22 0.8079402 
854 292 19 24 0.80745596 
811 124 17 22 0.7996745 
167 540 23 25 0.79488933 
85 616 20 25 0.7903878 
340 851 42 52 0.79027385 
479 113 21 25 0.78675735 
534 706 23 28 0.78511757 
149 415 16 22 0.78344285 
720 296 18 22 0.77698255 
661 441 24 28 0.7755447 
461 183 20 27 0.76846343 
222 337 21 24 0.7683562 
206 59 18 22 0.7607856 
125 454 19 22 0.7581349 
501 289 19 22 0.7546303 
123 592 21 28 0.7483479 
630 95 20 22 0.74490136 
679 136 19 22 0.73975104 
337 472 20 26 0.73882455 
253 757 21 27 0.7351225 
48 665 17 22 0.7329076 
19 229 16 20 0.7176476 
410 168 24 28 0.7038668 
346 389 18 23 0.7028253 
534 268 17 22 0.7026632 
534 -1 22 19 0.6903305 
700 654 19 23 0.6832776 
658 479 19 23 0.6787365 
494 157 18 21 0.67450833 
828 369 16 22 0.67135245 
741 425 17 22 0.6616498 
904 444 21 26 0.65349317 
533 252 15 19 0.6488469 
149 881 21 36 0.6434514 
522 432 18 21 0.63000673 
423 283 18 23 0.6262913 
65 103 17 20 0.61535704 
515 261 12 17 0.60136527 
782 126 15 20 0.59965855 
114 129 17 22 0.59546244 
285 585 21 25 0.57722884 
37 592 14 18 0.5680987 
460 253 12 16 0.56802887 
592 57 20 27 0.5678816 
225 296 18 21 0.56553686 
214 98 18 24 0.5617255 
465 456 18 19 0.5541432 
754 537 23 29 0.5511654 
320 585 19 21 0.54567206 
492 436 15 22 0.543215 
158 731 24 28 0.5363963 
319 87 18 21 0.52659 
718 454 20 25 0.5115133 
55 5 20 24 0.50569713 
1011 238 13 21 0.49853772 
41 839 23 30 0.48879528 
947 232 17 21 0.48559794 
710 231 17 21 0.48340526 
574 226 21 25 0.47088382 
928 387 19 26 0.46011978 
806 423 21 28 0.45487103 
40 893 24 31 0.4528489 
193 12 16 21 0.448515 
730 462 20 26 0.4474923 
683 766 44 48 0.44368973 
824 166 19 26 0.4417821 
972 354 18 21 0.4400576 
927 733 30 38 0.43995488 
786 21 17 23 0.43773025 
386 260 15 19 0.43313283 
573 1 16 21 0.42631793 
178 908 18 23 0.42567828 
654 113 21 25 0.4191344 
749 167 19 23 0.41779792 
861 368 17 22 0.41672295 
959 101 21 29 0.40725583 
206 384 17 20 0.40661362 
811 817 24 32 0.40657625 
773 219 13 17 0.40122622 
137 555 19 22 0.3956528 
953 608 16 23 0.39509958 
797 23 14 19 0.3892316 
183 306 15 20 0.3861195 
628 336 18 22 0.37861204 
766 657 21 26 0.37440497 
340 366 16 19 0.36720726 
459 286 18 20 0.36328667 
348 408 21 25 0.36150578 
713 379 14 17 0.3588474 
762 410 20 24 0.35432658 
523 404 12 14 0.34780118 
112 511 20 22 0.3417359 
888 353 18 23 0.33589327 
749 82 16 19 0.3286462 
682 703 15 23 0.3285621 
348 705 23 28 0.32424524 
552 383 18 22 0.31891125 
725 0 14 17 0.31809297 
674 599 14 19 0.3109936 
234 295 18 21 0.3095235 
858 590 16 22 0.28711954 
955 313 18 23 0.28191006 
371 30 12 15 0.28121305 
605 527 18 22 0.2762637 
89 883 23 32 0.2746902 
1005 454 19 27 0.27137733 
825 141 12 16 0.26613224 
398 106 23 26 0.2622996 
321 8 19 20 0.260566 
804 180 12 14 0.2522635 
435 513 23 27 0.25083926 
543 466 21 30 0.24839777 
884 291 17 21 0.24693297 
778 246 16 20 0.2461347 
935 249 14 17 0.24593487 
139 579 17 21 0.24591249 
962 779 44 43 0.24368748 
107 681 17 21 0.24291097 
643 396 21 24 0.24164496 
320 495 17 20 0.23690186 
361 538 22 30 0.23387267 
340 587 18 21 0.23021343 
409 427 21 25 0.22991474 
315 312 18 24 0.2249907 
404 265 17 20 0.22300264 
569 157 17 26 0.22202815 
655 59 15 18 0.21830973 
251 123 12 16 0.21787205 
765 -1 14 13 0.21710412 
326 477 22 27 0.21587627 
910 0 16 19 0.2156115 
156 389 19 22 0.214918 
613 602 13 16 0.21448442 
126 319 16 22 0.21376579 
627 78 22 26 0.21274936 
144 56 22 28 0.21255712 
465 105 21 27 0.21080941 
734 176 15 17 0.20907217 
765 390 17 20 0.20801358 
636 387 17 21 0.20780468 
985 -1 16 14 0.20671572 
692 -2 18 18 0.2048825 
820 714 21 28 0.2034536 
697 585 23 26 0.20328972 
209 539 16 21 0.1985323 
969 211 15 19 0.19811185 
462 377 15 21 0.19660787 
616 448 18 21 0.19485559 
665 3 15 17 0.19420858 
637 270 18 24 0.19144025 
173 42 14 18 0.19075124 
595 456 17 24 0.187718 
972 218 17 20 0.18355414 
267 597 16 21 0.18231176 
814 180 14 16 0.18046291 
16 597 17 19 0.1802034 
647 330 13 18 0.17977113 
1004 183 18 23 0.17083327 
797 420 20 27 0.16895781 
884 448 22 29 0.16857351 
855 43 14 18 0.16745138 
392 543 17 22 0.16713627 
657 355 20 26 0.16484734 
832 362 19 24 0.16469671 
834 479 18 22 0.16201603 
551 158 14 16 0.16192606 
629 270 15 20 0.15865509 
233 395 20 25 0.15646812 
710 386 15 18 0.15625079 
853 253 14 20 0.15609114 
842 355 18 21 0.15225187 
659 51 20 26 0.15013316 
356 332 15 19 0.14877912 
-1 739 13 26 0.14679827 
961 706 24 26 0.14460325 
301 866 37 47 0.1434764 
19 465 19 24 0.1419196 
786 421 17 22 0.1407923 
696 675 15 18 0.14077918 
615 629 13 16 0.14032601 
505 297 18 24 0.13553482 
882 513 16 24 0.1352674 
560 380 16 19 0.13243295 
5 182 21 27 0.13223948 
508 248 16 19 0.12904982 
776 207 18 22 0.12576555 
339 558 21 26 0.12537883 
956 587 20 25 0.1222516 
766 794 27 30 0.12163192 
777 457 22 31 0.121390045 
649 324 15 18 0.12072219 
98 879 16 20 0.11919529 
385 856 37 51 0.11613049 
416 285 19 26 0.11566544 
274 590 19 25 0.11528795 
355 427 17 23 0.114091374 
775 192 16 19 0.113990694 
383 282 15 18 0.11233322 
429 82 16 22 0.112247765 
938 242 15 21 0.111518376 
11 62 15 20 0.11092384 
409 436 24 30 0.110366486 
702 120 16 20 0.110265285 
948 138 17 21 0.11013513 
541 63 17 21 0.109748684 
684 599 14 20 0.108234905 
243 316 18 20 0.10809592 
709 278 16 19 0.107997626 
619 606 13 15 0.10719176 
760 3 11 13 0.10592312 
654 351 16 24 0.10509079 
163 717 25 29 0.10491492 
818 174 16 21 0.10430332 
711 708 16 25 0.10261153 
193 651 24 30 0.10097176 
691 593 18 22 0.100326 
436 169 15 20 0.09695759 
127 358 15 22 0.09654968 
329 585 18 21 0.09580451 
317 262 16 21 0.09419051 
442 416 16 20 0.09381517 
948 590 15 19 0.093629375 
748 622 16 20 0.093450144 
236 316 17 19 0.091009155 
638 334 18 25 0.09030386 
1000 416 22 26 0.09025292 
122 131 17 23 0.08965907 
320 205 19 26 0.089083135 
980 346 21 25 0.08862299 
348 551 17 24 0.08811601 
348 399 18 23 0.08746457 
167 609 15 20 0.08727795 
318 772 25 31 0.08678188 
782 117 13 20 0.08644785 
607 603 13 15 0.08615849 
-1 547 12 20 0.08613336 
136 565 21 25 0.08603929 
171 611 21 26 0.085396744 
407 229 23 26 0.084670134 
836 138 15 20 0.084310055 
197 288 16 20 0.08369406 
316 667 17 20 0.083011426 
872 10 12 17 0.08159005 
2 46 17 21 0.08129912 
594 414 18 21 0.08093323 
334 238 22 27 0.080500044 
426 168 16 23 0.08035201 
389 375 20 25 0.080329135 
533 172 21 24 0.078028746 
413 78 22 29 0.0780212 
378 859 27 37 0.0775989 
636 88 20 25 0.07755759 
860 428 22 25 0.07730401 
567 99 20 23 0.07635286 
949 168 15 19 0.0763332 
247 358 13 18 0.07612288 
149 401 20 26 0.0752214 
969 148 17 19 0.07465141 
514 196 16 20 0.074616365 
409 260 16 18 0.07371668 
812 691 15 19 0.072846144 
946 193 14 18 0.07266617 
359 520 24 32 0.07251913 
842 251 20 26 0.07237012 
974 65 22 29 0.072331965 
231 561 13 17 0.07223993 
603 450 20 26 0.07155622 
816 451 19 24 0.070876256 
904 202 16 20 0.0699194 
783 274 13 19 0.06975587 
234 159 12 14 0.069707714 
5 236 21 26 0.069331534 
337 839 16 21 0.06868142 
452 375 19 25 0.06852696 
220 429 16 22 0.06798596 
372 39 17 25 0.067825116 
209 426 23 28 0.06782418 
451 226 16 20 0.067526214 
971 102 21 27 0.067016356 
22 634 21 29 0.06698506 
382 245 13 18 0.06663643 
241 290 18 21 0.06656379 
398 262 16 22 0.066527314 
310 306 15 21 0.065901324 
460 226 17 20 0.06589392 
356 440 16 20 0.065734245 
410 242 18 20 0.0649329 
620 342 17 21 0.06480827 
298 689 25 32 0.06479238 
686 32 17 19 0.06455475 
32 734 21 23 0.06451776 
2 784 19 23 0.06450688 
775 293 12 17 0.064308256 
450 362 18 19 0.06401756 
542 161 16 18 0.06381119 
565 856 35 55 0.06249479 
594 620 16 18 0.062479395 
501 246 17 20 0.062313564 
331 208 14 19 0.062207494 
741 168 19 24 0.06189827 
485 152 19 25 0.061627366 
914 317 14 18 0.061466884 
498 416 18 22 0.061184924 
739 186 15 18 0.060745437 
141 50 17 23 0.060733914 
392 92 13 19 0.060055513 
782 310 13 17 0.059869666 
662 241 13 20 0.05984208 
738 464 22 28 0.059616324 
751 418 21 25 0.059521627 
953 235 17 22 0.059461553 
211 137 12 16 0.059416465 
316 760 15 18 0.059216496 
62 499 16 21 0.05921461 
494 13 13 16 0.058668885 
1004 145 19 24 0.058471486 
668 362 21 25 0.057930786 
497 86 17 22 0.05788967 
193 96 16 20 0.05772324 
130 298 14 17 0.057070088 
753 790 30 35 0.05693465 
848 200 16 20 0.056663714 
29 503 23 28 0.0566444 
169 309 19 25 0.056470122 
687 483 14 18 0.056100015 
356 729 16 20 0.0557453 
954 164 14 19 0.05573128 
778 799 17 20 0.054962453 
776 657 18 23 0.05477395 
601 461 17 22 0.054732442 
657 554 13 15 0.054323617 
571 90 17 19 0.05400622 
196 37 15 17 0.0536035 
657 204 16 20 0.0526501 
526 256 14 19 0.05254092 
380 861 17 22 0.052426554 
381 226 17 21 0.052080035 
419 713 13 18 0.051996734 
874 269 14 18 0.051982414 
814 154 13 16 0.051628873 
409 270 16 21 0.05147587 
698 644 18 24 0.051452663 
588 410 17 21 0.05118541 
934 611 23 28 0.050153594 
194 49 17 23 0.0498652 
130 584 18 23 0.049526226 
459 134 16 20 0.049490318 
863 789 48 58 0.04898268 
909 389 16 19 0.048702784 
298 804 23 29 0.04832937 
275 68 16 21 0.048022307 
28 153 21 27 0.04771483 
491 422 21 28 0.047449075 
477 154 15 20 0.047412943 
813 721 17 21 0.047407288 
163 396 17 21 0.04704578 
596 604 14 17 0.046922237 
349 505 21 28 0.046677914 
848 360 20 25 0.04606208 
288 500 16 19 0.04597746 
252 285 16 19 0.045970142 
546 163 20 24 0.045843765 
915 654 21 27 0.045754135 
1004 271 19 26 0.045672454 
631 420 16 19 0.045555096 
605 385 13 19 0.04533547 
771 281 13 17 0.045185346 
753 648 21 27 0.045074195 
638 482 13 17 0.0448107 
54 657 21 25 0.044809535 
779 224 17 21 0.044798505 
520 84 16 23 0.04452784 
526 0 15 17 0.044511367 
445 377 16 22 0.044337276 
589 67 17 22 0.044242766 
406 290 14 19 0.043920014 
384 16 14 19 0.04364608 
132 412 15 18 0.043588474 
332 561 19 21 0.043365486 
483 390 18 20 0.04331373 
834 447 18 24 0.043156657 
296 587 15 19 0.0428594 
187 301 14 18 0.042805623 
141 403 13 16 0.042510267 
292 20 13 16 0.042497594 
387 880 32 43 0.042412117 
355 351 16 21 0.0422986 
957 596 21 28 0.042252094 
341 371 20 27 0.042017803 
613 621 14 18 0.041898258 
921 265 18 20 0.04184389 
783 30 15 20 0.041832652 
444 292 13 18 0.04180971 
617 267 16 22 0.04149306 
315 321 22 27 0.04135518 
508 468 18 23 0.041288782 
411 284 16 22 0.041276723 
606 58 18 24 0.041176263 
150 395 16 21 0.040855438 
339 839 31 39 0.040851545 
756 674 16 22 0.040823422 
390 143 20 26 0.04048546 
1010 205 14 21 0.039934788 
766 248 15 18 0.03990809 
571 453 15 20 0.039821174 
620 58 16 19 0.039440207 
4 50 22 29 0.039079327 
172 623 17 22 0.039016522 
219 389 20 26 0.03873805 
365 853 29 37 0.038727343 
347 718 21 26 0.03860909 
558 5 14 15 0.038594157 
169 711 19 23 0.038540114 
467 221 14 16 0.03845254 
950 706 15 21 0.03844238 
45 146 16 20 0.038355388 
147 43 17 21 0.0381147 
184 377 17 21 0.038069863 
347 130 15 23 0.03796733 
546 678 15 21 0.037809297 
761 420 17 21 0.03769847 
478 394 16 18 0.03704846 
134 405 14 17 0.036497053 
321 751 17 21 0.036227997 
763 31 15 19 0.03586858 
404 637 20 28 0.035779074 
557 118 18 22 0.035634983 
29 782 23 32 0.03558131 
771 623 16 23 0.035504863 
776 419 20 25 0.03538619 
876 390 23 25 0.035342406 
434 0 18 18 0.03533476 
56 106 14 19 0.035313748 
336 416 22 28 0.035267275 
6 81 14 17 0.035173316 
746 632 17 23 0.034954716 
322 310 21 25 0.034753945 
968 155 21 25 0.034661654 
850 52 20 26 0.034329575 
290 767 17 21 0.03410035 
381 894 29 42 0.034059104 
389 104 21 28 0.034054894 
836 348 16 19 0.033970777 
522 186 21 25 0.033964872 
154 38 17 21 0.03372788 
164 901 20 29 0.03359369 
78 3 15 18 0.033512574 
270 500 14 20 0.033424508 
74 538 17 21 0.033277895 
126 307 20 27 0.03318098 
614 431 16 19 0.032938026 
591 6 23 28 0.03284064 
352 543 20 27 0.032520916 
48 4 16 19 0.03251205 
1003 471 20 35 0.03247917 
242 397 22 28 0.03241985 
594 486 21 27 0.032387566 
44 653 17 24 0.032096382 
838 366 21 25 0.032066662 
444 421 19 25 0.03195508 
442 0 15 13 0.031851094 
172 912 17 24 0.03184568 
646 335 19 25 0.031807654 
396 0 18 17 0.03180579 
803 413 17 20 0.031694453 
693 25 15 22 0.031677146 
747 182 16 20 0.031645164 
61 751 23 27 0.03156488 
466 229 17 21 0.031442348 
994 703 14 22 0.03139682 
61 10 21 26 0.031199243 
162 418 15 18 0.031182054 
820 153 15 19 0.031058732 
581 477 23 29 0.030895865 
375 540 23 29 0.030673916 
699 103 17 22 0.030612007 
322 569 23 26 0.030553706 
998 229 12 18 0.030541562 
130 131 15 21 0.030341405 
156 895 16 27 0.030304024 
719 539 15 18 0.030157136 
292 417 14 20 0.030074328 
845 703 16 23 0.03005596 
921 676 22 29 0.029990321 
315 55 16 21 0.029872745 
829 292 17 19 0.029852882 
701 548 16 19 0.029818166 
856 583 13 18 0.029790908 
530 219 14 18 0.029632151 
196 40 22 26 0.029562755 
164 36 19 23 0.029534506 
793 138 17 18 0.029389637 
651 276 24 31 0.02938017 
7 167 25 30 0.029132288 
966 586 20 28 0.029049465 
782 278 20 24 0.028947465 
268 60 15 18 0.028920922 
190 608 22 28 0.028911203 
392 839 37 48 0.028897094 
410 73 19 22 0.028881224 
777 233 21 24 0.028842341 
529 439 16 20 0.028775722 
206 95 17 25 0.028746061 
671 152 18 22 0.02871931 
451 433 15 22 0.028678147 
3 100 17 21 0.028677909 
475 228 14 19 0.028641542 
418 251 15 18 0.028497448 
42 679 23 30 0.028425995 
340 178 177 235 0.02842386 
613 345 15 18 0.02832234 
788 412 14 18 0.028161457 
633 555 17 19 0.028102448 
379 141 21 27 0.02805806 
401 272 13 18 0.028040405 
418 606 20 25 0.027915541 
564 93 18 20 0.027886415 
197 379 16 20 0.027883016 
1 37 17 21 0.027766157 
918 231 15 21 0.027749747 
692 639 18 23 0.027685996 
948 67 20 25 0.027678251 
618 394 21 25 0.0275409 
296 472 19 28 0.027471293 
701 539 14 16 0.027384654 
773 472 27 34 0.027331244 
771 604 22 30 0.027279364 
787 454 20 28 0.027221508 
652 393 20 26 0.027153293 
716 404 16 20 0.027116286 
580 104 15 21 0.027104463 
724 367 16 18 0.027084118 
125 581 16 21 0.02703726 
763 371 23 28 0.0269767 
962 608 16 22 0.026933366 
757 663 19 25 0.026929973 
830 133 15 21 0.02675002 
509 84 17 23 0.026611228 
605 619 14 17 0.026571512 
314 759 24 30 0.0265642 
706 235 12 17 0.026541078 
39 236 15 21 0.026524046 
318 480 17 24 0.026523704 
714 390 16 20 0.026436474 
875 156 16 20 0.026435506 
326 514 23 27 0.026335264 
846 429 14 18 0.026222162 
495 403 15 17 0.02621852 
586 490 15 21 0.026146244 
554 465 16 22 0.026140185 
548 767 15 18 0.02604466 
388 364 16 22 0.026030349 
629 391 17 22 0.026030056 
321 789 19 21 0.026026625 
964 223 21 24 0.026011247 
933 490 16 20 0.025970997 
954 612 21 31 0.02580919 
749 539 16 21 0.025800439 
745 641 21 25 0.025793081 
614 400 15 21 0.025772661 
844 379 16 19 0.025758142 
264 558 22 30 0.02575313 
943 143 15 20 0.025751084 
731 420 18 23 0.025724871 
309 68 20 27 0.025703577 
46 783 19 27 0.02558513 
819 394 15 20 0.025524346 
358 685 16 18 0.025501367 
346 732 23 25 0.025461692 
667 547 12 15 0.0254576 
103 675 16 22 0.025384478 
261 581 22 29 0.025349481 
397 377 20 26 0.02531075 
912 735 16 22 0.025282959 
295 404 20 27 0.02527512 
578 451 21 27 0.025266841 
0 123 10 17 0.025231095 
676 37 22 26 0.025134403 
3 700 16 21 0.025083989 
6 67 20 27 0.025075318 
1002 231 20 26 0.025040297 
398 807 25 32 0.02495182 
230 313 16 19 0.024916217 
422 66 23 27 0.02490573 
921 537 15 18 0.024858782 
422 58 16 19 0.024831623 
956 5 14 17 0.024809226 
566 458 15 20 0.024804827 
425 51 17 20 0.024727399 
108 518 19 21 0.024721017 
142 651 21 30 0.024692994 
780 705 16 22 0.024631122 
386 348 22 31 0.024418078 
762 618 20 26 0.02441806 
828 392 13 18 0.024345906 
632 792 19 20 0.024336731 
638 104 22 25 0.024286868 
700 345 18 21 0.024250368 
338 829 26 30 0.024178134 
838 440 21 27 0.0241377 
36 192 16 22 0.024036821 
768 224 14 17 0.024014942 
496 111 19 26 0.023958968 
971 314 18 23 0.02389995 
139 315 15 20 0.023881473 
237 585 16 19 0.023756323 
10 225 21 27 0.023712866 
729 451 16 20 0.023711918 
623 345 24 30 0.02368689 
463 461 25 29 0.023668686 
70 142 14 20 0.02362787 
1012 174 11 17 0.023476038 
650 86 15 20 0.023439212 
406 321 20 24 0.02340344 
944 579 22 27 0.023313995 
215 35 13 16 0.023295514 
525 265 14 20 0.023248194 
413 418 23 27 0.023179645 
508 111 15 23 0.02314258 
115 844 21 26 0.023137257 
553 295 17 20 0.02312626 
254 42 14 17 0.023117121 
541 440 15 20 0.023078328 
590 450 17 23 0.023056375 
586 105 16 20 0.022950483 
585 325 18 21 0.022893969 
183 18 13 18 0.022874689 
770 0 15 16 0.022833204 
303 476 20 28 0.022818461 
315 76 19 23 0.022778815 
983 363 21 26 0.022737132 
776 22 20 25 0.022684477 
382 249 19 25 0.02250051 
640 656 21 27 0.022477513 
378 25 16 19 0.022477474 
472 306 17 20 0.022474846 
661 193 16 18 0.022420684 
187 942 30 37 0.02241361 
478 1207 10 11 0.022408783 
414 157 23 30 0.022318376 
554 445 17 22 0.022303782 
483 228 14 19 0.02229827 
218 587 16 20 0.02224545 
768 404 17 21 0.022144351 
929 734 45 57 0.022136929 
763 16 16 20 0.022130277 
610 125 20 25 0.022079956 
420 301 16 20 0.022043783 
14 587 16 21 0.022013761 
194 0 14 14 0.021969443 
407 251 16 19 0.021897677 
20 578 14 17 0.021860836 
859 13 14 18 0.02185477 
309 807 22 30 0.021848287 
897 291 21 25 0.021845322 
851 374 20 23 0.021843081 
932 144 13 17 0.02183712 
627 70 17 20 0.021795128 
622 332 16 21 0.021776246 
324 525 18 22 0.021688903 
603 608 15 19 0.02168392 
607 371 22 28 0.021626417 
842 792 48 55 0.021567818 
960 307 18 23 0.021512272 
249 318 22 24 0.021511354 
604 390 19 27 0.021505738 
532 449 14 18 0.021402057 
829 710 22 28 0.021376127 
628 605 11 14 0.02128305 
755 309 11 14 0.021218786 
437 289 13 18 0.021185435 
666 479 21 26 0.021180363 
0 104 12 18 0.021148054 
455 353 21 25 0.021128286 
866 72 16 21 0.021077117 
104 129 16 19 0.021054517 
149 597 15 20 0.020994043 
601 401 19 26 0.0209902 
373 903 25 35 0.020916784 
960 289 18 20 0.020880979 
720 408 21 24 0.020868573 
312 195 21 31 0.020866234 
991 418 16 20 0.020802869 
775 20 13 18 0.020797769 
582 64 15 20 0.020789905 
61 650 22 25 0.020734565 
977 212 16 19 0.020709848 
831 172 17 22 0.020587843 
628 323 17 21 0.020515816 
377 42 22 28 0.020487472 
162 313 20 25 0.02045576 
191 173 13 17 0.020408697 
388 688 11 16 0.020400507 
782 15 16 18 0.02039685 
708 149 14 17 0.02032251 
599 606 176 214 0.020285567 
587 440 16 19 0.020280354 
588 274 14 20 0.020273386 
130 483 14 19 0.02027098 
796 328 13 18 0.02026855 
537 245 16 19 0.02025518 
227 322 22 24 0.020199629 
833 464 22 30 0.020164767 
711 455 17 21 0.020160837 
770 669 19 23 0.020136843 
1010 303 13 21 0.020077407 
777 298 14 17 0.020077284 
669 391 16 20 0.020035755 
409 844 43 50 0.020031717 
