10_People_Marching_People_Marching_10_People_Marching_People_Marching_10_69
2119
958 629 23 30 0.9893378 
359 629 21 27 0.98619425 
491 546 17 21 0.9843598 
689 659 22 28 0.9840103 
162 513 15 20 0.97970474 
5 611 22 26 0.97956985 
716 540 21 28 0.97894096 
653 458 16 22 0.97853696 
651 345 14 17 0.97817445 
876 648 20 28 0.97708297 
0 659 21 29 0.9757186 
49 593 21 26 0.9749586 
932 446 14 20 0.97293526 
538 377 14 17 0.97188896 
821 369 14 17 0.9718561 
877 395 13 17 0.9718553 
712 181 10 13 0.9717534 
839 613 22 26 0.9709671 
795 542 18 23 0.9708661 
746 574 19 25 0.97059715 
843 477 15 21 0.97029614 
308 501 17 21 0.9702782 
258 636 19 23 0.97023904 
774 357 13 16 0.9701245 
425 450 16 18 0.96967894 
476 561 16 22 0.9695173 
238 356 14 18 0.96930987 
209 607 19 24 0.96773547 
733 416 15 19 0.9673612 
380 409 15 18 0.96677077 
766 444 16 21 0.9654229 
884 443 16 21 0.9651613 
683 419 14 17 0.96435416 
880 576 21 27 0.9637215 
181 163 10 14 0.9632081 
157 414 13 17 0.96027124 
231 549 18 22 0.959934 
461 215 10 13 0.9599108 
600 658 22 27 0.95804405 
629 372 13 17 0.95714456 
588 447 13 17 0.9570447 
512 565 18 22 0.956954 
485 269 11 13 0.9568979 
931 577 21 25 0.9560508 
359 456 15 20 0.95583427 
119 618 20 24 0.9552076 
449 270 10 14 0.9543797 
536 466 17 21 0.9542681 
978 602 21 25 0.9534806 
382 352 13 17 0.9527261 
181 446 17 21 0.95183796 
679 251 11 14 0.95183504 
178 653 19 25 0.9516887 
502 434 17 20 0.95139074 
467 299 13 17 0.95090777 
401 525 18 22 0.95078903 
395 503 18 20 0.95042026 
99 566 18 24 0.95005804 
869 543 18 22 0.94925874 
164 558 19 24 0.9474008 
660 306 12 15 0.94599056 
115 330 14 18 0.9442636 
437 293 11 15 0.9436845 
585 627 17 21 0.93999726 
728 501 18 22 0.9396644 
197 189 12 14 0.9392318 
483 310 12 16 0.9386711 
251 406 13 19 0.93860894 
996 526 18 22 0.9383451 
662 262 11 13 0.9372516 
631 495 15 20 0.9366987 
608 553 18 24 0.934616 
272 567 19 21 0.93456376 
170 488 16 23 0.9332593 
391 596 20 23 0.93312186 
149 147 11 13 0.9303582 
541 540 16 20 0.9300974 
301 481 18 22 0.9295948 
470 502 16 19 0.9293242 
886 482 18 20 0.9277928 
780 503 14 18 0.9268073 
762 651 19 21 0.92636365 
755 616 21 27 0.92470527 
439 619 19 21 0.9236715 
109 219 13 15 0.9224668 
562 533 18 24 0.9220894 
980 337 12 16 0.91845644 
493 143 9 11 0.9180196 
716 357 16 20 0.91644675 
300 423 13 16 0.91523534 
217 659 18 24 0.9123156 
792 379 13 17 0.91196114 
143 228 12 15 0.9119586 
402 575 19 25 0.90972245 
562 373 13 16 0.9088372 
457 468 13 16 0.90780497 
440 474 17 21 0.90756756 
222 518 17 20 0.9074234 
423 490 18 21 0.9070563 
166 209 12 15 0.9053778 
691 274 12 14 0.9044961 
549 580 17 19 0.9037047 
612 209 12 15 0.9005026 
710 305 12 16 0.89913106 
601 310 11 15 0.8990788 
734 310 13 15 0.8989191 
135 662 23 26 0.89614874 
566 459 14 18 0.89586115 
822 572 20 26 0.89510316 
226 486 15 19 0.8948771 
320 194 11 14 0.8947192 
686 390 13 17 0.8943574 
92 244 12 16 0.89427185 
646 583 17 20 0.89382 
505 495 15 20 0.8931939 
295 457 17 22 0.8916965 
950 476 18 21 0.8909101 
567 266 10 14 0.8903416 
697 485 17 22 0.8901803 
578 493 15 19 0.8887228 
54 561 13 16 0.88771325 
359 536 16 21 0.88661253 
560 318 11 15 0.88620424 
706 339 13 17 0.88382894 
429 659 21 25 0.8830336 
298 199 11 14 0.8817424 
518 167 10 11 0.8814766 
727 475 14 18 0.8791083 
820 164 9 11 0.87883496 
455 245 9 12 0.87878007 
498 160 8 10 0.87877667 
449 372 15 18 0.8757611 
890 633 18 22 0.8747142 
385 197 9 11 0.8702313 
761 506 15 19 0.8698178 
638 195 9 12 0.86914927 
451 325 12 16 0.8689204 
458 180 9 11 0.8669095 
87 510 20 24 0.8666198 
130 477 14 18 0.86562276 
716 215 10 12 0.8639918 
680 192 9 11 0.8618096 
629 419 13 20 0.8605318 
507 671 21 26 0.8595902 
474 159 10 13 0.858805 
533 610 18 25 0.8584863 
463 277 10 13 0.85739386 
98 195 11 14 0.85723865 
786 406 14 17 0.85651964 
294 176 10 11 0.8541178 
628 328 12 16 0.85186696 
188 132 10 12 0.85185975 
722 385 13 17 0.8469277 
659 290 12 14 0.8455634 
511 239 10 12 0.8424903 
846 418 16 18 0.83770204 
146 96 8 10 0.8371758 
504 635 17 19 0.8340442 
272 196 9 12 0.83271104 
750 92 8 11 0.8307078 
428 315 12 15 0.82714355 
806 400 13 17 0.8227452 
622 280 12 15 0.82159376 
138 195 12 14 0.8175918 
340 374 13 16 0.81242055 
244 611 17 20 0.8112122 
528 207 9 12 0.8110628 
302 604 18 23 0.80867106 
318 548 17 22 0.8063972 
623 176 9 11 0.8027057 
998 596 15 21 0.799634 
492 187 10 13 0.79408765 
375 180 10 12 0.79305285 
739 328 12 15 0.7899643 
886 324 12 15 0.7878379 
592 172 9 12 0.7861685 
131 155 10 14 0.7845933 
368 498 16 21 0.7828641 
242 155 9 12 0.7823027 
616 265 10 13 0.77426636 
547 112 7 10 0.7701673 
604 243 11 14 0.7669711 
737 141 9 11 0.76455855 
507 282 11 14 0.76366556 
704 162 10 12 0.7585555 
314 672 22 26 0.75810325 
597 509 18 20 0.7507779 
217 196 10 13 0.74835324 
855 149 8 11 0.748199 
679 215 10 12 0.7481738 
463 116 8 11 0.7462843 
235 141 8 10 0.74533284 
647 108 9 11 0.74523544 
722 444 12 17 0.7441443 
292 109 8 11 0.7367166 
640 312 11 14 0.73346245 
688 326 14 17 0.72995216 
908 472 12 15 0.72987014 
406 163 8 11 0.7293593 
436 129 9 11 0.72927064 
772 152 9 11 0.7287937 
112 107 9 12 0.7285534 
659 230 11 12 0.72713846 
697 637 16 18 0.7257745 
380 382 15 18 0.72084296 
595 331 11 15 0.7094326 
497 221 9 11 0.7079705 
107 251 12 17 0.707927 
163 181 12 15 0.70792645 
196 215 11 14 0.7013118 
436 223 9 11 0.6999232 
567 300 10 12 0.6902942 
645 330 13 15 0.6897811 
241 54 6 9 0.6862598 
473 141 10 12 0.6804863 
325 165 8 11 0.67969346 
581 350 11 13 0.6743874 
781 106 9 10 0.6715077 
441 252 9 11 0.6676144 
503 208 9 11 0.66555357 
104 316 12 16 0.6653238 
420 121 9 11 0.6639693 
691 152 8 10 0.6638184 
286 661 19 25 0.6572134 
269 415 14 18 0.65705216 
408 99 7 8 0.6543571 
844 367 10 12 0.6532979 
760 105 8 11 0.6525196 
308 171 10 13 0.6433931 
741 76 8 11 0.6425021 
288 404 11 15 0.6421551 
817 527 16 18 0.6381059 
951 306 12 16 0.6241378 
918 546 21 24 0.62353134 
584 140 8 10 0.6194033 
428 170 9 11 0.61667526 
75 227 12 14 0.6096357 
445 116 8 11 0.6055688 
466 411 14 16 0.6004618 
586 231 10 13 0.5987997 
132 180 10 12 0.59876895 
647 37 8 10 0.5937147 
174 138 10 12 0.588922 
242 121 7 9 0.5878735 
446 191 8 11 0.5876329 
614 141 7 10 0.58497036 
222 112 9 12 0.58350706 
85 444 10 12 0.5828331 
531 157 8 11 0.58070624 
744 392 13 16 0.5785986 
603 191 10 12 0.5746186 
265 182 9 12 0.57316554 
701 125 8 10 0.5644106 
402 72 6 9 0.5617543 
633 247 10 13 0.5615158 
653 551 15 20 0.5588457 
430 79 7 10 0.55543464 
581 255 9 12 0.54517245 
348 54 6 9 0.54073375 
786 143 9 11 0.5393958 
204 91 8 11 0.53837013 
312 96 7 9 0.53504944 
326 359 12 15 0.53494984 
368 125 8 10 0.5323324 
345 160 10 12 0.5290683 
312 152 8 9 0.5289351 
535 193 9 11 0.5286318 
329 184 8 10 0.5280182 
282 184 9 12 0.5252137 
721 69 8 10 0.5242245 
468 190 9 12 0.5188261 
685 229 8 11 0.5153566 
433 534 13 16 0.5150395 
74 192 9 12 0.51486605 
645 132 7 10 0.500235 
705 109 7 9 0.49935743 
293 137 7 9 0.4979771 
819 670 23 23 0.49696484 
471 264 11 13 0.49145845 
835 332 11 14 0.48144066 
609 118 7 9 0.46512124 
59 198 12 14 0.46505573 
334 130 7 9 0.46503606 
407 674 17 19 0.46001238 
119 203 9 12 0.45905498 
580 113 8 10 0.45555866 
895 132 9 11 0.45053765 
200 117 8 10 0.4489393 
296 159 7 9 0.4485084 
471 103 7 9 0.44232413 
816 342 11 14 0.44209796 
598 284 9 12 0.44189015 
382 73 8 10 0.44092014 
213 164 9 12 0.43886405 
409 193 9 11 0.43700972 
107 464 12 14 0.43401867 
549 630 17 21 0.43236732 
183 73 7 9 0.4277179 
502 121 8 10 0.42228454 
204 134 10 12 0.42056742 
229 188 8 11 0.4169646 
610 359 14 15 0.41345522 
874 108 8 11 0.41242796 
84 656 14 19 0.4122978 
454 103 6 8 0.40983954 
242 180 12 15 0.40432528 
521 286 10 13 0.40406263 
551 426 13 15 0.403454 
231 227 12 13 0.39886403 
185 100 9 11 0.39653867 
166 152 9 11 0.39509308 
92 483 12 15 0.3929276 
881 533 15 20 0.3909813 
116 189 9 12 0.38987353 
593 207 9 12 0.38949934 
544 219 9 12 0.38928232 
137 111 7 9 0.3881162 
203 359 12 15 0.3844321 
865 134 9 11 0.38295072 
392 94 7 9 0.38026768 
713 235 10 12 0.37955946 
326 469 12 16 0.37875974 
349 125 8 11 0.37791535 
759 120 8 9 0.37718812 
128 82 7 9 0.37258834 
196 426 13 15 0.3713911 
293 63 7 8 0.36980486 
766 575 13 18 0.3677591 
568 127 7 9 0.36289084 
134 129 9 11 0.36012062 
157 85 7 9 0.35842964 
728 51 8 11 0.35811394 
594 154 8 10 0.35644823 
586 97 7 9 0.3564332 
913 170 12 15 0.3544222 
218 112 9 12 0.35419285 
690 177 9 11 0.34819958 
228 46 7 9 0.3450238 
218 65 7 9 0.34264377 
617 165 7 9 0.33769512 
345 119 9 11 0.33767828 
311 62 7 8 0.33343652 
998 564 21 25 0.32777554 
656 184 8 10 0.32748365 
521 113 9 10 0.32681987 
100 486 13 14 0.32148913 
805 570 15 20 0.32133293 
692 301 11 14 0.3150659 
216 33 6 8 0.31463006 
333 617 17 20 0.3145554 
142 69 7 9 0.31001127 
454 199 8 11 0.30515695 
100 125 9 11 0.3042184 
687 53 7 9 0.30366528 
167 362 10 14 0.3024422 
378 145 8 11 0.3018759 
416 144 9 12 0.30176783 
573 175 8 11 0.29979128 
621 129 7 9 0.29796502 
376 18 7 9 0.29778582 
554 81 7 9 0.29290417 
509 256 8 10 0.29184106 
333 101 8 10 0.29055214 
713 52 8 10 0.28991574 
567 580 13 18 0.28865623 
121 143 8 10 0.28565684 
63 312 14 17 0.28559166 
583 13 8 10 0.28545848 
300 535 13 17 0.28320184 
447 79 7 8 0.28228763 
200 139 10 12 0.28092784 
271 113 7 8 0.28057742 
208 235 11 13 0.27998564 
351 207 9 12 0.27661952 
377 104 7 9 0.27564666 
363 350 11 14 0.27559507 
395 126 7 9 0.2750169 
407 57 7 9 0.27275333 
17 575 17 22 0.27198982 
121 400 11 14 0.27071103 
273 169 8 10 0.27002588 
281 152 8 11 0.26881883 
361 167 8 11 0.2687165 
437 98 8 10 0.26630905 
275 92 8 10 0.26390132 
581 291 10 12 0.26189086 
447 5 6 9 0.26072755 
504 388 12 14 0.25982413 
391 214 8 10 0.25876606 
185 25 7 8 0.25702056 
170 86 7 9 0.25674382 
394 582 24 28 0.25285298 
923 643 11 13 0.25129712 
624 224 10 12 0.24844086 
399 37 7 9 0.24695534 
98 148 9 12 0.24584925 
328 97 7 9 0.24482575 
686 126 8 10 0.24258631 
605 399 10 13 0.24180055 
288 349 9 12 0.23985459 
94 642 21 26 0.2389224 
233 88 9 11 0.23774667 
673 157 7 10 0.23549947 
262 149 8 11 0.23421195 
622 358 14 15 0.23088947 
466 419 14 16 0.23061149 
398 113 8 10 0.22820483 
649 183 8 10 0.22791614 
321 63 6 8 0.2278735 
593 296 11 13 0.22762598 
369 42 7 9 0.22535454 
435 366 12 16 0.2253107 
726 104 7 9 0.22461247 
638 149 8 11 0.22262564 
98 120 8 10 0.22257824 
218 6 7 8 0.21986073 
269 130 8 10 0.21907291 
569 142 8 10 0.21735492 
670 153 7 9 0.21597867 
88 86 9 11 0.21511942 
289 82 6 8 0.21475984 
523 145 8 11 0.20973065 
498 80 8 9 0.20944487 
435 101 7 9 0.20837031 
501 212 10 13 0.20745762 
456 97 6 8 0.20687021 
695 244 9 10 0.20685004 
207 173 9 11 0.20650116 
319 128 7 9 0.20484546 
763 387 12 14 0.20199129 
545 136 7 9 0.2014232 
342 366 13 16 0.19975941 
109 174 8 10 0.19778875 
762 79 8 10 0.19649999 
546 151 8 10 0.19533385 
603 85 7 9 0.19505852 
693 197 8 10 0.19439596 
681 137 8 10 0.1941488 
160 113 8 10 0.1928814 
498 56 6 8 0.19287013 
167 110 8 10 0.19252157 
626 63 7 8 0.19216567 
337 379 12 15 0.19127375 
865 409 12 15 0.19051985 
120 236 13 16 0.19024165 
173 627 16 16 0.19009238 
514 129 7 9 0.18970156 
419 428 11 13 0.18840006 
338 33 8 10 0.1868912 
198 31 7 9 0.18654302 
439 63 6 8 0.18611303 
152 58 7 8 0.18591724 
315 79 6 8 0.18399644 
210 17 7 10 0.18148744 
74 269 12 16 0.18145998 
1001 204 12 14 0.18023545 
799 168 8 10 0.17965508 
62 452 12 14 0.17852479 
526 150 8 11 0.17845458 
366 57 7 9 0.17627993 
327 161 8 11 0.17576377 
374 20 7 9 0.17551789 
717 446 13 18 0.17548929 
479 89 7 8 0.17424618 
725 270 9 11 0.17318134 
758 380 12 15 0.17290223 
421 143 10 12 0.17239593 
473 136 8 10 0.1717385 
127 97 7 10 0.17106752 
213 220 10 12 0.1704729 
510 143 8 10 0.16818686 
896 523 12 16 0.16770104 
313 156 8 10 0.16703834 
570 22 6 9 0.16681464 
263 89 7 9 0.16602004 
792 204 8 11 0.16588187 
662 54 6 9 0.16472372 
449 196 10 12 0.16377811 
710 85 7 9 0.16268834 
534 95 7 9 0.16103902 
644 549 16 21 0.16068785 
68 372 11 13 0.15852647 
615 137 8 10 0.15746401 
28 228 12 15 0.15743083 
644 286 10 13 0.15707743 
819 437 13 18 0.15702797 
134 394 11 13 0.15684189 
226 182 9 11 0.15613343 
558 81 8 9 0.15613194 
583 185 7 10 0.1547832 
1010 306 11 14 0.1544277 
513 85 6 9 0.15384829 
150 133 8 10 0.15058038 
194 63 8 9 0.1481491 
910 349 9 12 0.14812014 
405 72 7 9 0.14808494 
358 93 7 9 0.1469973 
549 157 7 10 0.14676104 
752 212 9 12 0.14671433 
718 639 17 21 0.14548005 
361 332 10 12 0.14546347 
195 32 6 9 0.14449953 
505 190 9 12 0.14431003 
270 79 6 8 0.14367215 
274 61 7 8 0.14336424 
808 197 8 11 0.14319314 
489 22 7 9 0.14247702 
752 374 11 14 0.14053325 
712 451 14 17 0.13996229 
413 421 12 15 0.13982174 
383 119 6 9 0.13640137 
251 22 7 8 0.1363609 
480 347 12 15 0.13624744 
392 17 6 8 0.13617541 
689 50 7 9 0.13607441 
161 227 10 13 0.1352351 
393 120 8 10 0.1350331 
349 103 7 9 0.13427842 
435 62 6 8 0.13417189 
543 142 8 10 0.13415259 
698 122 7 10 0.13392138 
760 175 8 10 0.13311966 
120 352 11 14 0.13303134 
467 48 6 9 0.1325319 
486 127 8 10 0.13192262 
764 334 11 13 0.13134071 
536 445 12 14 0.12928614 
462 160 8 11 0.12864226 
494 246 8 10 0.12822221 
577 70 7 9 0.12817274 
745 214 8 10 0.12764499 
550 133 8 10 0.12690055 
914 575 14 19 0.12678014 
550 260 9 11 0.1264625 
962 547 14 21 0.1262556 
240 174 11 14 0.12611644 
350 237 8 11 0.12546349 
96 144 9 11 0.12511668 
505 262 9 12 0.124256864 
577 207 8 10 0.1233512 
303 121 8 11 0.12201077 
458 160 8 10 0.121858396 
141 180 11 13 0.121847615 
32 374 11 14 0.12150057 
57 268 12 14 0.12105876 
513 112 8 10 0.120685734 
266 112 7 9 0.120400235 
756 212 9 11 0.11961487 
243 72 6 9 0.11906582 
712 287 9 11 0.118878074 
370 96 6 8 0.11871403 
263 56 6 7 0.11844996 
529 193 9 10 0.118443385 
362 56 7 9 0.117839724 
239 9 7 9 0.11760969 
568 223 8 11 0.11676046 
377 110 7 9 0.116694376 
424 30 7 8 0.116332166 
313 32 6 8 0.1155799 
311 348 10 12 0.11550557 
184 9 6 8 0.11542708 
738 126 7 9 0.11520959 
187 235 11 13 0.11494763 
741 126 8 9 0.1129291 
369 420 12 15 0.11266032 
354 94 7 9 0.1124986 
199 74 7 9 0.11182012 
121 85 7 9 0.11173548 
479 93 6 9 0.11157258 
399 48 7 9 0.11156422 
986 597 19 24 0.111559674 
552 174 8 10 0.11108827 
234 29 6 8 0.11057686 
850 317 9 12 0.110293865 
525 116 8 10 0.11001115 
481 238 9 11 0.109944336 
274 117 7 9 0.10952715 
394 49 6 8 0.10913254 
418 41 7 8 0.10882192 
825 150 9 11 0.108733125 
727 109 7 10 0.10873031 
682 54 7 9 0.10862591 
324 189 11 13 0.10842233 
817 92 9 11 0.10825384 
465 70 6 9 0.10821455 
488 674 15 20 0.10790606 
136 211 10 13 0.10782328 
211 586 13 16 0.107723646 
814 665 16 20 0.10768621 
1010 186 11 14 0.10753208 
223 69 7 9 0.10657794 
653 276 9 11 0.10584189 
286 46 6 9 0.10582461 
183 30 7 9 0.10573265 
279 61 7 9 0.105217226 
702 208 9 12 0.10449231 
499 124 8 10 0.10390272 
507 381 12 15 0.10346848 
200 56 7 9 0.103257164 
277 537 13 15 0.10303613 
566 135 8 10 0.1029868 
627 467 14 18 0.10294158 
1015 333 8 12 0.10262972 
420 149 9 11 0.10218175 
328 17 7 9 0.10210622 
61 248 10 13 0.10153223 
598 133 7 9 0.10138343 
145 128 8 11 0.101066045 
262 41 7 8 0.101003475 
213 16 8 10 0.10084519 
702 29 7 9 0.100815564 
641 15 7 9 0.10080813 
459 30 7 9 0.10054629 
601 33 7 9 0.100475505 
319 343 9 11 0.10044896 
167 39 7 8 0.09975198 
175 386 12 15 0.09967409 
304 41 6 9 0.099179804 
672 64 7 8 0.09898562 
159 165 9 11 0.09890168 
110 294 13 16 0.09887841 
940 411 15 18 0.09862576 
566 229 8 10 0.09861647 
89 79 9 12 0.09832342 
418 46 6 9 0.098021045 
282 29 7 9 0.09789816 
256 110 7 10 0.09784619 
523 31 7 9 0.097814284 
406 17 6 8 0.097786956 
425 26 6 8 0.09776797 
999 343 11 13 0.097389355 
378 119 7 9 0.096931666 
170 81 7 10 0.09644713 
557 238 9 11 0.09641469 
654 70 7 9 0.0962037 
623 252 9 11 0.096179076 
360 109 7 9 0.09524103 
362 172 8 10 0.09507751 
121 595 15 18 0.09477956 
935 337 13 15 0.094646014 
56 525 12 16 0.09419061 
664 144 7 9 0.09404653 
562 159 7 10 0.09291943 
578 115 8 11 0.09248664 
217 351 10 13 0.09214876 
741 191 10 12 0.091941416 
692 180 9 12 0.091878064 
287 158 8 10 0.091625266 
865 317 8 12 0.09149326 
313 126 7 9 0.09105593 
701 263 8 11 0.09103613 
776 63 7 8 0.09097103 
207 129 9 11 0.09089825 
168 15 6 9 0.090824395 
314 113 7 9 0.09014484 
104 134 9 10 0.089899495 
400 207 9 11 0.08982185 
330 601 23 31 0.089435145 
152 40 7 8 0.089141004 
209 47 7 9 0.08886047 
142 174 11 12 0.08872581 
639 55 6 8 0.088607036 
379 72 7 10 0.08849324 
479 365 14 17 0.088426985 
471 117 7 10 0.088136226 
318 112 7 9 0.08787955 
881 155 9 12 0.087542415 
719 286 9 12 0.08750075 
725 277 10 13 0.08700953 
632 45 8 9 0.08674395 
87 651 20 25 0.08660686 
278 118 7 9 0.08658073 
47 346 14 15 0.08613569 
649 88 6 8 0.08581093 
307 62 7 9 0.08573687 
576 181 8 10 0.08504671 
560 184 7 9 0.085032254 
170 140 9 12 0.08498689 
160 150 10 12 0.08485906 
166 165 9 11 0.084777795 
224 175 9 11 0.08474527 
233 412 11 15 0.08457741 
193 72 7 9 0.08410704 
961 374 10 13 0.083959654 
719 247 8 10 0.08375665 
767 175 7 9 0.08340079 
162 158 9 11 0.08307312 
479 118 7 8 0.082791165 
258 55 6 8 0.08277522 
596 374 10 13 0.08275254 
567 0 7 9 0.08229131 
574 142 9 11 0.08215631 
214 78 7 9 0.08208886 
287 42 6 8 0.08205055 
529 174 7 10 0.08193544 
282 41 6 8 0.081775285 
322 55 8 10 0.08167332 
576 326 12 14 0.081623584 
486 48 7 8 0.08150904 
209 39 7 9 0.08146515 
528 223 8 10 0.08121473 
705 143 6 9 0.08113963 
263 520 14 18 0.0809837 
88 136 9 10 0.08075898 
583 206 7 10 0.080096036 
725 262 9 12 0.08006712 
166 229 9 11 0.07982273 
286 24 7 9 0.07974661 
493 176 9 10 0.079663344 
459 118 8 10 0.07966307 
408 134 8 10 0.07938412 
589 97 8 9 0.07932008 
941 334 12 14 0.07924995 
656 165 7 10 0.07922902 
510 268 10 12 0.07879133 
508 260 10 12 0.07851201 
695 192 8 10 0.07837131 
246 71 6 8 0.07810517 
110 134 8 10 0.0780793 
131 322 13 16 0.07789505 
709 270 9 12 0.077615336 
609 158 8 10 0.07698396 
439 46 6 8 0.07697321 
154 113 7 10 0.076954514 
109 284 12 14 0.07656193 
507 95 6 9 0.076150686 
275 606 13 17 0.07576437 
667 150 8 11 0.07562161 
313 119 8 10 0.07553999 
424 348 12 16 0.07552084 
684 466 13 16 0.07551732 
509 350 10 14 0.075146355 
256 105 7 9 0.07511667 
568 18 6 9 0.074998215 
210 160 10 12 0.07489893 
663 87 7 9 0.074789636 
160 135 8 9 0.07473254 
344 359 10 13 0.07450709 
433 31 7 8 0.07437841 
179 402 13 16 0.07392149 
231 78 7 9 0.07351662 
290 85 6 8 0.07336542 
703 134 8 11 0.0731752 
385 49 6 8 0.073122084 
576 214 8 10 0.073085666 
596 211 9 12 0.07297198 
165 176 11 14 0.07296272 
366 173 8 10 0.07289978 
95 80 8 10 0.072603054 
234 9 7 8 0.0724429 
672 396 10 13 0.072424084 
753 119 8 9 0.07215969 
511 134 8 10 0.072150275 
605 83 7 8 0.07209004 
474 96 7 9 0.07199313 
224 94 7 9 0.071991496 
182 38 7 9 0.071658246 
883 412 10 12 0.07132725 
706 85 7 9 0.07128669 
430 401 13 18 0.07127658 
356 206 9 13 0.07114205 
528 197 10 12 0.07105746 
259 39 6 9 0.07104316 
218 143 7 9 0.07082727 
289 141 8 9 0.07066812 
494 62 7 9 0.07063446 
433 208 8 9 0.07057567 
511 118 7 9 0.070547365 
602 112 6 8 0.07049174 
703 254 9 10 0.07047484 
346 207 9 12 0.07026922 
353 6 7 10 0.06989505 
173 291 11 14 0.069230616 
349 173 8 11 0.06912483 
566 160 7 9 0.069112845 
361 40 6 8 0.06906591 
519 223 9 10 0.06878597 
322 6 7 8 0.068665035 
608 152 7 10 0.068563245 
547 602 12 15 0.06788613 
567 87 6 8 0.06782074 
540 604 16 21 0.06726118 
395 112 7 9 0.067238666 
721 254 9 11 0.067018725 
303 46 7 8 0.067006186 
504 268 9 11 0.066887625 
697 262 9 11 0.06673204 
642 33 8 10 0.06667153 
882 642 18 22 0.066458635 
798 320 10 13 0.06644028 
148 182 10 12 0.066381276 
486 231 8 11 0.06624663 
322 95 6 9 0.065955155 
661 184 8 10 0.065900944 
178 38 7 9 0.06588859 
876 105 9 11 0.065875605 
465 25 6 8 0.06579776 
743 364 13 15 0.06504508 
703 397 11 14 0.06493564 
261 229 9 11 0.064894654 
834 46 8 10 0.06485189 
412 195 9 12 0.064771 
337 269 8 11 0.064625494 
829 152 8 11 0.06460874 
398 151 7 9 0.06442993 
634 143 7 10 0.064378254 
855 364 12 15 0.06426946 
680 77 7 9 0.06423557 
94 66 7 8 0.06416456 
219 356 10 13 0.064125896 
361 7 6 8 0.063947976 
849 182 9 11 0.06394594 
133 471 15 17 0.063813515 
869 160 9 11 0.063771024 
219 454 12 17 0.06353656 
942 326 10 12 0.06305428 
220 403 13 16 0.062954575 
338 81 6 8 0.062950395 
822 143 10 12 0.062891975 
494 253 9 11 0.0627273 
130 128 8 10 0.06270188 
362 142 7 9 0.06260952 
123 96 7 9 0.06250669 
537 135 7 9 0.062462784 
624 81 6 8 0.062362287 
488 246 8 11 0.06229125 
513 64 7 9 0.062121194 
753 175 8 10 0.061995864 
95 69 7 10 0.061628528 
480 245 9 11 0.061470047 
988 380 10 12 0.061139505 
229 212 10 12 0.061113015 
501 314 14 16 0.061049484 
670 528 11 17 0.06100213 
704 65 7 9 0.06096172 
449 205 8 10 0.060912944 
737 120 7 9 0.06069588 
162 41 6 9 0.060692582 
656 161 8 9 0.060551763 
407 177 8 10 0.06045103 
672 71 7 9 0.060318638 
262 1 7 9 0.060147632 
262 47 7 9 0.060071334 
502 54 6 8 0.05997378 
480 71 6 8 0.05983535 
505 141 8 11 0.059690695 
393 2 7 8 0.059612207 
658 50 7 8 0.05951293 
665 22 7 9 0.059206776 
626 85 6 9 0.059195027 
631 85 6 9 0.059065524 
211 230 11 14 0.058981173 
408 23 6 8 0.05888729 
326 49 7 9 0.05888586 
383 127 7 8 0.058837414 
248 112 8 10 0.058782153 
319 33 7 8 0.05873439 
87 462 11 15 0.05855101 
488 104 6 8 0.058469627 
443 6 7 9 0.058397546 
576 293 10 13 0.0583608 
53 381 10 13 0.05830726 
695 79 7 10 0.058181837 
520 54 7 8 0.058171835 
313 145 7 9 0.058109723 
593 129 7 8 0.058078084 
464 79 6 8 0.057976406 
257 143 7 10 0.05767373 
766 118 8 10 0.05762719 
671 30 7 9 0.0572405 
449 86 7 9 0.057231575 
337 86 7 9 0.05719789 
309 335 9 10 0.05697076 
417 71 6 8 0.056905944 
316 347 10 13 0.056883827 
599 224 8 10 0.056833234 
413 413 11 14 0.056748804 
632 167 7 9 0.056733087 
145 54 6 8 0.05668896 
498 110 7 8 0.05659646 
174 111 7 10 0.056589793 
105 94 7 9 0.056276422 
497 86 7 8 0.05604771 
402 97 7 9 0.055961777 
929 547 16 20 0.055844333 
689 78 7 9 0.055816166 
537 259 9 12 0.055804797 
574 437 11 15 0.05577508 
729 127 7 9 0.05552397 
277 173 8 11 0.055515867 
372 22 6 9 0.055466432 
328 421 12 16 0.055356685 
77 419 13 16 0.05533981 
262 412 12 17 0.055300944 
112 381 13 15 0.055224456 
633 82 7 8 0.055198476 
215 37 7 9 0.054994244 
326 341 8 11 0.054784864 
484 383 11 13 0.054748736 
865 311 8 10 0.05460238 
495 240 8 11 0.054589257 
346 71 7 9 0.054564286 
479 134 8 10 0.05446423 
385 214 9 11 0.054422658 
193 389 11 13 0.054139484 
402 54 7 9 0.054051574 
695 229 9 11 0.05401689 
632 41 7 9 0.05400103 
560 231 8 11 0.053988095 
536 127 7 9 0.053909343 
298 22 7 9 0.053881004 
530 134 6 9 0.05386651 
482 129 7 9 0.053835504 
720 476 14 17 0.053733986 
178 49 6 8 0.05367154 
893 330 11 14 0.0536476 
592 133 8 11 0.05352497 
506 8 8 10 0.05341107 
471 111 8 10 0.053378582 
788 147 9 12 0.053255334 
316 390 13 16 0.053156868 
408 418 11 15 0.05307566 
271 215 9 12 0.052954767 
76 351 10 13 0.05288374 
241 77 7 9 0.05287191 
569 182 8 9 0.052859027 
450 49 7 8 0.052846562 
536 38 7 9 0.05279306 
766 71 8 11 0.052755535 
271 14 6 8 0.052753802 
739 73 7 10 0.0526974 
161 186 11 14 0.05258697 
295 106 7 10 0.0524457 
552 300 9 12 0.052407872 
406 208 8 10 0.05236133 
102 144 9 12 0.052334055 
672 197 8 10 0.0522004 
327 65 6 8 0.052146226 
482 6 6 9 0.05209998 
192 6 7 9 0.052091595 
455 127 7 9 0.052069787 
603 118 6 9 0.051981423 
575 151 7 9 0.05189171 
374 95 7 10 0.05177647 
483 48 6 8 0.051691353 
384 14 7 9 0.05155185 
490 64 7 9 0.051545992 
231 72 7 9 0.05154539 
607 283 10 13 0.051536836 
399 213 9 11 0.051416855 
725 256 9 11 0.051316947 
118 509 14 20 0.051290177 
329 71 6 8 0.05109524 
73 158 8 10 0.05090899 
214 399 12 15 0.05090533 
705 269 9 11 0.05084157 
873 355 12 14 0.050837595 
893 341 11 14 0.050807495 
495 284 9 12 0.050802547 
194 2 7 8 0.050764292 
627 228 10 13 0.050674856 
247 230 10 12 0.05065049 
406 215 8 10 0.050571464 
406 408 11 13 0.05050527 
726 285 9 12 0.050459515 
544 276 11 13 0.050359335 
696 254 9 11 0.050325736 
307 96 7 9 0.05028534 
695 224 8 11 0.050282277 
687 306 12 13 0.05026642 
681 49 7 9 0.050254904 
328 351 11 13 0.050232556 
402 160 9 11 0.050225146 
560 104 7 8 0.05021205 
508 373 12 14 0.050200183 
259 2 6 8 0.05008016 
313 16 6 8 0.049926292 
800 403 13 15 0.04986575 
161 127 8 10 0.049749967 
504 31 7 9 0.04973785 
569 149 8 10 0.049623687 
777 208 9 11 0.04957062 
651 65 6 9 0.04947864 
114 196 10 14 0.049328882 
238 93 7 9 0.049129173 
118 253 10 14 0.048722222 
817 143 9 11 0.04868422 
486 355 12 16 0.048600804 
295 167 10 11 0.048365626 
816 132 11 13 0.048364945 
520 190 8 11 0.048348594 
613 120 7 9 0.048339736 
758 207 9 12 0.048338264 
376 89 7 8 0.048321467 
712 82 7 9 0.04811262 
641 331 11 14 0.04809478 
956 202 14 15 0.048057366 
482 550 22 26 0.047917403 
510 9 7 10 0.04790371 
498 207 9 10 0.047886014 
519 49 7 9 0.047677316 
238 30 6 8 0.047614112 
169 63 7 8 0.047613867 
689 198 9 10 0.047452986 
534 174 8 10 0.047304288 
907 355 12 16 0.04724849 
535 89 7 9 0.04723915 
606 175 8 9 0.04722017 
649 0 8 9 0.047204107 
657 16 6 8 0.047166675 
71 437 11 12 0.04707152 
53 376 9 11 0.046965953 
601 104 6 8 0.046810158 
193 37 7 9 0.04676809 
536 222 8 10 0.046764392 
257 80 7 8 0.04653849 
225 213 9 12 0.046490792 
421 39 7 10 0.046442233 
649 165 8 10 0.04636294 
391 160 8 10 0.046323847 
319 133 7 9 0.046291232 
723 103 7 9 0.04628508 
168 56 6 8 0.046185534 
100 395 11 13 0.046154458 
754 102 8 10 0.045969177 
713 126 7 10 0.045938987 
448 246 10 13 0.04586328 
105 168 9 12 0.04581893 
405 373 11 16 0.045816455 
115 299 11 15 0.045802306 
266 74 6 8 0.04561585 
518 436 11 14 0.04559475 
109 311 12 15 0.045576733 
424 65 6 8 0.04547893 
318 119 7 9 0.04547481 
231 42 7 8 0.0454655 
543 168 8 10 0.045432884 
154 31 6 9 0.045340154 
81 31 7 9 0.04533853 
637 324 12 15 0.045318566 
560 189 8 10 0.045311864 
625 7 6 8 0.04524647 
296 153 8 10 0.045210455 
701 246 9 11 0.045208123 
130 132 9 11 0.045145053 
378 78 7 9 0.045086604 
542 614 20 28 0.04506332 
630 63 6 9 0.045041267 
526 436 10 13 0.044919364 
869 309 8 11 0.04490367 
263 117 8 10 0.04489117 
386 165 8 10 0.04478707 
89 141 7 10 0.044785317 
856 176 8 11 0.044757903 
25 511 11 14 0.044710964 
193 56 7 8 0.04465543 
331 357 11 14 0.04465005 
481 80 6 8 0.044616472 
658 87 7 9 0.04458151 
510 207 8 11 0.0445545 
746 208 8 12 0.044530775 
415 5 7 9 0.044511568 
305 349 10 11 0.04447089 
447 73 7 9 0.04437482 
92 462 10 12 0.044346057 
560 299 12 14 0.044331264 
438 237 9 10 0.04432225 
672 127 7 9 0.04430717 
643 109 8 10 0.044267662 
527 164 9 13 0.044227686 
531 94 7 9 0.0441474 
542 260 10 12 0.04407742 
249 38 6 8 0.04402001 
375 126 7 10 0.04378054 
361 62 7 9 0.043750588 
609 166 8 9 0.043695237 
155 82 6 8 0.043689616 
450 54 6 8 0.043641675 
704 302 12 14 0.04360388 
285 29 7 9 0.04359593 
110 168 9 12 0.04358871 
504 111 7 9 0.0435865 
141 112 7 9 0.043570865 
228 236 12 14 0.04351855 
369 103 7 9 0.04348379 
305 151 7 9 0.043439385 
288 199 9 11 0.043437652 
229 110 8 9 0.043386474 
683 127 7 9 0.0433289 
211 33 7 9 0.04328943 
268 470 13 17 0.043229766 
687 62 7 9 0.043215748 
154 25 6 8 0.04317201 
625 111 7 9 0.04314182 
578 331 12 14 0.043117136 
658 143 6 9 0.043057606 
162 46 7 9 0.043025568 
508 315 12 15 0.043003615 
634 425 12 16 0.042995602 
224 151 8 10 0.042978294 
395 38 7 9 0.04278138 
720 120 7 9 0.04267197 
917 156 11 16 0.042646732 
703 598 12 17 0.042610876 
704 198 8 11 0.042606667 
94 134 9 11 0.04257165 
249 272 9 11 0.04256477 
736 146 9 11 0.042562243 
678 158 7 10 0.04239715 
575 596 12 16 0.042385813 
138 66 7 9 0.04236867 
477 478 11 14 0.04236599 
728 120 7 8 0.042219717 
780 310 10 12 0.042218193 
653 198 7 10 0.042035088 
562 135 7 9 0.04192671 
104 80 6 8 0.04192015 
664 18 7 8 0.04187925 
679 236 9 10 0.04182606 
143 50 7 8 0.041817933 
349 70 7 9 0.04181376 
210 77 8 10 0.041777585 
860 107 10 13 0.041770454 
522 253 8 11 0.041751456 
899 422 12 17 0.041668814 
831 317 9 11 0.041638345 
235 223 12 14 0.041631207 
79 126 7 10 0.041593783 
253 203 9 13 0.04159236 
454 89 7 9 0.04142579 
44 179 10 12 0.041318443 
356 212 10 12 0.04130465 
321 159 8 10 0.04127061 
39 174 10 12 0.041103654 
697 207 8 11 0.04105324 
174 80 8 10 0.04105251 
381 103 8 10 0.040985025 
262 222 10 13 0.040962804 
710 253 9 10 0.040960964 
402 181 8 10 0.04086213 
359 160 8 11 0.04084263 
569 121 7 9 0.040758006 
169 34 6 8 0.040757164 
306 58 7 8 0.0406296 
578 7 8 10 0.040620673 
94 86 7 10 0.04057929 
537 63 6 9 0.040562574 
535 166 8 10 0.040459707 
102 32 7 9 0.040459577 
314 135 7 9 0.040454943 
367 61 7 9 0.04037645 
722 144 7 9 0.04032864 
488 54 7 9 0.040305417 
618 79 7 9 0.04028686 
1004 343 9 11 0.040272076 
685 135 8 10 0.040168263 
456 54 6 8 0.040113088 
841 167 9 12 0.040092967 
321 38 6 8 0.040090676 
704 286 9 12 0.04007411 
540 192 9 11 0.039992034 
493 196 9 11 0.03997363 
578 286 10 13 0.039883558 
623 200 8 10 0.039874546 
196 208 11 13 0.039849684 
522 206 9 11 0.03978628 
326 172 9 11 0.039740767 
750 134 8 10 0.039664045 
545 174 7 10 0.039651636 
184 15 7 8 0.039606426 
410 143 7 9 0.03952138 
72 46 7 9 0.03940095 
393 89 7 9 0.039380364 
506 137 6 9 0.039374214 
183 49 7 8 0.03932513 
385 94 8 10 0.03931809 
783 206 8 11 0.039288588 
312 100 8 10 0.03914865 
258 87 7 10 0.039148077 
541 197 7 10 0.039147608 
440 23 6 8 0.03914085 
856 120 9 11 0.039088823 
210 72 6 9 0.03897961 
479 196 8 10 0.038938105 
228 175 9 12 0.038872156 
169 104 7 10 0.038840286 
332 363 12 15 0.038802903 
179 71 7 10 0.03876838 
576 79 7 8 0.0387403 
845 173 9 11 0.038724445 
289 16 6 8 0.03871991 
517 268 9 11 0.038708996 
763 103 10 12 0.0387077 
977 454 15 18 0.038646907 
560 246 9 10 0.03864433 
710 276 9 11 0.038632993 
493 363 10 14 0.038601287 
274 40 6 9 0.03853658 
68 469 9 12 0.038528074 
742 136 9 11 0.038465556 
256 64 6 8 0.038454704 
54 398 14 16 0.03841994 
346 173 8 10 0.038388886 
498 105 7 9 0.03833559 
647 15 7 9 0.038311616 
550 246 9 11 0.038305685 
623 310 11 14 0.0382526 
922 531 20 21 0.038193405 
194 119 8 10 0.038171813 
448 320 12 15 0.038134366 
320 171 8 11 0.038109526 
557 175 8 10 0.038106557 
256 229 10 12 0.038099155 
697 213 9 11 0.038074717 
77 324 9 11 0.038027946 
311 181 8 10 0.03800358 
286 205 9 11 0.0379852 
600 96 7 9 0.03797624 
325 54 7 9 0.0379586 
119 147 9 11 0.03789516 
576 199 8 11 0.03788101 
309 393 12 15 0.037784778 
408 32 6 9 0.037767652 
158 25 7 9 0.037725013 
670 231 9 11 0.03770404 
341 36 7 10 0.03766352 
619 404 12 16 0.037612695 
662 50 7 9 0.037551273 
619 175 8 10 0.03752335 
464 196 9 11 0.03751954 
956 441 11 17 0.037515704 
391 21 6 8 0.037504565 
432 112 7 9 0.0374706 
511 149 9 10 0.03746361 
466 65 6 9 0.0374249 
135 86 6 8 0.037382446 
600 262 9 11 0.03735445 
293 343 9 11 0.03734171 
496 139 8 9 0.03733734 
464 54 7 9 0.037314862 
384 89 6 9 0.037289005 
941 374 11 13 0.03726011 
424 102 7 9 0.03724172 
512 222 8 10 0.037199583 
814 1 8 9 0.037093844 
122 70 6 8 0.036997426 
591 225 9 11 0.03696263 
99 33 6 8 0.036929328 
527 9 7 9 0.03691593 
549 221 9 11 0.0368999 
202 49 6 8 0.03676895 
537 103 6 9 0.036738757 
853 547 11 14 0.036669366 
322 16 6 9 0.036633644 
737 190 9 11 0.036631633 
903 140 11 14 0.03660509 
167 119 7 9 0.03657532 
767 85 8 9 0.036559142 
663 80 7 9 0.036555145 
693 295 11 14 0.036532108 
907 142 11 13 0.036521994 
254 270 9 11 0.036466815 
385 53 6 9 0.036465522 
130 111 8 10 0.036360014 
895 137 11 14 0.03634682 
577 189 9 11 0.036314752 
289 345 9 11 0.036255628 
205 659 17 21 0.036237072 
555 573 15 20 0.036194727 
1009 563 14 20 0.036186293 
405 220 9 11 0.03615438 
673 88 6 8 0.036143616 
471 255 10 12 0.036016062 
501 459 13 18 0.036002234 
257 72 7 8 0.035939205 
488 253 9 11 0.035939172 
865 163 9 12 0.035935022 
528 54 6 9 0.035929017 
302 24 6 8 0.035916112 
368 191 9 11 0.035886094 
1011 468 11 16 0.035885748 
214 172 9 12 0.035868637 
616 102 7 9 0.035866197 
591 25 7 8 0.035835046 
287 57 8 10 0.03580562 
57 453 11 14 0.035794508 
607 184 8 10 0.035792485 
511 184 8 12 0.03575125 
240 186 10 12 0.035746884 
640 157 7 9 0.03573753 
222 143 8 9 0.035727225 
519 133 7 9 0.03569149 
820 131 13 15 0.035680037 
454 189 10 12 0.035636164 
649 272 9 12 0.03562964 
120 125 8 10 0.035628095 
259 47 6 9 0.035566214 
176 54 7 9 0.03550375 
981 299 9 12 0.03548351 
91 65 6 8 0.035422064 
631 111 7 10 0.035357606 
672 237 9 10 0.035356767 
120 65 7 9 0.035295665 
61 499 13 17 0.03517759 
702 238 9 12 0.03510974 
455 49 6 9 0.035083227 
615 151 8 10 0.035058588 
785 136 9 11 0.03504616 
130 283 10 14 0.035014316 
453 672 18 21 0.035013832 
298 126 8 10 0.034981605 
884 526 14 17 0.034974094 
248 199 10 13 0.034959503 
407 478 13 16 0.034930747 
166 126 8 10 0.034914065 
760 63 7 9 0.034910098 
226 88 7 9 0.03489645 
473 65 6 8 0.034869023 
543 183 8 9 0.034868937 
890 132 9 12 0.034849524 
633 56 7 9 0.034819838 
197 3 7 8 0.034780584 
368 159 8 11 0.034777127 
306 31 6 8 0.034659404 
609 102 7 9 0.03463958 
583 279 10 11 0.03457228 
479 112 7 9 0.034559328 
112 420 12 15 0.034493923 
194 78 7 9 0.034492623 
204 117 8 11 0.034468465 
437 207 8 10 0.034433484 
201 279 11 15 0.03439342 
568 215 8 10 0.034372095 
743 120 8 10 0.034359764 
415 55 7 9 0.03434839 
958 541 15 19 0.034309015 
666 31 6 9 0.034260035 
956 312 12 15 0.034207135 
488 158 9 11 0.034174602 
582 214 8 10 0.034124825 
763 393 12 15 0.03411588 
267 15 6 8 0.034104336 
153 2 7 8 0.034096036 
104 88 7 9 0.034062576 
590 15 7 9 0.034060005 
296 95 7 9 0.034049716 
207 111 8 10 0.03398755 
442 444 12 15 0.033975966 
697 111 7 9 0.03393132 
873 86 8 11 0.033926416 
375 187 9 11 0.033897985 
504 24 7 9 0.033897962 
203 492 14 20 0.033818346 
86 151 8 11 0.03376344 
560 151 7 10 0.033750705 
685 224 9 11 0.033682626 
172 229 10 12 0.03358796 
238 214 9 12 0.033584513 
549 364 11 14 0.033549137 
593 31 6 8 0.033493653 
71 325 11 13 0.033453666 
400 77 7 9 0.03336348 
561 223 8 10 0.033297345 
435 45 6 9 0.033266243 
573 675 17 19 0.033221655 
167 9 6 8 0.03318816 
301 363 12 15 0.03317163 
519 70 6 9 0.033157334 
809 668 12 16 0.033123244 
374 46 7 8 0.033108346 
680 389 13 16 0.033081044 
520 96 7 8 0.0330555 
176 102 7 10 0.03300399 
561 143 8 9 0.032993264 
936 404 13 16 0.03298762 
65 140 9 11 0.032910407 
675 214 9 12 0.032884117 
488 71 7 8 0.032860976 
399 7 6 8 0.032850962 
511 340 11 13 0.032830007 
517 334 12 16 0.032821022 
323 49 7 9 0.032799914 
370 181 9 12 0.032751318 
336 198 8 11 0.032736838 
185 54 6 8 0.032648347 
366 142 7 10 0.03264823 
510 301 12 14 0.032577846 
648 176 9 10 0.032569814 
994 327 10 13 0.032555185 
401 177 8 10 0.03253867 
360 181 8 11 0.032511227 
261 461 12 14 0.032503083 
250 18 7 9 0.0324477 
648 229 8 11 0.032445204 
407 331 11 14 0.03244259 
184 189 9 11 0.032395784 
511 198 9 9 0.03238523 
819 345 12 15 0.032370947 
328 287 12 14 0.03232173 
596 300 11 13 0.032255743 
521 39 6 9 0.03220637 
159 63 6 8 0.032204103 
482 232 9 11 0.032138467 
303 5 7 9 0.03212254 
800 198 8 11 0.03210824 
688 294 11 14 0.03210758 
502 104 7 9 0.032081973 
248 65 6 8 0.032072585 
664 158 7 9 0.032061506 
440 16 6 8 0.03203881 
335 151 7 9 0.03200326 
504 73 7 9 0.031968612 
178 7 7 8 0.031922236 
217 150 8 10 0.031917606 
606 32 7 10 0.031913552 
903 147 11 14 0.03190335 
270 74 7 9 0.031892937 
496 31 7 8 0.03179309 
257 118 7 10 0.031721763 
86 33 6 8 0.031715922 
598 228 8 10 0.03162675 
573 23 7 10 0.03160328 
127 38 7 9 0.03159358 
71 213 10 12 0.031578977 
488 121 7 9 0.031576652 
345 112 8 10 0.03155472 
228 407 13 17 0.031539682 
207 214 10 13 0.031496402 
193 151 9 10 0.031409256 
743 148 9 11 0.031350736 
281 143 8 10 0.03133395 
247 79 6 9 0.03129796 
415 181 8 10 0.03125292 
442 183 8 11 0.031185264 
782 189 8 10 0.031174615 
639 263 10 12 0.031154174 
305 425 14 17 0.03115402 
574 221 8 11 0.031127233 
126 410 12 16 0.031079493 
352 111 7 9 0.031074526 
389 166 9 11 0.031032762 
59 263 12 14 0.031019602 
609 650 21 25 0.030989997 
688 73 7 9 0.030976774 
353 39 7 8 0.030920282 
711 143 6 9 0.030857025 
646 189 9 12 0.030825906 
318 222 11 13 0.030818438 
566 81 7 9 0.03081576 
425 71 6 9 0.03078383 
722 96 6 9 0.030773517 
434 41 7 9 0.030766895 
422 405 12 16 0.030729726 
39 464 12 16 0.030722814 
341 587 16 18 0.030707452 
647 301 10 13 0.030683914 
722 110 7 10 0.03067763 
317 229 11 14 0.030669132 
490 173 8 10 0.030631142 
577 157 8 10 0.030625315 
718 52 8 11 0.030624388 
913 407 15 17 0.030617438 
652 326 11 15 0.030599233 
298 41 6 8 0.030588266 
665 71 7 9 0.030584492 
403 102 8 9 0.030556386 
201 24 7 9 0.030554526 
852 181 10 12 0.03052935 
601 62 6 9 0.030511798 
744 158 8 10 0.030459821 
273 151 7 10 0.030360784 
694 156 8 11 0.03035274 
194 88 6 8 0.030352024 
37 341 10 14 0.03034302 
399 144 8 10 0.030313665 
174 371 12 15 0.030295707 
126 71 7 9 0.030274326 
136 142 9 10 0.030261144 
281 403 12 16 0.03025716 
113 86 6 9 0.030252451 
899 134 10 13 0.030244835 
762 71 8 10 0.030244697 
776 190 8 10 0.030203195 
383 203 9 11 0.030186713 
552 129 7 9 0.030172976 
528 13 7 9 0.030151447 
360 32 7 8 0.030137384 
127 8 7 8 0.030089062 
578 14 7 11 0.030043228 
902 309 9 11 0.0300182 
691 379 13 15 0.029971292 
526 254 8 10 0.029911414 
823 318 8 10 0.02984559 
383 303 11 13 0.029844457 
145 15 6 8 0.029819181 
124 232 11 14 0.029799731 
512 214 8 9 0.029798448 
751 143 8 10 0.029791845 
583 200 8 11 0.029769422 
551 95 7 9 0.029756127 
224 104 8 11 0.0297535 
753 199 8 10 0.029724618 
225 228 11 13 0.029698035 
146 40 7 8 0.029692715 
148 173 10 11 0.02963738 
471 41 7 9 0.02960592 
47 141 8 10 0.029535409 
905 349 10 13 0.029533247 
672 102 8 10 0.029520389 
807 205 8 10 0.029510992 
489 198 8 11 0.029500663 
887 128 9 10 0.029446684 
190 244 11 14 0.029398296 
698 26 8 9 0.029392807 
20 567 10 14 0.029350093 
430 83 8 11 0.029321633 
217 135 8 10 0.029314442 
168 286 12 15 0.029234212 
623 168 8 10 0.029192653 
545 246 8 10 0.029178197 
272 31 5 7 0.029177232 
353 24 7 8 0.029167987 
144 167 9 11 0.029151544 
688 237 9 11 0.02912942 
343 79 7 9 0.029119309 
713 246 8 11 0.029093368 
799 206 8 10 0.02909176 
530 129 6 8 0.029082455 
304 395 12 14 0.029079739 
392 143 8 10 0.029068248 
758 199 9 11 0.029050795 
472 24 6 8 0.029033262 
544 14 7 9 0.028969347 
592 71 7 8 0.028958771 
224 156 9 12 0.028937077 
59 349 10 12 0.028936481 
946 303 10 14 0.02890989 
337 8 6 8 0.028907126 
160 174 10 12 0.02888021 
80 151 8 10 0.028858945 
518 263 9 12 0.028845368 
460 176 10 12 0.028819885 
394 6 7 8 0.028816435 
191 182 11 13 0.028799122 
695 47 6 9 0.028727857 
166 47 7 8 0.028724426 
353 15 6 9 0.028713819 
361 136 8 10 0.028686862 
713 151 7 9 0.028682586 
326 6 7 9 0.02864279 
553 231 9 11 0.028624011 
555 620 14 20 0.028580483 
124 204 9 12 0.028563397 
616 64 7 8 0.028552217 
446 184 10 12 0.028529307 
487 96 7 9 0.028495584 
230 243 10 13 0.028430626 
162 72 6 7 0.028415296 
380 286 9 11 0.02840758 
768 191 8 10 0.02837208 
45 461 12 15 0.028357347 
138 476 13 16 0.028318852 
304 143 7 9 0.02829831 
774 174 8 10 0.028264528 
552 347 12 16 0.02826302 
328 79 6 8 0.028256645 
597 169 9 11 0.02821675 
416 158 7 10 0.028214252 
118 185 10 12 0.028213168 
711 135 7 9 0.02820984 
765 318 11 14 0.028208317 
647 198 9 11 0.028203512 
672 24 7 9 0.028200021 
639 49 7 9 0.02818235 
797 630 15 20 0.02816347 
520 230 8 10 0.028148878 
60 273 13 16 0.028098505 
367 110 7 9 0.028079968 
467 104 8 9 0.028051151 
264 156 9 11 0.028048122 
539 142 7 9 0.027975118 
137 116 8 10 0.027960477 
628 175 9 11 0.027929371 
183 214 10 13 0.027912656 
271 364 10 13 0.027871942 
111 142 8 10 0.027827922 
976 301 10 13 0.027791305 
785 128 8 10 0.027774267 
382 112 8 10 0.027754456 
320 358 12 16 0.027746616 
727 96 7 10 0.027734661 
511 31 6 9 0.027685868 
195 381 14 16 0.027685054 
200 166 8 10 0.027679399 
674 135 7 9 0.027652208 
562 127 7 9 0.02764232 
418 24 6 8 0.02763416 
507 238 8 11 0.02763202 
393 54 6 9 0.02760368 
671 347 13 16 0.027566088 
783 156 9 11 0.027559789 
359 237 9 10 0.02755372 
772 333 11 13 0.027552044 
98 38 6 8 0.027549706 
134 81 8 9 0.02754867 
689 121 7 9 0.027516305 
113 203 11 13 0.02748435 
272 104 7 9 0.027482223 
639 63 7 9 0.027473675 
341 269 9 11 0.027470767 
720 150 8 10 0.027424252 
192 49 6 8 0.027408546 
753 126 8 10 0.027372818 
249 33 7 8 0.027350117 
936 158 10 12 0.027329551 
574 127 7 8 0.027284015 
171 365 12 15 0.027280817 
317 152 8 10 0.027273737 
648 24 7 8 0.027239727 
109 323 14 18 0.027215637 
392 175 7 9 0.027202036 
800 191 8 11 0.027186492 
728 314 12 14 0.027180487 
701 639 19 23 0.027178043 
198 150 9 11 0.02716776 
414 137 8 10 0.027112575 
673 79 7 8 0.027100991 
805 324 10 14 0.027097598 
792 190 8 10 0.027085047 
160 95 8 10 0.02708157 
230 196 10 12 0.02707819 
64 71 7 9 0.027069652 
208 54 6 9 0.027055202 
118 308 10 14 0.027054796 
199 6 6 8 0.027047599 
615 24 7 9 0.026996287 
362 126 8 10 0.026994474 
112 127 8 10 0.026970554 
806 317 9 12 0.0269536 
737 197 9 11 0.026950555 
214 22 7 9 0.02694665 
53 387 13 15 0.026919622 
544 55 6 8 0.026883848 
718 126 7 9 0.026868258 
542 271 11 13 0.026855689 
671 167 8 10 0.026855508 
227 79 6 9 0.0268323 
862 138 10 13 0.026790848 
344 23 7 8 0.02675778 
545 8 8 10 0.02673654 
506 14 7 9 0.026698261 
128 176 10 12 0.026681166 
728 134 7 9 0.026598748 
624 151 8 10 0.026595343 
332 546 13 18 0.026584173 
697 166 8 11 0.026583476 
472 69 7 8 0.02657482 
714 120 6 9 0.026515266 
658 80 6 8 0.026467104 
607 437 11 14 0.026465187 
467 397 13 16 0.02645819 
732 53 8 11 0.026385164 
122 39 7 8 0.026373284 
592 247 8 10 0.026352867 
174 181 10 14 0.026327651 
224 222 10 12 0.026317144 
759 180 8 10 0.026307052 
328 143 8 10 0.026303057 
727 143 8 11 0.026273448 
769 63 7 9 0.026265584 
625 120 7 9 0.026222194 
601 57 7 9 0.026208678 
313 89 6 9 0.026195778 
673 1 9 10 0.026175907 
433 214 8 10 0.026161334 
112 116 9 11 0.02614164 
137 104 8 10 0.02613624 
336 342 9 13 0.026126659 
192 196 11 13 0.026094934 
264 105 7 9 0.02608169 
752 180 8 11 0.026077839 
600 252 10 12 0.026052285 
394 151 7 10 0.026040485 
390 218 11 12 0.026039055 
333 188 9 11 0.026035931 
383 32 6 8 0.026035763 
783 184 8 11 0.026023569 
375 292 9 11 0.026015902 
486 41 7 9 0.026012933 
909 27 10 13 0.0260104 
586 87 7 9 0.026001468 
521 7 8 10 0.025987715 
662 189 8 10 0.025974577 
226 43 7 9 0.025971105 
281 104 6 8 0.025955625 
760 143 8 10 0.025924992 
242 2 6 7 0.025909333 
422 158 8 10 0.025829183 
704 82 7 9 0.02581171 
664 247 9 11 0.025790693 
385 160 9 10 0.02571896 
79 282 10 13 0.025687601 
112 550 12 15 0.02565249 
112 149 9 12 0.025647512 
615 200 10 11 0.025636995 
560 167 7 9 0.025626054 
321 22 7 9 0.025615789 
503 87 8 10 0.025613142 
412 326 12 14 0.025587186 
346 63 6 9 0.02558491 
433 253 10 12 0.025539983 
519 161 10 12 0.025531434 
503 183 9 12 0.02550336 
673 56 7 9 0.025474476 
256 95 7 9 0.025466392 
648 161 8 10 0.025454836 
718 76 8 10 0.025420444 
704 277 9 12 0.025420306 
576 504 13 18 0.025392868 
337 596 23 27 0.025382409 
680 40 6 8 0.025359051 
288 117 8 10 0.025357014 
696 144 7 9 0.025349341 
617 73 6 8 0.025344724 
585 129 7 9 0.025317457 
585 23 7 9 0.025281278 
665 207 8 10 0.02525637 
574 169 8 11 0.025189457 
475 87 7 9 0.025176067 
53 158 9 11 0.025173288 
663 39 7 9 0.025172066 
347 362 11 15 0.025171505 
128 214 9 12 0.025160484 
189 96 8 11 0.025156304 
73 152 8 10 0.025156187 
224 238 11 13 0.025153121 
377 7 7 9 0.025145255 
168 278 11 15 0.025130684 
671 144 7 10 0.025124913 
616 411 12 16 0.025122384 
463 208 10 12 0.025119642 
94 594 14 16 0.02508708 
368 293 8 11 0.025063248 
641 95 7 9 0.025058562 
336 174 8 11 0.025054192 
280 204 10 13 0.025041465 
592 64 7 8 0.025032284 
319 103 7 10 0.02502729 
688 205 8 10 0.02500722 
780 317 12 15 0.025006201 
439 159 7 10 0.024983691 
489 166 8 11 0.024973392 
443 79 7 9 0.024949403 
672 120 7 10 0.024942432 
632 160 8 9 0.024940467 
540 363 14 16 0.024911627 
528 49 7 9 0.024908442 
518 244 9 11 0.02489008 
543 255 9 11 0.024873478 
456 133 8 10 0.02486217 
775 88 8 9 0.0248594 
908 324 11 14 0.024857724 
616 317 10 13 0.024835996 
174 272 9 12 0.024809359 
272 159 8 10 0.024792723 
313 24 7 8 0.024762278 
565 626 15 20 0.024712916 
490 30 6 9 0.02468802 
173 300 10 13 0.024683585 
169 23 6 8 0.024671853 
455 410 12 16 0.024647469 
214 48 7 9 0.024602087 
493 607 12 15 0.024583278 
552 207 8 10 0.024578722 
407 128 8 10 0.024530398 
584 152 7 10 0.024489779 
433 15 6 8 0.024472822 
78 318 11 14 0.024469545 
693 647 23 28 0.024469186 
583 70 7 9 0.024455426 
496 278 9 13 0.024443844 
240 39 6 8 0.024432873 
189 372 11 13 0.024432477 
457 64 6 8 0.024431296 
577 247 8 10 0.024418669 
145 23 6 9 0.02441568 
799 507 12 16 0.024386635 
514 48 7 8 0.02438245 
537 48 6 8 0.02437317 
530 89 7 9 0.024326181 
249 88 6 9 0.024322515 
249 104 7 9 0.024317661 
751 221 9 11 0.024285158 
753 168 8 10 0.024254162 
489 206 8 11 0.024249198 
529 38 6 9 0.02424501 
513 69 7 9 0.02423645 
103 55 6 9 0.024227677 
569 167 8 10 0.024217952 
207 242 12 15 0.024167432 
221 168 8 10 0.024112135 
87 336 10 13 0.024075042 
360 16 6 8 0.024065653 
647 441 14 18 0.024057828 
361 120 6 9 0.024049759 
151 6 6 9 0.024028955 
458 26 7 8 0.024022209 
360 2 7 9 0.023985766 
60 403 11 13 0.023985367 
481 23 6 8 0.023973342 
711 291 11 13 0.023971459 
808 312 9 11 0.023958988 
200 37 7 9 0.02394745 
813 197 8 11 0.023945132 
553 63 7 9 0.023928791 
473 81 6 9 0.02391465 
488 79 6 8 0.02388078 
639 72 7 8 0.02386059 
415 80 7 8 0.023843274 
160 56 6 9 0.023806404 
325 3 7 8 0.023788488 
53 458 11 14 0.023787666 
110 95 8 9 0.023717334 
439 57 7 10 0.023712268 
178 23 6 9 0.02368445 
736 64 7 8 0.023644464 
192 205 10 12 0.023616416 
374 41 7 9 0.023609735 
198 159 9 10 0.023597535 
233 166 8 10 0.02358938 
256 182 9 12 0.023586418 
478 264 11 13 0.023585323 
608 64 7 8 0.023570707 
67 172 11 13 0.02355747 
708 159 9 12 0.023551062 
687 143 8 10 0.023541866 
72 63 6 9 0.023533557 
354 32 6 9 0.023517126 
622 132 8 10 0.023516282 
240 13 6 9 0.023512952 
136 0 7 9 0.023505872 
583 299 10 13 0.023495968 
341 304 9 12 0.023471845 
352 181 8 10 0.023470808 
295 86 6 8 0.023438953 
337 110 7 9 0.023424985 
698 105 7 8 0.023410846 
537 56 6 8 0.023349363 
464 135 8 9 0.023345724 
129 391 12 14 0.023339055 
505 198 9 11 0.02329904 
586 55 7 9 0.023283748 
704 54 7 10 0.023263488 
518 214 9 10 0.023254279 
176 2 6 8 0.023251785 
418 31 7 9 0.023251178 
234 54 7 9 0.023246605 
359 437 14 16 0.02323557 
473 148 10 12 0.023213854 
784 62 6 9 0.023212237 
470 196 9 11 0.023208747 
88 127 8 10 0.02320844 
278 113 8 9 0.02317242 
200 127 8 11 0.02314888 
675 192 8 11 0.02314876 
373 167 9 10 0.023142746 
481 2 7 8 0.023133693 
698 64 6 9 0.023130883 
509 395 12 15 0.023123534 
623 413 13 19 0.023117881 
336 24 7 8 0.023077415 
504 175 8 9 0.023071527 
470 205 8 10 0.023042684 
695 54 7 9 0.023035312 
728 87 7 9 0.023028292 
726 200 9 11 0.023009228 
740 349 12 14 0.023001045 
680 87 7 9 0.02298775 
335 145 7 10 0.022953948 
239 165 9 11 0.022938628 
103 38 7 8 0.022935173 
710 104 7 9 0.022926822 
765 206 8 10 0.022851244 
178 32 7 9 0.022844441 
809 183 9 11 0.02281597 
246 55 7 9 0.022802569 
442 88 7 9 0.022800446 
341 349 10 12 0.022792963 
613 325 10 14 0.022790717 
537 34 8 9 0.022788536 
753 64 8 9 0.02278403 
617 86 7 9 0.022783592 
951 666 24 28 0.022769403 
647 94 7 9 0.022767471 
688 167 8 10 0.022753883 
336 264 9 12 0.02275133 
176 118 7 9 0.022741238 
143 118 8 9 0.022737587 
70 167 9 12 0.022730963 
183 204 10 12 0.022723539 
950 443 11 17 0.02271853 
408 118 6 9 0.022713963 
78 158 8 11 0.022698183 
688 97 7 8 0.022688977 
721 168 7 10 0.022686802 
767 199 8 10 0.022669319 
615 190 8 10 0.022662582 
791 184 8 10 0.022661451 
576 1 8 9 0.022654941 
769 413 11 14 0.022606611 
266 32 6 7 0.022585042 
658 93 7 10 0.022579465 
859 359 13 17 0.02257356 
549 269 10 13 0.022555808 
33 165 9 11 0.022548273 
616 97 7 9 0.022536937 
457 79 7 9 0.022505643 
183 221 10 11 0.022492759 
500 162 10 13 0.022478564 
368 196 9 12 0.022389831 
273 47 6 8 0.022380155 
359 24 7 8 0.022369852 
525 290 11 13 0.022356551 
662 225 9 12 0.022338144 
146 8 6 8 0.02233428 
21 198 13 14 0.022330698 
92 501 14 18 0.02232874 
407 38 7 9 0.022319084 
744 221 8 10 0.022301286 
439 30 6 9 0.022290472 
948 340 11 13 0.02225923 
265 215 10 12 0.02224299 
81 49 6 9 0.022208257 
695 71 7 10 0.022201287 
630 214 9 11 0.022179294 
318 144 8 9 0.02217184 
374 1 7 9 0.022161262 
631 317 11 14 0.022150703 
869 129 9 11 0.022146856 
517 323 12 15 0.022142814 
425 16 6 8 0.022127183 
751 349 12 14 0.02211699 
114 23 6 9 0.022113536 
338 1 7 8 0.022098694 
482 41 6 8 0.022080759 
169 94 7 9 0.022078937 
377 350 13 16 0.022069165 
666 198 8 9 0.022066634 
432 24 7 9 0.022053922 
289 96 7 8 0.022053491 
55 519 12 15 0.022035588 
31 341 12 14 0.022029368 
494 226 10 12 0.02199619 
518 442 12 16 0.021977548 
97 315 11 16 0.021968573 
837 337 11 13 0.02196676 
371 18 7 9 0.02195702 
655 39 7 9 0.02194631 
694 479 16 20 0.021942688 
285 438 13 16 0.021905825 
586 81 6 8 0.021903954 
784 23 7 9 0.02189953 
518 65 7 9 0.02189591 
678 270 10 12 0.021878077 
50 88 7 9 0.021876043 
71 103 7 10 0.021829035 
696 86 8 9 0.021823278 
527 279 9 11 0.021794692 
211 64 6 8 0.02178933 
583 362 12 14 0.02178919 
334 348 10 13 0.021778662 
591 262 9 11 0.021767206 
700 418 12 16 0.02175596 
201 173 9 11 0.021749588 
377 326 10 11 0.021747893 
550 215 8 11 0.02174238 
161 103 8 10 0.02172623 
369 1 7 9 0.02166339 
897 157 10 12 0.021653468 
535 232 9 10 0.021624098 
702 2 9 9 0.021618297 
201 17 7 8 0.021591203 
585 355 12 15 0.021583702 
494 315 11 14 0.021551933 
112 81 7 9 0.021549992 
395 33 7 9 0.021537287 
552 169 8 9 0.021526286 
252 628 21 26 0.021518685 
635 413 14 18 0.021510804 
152 167 9 11 0.021502618 
736 112 7 9 0.021498214 
967 342 9 11 0.021494111 
522 25 7 9 0.021482045 
365 328 9 11 0.021449627 
330 133 8 10 0.021443503 
663 137 8 9 0.02140494 
448 239 8 10 0.021385036 
127 33 7 10 0.021380387 
593 337 12 15 0.021358564 
158 1 7 8 0.021357102 
529 79 6 8 0.021352775 
705 47 7 10 0.0213394 
73 126 8 10 0.021329822 
208 103 8 9 0.021324372 
648 206 8 10 0.021305764 
247 223 10 12 0.021285389 
641 104 8 10 0.021282503 
465 142 7 10 0.021273818 
663 167 7 10 0.021269238 
911 320 10 13 0.021246227 
666 126 7 9 0.02124054 
336 387 11 14 0.02122505 
181 371 12 14 0.021221284 
640 215 8 10 0.02120955 
592 280 9 11 0.021196967 
816 148 9 11 0.021187687 
278 214 9 12 0.02118766 
282 80 7 8 0.02118398 
758 46 8 10 0.02116586 
458 110 8 11 0.021138703 
6 330 14 15 0.021136446 
231 157 9 12 0.021135775 
424 7 6 9 0.021132145 
703 230 8 11 0.021063296 
633 71 6 8 0.021035194 
671 269 9 11 0.021003688 
485 304 12 15 0.021000404 
114 65 6 8 0.0209949 
369 88 7 9 0.020991946 
533 438 13 15 0.020987721 
367 238 8 11 0.020975718 
879 144 8 10 0.020967714 
238 26 7 8 0.020964202 
728 159 8 10 0.020961026 
740 481 12 15 0.02094533 
119 478 9 13 0.020929543 
1003 210 13 14 0.02091886 
302 159 8 10 0.020917445 
71 40 7 9 0.020908639 
336 206 9 11 0.020888353 
90 70 8 9 0.02087246 
71 206 11 13 0.020859117 
367 6 6 9 0.020831175 
146 144 10 12 0.020827029 
648 340 14 17 0.020825474 
808 126 9 13 0.02082503 
706 183 9 11 0.020824797 
27 197 12 14 0.020819219 
151 188 9 12 0.020817839 
351 152 8 10 0.02081479 
254 18 7 9 0.020808192 
326 601 17 21 0.020776298 
366 381 11 16 0.02076536 
87 487 14 17 0.02075398 
813 180 10 12 0.02073567 
249 95 7 9 0.020715509 
830 157 8 11 0.020709524 
381 176 8 10 0.020695817 
649 570 18 23 0.020670868 
549 115 8 11 0.020668987 
560 215 7 9 0.020630322 
352 132 7 10 0.020592526 
590 252 10 13 0.020591302 
591 179 9 11 0.020586412 
814 110 9 11 0.020582533 
159 30 6 9 0.020577054 
605 331 11 14 0.020571513 
54 94 8 10 0.02056071 
671 277 10 12 0.020552758 
479 32 6 8 0.020550396 
689 31 6 8 0.020549934 
527 25 7 9 0.020545466 
433 58 7 8 0.020530717 
392 103 7 9 0.020528248 
791 158 7 10 0.020526694 
144 89 7 9 0.020517776 
478 253 9 11 0.020509925 
199 658 14 21 0.02049801 
347 374 11 15 0.020487608 
663 175 8 10 0.020487469 
487 134 8 10 0.020470552 
585 224 9 11 0.020457216 
246 429 14 17 0.020448055 
408 88 7 8 0.020406231 
367 135 7 10 0.020393211 
251 434 14 18 0.020385597 
249 135 7 9 0.020383516 
586 349 12 14 0.02036197 
520 197 7 10 0.020333655 
611 137 7 10 0.020331351 
203 190 10 12 0.020322792 
272 25 6 8 0.020313034 
617 229 9 11 0.020287806 
386 24 7 9 0.02027636 
553 183 7 10 0.020262716 
431 144 7 10 0.02024185 
484 342 13 17 0.020237112 
1006 348 9 12 0.020212786 
438 215 9 12 0.02018803 
768 95 8 9 0.020166527 
0 428 8 13 0.020164058 
489 1 7 9 0.020162145 
789 397 13 18 0.020152617 
544 128 7 10 0.020144813 
206 181 9 11 0.020142823 
222 135 8 11 0.020139145 
377 215 9 11 0.020118566 
727 189 9 10 0.020087164 
655 270 11 14 0.020079114 
312 38 7 9 0.020072762 
648 245 8 12 0.020059392 
488 6 6 9 0.0200582 
329 151 7 10 0.020045422 
235 387 12 15 0.02004095 
640 167 7 10 0.020035097 
673 40 7 9 0.020032847 
242 554 14 17 0.020017916 
680 16 7 9 0.02000811 
768 302 10 11 0.02000408 
