10_People_Marching_People_Marching_2_36
126
815 328 30 39 0.9945779 
502 318 26 37 0.991659 
557 320 31 40 0.9911746 
697 302 29 38 0.9901966 
258 319 27 39 0.98913646 
305 332 33 41 0.98862326 
950 333 34 42 0.9864476 
649 304 25 33 0.98629665 
752 315 29 37 0.98567975 
426 302 27 33 0.9828555 
467 305 27 36 0.97928613 
223 316 25 35 0.978153 
189 307 25 36 0.97060925 
383 292 27 35 0.9540148 
853 290 15 20 0.95100147 
154 304 25 36 0.9409791 
32 286 17 21 0.92455786 
973 295 14 16 0.87002003 
593 275 18 21 0.8607479 
13 314 15 16 0.8421877 
931 297 13 17 0.82360363 
93 308 17 21 0.75314087 
672 271 15 19 0.74304676 
119 290 20 27 0.723064 
831 294 14 17 0.6293473 
128 293 20 27 0.5887658 
51 409 13 15 0.5839126 
636 292 14 21 0.5441043 
904 304 12 16 0.52952534 
1006 293 11 15 0.51453924 
813 292 17 20 0.4873569 
320 287 26 32 0.47381905 
520 288 24 26 0.35068855 
959 278 13 16 0.34499437 
350 285 25 32 0.34385195 
628 295 16 22 0.32130232 
617 301 21 25 0.31328493 
338 282 27 35 0.29698783 
720 282 12 15 0.25936484 
941 281 10 11 0.23040625 
59 239 15 17 0.22925147 
778 292 17 18 0.22868751 
136 298 18 24 0.19558205 
298 272 24 37 0.1669786 
306 652 16 20 0.11228669 
64 449 7 9 0.10753914 
22 431 8 12 0.092501104 
311 280 26 33 0.09042774 
566 292 17 19 0.0879617 
937 284 12 17 0.08680057 
112 289 16 22 0.07797583 
611 312 25 33 0.07351735 
786 292 13 15 0.06407491 
895 304 14 17 0.062253855 
528 285 16 19 0.062241 
506 304 32 39 0.04998338 
809 339 26 34 0.04804089 
734 319 20 30 0.04749699 
369 290 27 33 0.04447857 
-2 326 8 11 0.04440265 
869 316 11 14 0.042468622 
53 417 11 14 0.04165329 
73 395 10 12 0.041399788 
182 318 24 33 0.040789396 
268 318 35 49 0.040232603 
940 289 13 19 0.038852647 
763 299 30 34 0.038291533 
731 300 22 30 0.038224217 
16 430 10 12 0.03819013 
602 292 15 19 0.037361626 
73 425 8 10 0.0353887 
903 262 8 11 0.035192836 
60 375 10 13 0.03517888 
1000 295 14 18 0.034920942 
139 299 26 34 0.03472278 
450 329 18 22 0.033889685 
255 228 14 17 0.03377327 
952 284 11 13 0.03340932 
421 181 15 20 0.033078626 
58 461 7 9 0.032656897 
229 186 29 31 0.03157302 
772 286 17 20 0.031028058 
62 454 7 10 0.030906023 
395 325 22 30 0.029703721 
98 301 17 23 0.02959838 
456 320 22 30 0.029476065 
48 454 6 8 0.028989954 
765 284 10 13 0.028745206 
234 201 17 20 0.028625026 
78 392 10 13 0.027774304 
673 300 23 30 0.027475521 
956 302 11 14 0.027458739 
356 294 27 33 0.026891606 
364 308 24 31 0.02658917 
772 275 12 14 0.026565189 
102 438 9 11 0.02652955 
991 293 10 14 0.026432207 
731 332 21 29 0.026417414 
773 314 28 32 0.026257752 
437 249 220 266 0.026241375 
421 311 24 31 0.02599608 
827 287 15 19 0.025985196 
692 290 16 21 0.025670504 
363 281 23 32 0.025626116 
953 278 9 12 0.02559729 
211 315 27 32 0.02552463 
795 329 21 29 0.025408022 
746 306 24 33 0.025337994 
487 224 11 14 0.02482832 
1012 298 11 17 0.024649352 
533 285 24 28 0.024375774 
281 316 26 33 0.024361191 
919 294 11 14 0.023857614 
819 285 17 22 0.023700928 
79 428 8 10 0.0226367 
17 436 10 12 0.022442063 
412 292 35 46 0.022235978 
715 303 31 36 0.022089496 
1014 286 10 15 0.021538293 
958 290 13 15 0.021492848 
348 192 15 17 0.021431996 
1000 287 12 15 0.021057418 
612 326 25 31 0.020891871 
1004 287 18 25 0.020689594 
741 300 14 20 0.020348785 
547 281 16 21 0.020017145 
