10_People_Marching_People_Marching_2_944
28
482 452 34 39 0.9901334 
245 512 40 44 0.9875245 
607 454 46 55 0.983924 
57 454 31 48 0.91268355 
132 482 30 35 0.87734145 
234 470 25 33 0.8356083 
287 486 31 42 0.53392166 
523 552 50 75 0.43733856 
171 499 23 30 0.22678074 
643 429 40 55 0.15310468 
429 423 26 29 0.10567849 
730 478 15 22 0.07962355 
218 553 24 31 0.04342979 
114 410 40 53 0.032700278 
138 431 25 32 0.032601953 
541 547 36 53 0.031610444 
163 506 28 34 0.030855061 
45 464 25 36 0.029139893 
460 383 26 31 0.02671705 
227 535 23 33 0.026344879 
427 436 27 38 0.026278552 
260 454 19 24 0.024946777 
233 525 27 34 0.024240348 
646 394 17 20 0.024171583 
597 377 13 16 0.023261571 
236 461 17 21 0.021590207 
124 491 28 37 0.020352181 
1 539 15 20 0.02014704 
