10_People_Marching_People_Marching_2_259
360
561 460 18 23 0.97088504 
327 250 13 16 0.9682873 
52 364 15 19 0.93972653 
618 465 17 21 0.93719757 
226 458 17 21 0.9214483 
533 415 13 16 0.90672296 
610 363 15 20 0.90199435 
393 464 17 21 0.88781893 
164 460 20 22 0.878901 
505 461 16 22 0.8741267 
624 206 10 12 0.867943 
262 404 14 19 0.8607682 
335 471 18 20 0.8525177 
786 465 15 18 0.8468665 
802 406 14 18 0.84348994 
942 412 14 19 0.8209493 
282 471 17 20 0.81873786 
747 416 14 16 0.8174294 
688 413 14 17 0.8160239 
555 355 13 15 0.81487364 
833 466 17 20 0.8129847 
364 205 9 11 0.80714655 
450 471 16 19 0.7850022 
419 404 16 19 0.7839321 
398 366 12 16 0.78226554 
369 409 15 18 0.7579337 
91 458 18 24 0.7567183 
733 462 16 20 0.7418119 
281 205 9 12 0.7250537 
207 408 15 18 0.7195122 
628 258 12 15 0.70651823 
147 404 15 20 0.68948805 
469 327 12 15 0.68878627 
683 361 13 16 0.6859468 
329 211 9 11 0.68347377 
762 198 9 11 0.65980834 
558 285 11 15 0.65966195 
473 408 15 18 0.6387945 
883 462 17 21 0.6347325 
499 288 12 16 0.611062 
486 159 9 11 0.609895 
401 174 9 12 0.6011403 
591 321 13 16 0.5996464 
177 364 15 18 0.59808403 
449 286 15 18 0.5842733 
711 278 13 17 0.583017 
445 174 10 13 0.58107096 
850 391 21 27 0.5809615 
567 173 9 12 0.5774736 
428 196 10 13 0.5566458 
341 308 15 19 0.5473288 
347 363 13 16 0.54205614 
638 421 13 17 0.5385087 
314 409 13 16 0.5382445 
208 206 9 12 0.53315943 
363 277 13 18 0.5135415 
894 399 13 17 0.51146644 
432 263 12 15 0.5091523 
297 363 12 16 0.4938635 
678 461 16 21 0.4706799 
742 347 13 17 0.46775267 
474 259 15 18 0.4573256 
802 357 13 16 0.45544824 
708 322 11 14 0.45222127 
534 257 11 13 0.4465111 
494 363 15 17 0.4426293 
607 286 12 15 0.43569112 
233 366 14 16 0.43468326 
627 342 12 16 0.4179675 
668 208 10 12 0.40862945 
705 220 10 12 0.4031253 
684 258 14 17 0.38781506 
606 275 13 16 0.3766205 
859 316 12 16 0.36483324 
521 175 10 12 0.362142 
517 436 14 20 0.32263812 
589 198 10 13 0.31147546 
445 358 13 16 0.30378127 
166 228 10 13 0.29649353 
269 271 14 21 0.29300225 
588 417 15 19 0.2667466 
637 413 13 17 0.26105317 
919 362 13 18 0.2550596 
422 280 12 16 0.25457332 
672 417 13 15 0.2526064 
283 316 12 16 0.22429931 
538 381 13 17 0.22229902 
252 383 13 15 0.20742819 
908 362 11 14 0.20282245 
576 282 11 14 0.1913146 
483 383 13 16 0.1912063 
499 357 15 18 0.18139747 
558 198 14 17 0.18119326 
784 447 19 22 0.17400157 
457 342 11 15 0.15037063 
623 438 12 15 0.15008289 
121 284 12 15 0.14684281 
430 382 13 19 0.14467745 
282 462 18 21 0.14338955 
640 313 9 12 0.14011411 
492 474 12 15 0.139595 
234 353 15 18 0.13785678 
407 285 12 17 0.13760005 
656 441 13 16 0.13601495 
664 281 13 16 0.13564146 
853 372 11 14 0.12824354 
814 259 9 12 0.12623386 
797 228 9 12 0.12403219 
311 467 13 15 0.12053194 
891 388 14 17 0.119249575 
353 434 14 19 0.11752856 
110 474 14 15 0.116007745 
331 381 14 18 0.115528405 
513 309 11 14 0.1130241 
597 388 13 16 0.10897463 
746 353 13 17 0.10826912 
458 421 13 15 0.09927685 
156 387 15 18 0.094686545 
314 396 13 19 0.09280067 
193 438 11 16 0.089924574 
472 191 10 13 0.08873421 
259 296 10 13 0.08848369 
746 441 16 18 0.08780786 
275 268 13 20 0.08532518 
414 387 11 13 0.084262855 
430 375 12 15 0.08051094 
852 379 12 15 0.079255685 
689 340 11 14 0.07919651 
114 315 17 21 0.07871367 
128 334 12 15 0.0758399 
513 302 11 13 0.074770555 
644 412 12 16 0.074094154 
485 327 11 15 0.07262481 
793 245 10 14 0.071844205 
484 309 11 13 0.07122983 
393 309 12 15 0.07088381 
709 217 9 12 0.07024137 
1013 477 10 14 0.070095226 
803 267 11 15 0.0700375 
315 389 12 15 0.06919086 
340 460 15 17 0.06872427 
468 309 9 12 0.066877335 
594 413 13 17 0.064647086 
528 317 11 15 0.06395276 
280 380 12 15 0.063178286 
607 339 11 13 0.06315652 
526 388 11 14 0.060690466 
472 492 14 16 0.05986536 
337 312 12 16 0.059035923 
516 383 13 15 0.058700483 
876 335 9 12 0.058527857 
135 400 21 25 0.058464684 
367 227 14 17 0.057608783 
624 302 10 13 0.0563233 
392 317 12 15 0.05621892 
494 341 9 11 0.056105696 
468 519 12 17 0.055472676 
753 285 11 13 0.055191208 
284 256 18 19 0.055047683 
591 309 11 13 0.053836174 
446 350 13 16 0.053541 
375 389 15 16 0.053256862 
475 326 12 15 0.05318936 
807 262 10 13 0.05318613 
626 453 13 16 0.053126827 
681 454 14 19 0.052386895 
295 432 14 20 0.052031055 
515 342 13 18 0.05189063 
680 267 11 14 0.05154934 
158 464 16 18 0.05112135 
315 383 11 14 0.04961377 
596 227 12 14 0.048313253 
889 395 14 19 0.048270576 
584 205 10 14 0.047994778 
476 271 14 17 0.047595136 
858 296 8 11 0.04693008 
877 356 10 12 0.04676547 
775 252 8 11 0.045959577 
646 324 10 13 0.045638647 
525 178 9 12 0.045631234 
287 227 12 14 0.045420643 
768 317 10 16 0.04534556 
773 212 8 12 0.045135643 
903 469 14 16 0.04497791 
760 202 9 14 0.044723444 
308 473 15 18 0.04432865 
640 322 10 13 0.044173133 
118 365 14 16 0.043597177 
446 278 12 16 0.0431941 
731 419 13 15 0.043165337 
719 396 10 13 0.043129034 
650 302 10 13 0.043077625 
305 560 16 20 0.04298293 
124 362 14 18 0.042934492 
501 352 13 14 0.042769384 
44 402 16 17 0.042573173 
671 437 13 16 0.042398512 
476 399 12 15 0.042355273 
569 253 11 16 0.041939717 
696 483 12 16 0.041225936 
301 340 12 14 0.041210175 
930 387 13 16 0.041093666 
861 300 8 11 0.041024666 
646 283 11 14 0.040993687 
133 408 14 18 0.04093565 
659 461 12 16 0.04082185 
569 196 14 18 0.040248033 
318 281 13 17 0.03998837 
540 315 13 18 0.03998127 
796 251 10 12 0.039920256 
653 335 10 13 0.0398323 
680 299 11 13 0.039736625 
228 471 13 16 0.03972452 
726 452 13 17 0.039622493 
470 319 12 15 0.03961692 
300 349 12 16 0.03850389 
684 295 11 13 0.03834079 
684 273 13 15 0.037806965 
697 303 10 13 0.03730308 
422 304 10 12 0.03712571 
630 355 11 15 0.036968242 
525 497 14 20 0.036555838 
395 456 16 20 0.036434267 
521 518 11 14 0.03636232 
487 349 11 15 0.036143996 
800 351 12 16 0.03594321 
512 293 11 14 0.035554353 
727 295 9 12 0.03544312 
375 371 14 16 0.035323095 
422 287 13 16 0.03521394 
202 205 10 14 0.03444308 
242 431 15 20 0.03399731 
823 469 13 17 0.03393496 
571 441 13 17 0.0336237 
713 387 10 13 0.033332814 
818 360 12 16 0.033332333 
278 387 13 16 0.033060003 
611 272 12 15 0.0329731 
795 223 8 12 0.032217328 
94 360 14 17 0.032086134 
757 211 9 12 0.032075368 
504 363 14 17 0.031833217 
205 398 13 15 0.031446133 
379 381 14 16 0.031295896 
448 342 11 13 0.031106414 
266 397 14 18 0.030841358 
890 444 14 17 0.030753106 
558 343 13 15 0.030468019 
904 355 20 22 0.030339144 
168 246 13 18 0.030329736 
654 339 11 14 0.030268451 
775 287 10 14 0.02978797 
303 269 13 18 0.02971349 
275 255 22 26 0.029312853 
583 309 9 12 0.029264303 
391 351 9 12 0.029169245 
512 181 9 13 0.029110447 
492 158 8 11 0.028977007 
885 454 16 19 0.028914923 
229 430 14 18 0.028860679 
551 381 12 17 0.028757803 
731 435 13 16 0.028589632 
767 309 11 15 0.02840294 
576 342 13 17 0.028335333 
493 335 10 13 0.028331421 
474 434 15 20 0.028126828 
531 321 12 17 0.028000252 
281 322 11 14 0.027870856 
853 402 16 21 0.027524212 
283 268 15 18 0.027430303 
520 276 11 15 0.027303452 
284 299 12 15 0.027079249 
767 303 9 11 0.027028818 
481 267 13 16 0.027012331 
665 380 14 17 0.026933704 
716 389 12 15 0.026777778 
333 462 16 18 0.026761089 
576 308 11 14 0.026714265 
801 263 10 12 0.026383914 
582 425 13 16 0.026138926 
684 284 13 15 0.026119448 
170 453 17 20 0.026052184 
423 268 12 14 0.026010396 
670 426 14 17 0.02599193 
646 307 11 14 0.025983443 
612 290 10 13 0.02597904 
252 394 15 19 0.02548867 
151 391 20 24 0.025126023 
743 359 12 16 0.024988608 
749 270 9 11 0.024961151 
100 313 15 21 0.024905166 
333 430 16 20 0.024879737 
554 203 10 13 0.024726432 
730 427 14 17 0.024723852 
709 429 12 14 0.024640381 
713 311 10 13 0.024557525 
719 449 13 17 0.024178388 
441 178 11 14 0.023959609 
484 313 13 17 0.02394733 
192 388 11 14 0.023893854 
691 344 13 17 0.023879297 
707 226 11 14 0.023774453 
653 285 10 13 0.02365236 
584 323 12 15 0.023452604 
316 371 12 13 0.023360455 
251 372 13 16 0.02334712 
391 428 14 18 0.023323676 
359 245 14 17 0.02300913 
506 355 13 17 0.022965137 
707 437 14 17 0.022938756 
485 214 11 14 0.022924013 
785 269 9 12 0.022915538 
837 427 14 21 0.02288951 
718 428 11 14 0.022812352 
489 362 13 17 0.022723727 
549 277 13 15 0.022704639 
760 374 12 14 0.022679778 
833 286 11 12 0.022637125 
493 184 15 18 0.022626128 
753 491 16 21 0.022618318 
621 279 10 13 0.022524845 
589 211 9 12 0.022493405 
807 245 9 12 0.022493133 
648 293 10 12 0.022321664 
468 415 14 17 0.022231678 
474 497 17 21 0.022202492 
729 413 12 16 0.022100098 
814 266 10 15 0.02191682 
439 360 12 16 0.021666799 
324 548 17 20 0.02159902 
691 407 14 18 0.021588596 
765 193 9 12 0.02157139 
284 375 11 13 0.021515243 
569 270 10 12 0.021499418 
322 276 14 19 0.02149382 
849 285 8 12 0.021414062 
231 452 16 21 0.021363858 
563 174 9 12 0.021348108 
349 352 11 15 0.021244586 
573 426 12 17 0.02115907 
236 418 12 14 0.021056028 
360 552 20 27 0.02086639 
424 262 12 15 0.0208387 
312 373 11 13 0.02082102 
640 270 10 13 0.020817578 
551 430 12 15 0.020779908 
809 254 10 12 0.02070153 
364 382 11 14 0.020689024 
115 377 18 20 0.020662839 
272 475 13 16 0.02063744 
253 305 11 16 0.020608585 
331 393 14 20 0.020564876 
347 302 15 19 0.020516092 
544 270 11 14 0.020433355 
652 483 14 16 0.020349223 
933 381 12 16 0.02032778 
574 190 11 14 0.02026213 
728 300 9 12 0.020258883 
785 264 8 11 0.020144813 
270 333 11 13 0.020111294 
