10_People_Marching_People_Marching_2_239
19
347 224 72 85 0.99861825 
513 349 51 62 0.9971871 
840 234 73 91 0.9916066 
59 405 50 57 0.9845376 
978 401 41 54 0.9322396 
932 355 36 56 0.6320526 
907 422 48 56 0.38913858 
707 68 94 116 0.2736373 
206 359 65 64 0.22049928 
243 611 16 20 0.15699708 
433 237 11 15 0.13131493 
163 331 26 33 0.10451262 
220 414 52 56 0.051967937 
259 579 24 34 0.04877143 
459 233 33 43 0.041825846 
208 592 22 28 0.030398576 
634 123 50 59 0.02875478 
430 199 9 12 0.025332615 
965 175 27 41 0.021739297 
