10_People_Marching_People_Marching_10_People_Marching_People_Marching_10_People_Marching_People_Marching_10_674
551
843 285 12 16 0.87452114 
275 455 19 28 0.8726741 
919 310 9 13 0.8377191 
981 317 10 12 0.79540586 
298 262 7 10 0.77573687 
831 401 14 15 0.7700005 
823 275 9 12 0.7374477 
866 310 11 13 0.7240989 
234 272 8 11 0.7110854 
515 253 9 11 0.7065201 
272 317 8 11 0.6900092 
710 381 11 14 0.6790569 
896 309 9 11 0.67222923 
139 411 13 17 0.66469955 
799 332 10 13 0.6584827 
964 315 11 13 0.653467 
462 345 12 14 0.6382034 
527 340 9 12 0.6285826 
630 382 12 15 0.62215173 
797 315 9 11 0.5572689 
597 339 10 13 0.5324115 
82 400 15 19 0.52228177 
776 293 8 10 0.5025899 
196 348 12 14 0.5003978 
260 303 10 12 0.47564393 
681 384 10 12 0.43815508 
495 383 13 16 0.43440637 
696 268 9 12 0.41671008 
207 313 12 14 0.41654146 
408 380 12 14 0.41443875 
868 288 11 14 0.40406603 
882 341 10 12 0.4003138 
640 343 11 14 0.39810938 
789 295 9 11 0.3958789 
1000 328 9 12 0.39155576 
760 317 7 10 0.38993225 
43 444 12 17 0.38598523 
598 268 9 11 0.37643978 
512 359 11 13 0.36454383 
54 288 9 10 0.34998196 
727 360 9 11 0.3289795 
317 267 8 9 0.32366896 
101 295 8 11 0.311909 
125 422 14 16 0.29712644 
778 336 8 11 0.29683787 
16 371 12 16 0.28960314 
145 293 9 11 0.28931236 
394 344 9 12 0.28441575 
364 513 24 33 0.27869576 
630 531 19 31 0.26918468 
626 261 7 9 0.26274887 
576 366 9 12 0.26217905 
735 285 9 12 0.2596058 
761 382 9 12 0.25830716 
440 343 9 11 0.2568273 
785 293 8 12 0.24371979 
349 295 8 10 0.24333274 
564 387 12 16 0.24282892 
951 295 10 13 0.24273145 
112 256 8 10 0.2277673 
447 365 12 16 0.22627375 
370 269 8 11 0.21189559 
613 381 11 12 0.2112046 
115 395 11 14 0.20915416 
674 274 8 10 0.19972758 
322 326 8 9 0.19416432 
489 308 9 11 0.1915138 
385 260 7 9 0.18972556 
383 363 10 12 0.18969415 
349 458 9 13 0.18674953 
449 327 8 10 0.1857352 
656 404 9 12 0.18507883 
158 396 14 16 0.18100028 
341 344 9 12 0.17800693 
418 258 8 10 0.17746238 
473 476 23 25 0.1695335 
583 400 10 12 0.16941835 
751 372 10 12 0.1679279 
11 282 14 16 0.16753408 
70 287 9 10 0.16146696 
712 325 8 11 0.15933792 
476 360 10 13 0.15924713 
220 328 9 12 0.15801515 
655 325 7 10 0.15759397 
432 263 6 8 0.14819962 
709 342 8 11 0.14365618 
534 373 9 12 0.14329463 
132 388 9 12 0.14290805 
287 334 9 11 0.1415021 
637 272 7 10 0.13886912 
970 374 8 11 0.13403013 
968 297 9 11 0.12915567 
687 284 8 11 0.1205746 
609 262 8 11 0.11868673 
162 402 16 17 0.11581083 
849 358 8 11 0.11322053 
805 278 10 12 0.11225724 
248 316 9 11 0.10684751 
726 301 7 10 0.10348708 
162 422 17 20 0.103373274 
762 356 8 11 0.10272427 
1 419 8 14 0.09833085 
556 368 10 12 0.09796162 
229 313 9 11 0.096947506 
884 335 10 13 0.09611405 
663 357 8 11 0.09578396 
21 244 9 12 0.09530369 
352 519 21 31 0.09526444 
865 333 7 10 0.09509139 
51 397 10 14 0.09337735 
742 358 8 9 0.09226663 
919 293 8 11 0.091034524 
116 287 9 11 0.09076803 
408 309 8 10 0.08854335 
848 222 7 9 0.08838528 
848 191 8 10 0.087087266 
872 418 10 13 0.086553395 
298 285 9 11 0.08499008 
586 303 7 10 0.08453815 
734 377 8 11 0.08430213 
400 257 7 9 0.084150724 
192 262 8 9 0.08384327 
895 314 10 13 0.08292768 
753 288 9 11 0.081908114 
977 215 7 9 0.0817619 
129 273 10 11 0.081712864 
689 399 9 11 0.0815229 
184 294 7 10 0.08108238 
294 491 16 20 0.08059092 
50 253 7 9 0.07947738 
759 545 23 30 0.0791863 
728 381 9 12 0.07870328 
422 261 7 10 0.07859367 
345 265 7 8 0.078293025 
132 416 15 19 0.07717785 
652 390 9 10 0.07654404 
370 256 7 8 0.075544514 
510 290 7 9 0.0743611 
949 324 10 11 0.073983446 
594 335 11 13 0.07395516 
614 261 8 11 0.072518 
993 342 10 12 0.072506115 
225 312 9 12 0.07219889 
721 301 9 10 0.07208152 
380 470 15 23 0.070667885 
575 278 7 9 0.07051407 
278 312 7 10 0.069885 
166 242 11 14 0.069660656 
430 333 8 10 0.069441535 
91 395 13 16 0.06881724 
771 551 14 23 0.068367705 
347 481 11 16 0.068364695 
527 287 7 9 0.06823292 
75 378 12 14 0.068017066 
338 317 7 10 0.06757382 
861 373 9 10 0.067113884 
827 190 6 9 0.06693075 
249 256 9 11 0.06636903 
721 349 8 9 0.06632229 
498 342 8 10 0.06608353 
628 261 9 11 0.06521941 
904 222 8 10 0.063915834 
707 366 7 10 0.06346099 
956 295 10 13 0.06313016 
774 559 14 24 0.06289505 
86 388 15 17 0.06238525 
193 287 7 10 0.06231397 
370 288 6 8 0.062234595 
595 380 10 14 0.06213071 
854 396 9 12 0.06198376 
862 349 8 11 0.06038093 
887 327 9 12 0.060253106 
115 404 12 17 0.05993825 
191 272 8 10 0.059730522 
136 317 11 14 0.059496477 
480 328 8 11 0.05878906 
741 286 8 10 0.058097713 
109 334 9 11 0.0578687 
1004 328 9 11 0.05719959 
871 333 7 10 0.05696039 
757 374 9 11 0.05635044 
774 347 9 12 0.056127246 
730 286 9 12 0.055977102 
374 350 8 10 0.055785142 
785 270 9 11 0.055668473 
277 316 9 11 0.05550139 
927 190 8 11 0.05467996 
463 247 7 10 0.054435387 
753 293 9 11 0.05432272 
412 464 17 22 0.05391552 
794 333 9 12 0.053397037 
624 380 12 14 0.053337004 
784 400 9 11 0.0531161 
734 359 9 11 0.053033043 
282 357 10 15 0.052531853 
353 278 8 9 0.05214377 
658 284 8 10 0.052037027 
76 405 15 20 0.051999014 
890 208 7 9 0.05176056 
657 352 8 11 0.051342886 
540 352 9 12 0.051130626 
408 333 9 10 0.051110707 
625 303 8 11 0.05097536 
816 375 10 11 0.050692488 
772 268 9 11 0.05065801 
254 259 8 11 0.0506495 
650 326 8 10 0.050561037 
229 254 7 10 0.050133303 
281 253 8 10 0.049167957 
802 279 8 11 0.048932217 
780 568 15 23 0.048906874 
710 335 9 11 0.048839122 
806 253 7 10 0.048623245 
778 383 8 11 0.04855997 
84 422 14 21 0.048357613 
168 280 8 10 0.047977623 
453 332 9 10 0.047790408 
503 263 7 8 0.047524396 
215 295 8 11 0.04731781 
377 327 7 10 0.047303364 
435 499 11 15 0.047230203 
623 246 7 9 0.047150392 
518 372 10 12 0.04709465 
594 269 8 11 0.046949778 
520 398 11 13 0.04685313 
133 275 8 11 0.04637646 
633 333 8 10 0.0463665 
791 288 9 12 0.04636267 
889 214 8 10 0.04620681 
529 373 9 11 0.046137195 
102 299 9 11 0.04611258 
727 297 9 11 0.045323204 
199 262 8 9 0.045236655 
63 422 12 17 0.04517218 
280 334 10 13 0.04488262 
689 366 7 10 0.04484573 
808 271 9 10 0.044623557 
413 487 15 23 0.044527512 
203 349 12 14 0.044233743 
589 305 8 10 0.044219688 
534 380 9 11 0.043886382 
654 367 9 11 0.043559298 
818 275 10 14 0.043420456 
448 498 11 14 0.04304558 
927 183 9 11 0.04259131 
679 255 9 11 0.042381458 
816 381 9 12 0.042267688 
773 238 8 9 0.041774355 
172 401 12 15 0.04151201 
21 407 12 18 0.041411962 
374 256 7 8 0.041385263 
729 264 8 10 0.0413241 
903 167 7 8 0.040993787 
189 317 11 14 0.040574223 
0 347 9 14 0.04056959 
745 374 9 12 0.040500335 
351 327 7 9 0.040229376 
984 214 7 9 0.040160187 
416 318 8 10 0.039950624 
841 223 8 9 0.039781887 
776 300 8 11 0.03975929 
657 342 7 9 0.039585013 
71 398 11 14 0.0393269 
102 396 10 13 0.03931447 
725 388 10 11 0.039284874 
346 301 9 11 0.03915769 
206 257 7 9 0.039150264 
61 245 8 10 0.039076857 
118 461 11 14 0.038960807 
634 544 17 30 0.038926266 
593 287 8 10 0.0388828 
831 303 11 13 0.038624153 
780 339 9 12 0.038452264 
512 371 11 14 0.038387187 
535 288 7 8 0.038318343 
68 420 12 16 0.038316507 
104 278 7 9 0.038313296 
959 172 9 11 0.038235236 
56 247 9 11 0.03815352 
193 277 8 11 0.03805963 
1014 326 8 11 0.038028184 
796 572 26 30 0.037904833 
522 287 7 10 0.037896164 
575 272 7 10 0.03780241 
419 468 15 21 0.03769293 
550 328 8 9 0.037653986 
699 567 14 25 0.03760327 
832 336 7 10 0.0375205 
976 182 7 9 0.037507646 
369 264 8 10 0.03750267 
309 496 13 19 0.037464634 
262 256 8 10 0.037453026 
849 374 8 10 0.03741523 
616 257 8 10 0.03724129 
751 380 10 11 0.037236523 
944 247 7 9 0.036873188 
760 353 7 10 0.036681756 
120 319 8 11 0.03662715 
856 372 9 11 0.036591996 
630 326 8 10 0.03638009 
677 275 9 11 0.036197156 
922 190 9 10 0.036145553 
586 264 7 9 0.035800792 
288 340 9 11 0.035708632 
946 184 8 9 0.035574522 
863 368 8 10 0.03521558 
490 272 7 8 0.035135172 
854 367 9 11 0.034991443 
901 304 8 11 0.03486316 
346 326 7 10 0.034861293 
90 309 8 10 0.0347978 
278 339 10 11 0.034716517 
160 285 8 10 0.03458464 
81 272 7 9 0.034448672 
655 335 8 9 0.034433823 
661 279 10 12 0.034358423 
253 317 9 11 0.033959102 
390 261 7 9 0.03392772 
776 311 8 11 0.033821356 
975 192 7 9 0.033739787 
439 305 7 9 0.033682764 
754 223 7 9 0.03342569 
515 363 11 14 0.03333677 
4 362 14 17 0.03288093 
458 247 7 10 0.032864213 
808 397 9 12 0.032724936 
863 344 8 11 0.032679416 
801 255 8 10 0.03259109 
49 278 8 10 0.03254089 
977 177 8 9 0.032490607 
799 286 8 10 0.032466877 
311 484 12 19 0.032394152 
630 321 7 10 0.03235924 
626 325 7 9 0.032303065 
939 382 7 10 0.03220489 
249 278 7 10 0.0320677 
88 272 7 10 0.031818535 
970 193 7 9 0.031760037 
585 271 7 9 0.0315804 
158 408 17 19 0.031521447 
557 343 10 13 0.03151275 
328 332 8 11 0.031440053 
735 294 8 11 0.031337004 
839 567 50 72 0.031259835 
685 387 9 12 0.03109449 
331 480 20 27 0.031092126 
215 352 9 12 0.030953057 
591 255 7 9 0.030708268 
445 349 9 11 0.030642888 
847 218 7 8 0.030374516 
479 318 7 9 0.030118063 
590 384 11 15 0.03006405 
236 618 13 15 0.030046845 
0 301 10 12 0.029893577 
509 351 10 12 0.029792514 
982 174 7 9 0.029739127 
478 301 7 10 0.029734218 
172 240 8 12 0.029726077 
114 292 10 12 0.02966053 
507 292 7 10 0.029634207 
338 312 8 11 0.029550923 
407 256 8 10 0.029413125 
925 253 8 10 0.029324744 
895 324 9 12 0.02930329 
157 302 9 11 0.029294204 
482 262 7 9 0.029265784 
850 365 8 11 0.029248409 
817 270 9 12 0.029092744 
569 279 7 10 0.028994642 
562 285 7 10 0.02895558 
135 292 9 12 0.028937507 
808 390 9 12 0.028906576 
672 373 8 10 0.028832318 
798 261 8 10 0.028830124 
693 366 8 11 0.0287285 
197 457 14 18 0.028676754 
650 384 8 10 0.028429177 
393 257 6 8 0.028411895 
853 359 8 11 0.028285189 
725 351 9 10 0.028256772 
112 280 9 11 0.028242623 
574 360 10 12 0.028133437 
894 213 8 10 0.027791474 
649 303 8 10 0.027784992 
637 335 10 10 0.027639452 
609 256 7 10 0.027626988 
527 346 9 12 0.027316308 
842 626 17 23 0.027307743 
782 289 9 11 0.027272603 
17 284 13 15 0.027233694 
165 229 8 11 0.027183238 
802 495 20 19 0.027136348 
447 321 7 10 0.02713199 
608 351 8 10 0.027078364 
847 352 8 11 0.02697468 
466 468 22 27 0.026917886 
857 326 8 11 0.026912604 
817 365 9 13 0.02691228 
623 376 20 25 0.026835425 
844 426 10 14 0.026801169 
191 293 8 10 0.026765835 
374 263 8 10 0.026720485 
888 188 9 11 0.026560651 
496 317 7 10 0.026537372 
477 311 8 11 0.026472336 
229 288 8 10 0.026455255 
745 381 8 10 0.026422832 
135 310 11 14 0.026402958 
758 367 9 11 0.02630925 
414 312 7 9 0.026200421 
296 327 9 12 0.026084792 
767 350 9 11 0.026061455 
1 256 8 12 0.025913648 
544 270 8 9 0.02577931 
62 374 10 15 0.025769224 
64 303 9 11 0.025655158 
721 255 7 9 0.025634857 
537 355 9 12 0.025529714 
783 563 24 32 0.02551268 
344 524 22 30 0.025461983 
858 350 8 11 0.025376862 
72 271 7 9 0.025229579 
486 262 7 9 0.025222616 
760 206 8 9 0.025200391 
383 335 8 9 0.025158754 
848 395 11 15 0.025150707 
191 334 10 13 0.025108295 
587 398 11 14 0.025045412 
367 311 7 10 0.025029358 
357 277 8 10 0.024988363 
201 257 8 11 0.024921248 
110 305 8 10 0.024918243 
465 287 7 8 0.024890577 
55 272 7 9 0.024854911 
431 494 13 18 0.02483638 
526 367 9 12 0.024835687 
972 300 9 11 0.024770753 
247 295 8 10 0.024700481 
654 302 8 10 0.02464392 
413 334 7 10 0.02461223 
569 320 7 9 0.02460757 
991 188 7 10 0.0245442 
267 318 9 11 0.024457168 
107 429 14 17 0.024376215 
823 281 10 13 0.0243562 
320 475 12 17 0.024345385 
523 341 9 11 0.024344755 
95 319 9 11 0.024296248 
166 424 22 26 0.024223147 
815 248 8 10 0.02420226 
879 309 9 12 0.024169968 
404 375 20 23 0.024058938 
77 420 14 19 0.024007289 
279 304 8 9 0.023974117 
78 288 9 11 0.023900075 
594 279 8 10 0.023889251 
340 478 17 26 0.023722062 
256 307 11 14 0.023656487 
885 359 9 11 0.023607042 
413 473 19 30 0.023555756 
6 639 9 11 0.023456037 
209 294 9 11 0.023387326 
476 483 26 30 0.023380475 
92 383 13 15 0.02334642 
281 249 7 9 0.023332292 
871 366 7 9 0.023312142 
489 420 10 12 0.023217192 
288 255 7 9 0.023210995 
837 621 16 24 0.023207769 
849 632 14 19 0.023194032 
407 261 8 10 0.023187472 
70 410 14 20 0.02318015 
255 278 7 9 0.023176882 
800 238 9 11 0.02313332 
566 342 8 12 0.023089657 
421 319 7 9 0.023070384 
288 271 7 9 0.023050081 
418 350 9 11 0.023013644 
63 281 7 9 0.022940977 
650 405 9 13 0.022874642 
609 375 23 26 0.022843514 
280 501 12 18 0.022836862 
659 400 11 13 0.022836274 
593 263 8 11 0.022809012 
758 342 8 10 0.022805016 
151 286 8 11 0.022743726 
402 310 8 10 0.02269834 
531 341 9 11 0.022644613 
342 367 9 12 0.022606356 
561 281 7 9 0.022592844 
119 301 9 12 0.022570321 
568 326 7 9 0.022473976 
350 263 7 9 0.02247293 
793 239 7 9 0.022450712 
998 346 9 12 0.022447856 
54 279 8 10 0.022445668 
944 359 7 9 0.022435538 
101 454 14 17 0.02240916 
71 403 14 17 0.022406867 
584 389 11 14 0.022266215 
770 294 8 11 0.022245975 
817 359 9 12 0.022218097 
152 301 9 11 0.022201056 
680 367 7 10 0.02205023 
198 285 7 11 0.022014793 
966 175 8 10 0.022004254 
987 317 10 12 0.022003492 
325 358 12 16 0.021991532 
641 246 7 10 0.021991525 
226 286 8 11 0.021942891 
969 229 8 10 0.021845298 
577 404 9 12 0.021828352 
614 352 8 10 0.021771573 
424 365 9 12 0.021734893 
387 477 15 24 0.021710485 
65 285 8 11 0.021597596 
566 286 7 9 0.021518867 
111 409 13 16 0.021474022 
426 333 8 10 0.021464076 
400 247 6 9 0.02144698 
881 346 9 12 0.021411467 
926 344 10 12 0.021403925 
947 294 8 12 0.021370672 
480 256 8 10 0.021347612 
294 334 8 11 0.021346513 
665 247 8 11 0.021345356 
681 558 21 29 0.021230452 
72 280 8 10 0.021221556 
49 443 13 18 0.021187618 
335 271 7 10 0.020956933 
462 337 10 12 0.020854944 
857 205 7 9 0.02079683 
124 435 14 18 0.020783393 
335 278 8 11 0.020775652 
192 342 13 18 0.020763952 
313 303 9 12 0.020732349 
118 425 13 18 0.020647896 
407 247 7 9 0.02053542 
968 167 8 9 0.020507118 
753 350 8 11 0.020489875 
919 166 7 9 0.020485032 
619 247 6 9 0.020466598 
574 263 7 9 0.020460935 
855 223 7 9 0.020427303 
147 437 15 18 0.020341747 
635 525 16 26 0.020334462 
3 302 12 14 0.020314528 
351 289 8 10 0.020312473 
449 550 11 13 0.020113548 
775 317 8 10 0.020021157 
425 285 8 11 0.020019291 
