10_People_Marching_People_Marching_2_1046
60
512 201 49 61 0.9975521 
282 259 14 20 0.9555883 
218 216 19 22 0.94871044 
48 203 22 26 0.9461914 
365 237 14 18 0.93080425 
425 197 18 24 0.93049675 
98 206 15 18 0.8766178 
200 189 17 20 0.85531205 
576 237 24 31 0.82533413 
744 242 17 20 0.76626194 
172 246 22 30 0.763592 
135 235 19 26 0.459043 
876 236 16 18 0.40543884 
1006 227 19 27 0.38751954 
685 196 13 16 0.3685039 
790 218 15 19 0.31836703 
588 192 11 13 0.27817568 
174 449 16 17 0.17020144 
165 246 18 23 0.13589975 
389 196 11 16 0.12343635 
327 253 9 13 0.11821611 
390 231 15 18 0.07938844 
603 214 11 13 0.06464682 
397 194 12 16 0.06293943 
349 219 10 13 0.05656615 
192 175 10 13 0.05540628 
653 241 16 23 0.0495013 
460 199 13 17 0.049446534 
954 204 14 17 0.046071265 
126 239 18 22 0.045415916 
882 230 14 16 0.04261656 
869 225 16 18 0.041692115 
179 257 17 24 0.03938451 
146 236 15 24 0.039278015 
678 199 15 17 0.038912196 
14 211 11 13 0.03549598 
691 199 13 17 0.035412017 
1010 238 13 20 0.035381604 
625 215 9 13 0.034285102 
-1 279 8 13 0.033987284 
328 198 7 10 0.033912923 
1006 302 16 21 0.032261442 
960 230 8 12 0.031311136 
733 173 15 20 0.03082521 
0 214 8 13 0.030756863 
158 243 16 22 0.028954688 
721 229 21 30 0.028447615 
731 226 24 34 0.026027322 
321 189 10 13 0.024353283 
823 216 9 12 0.024175696 
831 295 17 19 0.023877207 
871 240 15 18 0.023553101 
709 245 14 17 0.02314402 
96 183 9 11 0.022198388 
220 227 17 22 0.02199313 
341 201 9 10 0.021535031 
859 267 13 15 0.021424951 
623 237 10 13 0.021085184 
716 251 14 18 0.020846315 
710 261 20 27 0.020594046 
