10_People_Marching_People_Marching_10_People_Marching_People_Marching_10_240
173
411 321 107 135 0.9995028 
242 307 64 80 0.9992841 
130 211 28 34 0.9984102 
609 235 50 59 0.9976707 
913 432 108 122 0.9976046 
379 254 25 33 0.99651587 
715 245 24 30 0.9959804 
221 269 34 45 0.9936422 
2 239 31 37 0.9919857 
328 230 27 40 0.99152666 
838 263 27 35 0.98599744 
218 227 24 27 0.9827542 
417 237 42 53 0.9742569 
195 198 19 23 0.972995 
291 269 37 51 0.9716737 
552 226 22 27 0.9604182 
492 215 17 21 0.95928615 
691 261 22 33 0.9581468 
743 219 13 16 0.9260825 
261 212 18 23 0.91942626 
791 304 42 52 0.9166111 
167 200 21 28 0.89944327 
889 217 18 22 0.89237434 
834 208 15 19 0.8467198 
766 204 10 13 0.8426442 
106 195 15 19 0.7313597 
139 189 12 15 0.71010315 
740 242 16 21 0.70047605 
222 205 16 18 0.65060276 
538 211 15 19 0.6276916 
822 273 28 33 0.59809715 
999 214 15 18 0.5899485 
460 244 21 32 0.5891361 
590 195 10 13 0.5536901 
663 192 8 10 0.5499864 
795 218 12 16 0.5216508 
232 189 12 14 0.51230687 
790 207 9 12 0.50321686 
518 243 26 35 0.50049347 
161 189 12 16 0.4950596 
851 215 14 17 0.46608776 
341 217 12 14 0.45087016 
939 274 34 41 0.424228 
723 204 10 15 0.4126229 
890 233 17 20 0.40840542 
311 197 10 13 0.39475936 
873 180 12 15 0.38260537 
376 217 12 15 0.37319916 
685 227 12 15 0.35510707 
325 168 9 11 0.30501717 
843 211 15 18 0.2838135 
478 191 11 13 0.2658161 
777 235 16 19 0.26492727 
791 212 12 15 0.2470116 
303 198 11 14 0.23916496 
390 188 11 14 0.23671171 
300 209 12 16 0.2303384 
800 198 9 11 0.20250474 
903 250 19 23 0.19883388 
597 235 11 14 0.18288857 
224 187 10 13 0.17596856 
710 227 13 16 0.17176867 
682 232 17 19 0.16503969 
622 205 12 13 0.16311206 
162 192 16 22 0.16025695 
967 178 20 26 0.15484521 
825 245 17 19 0.1522493 
979 341 39 65 0.15171085 
344 192 8 11 0.15008938 
737 197 8 10 0.14831054 
463 204 9 11 0.13643982 
797 204 11 14 0.122119285 
453 234 23 34 0.11746378 
199 183 10 12 0.11409735 
694 207 8 11 0.1125692 
261 181 8 10 0.11135626 
497 199 11 13 0.11026113 
857 341 42 59 0.10798644 
161 511 50 45 0.10741451 
1011 225 13 24 0.10072227 
236 193 11 15 0.0927713 
714 196 8 11 0.092143774 
265 529 39 54 0.0890431 
279 189 12 15 0.08778171 
297 185 8 10 0.07873103 
628 205 11 13 0.07378855 
259 188 10 13 0.07286212 
766 289 23 29 0.071356826 
604 223 11 13 0.068793476 
716 191 9 11 0.05750139 
539 220 21 29 0.05525392 
448 205 11 14 0.054690067 
237 181 11 12 0.05386342 
719 198 9 13 0.053253185 
742 196 8 11 0.05323299 
34 180 26 29 0.053141315 
358 181 7 10 0.051380105 
791 222 13 17 0.0509252 
350 198 8 11 0.05002395 
311 182 8 9 0.048519947 
713 180 9 12 0.048339996 
277 203 14 18 0.044736754 
113 199 17 22 0.042959433 
510 203 10 13 0.04156549 
805 206 10 14 0.04118602 
456 229 18 21 0.0404008 
465 236 16 21 0.039743323 
638 220 11 14 0.03857947 
828 248 22 28 0.038050734 
297 197 12 14 0.03777479 
221 198 14 16 0.036169197 
896 240 20 24 0.036005147 
34 198 27 32 0.035873733 
395 188 10 12 0.03535811 
350 203 10 12 0.03448472 
364 241 15 21 0.0339084 
525 237 16 20 0.033621885 
901 181 10 13 0.033532005 
689 208 10 11 0.033005327 
986 251 17 20 0.03255126 
672 200 8 11 0.032057002 
32 233 22 30 0.03176448 
644 173 9 11 0.03152219 
307 200 12 15 0.031153312 
302 184 8 10 0.03114304 
358 175 7 9 0.030547865 
824 220 12 15 0.029302852 
976 241 29 30 0.028381096 
625 210 13 15 0.02796986 
772 292 29 38 0.027632315 
932 220 28 34 0.02755372 
902 174 9 13 0.027495237 
997 217 22 28 0.027421992 
197 186 15 17 0.027416551 
9 187 22 30 0.027299713 
529 236 23 34 0.027038254 
322 172 8 10 0.026948279 
966 210 29 37 0.026520304 
736 236 15 20 0.026067935 
646 158 8 10 0.025990346 
370 214 11 15 0.025719149 
737 497 22 30 0.025671076 
683 223 10 12 0.025494864 
379 221 14 19 0.025096273 
368 192 8 10 0.025075484 
421 95 11 14 0.024971493 
301 166 7 10 0.02471019 
282 193 12 17 0.024367323 
67 207 26 35 0.024253631 
658 195 9 12 0.023640377 
727 506 29 28 0.023621611 
299 189 11 13 0.023100957 
103 191 14 17 0.023004295 
618 200 8 10 0.022965832 
357 167 8 10 0.022907313 
337 215 20 24 0.022456225 
750 197 8 11 0.022182586 
711 206 9 12 0.022176957 
736 203 9 12 0.022074103 
981 278 13 15 0.021922264 
101 198 23 29 0.021779353 
337 227 17 25 0.02138583 
762 201 9 11 0.021188637 
745 237 14 19 0.021138038 
828 215 15 19 0.021075541 
600 233 17 21 0.020844784 
147 195 13 18 0.02084192 
468 214 11 13 0.020820487 
858 213 12 17 0.020491984 
678 156 9 11 0.020472744 
636 205 9 10 0.02020035 
782 221 13 16 0.020194054 
668 190 8 10 0.020063274 
