10_People_Marching_People_Marching_10_People_Marching_People_Marching_10_People_Marching_People_Marching_10_716
16
508 297 61 69 0.99917716 
326 348 53 64 0.9991416 
2 440 34 38 0.9988477 
770 266 72 92 0.9981786 
121 421 39 39 0.99676454 
73 438 39 47 0.99637634 
196 410 43 48 0.99326587 
930 456 32 34 0.97745526 
652 522 21 25 0.8712106 
16 600 25 37 0.050039526 
130 393 25 28 0.035234254 
28 572 28 30 0.03476252 
781 208 50 59 0.03068325 
98 439 27 39 0.025880009 
519 254 54 65 0.021990877 
3 588 12 16 0.020066157 
