10_People_Marching_People_Marching_2_307
51
507 144 103 126 0.9977028 
659 221 50 66 0.9764529 
254 183 80 101 0.96092004 
77 194 65 76 0.9397779 
47 236 53 68 0.32840076 
296 9 18 20 0.27332765 
793 288 17 24 0.18569784 
706 162 15 16 0.16512302 
687 140 13 17 0.16395982 
768 169 16 19 0.1318117 
740 248 9 12 0.09662951 
771 301 13 16 0.08499222 
838 172 11 15 0.07536134 
780 276 12 14 0.06965743 
706 171 14 16 0.06448092 
744 271 10 11 0.060057763 
808 265 11 14 0.05552447 
756 262 9 11 0.05377096 
300 23 16 19 0.050089505 
649 338 25 31 0.049530283 
766 270 10 12 0.049147457 
766 294 13 14 0.04779189 
832 356 9 12 0.046905033 
768 206 9 11 0.04440327 
639 220 31 45 0.04439308 
872 169 14 18 0.04381618 
818 205 15 17 0.040232863 
731 319 11 13 0.038555495 
715 306 14 18 0.03842524 
766 159 10 12 0.035604697 
759 319 13 17 0.032723397 
787 354 16 18 0.031206306 
729 234 8 11 0.029843153 
834 179 9 14 0.029311486 
769 250 10 13 0.02690721 
783 333 13 15 0.02627588 
772 192 11 13 0.026072294 
755 286 13 16 0.02580712 
702 176 14 17 0.025615769 
618 254 32 42 0.025211269 
795 410 18 20 0.025116853 
750 164 10 14 0.024051739 
765 176 15 16 0.023914427 
764 285 13 16 0.022697821 
780 300 10 15 0.022286465 
698 170 23 28 0.021842236 
732 238 10 14 0.02158955 
854 257 13 17 0.02138816 
6 460 31 52 0.021252053 
741 300 11 14 0.020886177 
758 165 11 15 0.020139668 
