10_People_Marching_People_Marching_2_401
110
332 403 67 84 0.9994541 
19 406 59 68 0.99910444 
193 352 52 66 0.9983767 
661 267 34 39 0.99709046 
638 531 74 97 0.9966247 
626 250 27 36 0.99644035 
567 264 29 37 0.9959616 
45 289 26 33 0.9954484 
91 515 64 76 0.9950911 
728 302 35 44 0.9949803 
551 498 57 64 0.99438226 
496 268 29 38 0.99435 
100 282 30 35 0.99410015 
540 240 24 31 0.9938911 
725 382 37 47 0.99204636 
64 319 28 35 0.99155784 
851 496 90 133 0.9892926 
284 295 22 28 0.9865867 
422 239 23 28 0.9851726 
797 280 44 54 0.98456717 
315 269 17 21 0.9824019 
188 268 27 29 0.9807734 
100 392 37 39 0.9806701 
849 249 35 49 0.9805356 
252 273 21 27 0.9797267 
671 419 40 54 0.9780959 
352 276 21 25 0.9779011 
207 303 26 29 0.9775913 
307 328 26 30 0.97714055 
477 264 20 32 0.9710024 
923 266 26 33 0.9687848 
350 335 31 36 0.9644681 
783 351 44 78 0.9600653 
756 262 27 38 0.9564719 
385 248 19 25 0.955799 
357 253 13 16 0.92459905 
700 240 15 19 0.9236844 
740 252 20 26 0.9207621 
382 311 26 33 0.9139287 
508 240 20 26 0.889557 
326 291 23 27 0.8421281 
29 267 22 29 0.82267135 
819 247 24 30 0.7999591 
745 230 16 21 0.68252325 
0 353 22 47 0.4688249 
239 290 14 19 0.3362084 
614 237 15 19 0.31307948 
586 244 22 27 0.30072612 
941 246 15 19 0.27160826 
749 258 24 32 0.24464878 
612 476 43 62 0.21240455 
316 255 12 14 0.19763957 
999 273 20 33 0.19306636 
667 239 12 14 0.1894173 
545 299 31 36 0.17779462 
318 356 25 31 0.14764749 
985 232 16 20 0.12733331 
635 235 17 20 0.12498597 
168 267 13 18 0.10139207 
773 263 30 39 0.094797306 
934 250 24 32 0.091449946 
750 436 35 40 0.080583036 
621 497 52 72 0.07501125 
595 248 21 27 0.072118826 
339 267 14 18 0.06934918 
496 343 43 61 0.06454718 
784 270 42 54 0.06405005 
588 237 18 20 0.063168466 
486 240 15 18 0.06246805 
972 249 11 16 0.0536824 
558 274 30 36 0.050534483 
444 215 10 13 0.049459305 
299 274 13 17 0.049334638 
316 321 25 29 0.04786615 
361 324 30 33 0.047082156 
591 228 14 16 0.04635203 
588 493 48 64 0.045216933 
605 239 20 25 0.044890214 
544 395 50 65 0.04113236 
629 221 21 25 0.040742647 
626 214 20 22 0.040551316 
308 373 30 41 0.040538613 
360 256 15 19 0.039742947 
915 246 10 13 0.03881459 
352 256 14 19 0.03807978 
859 237 15 20 0.03743804 
741 242 16 20 0.036828995 
70 282 15 20 0.03560932 
350 234 10 14 0.03517319 
315 259 16 19 0.03488999 
245 282 15 19 0.034583937 
0 283 12 21 0.0343862 
778 300 24 35 0.034284696 
991 273 20 29 0.034062788 
960 352 10 13 0.031840682 
499 367 48 75 0.028703341 
903 236 13 15 0.028364087 
631 238 24 32 0.025802007 
787 259 25 33 0.025004202 
172 260 14 21 0.024184091 
227 282 13 17 0.023478473 
226 293 22 30 0.023107251 
622 460 51 64 0.022290947 
636 215 13 17 0.02144558 
760 177 20 26 0.020932125 
229 289 15 20 0.0208526 
734 251 14 20 0.0205043 
406 252 13 18 0.020473652 
30 263 14 19 0.020441039 
728 251 13 16 0.020138176 
