10_People_Marching_People_Marching_10_People_Marching_People_Marching_10_People_Marching_People_Marching_10_933
50
539 157 26 33 0.97811836 
111 200 37 49 0.96182954 
982 137 21 32 0.7061136 
544 282 25 28 0.23966314 
519 184 20 22 0.23115565 
735 12 12 15 0.18388471 
280 50 25 30 0.14246312 
759 28 11 16 0.09804493 
674 8 14 18 0.08996592 
787 42 14 20 0.07936938 
750 42 12 15 0.07440081 
181 0 12 11 0.07079345 
48 40 16 19 0.07056174 
317 72 14 20 0.066303946 
718 44 11 15 0.05649602 
652 2 9 10 0.055721894 
615 25 8 10 0.051469143 
752 30 11 15 0.038583204 
279 88 10 13 0.037817277 
738 6 13 17 0.036064282 
838 75 12 16 0.032841332 
950 24 7 8 0.032286134 
565 6 12 15 0.032260045 
821 51 13 16 0.031852353 
814 52 12 16 0.03126418 
828 50 11 15 0.030902773 
3 4 14 17 0.03073751 
546 342 10 13 0.029625872 
798 15 9 12 0.029384317 
333 86 13 19 0.028893977 
536 350 10 12 0.02865239 
669 18 13 16 0.027786061 
729 13 11 15 0.027232964 
974 0 10 9 0.027068939 
724 1 10 11 0.026931241 
582 5 9 11 0.026273007 
622 0 10 9 0.024764983 
555 0 11 9 0.024672251 
713 45 11 15 0.024387667 
107 6 16 17 0.023892894 
288 142 14 18 0.023149174 
808 51 10 15 0.023140186 
590 0 10 10 0.021924974 
741 89 14 19 0.021486886 
600 0 9 10 0.021469774 
262 15 16 18 0.021168495 
252 128 13 16 0.020883055 
847 0 10 10 0.020802254 
731 202 22 33 0.020648148 
101 0 13 12 0.020107817 
