10_People_Marching_People_Marching_2_131
18
407 296 37 46 0.9979013 
513 305 34 43 0.9977164 
470 366 43 54 0.99766064 
841 328 33 40 0.9975567 
144 304 36 47 0.9975007 
449 237 34 42 0.9973646 
684 259 33 42 0.9969248 
729 322 36 43 0.9965322 
283 312 36 45 0.9962619 
564 266 33 44 0.9959145 
326 214 35 45 0.99531794 
622 315 36 45 0.99520963 
736 398 40 50 0.9948986 
342 387 36 47 0.99370253 
200 368 42 47 0.99308115 
612 374 40 48 0.9929409 
608 772 16 19 0.061085876 
681 396 34 44 0.03036181 
