10_People_Marching_People_Marching_2_171
174
307 357 22 27 0.98842794 
215 433 22 27 0.9806008 
456 77 22 27 0.97965115 
306 437 24 28 0.9788168 
12 631 23 30 0.97675484 
418 492 22 30 0.97648937 
747 274 21 28 0.9756975 
114 126 21 28 0.97116435 
976 264 22 29 0.97093 
266 491 21 28 0.96954644 
346 115 19 22 0.9606784 
31 433 23 26 0.96049005 
64 361 21 26 0.9575463 
572 72 19 24 0.9572085 
560 580 21 28 0.9564885 
467 356 20 22 0.9523392 
200 364 21 26 0.949931 
671 91 21 27 0.9463282 
324 298 18 22 0.93710834 
391 357 21 25 0.9348225 
840 99 19 27 0.9327742 
906 334 22 30 0.93035495 
769 73 20 27 0.92845184 
441 427 20 24 0.9271346 
194 305 19 24 0.92646533 
453 532 20 28 0.9233469 
247 105 18 22 0.9173524 
609 384 19 30 0.9130146 
553 353 18 23 0.9025723 
5 144 18 22 0.89673394 
564 426 22 27 0.89261687 
722 345 22 28 0.8712944 
222 585 19 27 0.8710917 
102 546 20 25 0.8548836 
125 439 21 28 0.8280483 
442 294 14 17 0.819451 
663 371 20 28 0.7570932 
581 368 14 20 0.65013576 
18 175 24 30 0.54616904 
99 660 18 23 0.44601956 
832 397 27 30 0.43828836 
571 275 12 16 0.35118914 
589 252 18 23 0.29388765 
541 599 13 17 0.2728417 
421 156 12 14 0.22470325 
228 162 12 17 0.2218983 
342 619 16 26 0.22144999 
255 435 12 17 0.18005575 
361 283 22 32 0.17181699 
658 346 22 26 0.1599354 
549 331 11 14 0.15387164 
15 469 14 17 0.13582703 
474 167 15 17 0.13174368 
483 437 22 28 0.13034481 
423 368 15 19 0.12593254 
717 323 24 32 0.12070319 
660 360 22 28 0.12010427 
163 364 14 20 0.11443306 
213 551 16 21 0.102284536 
94 484 17 19 0.09767061 
430 649 25 31 0.09689974 
684 162 27 30 0.096556276 
459 294 13 17 0.08596135 
27 600 16 17 0.08556634 
14 304 173 205 0.0828964 
637 359 18 22 0.07561545 
364 275 18 23 0.07110348 
173 315 10 12 0.07073231 
499 375 15 19 0.06633789 
272 268 13 17 0.0651115 
193 458 17 21 0.06356725 
417 332 15 17 0.061458357 
635 385 16 24 0.061147295 
370 190 13 16 0.05794412 
47 457 14 16 0.05732076 
653 337 17 20 0.056369685 
182 306 12 16 0.05599205 
269 185 18 20 0.05500861 
343 96 23 27 0.054330654 
2 623 23 31 0.0532335 
752 249 24 29 0.051591538 
338 375 21 24 0.05135444 
271 124 14 17 0.050232418 
162 172 16 18 0.04940218 
577 277 15 17 0.048441928 
219 308 15 19 0.04792744 
508 380 16 20 0.04790947 
458 341 14 17 0.047178853 
595 452 19 21 0.0460021 
85 656 27 25 0.044465877 
183 317 10 14 0.04431559 
555 327 12 15 0.044227015 
1004 272 19 27 0.04409857 
111 546 18 22 0.04320195 
789 113 18 23 0.042823624 
7 452 15 19 0.042374346 
120 582 22 29 0.04234603 
521 364 15 18 0.041464236 
73 476 13 15 0.041443426 
564 370 15 20 0.04143323 
903 322 40 45 0.040106468 
427 151 11 15 0.040053573 
475 447 17 23 0.03690574 
0 468 8 15 0.03641667 
0 171 10 15 0.036038607 
240 444 12 17 0.035736162 
123 647 22 26 0.035436008 
471 329 14 17 0.035251793 
281 376 18 20 0.034396566 
449 362 16 20 0.034185525 
68 559 20 28 0.033976316 
525 341 16 18 0.03298594 
574 364 16 23 0.032754228 
218 498 14 19 0.032672804 
555 363 16 24 0.03252805 
715 317 18 24 0.032089926 
566 280 14 18 0.031429294 
743 98 12 17 0.030956972 
587 373 16 20 0.030878479 
572 298 12 15 0.03086621 
544 157 24 29 0.030016445 
174 302 9 14 0.0292238 
638 325 15 20 0.02859191 
28 170 21 29 0.028568812 
380 507 18 21 0.028350726 
166 429 13 16 0.028276462 
672 373 23 28 0.027840614 
416 553 18 22 0.027581204 
529 323 15 17 0.027107645 
339 447 18 21 0.026810398 
150 315 14 17 0.026674422 
67 435 13 18 0.026485696 
46 498 18 19 0.026374655 
150 460 15 17 0.026223805 
364 482 15 19 0.026069447 
455 306 12 14 0.025236754 
0 527 17 21 0.025061369 
894 330 25 34 0.024979245 
579 395 21 25 0.024777424 
364 165 16 18 0.024664424 
1 232 17 22 0.024530051 
180 432 16 21 0.024413634 
672 346 17 22 0.024081675 
6 563 17 20 0.02374612 
484 429 16 20 0.02358396 
364 491 16 20 0.023464536 
116 381 17 19 0.023263339 
671 277 24 30 0.022731021 
167 308 11 15 0.022652023 
241 549 16 20 0.022639379 
318 161 13 18 0.022389948 
612 346 15 19 0.022139814 
566 291 13 18 0.021995697 
417 159 12 17 0.021711087 
750 371 12 18 0.021677619 
543 326 13 17 0.021674056 
511 319 11 14 0.02142154 
790 255 22 29 0.021397186 
248 435 14 18 0.020872986 
182 518 27 30 0.020827727 
0 612 20 27 0.02074445 
730 335 25 31 0.02074155 
533 623 23 38 0.020617468 
117 445 19 24 0.020589218 
668 262 26 31 0.020582287 
667 264 15 19 0.020564184 
525 330 16 20 0.02040937 
401 488 14 19 0.020354172 
749 256 16 21 0.020262584 
588 361 21 25 0.020160837 
417 535 22 28 0.020152079 
136 442 16 21 0.020126583 
221 321 16 19 0.02009645 
324 404 18 23 0.020023772 
