10_People_Marching_People_Marching_2_60
30
399 221 37 40 0.99781185 
356 210 33 38 0.9958905 
919 213 38 38 0.9952691 
662 195 38 40 0.9951408 
842 193 32 33 0.9942567 
507 181 40 43 0.9939182 
102 197 39 44 0.9936439 
220 164 41 44 0.9922497 
771 152 37 41 0.98976654 
589 185 27 35 0.9560591 
143 0 27 21 0.54722387 
255 203 27 33 0.4672892 
311 -1 22 20 0.18807773 
243 -1 33 31 0.17909402 
230 0 29 28 0.13589582 
419 2 27 25 0.13387698 
393 94 28 29 0.09461678 
936 160 21 34 0.058483113 
439 8 57 71 0.044258293 
0 357 9 16 0.04305138 
433 159 26 36 0.032794688 
720 218 13 17 0.031163404 
209 -2 18 20 0.026969602 
414 0 19 20 0.026022393 
401 100 28 32 0.02599714 
338 23 28 29 0.023712533 
387 1 20 19 0.023436395 
247 191 29 36 0.022795524 
394 117 19 21 0.020500142 
519 52 11 13 0.02035984 
