10_People_Marching_People_Marching_2_269
261
768 238 25 35 0.994414 
67 219 12 16 0.62786883 
655 193 7 9 0.4663388 
942 181 9 11 0.34092587 
6 220 8 11 0.28843334 
247 207 9 11 0.24789175 
174 236 8 10 0.23175824 
522 199 7 9 0.20523928 
512 207 7 9 0.16096829 
602 198 8 10 0.15556616 
615 192 8 9 0.13693486 
205 223 9 10 0.13175003 
528 218 7 8 0.13126892 
725 200 10 12 0.12497881 
742 228 11 17 0.10664452 
585 236 8 11 0.10165801 
645 200 9 12 0.10120986 
749 193 9 11 0.100646175 
104 232 8 12 0.09960805 
948 196 9 12 0.09598427 
202 222 8 10 0.09400179 
57 213 8 11 0.08921226 
656 227 11 13 0.08591958 
229 224 9 12 0.08429787 
480 205 7 10 0.08276189 
550 223 7 9 0.08159199 
472 214 6 8 0.07870167 
253 249 12 15 0.07837102 
3 217 8 11 0.07128662 
693 183 8 10 0.07036947 
495 206 7 8 0.06983934 
102 237 9 11 0.06713837 
965 189 11 14 0.06609573 
920 174 8 10 0.06594405 
638 191 7 9 0.06489353 
191 223 7 9 0.06397922 
398 200 7 9 0.06338281 
488 205 7 9 0.0631972 
601 206 7 9 0.06285792 
32 214 9 10 0.061576817 
251 207 11 12 0.060873937 
724 183 9 11 0.06073792 
230 213 9 11 0.059431925 
791 223 13 17 0.058546264 
71 302 13 16 0.05846342 
199 322 12 16 0.05736485 
474 209 6 9 0.05716352 
282 229 9 12 0.057006687 
967 181 10 12 0.05642652 
62 215 11 13 0.056041088 
722 198 9 11 0.05567315 
632 191 7 10 0.05560269 
807 220 14 18 0.053868197 
699 199 7 9 0.052645393 
616 196 8 10 0.052645084 
711 185 7 9 0.05214743 
589 191 7 9 0.052034356 
101 186 10 12 0.051321287 
561 200 6 8 0.049427018 
7 235 9 13 0.049151834 
190 231 7 9 0.0481468 
622 230 11 15 0.04777804 
190 216 7 9 0.047614958 
240 206 10 13 0.047555745 
264 223 10 12 0.04602944 
201 214 8 11 0.045955513 
642 204 9 11 0.04574588 
520 205 7 10 0.045009516 
342 198 7 10 0.044612635 
561 207 6 8 0.044466157 
98 238 8 11 0.044412363 
543 214 6 9 0.043940518 
673 192 7 9 0.04364229 
688 191 7 9 0.042875513 
263 228 13 15 0.042669613 
587 190 6 9 0.042616744 
537 199 6 8 0.042380005 
615 207 8 10 0.041845694 
606 205 8 10 0.041659825 
73 239 10 12 0.041108444 
185 223 7 9 0.041083306 
160 225 7 9 0.0402081 
186 217 7 8 0.0400004 
769 165 8 10 0.039518267 
142 222 7 10 0.039342284 
137 255 9 11 0.039321233 
488 216 6 8 0.039158013 
124 239 9 11 0.0391376 
520 262 8 11 0.038968183 
120 193 7 8 0.038881183 
607 193 7 9 0.038757365 
991 175 7 10 0.038550228 
0 250 9 13 0.038372036 
143 230 9 12 0.038330603 
724 188 10 12 0.038214307 
225 214 8 11 0.037815683 
673 199 7 9 0.03765545 
1 236 9 13 0.037462246 
511 200 7 8 0.037286043 
187 292 14 18 0.03725753 
649 216 7 10 0.03724083 
440 198 6 8 0.036682516 
331 208 6 8 0.036065243 
536 223 7 9 0.035971355 
417 199 7 9 0.035951838 
236 301 11 16 0.035859287 
55 237 7 11 0.035579953 
37 232 9 11 0.03537153 
576 278 8 9 0.035360973 
314 241 6 9 0.035347205 
663 238 9 10 0.03502987 
151 230 7 10 0.035015993 
185 237 8 10 0.03500873 
377 222 7 9 0.034834813 
338 199 8 11 0.034823835 
589 238 8 10 0.034713797 
609 215 7 9 0.034502927 
185 231 7 10 0.03411552 
944 189 10 12 0.03402352 
538 216 6 8 0.03385866 
138 223 8 10 0.033732872 
270 206 8 10 0.033684127 
167 192 8 10 0.0336071 
223 199 7 10 0.03350396 
655 215 9 11 0.033044886 
930 168 8 9 0.033035614 
504 200 7 9 0.03271587 
226 227 9 12 0.03268183 
927 173 8 11 0.03260761 
559 183 7 9 0.03259958 
278 215 8 10 0.032408003 
143 217 7 9 0.03219027 
185 249 7 9 0.031765874 
480 216 7 9 0.031765115 
433 198 6 8 0.031547364 
103 206 7 9 0.031496894 
704 230 8 10 0.031348307 
171 237 8 11 0.030956673 
81 176 8 10 0.030661643 
545 246 7 10 0.0305645 
600 216 6 8 0.029938566 
55 247 8 11 0.029927483 
377 207 6 8 0.029839346 
1013 204 11 17 0.029576616 
526 256 8 11 0.029481329 
933 159 8 10 0.029003592 
959 180 9 12 0.02894697 
273 214 9 11 0.028867159 
665 183 7 9 0.028726881 
466 215 7 9 0.028618913 
520 216 7 9 0.028395802 
566 240 7 9 0.028388824 
569 223 6 8 0.028345432 
385 207 6 8 0.028344067 
586 185 6 9 0.028330661 
640 229 10 13 0.028169442 
89 267 12 15 0.028001383 
495 201 8 9 0.027912894 
177 224 7 8 0.027745413 
209 236 10 13 0.02767845 
238 212 11 14 0.027635429 
624 192 7 9 0.027602887 
665 205 7 10 0.027536105 
45 203 9 12 0.027520059 
632 198 7 10 0.027480502 
621 222 11 13 0.026857743 
567 246 8 9 0.026685232 
119 196 8 10 0.026591146 
270 291 13 18 0.026193203 
55 254 8 12 0.026136944 
190 236 7 10 0.026115239 
671 184 7 9 0.026089853 
266 204 8 11 0.026069762 
319 214 6 9 0.025997376 
96 199 9 11 0.025884649 
160 240 7 9 0.02563762 
185 199 7 9 0.025490247 
224 206 9 11 0.025347762 
704 191 7 9 0.025328133 
88 222 9 11 0.025318177 
583 206 7 9 0.025234168 
605 246 7 11 0.025183711 
577 215 7 9 0.025116732 
863 181 9 11 0.025106225 
569 192 6 8 0.025044866 
936 176 8 11 0.024803383 
297 245 8 10 0.024760377 
537 208 7 9 0.024684267 
679 192 7 10 0.024523042 
504 205 7 9 0.024495931 
628 230 9 13 0.024361512 
607 230 7 9 0.024351297 
166 224 8 9 0.024284853 
544 209 7 9 0.02428223 
175 215 6 9 0.024088481 
108 231 10 13 0.023906866 
30 207 9 11 0.023781143 
87 198 8 10 0.0236745 
37 214 9 11 0.02354438 
809 183 7 9 0.023500618 
797 188 9 13 0.023377974 
743 216 9 11 0.023376165 
537 193 6 8 0.023273712 
950 181 9 12 0.023206988 
552 207 6 9 0.02317867 
569 199 6 9 0.023149485 
434 238 7 9 0.023115523 
494 190 7 9 0.023060242 
416 215 7 9 0.023051908 
417 233 6 8 0.02303927 
687 198 7 9 0.023029378 
503 217 8 9 0.022874199 
536 229 8 9 0.022872698 
697 245 9 12 0.02285422 
13 222 8 10 0.022848444 
13 272 15 19 0.022831107 
439 238 7 9 0.022772368 
503 295 11 15 0.022770766 
832 180 9 12 0.022632543 
465 222 7 9 0.022626774 
993 180 7 10 0.022596521 
592 206 7 9 0.022495601 
640 222 9 11 0.022462152 
71 243 10 13 0.022455525 
40 205 9 11 0.022432791 
782 197 10 12 0.022425326 
641 216 8 10 0.022397507 
168 248 8 10 0.022353739 
395 201 7 9 0.02233203 
568 232 6 8 0.022166919 
423 199 7 9 0.022152238 
521 256 9 12 0.022096375 
921 199 8 12 0.022031022 
679 198 7 10 0.021905221 
462 262 10 13 0.021776918 
526 231 8 10 0.021759044 
560 191 6 8 0.021720143 
1005 198 11 14 0.021540675 
602 231 6 9 0.021328295 
544 193 6 8 0.021326805 
495 277 10 13 0.021292109 
465 233 7 8 0.021279642 
95 174 8 9 0.02122327 
617 268 9 12 0.021219831 
304 206 6 8 0.02115423 
418 238 6 8 0.021024141 
197 317 20 26 0.020965628 
481 202 7 9 0.02091178 
280 208 8 9 0.020829674 
522 194 6 8 0.020730268 
288 223 7 10 0.020678246 
601 240 7 10 0.020434652 
761 181 8 10 0.020410957 
590 232 7 10 0.020405466 
438 215 7 8 0.020385364 
120 232 8 12 0.020352324 
546 240 7 9 0.020268794 
238 198 9 11 0.020192035 
583 215 6 8 0.020108305 
555 184 6 8 0.020104453 
53 232 9 12 0.020092424 
