10_People_Marching_People_Marching_2_404
149
197 229 28 34 0.9359203 
605 230 27 32 0.92210865 
388 297 14 17 0.78418183 
35 257 27 34 0.7216244 
339 280 13 17 0.64538586 
270 263 23 25 0.6080899 
157 298 15 17 0.31280905 
383 280 8 11 0.30813655 
924 241 27 30 0.29630712 
612 185 16 19 0.28434706 
164 225 14 17 0.25493738 
410 301 9 12 0.2367662 
783 296 10 12 0.22145447 
413 303 9 11 0.22131091 
455 294 8 11 0.1961831 
832 271 9 11 0.13997851 
1011 266 14 23 0.110327736 
320 271 10 15 0.11013116 
839 285 14 18 0.1065312 
823 261 9 12 0.10265487 
872 261 10 13 0.08951314 
788 296 10 12 0.08867361 
371 293 11 15 0.08779016 
264 234 12 15 0.083339706 
792 277 8 10 0.08216195 
783 280 9 10 0.0796852 
938 203 16 18 0.07677542 
416 308 7 10 0.07640819 
817 264 9 12 0.071445815 
769 257 8 10 0.06718028 
162 231 17 21 0.065384895 
273 252 19 23 0.061356854 
323 275 11 14 0.060880996 
160 206 9 12 0.05789124 
375 285 9 12 0.05765546 
900 227 15 20 0.05690517 
307 244 11 16 0.054483473 
369 285 9 12 0.054464966 
424 295 8 11 0.053791534 
821 267 9 13 0.05143584 
454 269 8 11 0.050464407 
733 288 8 10 0.05006491 
786 262 7 9 0.04818315 
465 317 7 10 0.04698585 
845 278 9 11 0.046892717 
365 271 9 11 0.046114296 
368 298 10 14 0.046100937 
158 238 23 28 0.045695256 
497 310 7 9 0.045358073 
354 231 8 10 0.044265293 
490 305 7 9 0.04305372 
279 258 18 21 0.04213874 
760 285 9 11 0.041313894 
465 280 8 9 0.041156594 
774 244 7 10 0.03833714 
479 303 8 10 0.038337037 
806 252 9 11 0.037298918 
719 295 7 9 0.03713819 
439 312 7 10 0.036766678 
1007 285 10 15 0.036636584 
405 263 9 12 0.03656299 
385 255 7 10 0.036474567 
729 279 7 9 0.035959784 
825 256 9 11 0.035510477 
469 266 9 12 0.035299875 
797 272 9 12 0.035252813 
247 213 9 12 0.03490139 
520 195 12 15 0.034747418 
571 204 13 17 0.03458146 
472 312 8 10 0.03458139 
448 303 7 9 0.034202706 
431 302 7 10 0.033997327 
454 289 9 11 0.03333371 
829 262 9 10 0.033076223 
455 264 8 11 0.032694455 
759 281 8 10 0.032618705 
821 276 10 13 0.032053743 
568 248 9 12 0.031929996 
849 271 7 10 0.031783815 
472 280 8 10 0.031710617 
202 195 10 13 0.031561956 
839 263 8 10 0.031054612 
783 285 9 11 0.030678255 
735 293 7 10 0.030602554 
647 189 11 14 0.0302865 
760 254 7 10 0.030108217 
802 247 9 12 0.030099096 
773 257 7 10 0.030098543 
720 277 6 9 0.030067014 
877 255 10 12 0.030030407 
879 233 8 10 0.02938035 
465 263 9 13 0.029211713 
240 213 8 11 0.028023198 
901 236 15 21 0.027889984 
743 270 8 10 0.02784076 
829 244 8 11 0.02779407 
343 256 7 9 0.027433 
338 256 7 10 0.02729819 
409 307 9 11 0.027108297 
769 245 7 10 0.027087038 
495 305 7 9 0.026767174 
431 264 8 9 0.026356835 
366 277 10 12 0.02600467 
124 195 197 282 0.026004443 
430 296 8 11 0.025846666 
907 241 12 17 0.025652112 
253 212 10 12 0.025498101 
754 264 7 9 0.025292758 
450 295 9 11 0.024914501 
759 270 7 9 0.02472013 
768 270 8 10 0.024184173 
703 293 8 10 0.02398003 
836 269 10 12 0.02390814 
348 284 10 13 0.023777913 
377 279 9 11 0.023696614 
303 236 13 17 0.023693716 
957 232 17 23 0.023670599 
880 279 9 11 0.023661414 
449 310 7 10 0.023551216 
744 296 7 9 0.02332851 
974 200 25 30 0.02332111 
423 302 8 10 0.02301195 
728 304 7 9 0.022827597 
259 240 14 19 0.022784341 
752 270 7 10 0.022712307 
848 264 7 9 0.02265768 
689 261 7 9 0.022648308 
389 279 9 11 0.022524156 
350 263 9 11 0.022185108 
896 262 10 14 0.022147363 
786 245 8 10 0.021973247 
904 221 14 17 0.021843864 
449 264 7 10 0.02173845 
616 192 15 18 0.021664869 
358 320 9 11 0.021411117 
326 294 9 12 0.021395987 
979 233 16 19 0.02129654 
758 263 7 9 0.021279087 
300 222 11 16 0.021184802 
934 253 19 22 0.021014903 
351 294 9 12 0.020985067 
389 285 11 13 0.020960746 
680 288 6 9 0.020777006 
158 209 15 18 0.020695286 
897 233 12 18 0.020685345 
439 265 8 10 0.020495854 
713 272 8 9 0.020136597 
617 180 14 18 0.020112814 
779 295 9 12 0.020076063 
