10_People_Marching_People_Marching_2_678
112
351 279 25 29 0.99580884 
448 296 23 28 0.99216026 
723 272 26 32 0.99172837 
842 304 23 28 0.98895556 
306 290 22 27 0.9828447 
216 295 25 29 0.9769598 
254 290 27 31 0.9651734 
885 293 21 25 0.957358 
621 295 21 24 0.930166 
786 306 19 23 0.92686886 
115 334 14 18 0.905797 
514 303 20 23 0.87705165 
21 318 12 17 0.85289574 
64 254 11 14 0.8328517 
38 317 13 17 0.723154 
190 319 9 12 0.54536545 
164 316 13 16 0.5439305 
902 210 10 13 0.54265124 
760 320 16 21 0.47822887 
98 349 14 17 0.42391944 
563 328 11 14 0.34896466 
111 300 10 13 0.3457416 
67 366 12 15 0.27315626 
174 340 13 15 0.25114885 
804 309 14 19 0.24120003 
156 336 9 12 0.23860785 
204 295 12 15 0.209763 
433 286 14 18 0.20848218 
947 209 9 12 0.20397304 
116 301 9 11 0.19243973 
59 326 8 12 0.18928266 
679 416 9 11 0.1833639 
827 350 17 20 0.17667237 
421 425 7 9 0.14469783 
79 335 11 14 0.14424014 
87 334 11 14 0.14117111 
382 301 14 17 0.14071375 
140 396 9 12 0.1358831 
17 321 12 16 0.12007554 
71 358 11 14 0.08439285 
205 347 11 14 0.08153536 
591 317 12 15 0.08048551 
208 421 9 13 0.079856634 
912 329 12 15 0.07657295 
106 301 9 11 0.07434647 
27 317 12 17 0.07370659 
70 271 10 15 0.06945497 
305 269 11 13 0.06924005 
1002 252 8 11 0.067458734 
261 275 15 17 0.0626976 
476 353 14 17 0.062051054 
1 336 9 12 0.061666805 
126 318 8 12 0.05805664 
603 270 12 17 0.056623828 
194 318 13 15 0.05563711 
160 300 10 14 0.051409293 
248 427 10 14 0.049645662 
352 267 24 28 0.048326682 
753 267 9 13 0.045902085 
68 350 11 15 0.044826664 
453 423 10 12 0.043496564 
171 310 10 13 0.04222098 
253 426 11 15 0.040416613 
79 349 11 15 0.04018402 
163 304 12 14 0.036939546 
798 253 8 10 0.03443485 
757 272 9 11 0.03435459 
858 164 9 12 0.034279797 
171 316 11 14 0.033598673 
247 279 13 19 0.033528145 
910 190 8 11 0.033382885 
183 321 13 15 0.032200757 
933 324 12 15 0.031790696 
422 325 10 13 0.03167915 
229 281 14 17 0.031644948 
975 261 15 17 0.030828075 
161 321 12 15 0.030122673 
76 355 11 13 0.029482448 
92 339 14 17 0.028839845 
716 326 16 19 0.028262505 
59 254 10 13 0.027686017 
599 345 10 13 0.027489966 
760 275 9 13 0.027102659 
85 348 12 15 0.026772201 
250 282 17 19 0.026483305 
70 341 11 14 0.026418146 
148 372 9 13 0.02614484 
999 173 10 12 0.02554854 
969 189 7 10 0.025498664 
201 293 20 25 0.025428597 
759 254 8 11 0.02505793 
996 330 10 14 0.02505715 
57 331 9 13 0.024278108 
975 215 9 11 0.024087345 
811 313 13 17 0.02345226 
374 306 16 20 0.023329776 
847 182 10 12 0.023119152 
258 284 20 22 0.022803517 
117 306 10 12 0.02258577 
92 329 11 15 0.022321835 
997 179 10 13 0.021308104 
103 297 9 11 0.021255227 
777 270 11 12 0.0212133 
903 322 13 17 0.021099225 
476 287 9 14 0.020904506 
1009 366 9 11 0.020789742 
111 394 13 17 0.02054847 
763 311 15 19 0.020441506 
357 263 16 19 0.0203604 
121 318 9 11 0.020348681 
335 268 12 17 0.020174423 
278 268 10 13 0.020004138 
