10_People_Marching_People_Marching_10_People_Marching_People_Marching_10_524
20
587 166 64 77 0.9978309 
71 146 65 74 0.9964372 
844 135 52 63 0.94751406 
282 209 37 45 0.84650654 
270 214 32 39 0.14870945 
151 188 32 42 0.108512945 
863 123 61 73 0.067730874 
395 236 18 25 0.05186652 
198 232 52 55 0.04084794 
963 167 20 21 0.03882548 
154 201 40 49 0.038097948 
462 269 12 13 0.037604544 
932 160 14 16 0.03497514 
686 252 12 13 0.02681931 
224 186 50 48 0.025811324 
906 172 30 36 0.02417205 
833 146 37 45 0.023386434 
161 192 19 25 0.022062378 
957 168 15 18 0.021646757 
209 210 50 46 0.021216579 
