10_People_Marching_People_Marching_2_173
164
794 512 25 32 0.9904873 
860 515 14 18 0.94936025 
760 498 9 12 0.945877 
366 496 11 14 0.87002003 
520 501 11 15 0.858234 
492 504 10 13 0.82386273 
318 486 11 13 0.82017034 
672 502 12 16 0.7557734 
674 532 12 17 0.62792885 
732 503 12 14 0.5680413 
455 495 10 13 0.54990304 
542 496 8 9 0.47039646 
249 492 10 12 0.45733443 
615 508 9 13 0.43373242 
344 486 11 13 0.4154932 
279 495 9 12 0.30359775 
648 557 8 13 0.29688516 
422 495 9 12 0.28601912 
448 496 8 11 0.27515897 
940 492 26 31 0.25236204 
384 493 8 10 0.21132818 
348 489 11 14 0.20170152 
509 501 9 12 0.20042595 
209 484 8 10 0.1982635 
342 491 11 13 0.19264536 
575 520 9 12 0.16890155 
701 518 10 12 0.14337666 
480 502 8 10 0.13813382 
640 496 9 12 0.13145204 
469 503 8 10 0.12544452 
340 501 9 11 0.1230194 
687 495 10 12 0.110775955 
189 486 7 10 0.10882152 
409 500 9 12 0.10788168 
842 603 9 12 0.10632554 
414 501 8 11 0.10607757 
224 500 10 12 0.10426054 
569 501 8 11 0.09743929 
437 519 10 13 0.096859396 
417 496 9 11 0.08922893 
749 545 15 20 0.08851697 
597 524 8 12 0.086778514 
303 493 8 11 0.08551889 
263 492 8 11 0.083161704 
486 539 10 13 0.08173098 
577 523 9 12 0.07990496 
656 501 8 11 0.078281604 
542 527 7 9 0.078046866 
573 500 9 11 0.07778076 
664 502 11 14 0.07711006 
465 502 8 10 0.07081598 
645 499 9 12 0.07013028 
342 519 12 15 0.069957815 
461 496 8 11 0.069731325 
777 517 12 15 0.06938327 
569 541 10 13 0.06652638 
633 493 7 10 0.05966138 
631 524 10 12 0.059122458 
274 494 9 12 0.058921233 
253 488 10 13 0.056048997 
812 495 12 18 0.054478664 
620 509 11 14 0.053997718 
569 519 9 12 0.05352028 
443 495 7 10 0.04956013 
371 495 11 14 0.04921421 
697 483 8 11 0.049182862 
478 509 8 11 0.048542272 
830 573 10 14 0.04756598 
567 524 9 11 0.04727464 
388 494 8 10 0.04630072 
629 519 10 12 0.04566655 
336 523 11 13 0.0454153 
980 517 14 17 0.044652224 
427 478 7 9 0.044288523 
855 498 12 16 0.043479685 
170 490 6 8 0.04314354 
377 454 9 11 0.04115237 
989 519 11 14 0.039816692 
543 542 9 12 0.039613415 
559 526 9 12 0.038252093 
481 542 10 13 0.037947398 
511 496 8 11 0.03754737 
569 483 8 11 0.036891323 
404 517 12 15 0.03642629 
653 478 8 9 0.03637591 
422 526 10 11 0.03618465 
304 488 8 11 0.034918085 
759 530 14 18 0.034022957 
583 509 9 11 0.033180915 
294 486 9 11 0.032906916 
654 508 10 14 0.03248023 
288 485 9 11 0.032361124 
506 497 8 10 0.032042187 
697 510 10 14 0.0317849 
512 509 8 11 0.031706296 
781 510 14 18 0.031254824 
631 490 8 10 0.031220453 
343 481 11 11 0.030841967 
284 496 9 11 0.030494569 
231 476 8 10 0.030488601 
338 495 9 12 0.030455433 
538 499 9 12 0.029911177 
480 495 8 9 0.029903784 
225 476 8 10 0.029746331 
934 508 12 15 0.029717062 
703 531 13 17 0.029511582 
599 502 9 12 0.029095754 
628 510 9 13 0.028777642 
441 501 8 11 0.028679833 
280 489 9 11 0.028640967 
399 521 13 16 0.028604608 
351 511 12 14 0.02849752 
816 469 8 11 0.02804435 
552 493 8 10 0.028029311 
708 525 11 17 0.02796645 
374 481 8 10 0.027905818 
472 509 9 10 0.027261654 
400 496 8 10 0.027001286 
362 494 10 13 0.026935773 
285 500 9 11 0.026245508 
855 508 16 20 0.026213579 
377 445 9 12 0.026185619 
952 502 17 21 0.026144627 
1013 505 11 20 0.025654672 
593 520 9 12 0.025455374 
238 487 8 10 0.025412187 
574 511 10 12 0.025167122 
347 514 14 17 0.0250875 
997 523 9 12 0.024957675 
921 541 10 12 0.024870785 
376 486 8 10 0.0248635 
502 508 10 12 0.024765754 
367 517 11 15 0.024709303 
625 515 9 12 0.024659457 
703 522 12 15 0.024603153 
663 495 8 11 0.024580922 
513 517 7 10 0.024251712 
640 520 9 12 0.024249114 
229 494 9 11 0.023907593 
543 535 8 11 0.023858272 
114 488 6 8 0.023847714 
414 518 10 14 0.023675796 
234 488 8 10 0.023120215 
701 485 9 11 0.023041997 
357 514 11 15 0.022936128 
694 502 10 14 0.022798607 
591 510 9 10 0.022565903 
677 517 11 14 0.022427438 
582 503 10 12 0.022379555 
302 461 9 11 0.02181441 
920 485 10 12 0.021814082 
739 530 15 21 0.021683302 
623 484 10 12 0.02155484 
567 508 9 11 0.021385107 
491 539 11 16 0.021016251 
965 499 13 17 0.020938186 
740 539 19 27 0.02063069 
431 486 7 10 0.020614946 
223 473 8 10 0.020573022 
377 460 8 11 0.020390853 
867 510 13 17 0.02031677 
424 489 8 11 0.020219207 
553 489 8 10 0.020079453 
741 501 9 12 0.020030143 
