10_People_Marching_People_Marching_2_395
61
577 183 33 39 0.99182385 
217 163 33 40 0.98863286 
954 179 32 38 0.97756803 
744 215 26 32 0.97413605 
830 211 25 32 0.96724975 
463 182 29 29 0.88578874 
929 146 21 30 0.8390728 
152 170 28 42 0.7906998 
300 343 14 19 0.522428 
10 229 17 21 0.46899992 
515 208 19 24 0.37874454 
36 194 28 34 0.35660607 
423 216 23 28 0.29052585 
329 228 25 31 0.2298646 
92 187 31 39 0.22357439 
320 230 18 24 0.21284391 
66 225 24 30 0.18161757 
653 166 32 41 0.12342547 
995 208 28 41 0.115852386 
89 172 28 38 0.10763584 
942 228 22 30 0.10562905 
663 220 23 30 0.093834676 
384 217 47 50 0.08689145 
0 234 10 17 0.0743122 
524 291 11 15 0.07284847 
335 233 30 38 0.06299202 
157 171 17 23 0.0620231 
913 239 17 21 0.05705394 
622 415 13 22 0.053893432 
409 215 29 34 0.051628232 
316 237 16 21 0.046867423 
521 212 26 34 0.042764403 
14 256 25 31 0.042288385 
4 231 30 38 0.042114437 
361 240 32 43 0.040958177 
526 206 19 23 0.040315837 
308 254 13 16 0.03862605 
999 182 26 46 0.038475573 
54 230 29 33 0.037534025 
387 213 29 34 0.033861097 
145 185 29 36 0.03020048 
343 232 18 23 0.029756451 
94 173 16 18 0.029291922 
378 225 32 38 0.027757907 
113 191 28 34 0.02709306 
18 246 29 33 0.02675074 
281 367 9 13 0.025962094 
667 171 19 23 0.025615532 
934 148 28 36 0.024687033 
511 213 15 20 0.024399793 
1003 171 21 37 0.023884611 
922 240 14 18 0.023571018 
491 214 20 22 0.022398453 
313 249 15 18 0.022255994 
327 252 13 17 0.02207622 
706 299 24 39 0.021954224 
398 2 9 10 0.020968009 
695 281 37 50 0.020859117 
43 206 30 35 0.020828651 
382 227 15 19 0.020661348 
464 193 27 34 0.020572849 
