10_People_Marching_People_Marching_2_591
736
850 182 30 37 0.99791485 
895 162 45 48 0.99668545 
672 190 23 29 0.99258924 
755 192 26 34 0.9913741 
155 186 18 21 0.98054403 
598 184 20 27 0.9800218 
40 174 21 27 0.9782015 
508 1120 16 20 0.97727627 
530 1275 18 23 0.96249074 
461 185 18 24 0.95923644 
213 186 19 24 0.9556574 
278 188 17 22 0.94711554 
514 1181 18 24 0.938177 
47 1107 14 18 0.92898023 
426 1221 19 22 0.92458266 
277 1168 15 19 0.91863847 
85 178 18 22 0.91737676 
612 1278 18 25 0.8753229 
335 187 15 22 0.84978735 
876 1338 16 28 0.84413004 
414 1132 15 19 0.8430818 
417 179 17 22 0.83272296 
844 1241 18 26 0.8146791 
540 1225 16 20 0.8104897 
556 1356 17 20 0.8078769 
157 1378 20 30 0.8058732 
360 1140 13 17 0.7958777 
323 1138 14 16 0.7938527 
576 1251 18 25 0.7737022 
318 1284 23 28 0.70695996 
358 1210 22 28 0.6937269 
220 1244 16 26 0.6934735 
353 1252 17 24 0.6794546 
586 1192 14 19 0.6708031 
41 1186 16 21 0.6567677 
243 1165 13 16 0.62425494 
642 1346 19 22 0.5961848 
163 1059 13 18 0.58083165 
486 1266 16 23 0.5774173 
450 1143 14 19 0.5761452 
294 1179 13 16 0.5753449 
622 1228 16 18 0.5573793 
499 1227 14 20 0.5335344 
667 1240 15 21 0.5239214 
568 1303 18 22 0.52294254 
693 1268 16 23 0.5120722 
773 1268 16 22 0.4925283 
8 1114 11 15 0.47203308 
392 192 13 17 0.46907112 
426 1264 15 25 0.46088815 
650 1285 13 18 0.4395007 
810 1300 15 23 0.43060035 
371 203 15 20 0.41647434 
896 1307 14 20 0.3726191 
105 1169 17 20 0.35747942 
338 1177 13 16 0.35711345 
150 1197 14 19 0.35620552 
526 1331 20 24 0.34945992 
784 685 11 14 0.3361164 
607 1366 16 20 0.3245953 
458 1199 17 23 0.31778026 
655 1211 13 19 0.30543277 
303 1151 15 20 0.2965028 
252 1221 15 18 0.2712159 
566 1190 16 20 0.27113685 
383 1171 14 16 0.2630514 
695 1326 19 26 0.261548 
130 1152 14 17 0.25831813 
287 276 12 14 0.25824866 
906 1105 13 16 0.25591522 
935 1166 14 18 0.25329283 
163 1215 18 21 0.23573595 
880 708 10 12 0.23393829 
539 1123 13 16 0.22801393 
940 1088 13 18 0.21901178 
683 1108 11 13 0.21239018 
837 1104 12 17 0.20898941 
252 1206 14 18 0.20815569 
380 204 13 17 0.19941573 
283 1254 18 23 0.19910382 
453 1277 13 17 0.19859323 
738 1267 13 17 0.19852334 
218 1186 15 20 0.19844896 
77 1126 12 15 0.19507569 
203 1211 16 23 0.1899572 
75 1157 15 18 0.18977562 
5 1185 16 23 0.18879297 
104 1087 10 12 0.18705854 
836 717 10 13 0.18662673 
815 1162 15 19 0.18603015 
949 1319 15 20 0.17212501 
182 1140 13 15 0.17152786 
859 1204 13 20 0.16980518 
540 1105 15 17 0.16808434 
396 1279 17 23 0.16586654 
507 1274 13 19 0.16293412 
150 1127 16 20 0.16279784 
248 1126 11 14 0.16168073 
47 1212 15 21 0.16025352 
731 1315 15 22 0.15741698 
959 1101 15 17 0.14827488 
323 1227 20 28 0.14758076 
213 1134 13 15 0.14618649 
339 1200 15 21 0.14435193 
740 1186 23 25 0.142355 
927 699 9 12 0.14176624 
766 687 13 15 0.13947468 
163 1107 15 20 0.13707797 
704 628 9 11 0.1353043 
447 1282 14 16 0.12911533 
466 1310 19 27 0.12811838 
262 1197 14 17 0.12745461 
764 1127 13 18 0.12679951 
507 1351 21 29 0.12269932 
911 1083 13 16 0.12147215 
572 1126 13 16 0.11771627 
729 1365 18 28 0.11656027 
914 1135 16 21 0.116053894 
369 1109 10 13 0.115764394 
639 661 9 11 0.11506295 
164 1166 13 18 0.11488818 
505 1231 18 26 0.113706924 
619 1140 15 20 0.11346557 
206 1146 14 17 0.112313256 
284 1263 21 28 0.111211665 
150 1095 13 17 0.10852799 
183 1075 12 16 0.10525068 
720 1116 12 15 0.10397879 
869 1182 13 18 0.10292136 
284 1099 13 16 0.10170096 
987 1203 12 15 0.100058444 
91 1087 11 14 0.09963554 
912 1357 12 15 0.09918395 
443 185 15 20 0.09717654 
669 1375 15 19 0.094033 
313 661 9 12 0.09285204 
483 1224 15 22 0.091002315 
612 1157 15 16 0.090593666 
746 631 8 10 0.090443335 
987 1092 13 15 0.090388596 
575 565 8 10 0.08984422 
798 1338 16 21 0.08960905 
369 197 11 16 0.08898954 
602 1329 17 19 0.08874138 
725 653 9 11 0.08820557 
565 1235 16 19 0.08753992 
762 1242 15 22 0.08696823 
975 1107 12 15 0.08681679 
382 198 13 16 0.085578434 
399 1163 14 16 0.08356196 
230 1206 13 17 0.08351568 
792 1237 13 18 0.08222481 
168 1207 23 29 0.08213462 
174 1091 12 15 0.082001105 
251 1131 11 14 0.08156054 
430 492 8 11 0.08090188 
117 1133 17 19 0.08089391 
574 1355 14 21 0.08079859 
663 639 9 10 0.08011076 
857 1067 10 13 0.07928489 
971 1169 16 23 0.07916868 
615 1210 14 17 0.07867352 
670 684 12 15 0.07761698 
910 703 7 9 0.07747573 
987 1084 13 15 0.0773146 
182 1091 14 16 0.07687345 
238 624 11 14 0.076519266 
325 1239 16 23 0.075954154 
402 1275 15 21 0.07588971 
27 174 20 26 0.075593956 
397 1224 16 20 0.07472792 
240 284 12 15 0.07426516 
106 1201 17 20 0.07334623 
389 1280 16 21 0.07311381 
631 1099 9 12 0.07251548 
994 1123 16 23 0.071348965 
767 702 10 13 0.07108409 
122 1100 12 16 0.07050842 
935 1052 11 15 0.07006962 
553 494 8 9 0.068371095 
156 1093 13 15 0.06763865 
718 525 8 10 0.067547895 
864 1184 13 18 0.067460276 
679 1115 11 14 0.066888176 
146 1163 14 18 0.065986544 
550 507 13 15 0.065822914 
412 1278 19 29 0.06398954 
687 677 11 15 0.06331475 
285 1091 14 18 0.06299736 
638 1206 15 19 0.062360108 
597 1130 13 16 0.06230593 
514 220 17 17 0.061158873 
127 1195 14 18 0.060986344 
974 1162 16 22 0.060783554 
818 1298 14 23 0.06065708 
858 1107 13 15 0.060350876 
606 1139 16 19 0.060192846 
893 1139 16 19 0.059538983 
655 653 9 12 0.05938189 
594 1213 14 17 0.058127575 
944 696 8 10 0.0580534 
820 1091 12 14 0.057461817 
512 1235 20 27 0.057085898 
673 990 11 13 0.057051394 
678 1359 16 19 0.05704443 
670 568 8 11 0.056981962 
822 704 8 10 0.05663023 
396 1292 17 21 0.056137294 
306 1207 16 20 0.056105647 
61 1165 11 16 0.055497345 
1005 1318 15 20 0.055109486 
478 1158 11 13 0.054158848 
861 1272 14 19 0.053423353 
820 708 10 13 0.053416565 
343 1252 21 26 0.05236921 
768 1077 12 15 0.05220334 
299 1156 15 21 0.05146225 
771 1127 12 18 0.05144291 
519 488 8 10 0.0509767 
189 1155 12 16 0.050852284 
620 1205 15 19 0.050745938 
330 469 7 10 0.050578542 
721 1230 12 15 0.05043302 
352 634 10 13 0.050386466 
793 1107 11 14 0.050031357 
689 526 8 10 0.049937233 
613 1143 16 19 0.04991092 
766 1376 19 25 0.049281415 
748 652 9 12 0.049181785 
110 1131 14 17 0.049059294 
939 1203 15 18 0.048833873 
159 1111 14 18 0.048531108 
548 1108 13 15 0.04839199 
658 1123 13 15 0.04834376 
374 1122 11 15 0.048282403 
-1 1154 8 15 0.04826767 
547 1194 13 15 0.04820587 
591 494 9 12 0.04807718 
253 1197 15 18 0.047987085 
53 1163 13 17 0.047859773 
469 1135 16 22 0.047832515 
571 1244 15 20 0.047740262 
195 1238 21 27 0.047737017 
83 1155 13 17 0.047590874 
896 1188 19 21 0.04754661 
655 1118 12 15 0.047432758 
457 631 9 11 0.04725641 
669 1136 15 18 0.04695515 
788 677 10 13 0.046618983 
964 1211 14 20 0.046503864 
625 1354 13 18 0.04646259 
862 1063 9 13 0.046092235 
664 573 8 9 0.04576032 
690 520 7 9 0.045757987 
207 1134 13 16 0.04564388 
872 710 9 12 0.045593306 
686 1370 13 19 0.04559005 
324 623 10 12 0.045564782 
302 620 9 11 0.04548481 
397 1232 18 22 0.045477696 
725 967 8 12 0.04535737 
879 1085 11 14 0.045090966 
613 1099 10 14 0.044767067 
628 699 23 28 0.044685274 
550 568 8 9 0.044640116 
109 1124 13 16 0.044604678 
77 1206 10 13 0.04422855 
77 1075 11 13 0.043587442 
771 690 12 15 0.04347851 
295 1164 12 16 0.04343293 
3 1390 11 15 0.043316796 
558 1189 15 18 0.0432489 
685 1116 11 15 0.043084703 
515 1348 14 21 0.042805176 
660 1318 16 20 0.04266728 
627 525 9 12 0.04253734 
740 1118 14 18 0.042480774 
629 1207 14 19 0.042448983 
860 1193 18 25 0.042414945 
261 1166 11 15 0.042351022 
622 1123 11 14 0.04205055 
419 1192 17 19 0.041992966 
820 1078 14 15 0.04196649 
207 1137 21 24 0.041838843 
606 1105 10 13 0.041736502 
874 1184 13 18 0.04163073 
269 614 9 12 0.04158257 
1012 1214 12 21 0.041508414 
965 1296 15 22 0.041341487 
338 196 16 20 0.04128831 
187 1146 13 17 0.041043013 
848 693 8 11 0.040983602 
764 1115 13 17 0.04074831 
748 699 10 14 0.040692367 
13 1100 11 13 0.040689845 
236 1204 14 17 0.040620167 
291 1086 13 18 0.040616024 
663 1297 14 19 0.040526256 
263 1132 10 12 0.040476684 
349 1210 18 21 0.040450994 
760 559 7 9 0.04023177 
268 1201 12 15 0.040060483 
99 1116 15 17 0.039997913 
157 1220 17 21 0.03998116 
480 590 7 9 0.039811395 
972 1212 15 21 0.03970258 
92 1154 13 17 0.039678007 
579 1126 12 16 0.039676704 
710 630 9 11 0.03966279 
815 703 9 12 0.039648622 
700 669 11 14 0.039580036 
875 1153 12 18 0.03952932 
584 1099 11 13 0.03934643 
394 654 9 11 0.03927041 
459 1279 14 20 0.039267275 
448 654 11 14 0.03925954 
445 1126 10 14 0.039222244 
109 1085 10 12 0.038834654 
388 1100 10 13 0.038654447 
356 190 13 19 0.03853027 
928 1053 11 14 0.038414568 
690 1299 15 20 0.0384119 
82 1124 12 15 0.03824785 
916 1076 12 15 0.038068693 
689 629 8 11 0.037948985 
998 1289 13 18 0.03784319 
807 673 10 14 0.037708346 
303 1108 10 14 0.03752564 
759 1069 10 13 0.037412185 
923 1144 14 20 0.037341405 
683 1329 18 22 0.037194394 
414 1144 14 19 0.03708679 
736 566 8 10 0.036806118 
559 1234 14 19 0.036801074 
903 1158 12 16 0.036783446 
526 621 8 12 0.036725704 
935 1048 10 12 0.03668975 
726 1109 11 15 0.036602825 
757 716 12 15 0.036434002 
182 1083 14 17 0.03635958 
515 203 17 21 0.03626986 
426 191 14 20 0.036250733 
967 1246 20 24 0.03620979 
134 180 22 27 0.036114536 
750 665 8 10 0.03607635 
304 1132 11 13 0.03602728 
527 488 8 11 0.035857834 
716 1344 17 21 0.03578154 
997 1246 15 19 0.035749428 
699 1261 15 19 0.035732664 
846 1078 9 12 0.03568417 
70 1092 10 13 0.035662986 
705 1332 20 25 0.035410378 
992 694 8 9 0.035300516 
551 1146 13 19 0.035178173 
982 694 8 10 0.03517269 
711 1149 13 18 0.035159796 
672 1108 11 13 0.03510233 
677 1104 14 15 0.035015065 
232 502 6 8 0.03497646 
590 1131 12 16 0.03497561 
679 551 7 10 0.034927882 
644 1207 14 19 0.03482983 
287 1124 10 13 0.03481852 
253 1268 14 18 0.03480232 
673 521 7 8 0.034537125 
759 1110 13 16 0.034510132 
584 556 9 11 0.034367777 
206 1200 20 29 0.034164988 
440 621 8 9 0.034074176 
550 1114 13 17 0.034024525 
906 702 8 10 0.033917535 
91 180 21 24 0.03385405 
785 670 11 14 0.033820953 
742 1108 12 13 0.033817273 
657 533 7 10 0.033816334 
484 499 11 13 0.033790685 
673 1116 11 13 0.03373156 
816 693 9 12 0.03363251 
857 1299 14 19 0.03351924 
413 377 15 17 0.03344531 
384 1286 22 26 0.033315703 
580 295 14 17 0.03318237 
728 709 10 12 0.033084255 
639 1284 16 18 0.033016074 
654 509 8 10 0.032771304 
1014 1085 9 14 0.032754716 
876 1292 20 26 0.032717455 
729 1075 10 13 0.03257278 
327 1271 23 29 0.032565355 
747 1225 15 20 0.03253478 
733 1107 11 13 0.03234911 
911 1256 26 31 0.03231742 
100 1181 18 21 0.032241356 
327 551 9 10 0.032223117 
615 1123 10 14 0.032139324 
775 1109 11 16 0.032138847 
141 1157 14 18 0.03199065 
886 1078 10 13 0.031938225 
943 1306 23 28 0.031896587 
503 1269 14 19 0.03183617 
493 598 8 10 0.031804383 
477 1071 9 11 0.031691644 
679 557 7 10 0.031671867 
718 1365 21 28 0.031582754 
251 1098 12 15 0.031573392 
772 1115 12 16 0.03152518 
473 558 7 9 0.031497873 
245 648 10 13 0.03148527 
621 1132 14 18 0.031461596 
654 1111 11 14 0.031409066 
51 1193 13 18 0.031404022 
153 1220 13 17 0.031349376 
223 1235 20 22 0.030999642 
54 1204 13 19 0.030954596 
604 1355 15 21 0.0308117 
517 1170 15 18 0.030794187 
486 1193 14 18 0.03078213 
697 550 7 9 0.030733975 
180 1234 15 18 0.030708786 
668 607 8 10 0.03058553 
926 1252 14 18 0.030568913 
210 1151 15 21 0.03052038 
246 1118 12 14 0.030426716 
966 701 8 10 0.030372763 
335 1256 20 26 0.03036018 
727 694 10 12 0.030278001 
178 1202 16 21 0.03016951 
149 1200 21 28 0.030006818 
661 549 8 11 0.030006465 
904 1051 10 13 0.029854456 
280 1126 10 12 0.029850071 
322 1086 9 11 0.029847922 
174 1158 13 16 0.029824598 
903 1046 9 12 0.029747056 
456 1312 22 27 0.029662687 
632 509 7 10 0.029625142 
652 700 12 16 0.029569369 
603 1131 14 17 0.029490624 
623 1099 10 12 0.029462943 
926 1076 10 13 0.029400818 
862 1137 16 19 0.029336087 
817 716 10 13 0.029332742 
952 1303 23 28 0.029328868 
0 1132 12 17 0.029263414 
250 1165 13 16 0.029135842 
238 1125 11 14 0.029125283 
508 210 17 20 0.029087659 
764 707 13 15 0.029087417 
329 1242 20 28 0.029021928 
748 1124 12 17 0.028987944 
556 1110 11 13 0.028921232 
647 1339 19 22 0.028903473 
697 1177 15 18 0.028850934 
807 1093 9 12 0.02876682 
841 1078 9 13 0.028656082 
359 1237 20 28 0.028612392 
70 1087 10 12 0.02850644 
789 1339 16 21 0.02849296 
554 589 8 10 0.0284746 
20 182 15 21 0.028455986 
798 1114 11 16 0.02841144 
735 1163 14 18 0.02838751 
382 1281 16 19 0.028338224 
666 568 8 11 0.028311413 
742 1100 12 14 0.02825858 
225 1252 16 21 0.028033454 
283 1202 16 19 0.028000427 
45 1198 15 21 0.02798478 
312 667 10 12 0.027923293 
515 1078 12 16 0.027822332 
713 596 8 10 0.027738048 
495 517 8 11 0.027547466 
657 576 7 9 0.027456883 
655 504 8 10 0.02738163 
944 1292 22 27 0.027379034 
229 1091 10 14 0.02737504 
936 1123 14 17 0.02733199 
948 1213 13 18 0.027330942 
513 608 8 11 0.027225198 
959 1346 17 18 0.027164526 
502 1353 16 21 0.027094366 
596 1250 15 19 0.027069226 
125 1095 11 15 0.027021257 
688 645 9 11 0.027008556 
437 191 13 19 0.02700544 
367 1116 11 15 0.027000982 
727 668 10 12 0.026948221 
352 565 7 9 0.026935715 
702 1097 11 15 0.026809355 
380 656 9 10 0.026746357 
265 1459 23 19 0.026740117 
701 715 12 15 0.026600119 
124 1126 14 17 0.026594352 
955 1212 18 26 0.026474971 
310 1230 23 28 0.026453491 
977 1064 8 11 0.026441097 
541 1190 15 18 0.026421104 
805 1154 14 21 0.026412027 
119 1076 11 14 0.026328545 
426 1195 17 18 0.02631817 
815 1141 13 17 0.026258238 
727 606 7 10 0.02623886 
189 573 8 10 0.026237518 
979 1211 15 20 0.026216209 
619 1388 12 15 0.026203576 
568 566 9 10 0.026173312 
709 1137 14 18 0.026140414 
705 1268 15 20 0.026124446 
980 1159 12 16 0.026102375 
170 1224 23 30 0.02608353 
638 573 8 10 0.026047617 
711 1125 12 15 0.026021276 
166 1092 11 13 0.02597756 
695 1098 10 14 0.025938578 
282 277 12 15 0.025847122 
387 202 13 18 0.025846323 
955 1289 13 19 0.0258402 
669 669 11 13 0.025746059 
217 1139 13 17 0.025738154 
292 1124 10 14 0.025721345 
643 700 15 19 0.025717447 
702 1203 22 29 0.025700752 
235 1215 15 18 0.025628025 
185 1205 21 28 0.025566531 
244 1194 22 27 0.025524044 
347 1203 15 19 0.025521442 
663 1131 15 19 0.025463633 
641 608 7 9 0.025431396 
702 572 8 10 0.025405284 
770 1082 13 15 0.025390038 
657 559 7 9 0.02538562 
1014 1079 8 11 0.025346186 
13 1086 10 12 0.025257349 
282 1246 17 18 0.025226422 
686 673 9 12 0.025210679 
799 1069 9 11 0.025204921 
409 493 8 10 0.0251993 
415 509 8 10 0.025198312 
319 1103 11 14 0.025184149 
413 1189 14 18 0.025131052 
496 624 9 11 0.025083687 
926 1083 11 15 0.025025595 
647 654 10 12 0.025017353 
885 1306 15 20 0.025009237 
769 646 9 11 0.024985088 
566 576 8 11 0.02497828 
727 540 8 10 0.024971472 
841 1177 17 19 0.024962133 
933 1139 12 17 0.024931 
687 613 8 10 0.02489472 
469 1329 18 22 0.024811413 
972 1103 12 15 0.02477005 
186 1133 15 17 0.024740446 
557 493 9 11 0.024722157 
120 487 8 10 0.02468405 
908 1155 13 18 0.024563959 
703 549 6 9 0.02455299 
459 607 7 10 0.024516927 
963 1166 17 23 0.024512492 
127 1158 15 19 0.024448255 
198 1139 13 17 0.02439568 
460 1138 15 21 0.02435685 
416 174 13 18 0.024356814 
492 1222 16 22 0.024329826 
221 1160 12 17 0.024294514 
809 703 9 12 0.0242578 
688 681 14 18 0.024234805 
243 626 12 15 0.02420468 
761 638 7 10 0.024174068 
652 1294 15 22 0.024148284 
318 1145 14 18 0.024118416 
721 567 8 10 0.024058595 
694 1221 14 21 0.024030827 
722 1353 15 19 0.024025092 
231 1125 12 15 0.024011057 
657 496 7 9 0.023961442 
708 1350 20 26 0.02395983 
302 1142 13 15 0.023931216 
368 631 7 9 0.023923421 
637 1313 14 19 0.023904858 
697 572 9 11 0.023902709 
305 599 8 9 0.023871085 
838 1315 16 19 0.023848357 
713 550 8 11 0.023823347 
528 1123 11 16 0.02379163 
558 559 7 8 0.023725474 
536 525 7 9 0.023710731 
590 657 10 14 0.023689648 
827 1082 12 15 0.023681344 
726 565 8 10 0.023632344 
438 181 14 20 0.023626553 
521 1243 13 17 0.023618652 
627 1139 13 20 0.023596818 
621 659 10 12 0.02359523 
194 286 12 15 0.023593701 
760 702 12 14 0.023581313 
1006 1131 13 19 0.023553763 
673 1236 15 19 0.023552356 
830 1203 15 19 0.023546398 
981 1064 9 10 0.023487864 
458 1270 13 18 0.023487424 
361 660 9 12 0.02347398 
111 1195 22 26 0.023441723 
305 1249 16 20 0.023433572 
290 1097 14 17 0.02341026 
878 693 10 12 0.023378892 
287 1244 22 27 0.02332134 
622 507 9 11 0.023308558 
829 1336 20 27 0.02330107 
48 1156 13 17 0.023295786 
447 614 7 10 0.023239728 
388 1306 15 18 0.02323515 
337 637 8 10 0.023204554 
822 694 9 11 0.023195924 
983 1079 11 13 0.023102444 
921 702 9 11 0.023073073 
594 1244 16 17 0.023050215 
1004 1248 14 17 0.023048408 
94 1119 13 17 0.0229804 
860 1114 13 15 0.022977123 
751 1130 11 16 0.022976834 
379 660 8 11 0.022905959 
416 192 14 19 0.022870747 
350 1079 9 12 0.02282361 
182 1187 15 18 0.022815606 
918 1220 15 18 0.022811955 
472 608 7 9 0.022810075 
431 623 7 10 0.02280967 
641 1305 14 19 0.022792464 
1012 1092 11 17 0.02274913 
545 507 10 13 0.022724988 
183 1232 22 27 0.022710955 
243 1176 15 19 0.022668041 
556 503 10 13 0.022646725 
465 1243 15 19 0.022494994 
71 1162 20 26 0.022447 
706 1322 15 22 0.022435669 
948 1284 15 19 0.022416944 
278 638 9 11 0.022397984 
360 1224 22 30 0.022391278 
336 566 9 10 0.022368252 
664 486 8 9 0.022365952 
568 579 8 11 0.022348866 
383 1296 14 18 0.022319132 
663 559 7 9 0.022318428 
389 1216 20 26 0.022265177 
167 1205 15 21 0.022264017 
465 1194 15 21 0.022259105 
256 1209 16 20 0.022177082 
164 1174 15 21 0.02216083 
224 591 8 10 0.022121375 
617 650 12 15 0.022105733 
281 1235 18 19 0.022095736 
617 1153 15 18 0.02207149 
699 502 8 11 0.022035398 
728 559 8 10 0.022033582 
643 660 10 12 0.022025649 
904 1192 16 19 0.021917507 
847 689 8 10 0.021891411 
143 1195 14 20 0.021873735 
611 1132 15 19 0.021864796 
5 1110 18 23 0.021853106 
588 1095 10 13 0.021836696 
997 1114 16 21 0.021785755 
460 1189 16 20 0.02166407 
454 526 7 9 0.0216174 
545 573 8 10 0.021591209 
607 1125 12 15 0.021583444 
717 591 8 11 0.02154677 
286 573 8 10 0.021533266 
726 648 8 11 0.02152053 
1 1190 22 31 0.021495063 
903 1384 13 16 0.021480286 
1007 1310 13 17 0.02145963 
249 612 9 11 0.021439722 
280 1092 12 15 0.021425627 
360 1118 10 14 0.021406993 
634 1321 15 18 0.021403974 
472 553 8 10 0.021354144 
976 1169 22 27 0.021301653 
737 1123 12 16 0.021269355 
318 657 9 12 0.02126522 
95 1176 15 19 0.021254338 
663 645 8 11 0.021252578 
326 1078 8 11 0.021230398 
608 557 8 10 0.021192813 
1013 1251 10 16 0.021148233 
388 1315 14 17 0.021147026 
689 638 9 12 0.021115914 
775 1102 12 15 0.02110414 
691 677 12 14 0.02108981 
601 574 9 11 0.021064594 
602 1261 17 18 0.021054003 
496 1234 21 28 0.021036757 
361 1259 17 22 0.021035256 
439 1284 21 27 0.021034524 
432 1269 18 24 0.02103056 
944 1166 18 24 0.021017035 
535 591 8 10 0.021013878 
255 1137 12 16 0.020984577 
144 1128 14 18 0.020966785 
175 1140 14 17 0.020950945 
520 527 8 10 0.020890517 
1013 1301 10 16 0.020883815 
799 1367 19 25 0.02085959 
831 701 8 10 0.020859487 
544 606 8 10 0.020822005 
527 520 7 10 0.020814335 
152 1098 20 23 0.020792428 
452 1134 12 15 0.020773252 
786 1219 13 17 0.020717563 
726 1176 11 16 0.020711586 
656 581 7 10 0.020680424 
549 1122 11 16 0.020674624 
688 558 7 9 0.020655978 
772 1166 15 18 0.020603811 
472 1076 9 11 0.020570466 
907 715 13 16 0.020542482 
665 522 7 8 0.020507194 
476 1186 15 20 0.020494193 
181 1156 14 17 0.020410554 
693 526 8 10 0.02038304 
279 1106 10 14 0.02034637 
760 693 11 13 0.020316444 
1013 695 9 13 0.020310635 
382 1139 12 16 0.020254247 
145 1094 12 15 0.020243792 
881 1080 10 13 0.020236194 
417 1292 22 33 0.020206125 
984 1122 22 25 0.020205593 
177 1074 12 15 0.020151697 
650 509 8 10 0.02014625 
753 1071 8 11 0.020064581 
513 543 8 11 0.020034345 
371 1285 22 27 0.020004364 
