10_People_Marching_People_Marching_2_34
2005
624 718 33 43 0.99698645 
864 722 28 36 0.9925021 
714 703 23 29 0.98816645 
524 711 31 40 0.9859849 
590 688 24 30 0.985598 
342 643 12 15 0.9829639 
403 720 17 25 0.9819563 
669 709 24 29 0.98187524 
995 721 29 42 0.9769787 
761 747 28 31 0.9749614 
86 735 20 28 0.9740208 
101 683 15 19 0.9609888 
398 658 16 19 0.9469978 
835 670 21 26 0.94674546 
456 637 12 16 0.92981845 
167 636 11 14 0.880197 
307 626 12 14 0.87765855 
40 684 13 17 0.871478 
513 689 20 28 0.8586046 
175 690 13 17 0.8477256 
448 685 14 17 0.8326715 
370 642 12 15 0.816936 
30 621 10 13 0.80490816 
178 750 24 25 0.80404973 
305 716 19 24 0.7814241 
605 624 8 11 0.7649109 
463 592 9 11 0.75345016 
663 668 14 17 0.7523384 
219 670 12 16 0.70795846 
279 628 10 12 0.7069674 
126 606 8 10 0.68269205 
666 533 7 10 0.66691905 
785 549 8 10 0.6580875 
705 680 16 19 0.6560811 
262 670 11 14 0.65528256 
250 583 9 11 0.630629 
630 604 10 11 0.6261556 
100 557 9 12 0.60937953 
524 583 9 11 0.59716886 
623 628 9 12 0.58415353 
906 455 6 9 0.5763014 
746 553 7 9 0.572353 
244 638 13 16 0.56644195 
229 597 8 11 0.56017953 
951 664 15 23 0.53418636 
64 637 12 15 0.50589395 
94 621 9 12 0.49828833 
560 590 8 9 0.47498107 
613 663 11 15 0.47279432 
811 639 12 15 0.47149137 
553 625 9 11 0.46303785 
12 621 9 12 0.4558511 
801 569 8 9 0.44924438 
913 548 7 10 0.4378649 
914 524 7 9 0.42386594 
338 607 9 11 0.4212194 
71 566 8 10 0.41930193 
105 644 14 16 0.41809234 
194 563 8 11 0.40890953 
734 604 9 12 0.40736872 
669 612 8 11 0.40629435 
81 599 8 10 0.40352747 
377 581 8 11 0.39881083 
373 417 7 9 0.38239947 
423 693 12 16 0.38206765 
205 584 8 10 0.38053477 
735 581 9 11 0.37675342 
716 660 12 16 0.37110993 
72 501 10 12 0.3709628 
155 438 7 10 0.36801538 
301 589 8 11 0.36690205 
751 576 9 11 0.3585234 
276 585 9 10 0.3566708 
452 549 8 9 0.34340313 
246 564 8 10 0.34115383 
751 611 10 12 0.331834 
174 714 12 19 0.3292189 
37 651 12 14 0.31651223 
226 681 14 18 0.31296325 
227 730 12 19 0.3110895 
303 391 8 9 0.30929828 
265 485 7 9 0.30673593 
839 586 7 9 0.3006961 
898 566 9 11 0.29910883 
799 488 8 9 0.29416993 
160 494 8 9 0.29401004 
928 651 18 31 0.29313275 
766 591 7 10 0.29255602 
441 528 6 9 0.29202324 
592 644 8 10 0.28956094 
846 646 12 15 0.28262645 
780 584 9 11 0.27920938 
351 533 7 10 0.273492 
154 549 7 10 0.2732772 
929 568 7 9 0.2649805 
622 511 8 10 0.25892314 
463 572 8 10 0.25807297 
578 614 9 12 0.25579184 
102 606 8 11 0.25452757 
149 625 8 11 0.25398287 
224 495 7 8 0.24541722 
326 648 10 12 0.2444898 
1000 654 10 16 0.24351367 
260 596 9 12 0.24330139 
843 481 6 9 0.24077818 
79 465 7 10 0.23941639 
363 549 8 10 0.23851566 
318 470 7 9 0.2332244 
461 525 7 10 0.23144165 
240 615 9 11 0.22863732 
419 534 7 10 0.22377591 
97 441 6 7 0.22373472 
423 578 8 9 0.22223988 
810 588 8 10 0.22015803 
445 592 9 11 0.21928023 
295 569 8 10 0.21397728 
425 437 7 9 0.21390438 
342 576 7 9 0.21150169 
121 574 7 9 0.20647858 
65 620 9 11 0.20370027 
73 605 8 10 0.20257308 
822 590 8 10 0.2016146 
508 639 10 13 0.20122553 
477 623 12 15 0.20035903 
985 589 9 11 0.19926265 
0 612 8 11 0.19618449 
826 470 7 9 0.19190867 
674 453 7 10 0.1917025 
692 679 16 20 0.19141424 
67 564 7 10 0.18979627 
815 590 8 10 0.18881346 
193 536 6 8 0.18769065 
517 700 24 36 0.18736918 
500 590 9 11 0.18703242 
364 568 8 9 0.1850727 
731 469 6 9 0.18369381 
358 636 9 11 0.18366916 
806 517 7 8 0.1833838 
150 596 7 10 0.17982817 
144 608 8 10 0.17963128 
345 625 9 11 0.17780021 
224 612 9 12 0.17774016 
513 521 7 9 0.17764324 
129 455 7 9 0.17718972 
69 430 8 10 0.17688446 
386 590 8 10 0.17655203 
658 510 6 9 0.1757389 
888 478 8 10 0.17498878 
378 560 7 8 0.17376068 
438 629 9 13 0.17372803 
552 575 7 8 0.17338836 
353 445 7 9 0.17191519 
142 683 13 16 0.1716246 
80 634 11 13 0.17158036 
638 667 12 15 0.17139499 
696 569 7 8 0.17038257 
110 512 8 10 0.17029765 
25 486 7 9 0.1655572 
943 597 9 11 0.1642195 
505 622 10 12 0.16250719 
405 423 7 9 0.15999952 
342 592 8 10 0.15890685 
840 613 10 12 0.15890235 
487 600 8 11 0.15841967 
788 614 10 12 0.15802644 
592 580 8 12 0.15662795 
221 637 9 12 0.15577881 
73 406 6 8 0.15535598 
964 599 9 11 0.15530993 
618 577 8 9 0.15447584 
246 600 8 9 0.15434562 
95 485 8 11 0.1541631 
315 644 12 14 0.15360373 
343 471 9 11 0.15291049 
720 581 7 9 0.15081099 
329 728 21 26 0.14960544 
218 509 7 9 0.14953978 
623 588 8 11 0.14874078 
901 629 11 13 0.14858866 
855 607 9 12 0.1485298 
459 734 21 28 0.14722735 
216 573 7 10 0.14644012 
673 519 7 9 0.14563756 
274 687 14 19 0.1436393 
440 487 7 9 0.14313042 
386 535 7 10 0.1429272 
921 581 8 10 0.14252989 
548 695 21 27 0.1421468 
169 567 8 10 0.14018947 
322 567 8 10 0.1401119 
471 695 14 18 0.14009733 
77 569 8 9 0.1391709 
33 553 7 10 0.13803524 
936 497 7 8 0.137652 
693 581 8 10 0.13756052 
50 534 8 10 0.13741595 
726 630 8 10 0.13620926 
138 511 7 9 0.13287339 
56 576 8 10 0.1291311 
242 486 8 11 0.12910496 
776 715 20 31 0.12896268 
278 398 6 9 0.12687196 
528 414 8 9 0.12560809 
505 644 11 13 0.12546119 
821 610 11 14 0.124893636 
22 574 7 10 0.124643326 
224 545 7 9 0.12410887 
38 517 7 10 0.12408973 
456 487 8 10 0.12348717 
282 566 7 10 0.12336092 
407 550 7 8 0.123216435 
935 517 7 9 0.12302035 
687 552 7 8 0.1215528 
490 521 8 10 0.12116988 
872 591 8 11 0.120601766 
306 477 7 9 0.12022208 
2 468 8 11 0.119478285 
105 429 7 9 0.11926126 
294 604 8 10 0.119222045 
638 581 9 11 0.118599065 
495 494 7 9 0.11749848 
399 470 6 9 0.11730258 
185 441 7 9 0.11708163 
304 351 8 9 0.11698741 
69 616 10 12 0.11642277 
536 599 7 9 0.1161592 
857 487 6 8 0.1156509 
928 605 9 11 0.115643494 
253 724 15 18 0.11561025 
432 546 7 9 0.11437693 
566 536 9 12 0.11430257 
190 577 8 10 0.113157004 
105 518 8 10 0.11103325 
537 502 8 10 0.11089748 
278 542 7 9 0.11018347 
657 577 8 10 0.10989801 
199 520 6 9 0.10965814 
706 599 7 10 0.10963004 
912 494 7 8 0.109398216 
145 627 9 12 0.10931364 
881 576 8 9 0.10910871 
975 445 7 10 0.108537346 
504 550 6 9 0.10808058 
514 525 7 9 0.10766687 
320 662 9 12 0.107460976 
682 486 6 8 0.10705967 
283 487 6 9 0.106674366 
229 614 8 11 0.106449515 
278 458 7 8 0.10637826 
394 526 7 9 0.10634674 
785 431 7 8 0.106252015 
381 623 9 11 0.10594312 
182 624 8 11 0.10582039 
446 608 9 12 0.10565126 
496 470 6 8 0.105590284 
431 548 7 10 0.10533996 
824 511 8 10 0.10504307 
503 604 8 10 0.10470562 
881 462 6 8 0.1042576 
906 461 7 9 0.103837825 
623 583 9 11 0.10381323 
825 487 7 8 0.102740556 
833 566 9 11 0.10199377 
318 613 9 11 0.10194514 
225 549 7 9 0.10186791 
206 551 8 10 0.101641074 
552 431 7 10 0.10118629 
167 470 6 9 0.10093967 
337 592 9 11 0.10077567 
344 447 7 8 0.1004868 
761 526 7 9 0.099962 
200 527 7 9 0.09994036 
567 486 7 8 0.09939755 
426 619 8 12 0.099303246 
135 608 8 10 0.0992004 
511 583 7 9 0.09874211 
695 574 7 10 0.09853495 
564 651 10 14 0.09764315 
658 560 7 10 0.09670837 
610 493 7 10 0.09670467 
727 511 7 9 0.09670141 
501 599 9 11 0.09669337 
806 604 9 12 0.096448764 
864 485 7 8 0.096288666 
232 551 6 8 0.09542896 
66 450 6 8 0.09512193 
642 691 18 20 0.09503872 
178 622 8 10 0.094171084 
983 638 10 12 0.09408817 
315 689 14 20 0.09400769 
857 565 8 10 0.09377373 
284 629 9 11 0.09351307 
427 551 6 8 0.09332925 
659 506 6 9 0.09305518 
775 520 7 8 0.09290767 
874 519 6 8 0.09229686 
314 471 7 10 0.092161305 
146 465 8 10 0.091927156 
8 615 9 11 0.09158657 
747 658 11 15 0.091510735 
351 608 9 11 0.09141111 
454 505 8 9 0.09108685 
472 552 7 9 0.09085486 
417 598 8 10 0.09037201 
937 583 7 9 0.09036225 
464 661 12 16 0.09035446 
848 591 8 9 0.090133406 
767 566 7 10 0.08996487 
624 517 8 9 0.089602105 
318 542 7 9 0.08955892 
694 502 7 10 0.08907872 
705 606 8 10 0.08884169 
334 501 7 9 0.08867372 
425 400 7 9 0.08865858 
457 461 6 8 0.088658355 
686 605 8 10 0.08856841 
382 670 14 17 0.08835852 
336 550 7 9 0.08822076 
730 605 9 12 0.08752873 
287 385 6 8 0.087446 
160 608 8 11 0.08715902 
318 381 8 10 0.08656444 
934 540 7 10 0.08656407 
347 535 6 9 0.08588362 
590 478 7 9 0.08585192 
77 603 9 11 0.08584925 
566 565 8 11 0.085713044 
710 592 8 10 0.08558392 
274 463 7 8 0.08549642 
681 481 6 8 0.08531077 
68 560 9 11 0.08524519 
162 472 6 8 0.08507974 
398 528 7 8 0.08491293 
14 496 7 9 0.08471191 
151 607 8 11 0.08470804 
536 566 8 9 0.0846549 
218 543 6 8 0.084372506 
30 557 7 10 0.08435456 
854 633 13 16 0.08418996 
630 525 7 10 0.083904505 
825 517 7 10 0.083854266 
50 528 9 11 0.08381331 
428 621 10 12 0.083754145 
537 526 7 9 0.08364405 
665 493 7 9 0.08362037 
537 705 27 38 0.0835671 
199 614 8 11 0.08354876 
134 496 8 9 0.08345594 
536 625 7 10 0.08336837 
656 424 6 8 0.0827946 
263 399 7 9 0.08261715 
746 512 7 8 0.08258596 
842 485 7 9 0.08258369 
301 681 13 17 0.082282275 
857 611 10 12 0.08204072 
665 610 9 11 0.081774846 
771 480 7 9 0.08176977 
648 494 7 9 0.08151826 
1014 532 9 14 0.081490114 
136 502 7 10 0.08129312 
543 478 6 8 0.08112152 
505 454 6 9 0.08102358 
7 525 7 10 0.08029517 
960 567 7 9 0.08023348 
862 565 7 10 0.08015578 
299 391 6 8 0.08009339 
191 607 8 11 0.0799812 
430 582 7 9 0.07993422 
281 601 8 10 0.07981453 
70 509 8 11 0.07968396 
39 552 7 9 0.07956406 
586 478 7 9 0.07937036 
641 447 6 9 0.07936535 
287 487 6 9 0.078951254 
558 701 22 31 0.078933746 
558 609 8 10 0.07846846 
42 463 6 9 0.078287534 
560 669 13 16 0.07818563 
311 477 7 9 0.07810175 
644 685 15 16 0.07800018 
424 418 6 8 0.07791503 
447 575 7 10 0.077899866 
41 431 6 8 0.07784463 
505 418 6 8 0.07771656 
159 613 8 10 0.0775788 
798 727 23 32 0.076987445 
589 589 8 10 0.07669116 
567 589 7 10 0.0766561 
208 623 9 11 0.07658815 
343 366 7 9 0.076513745 
473 376 7 9 0.076337785 
865 501 8 10 0.07612951 
778 589 7 9 0.07609638 
857 455 6 7 0.07606645 
361 472 9 11 0.07577221 
561 586 8 10 0.07563782 
340 720 16 22 0.07555624 
144 468 8 10 0.07550219 
458 582 8 10 0.07526853 
65 382 7 9 0.07515965 
328 591 8 10 0.07512138 
499 454 6 8 0.07512036 
840 607 9 12 0.07509917 
509 401 8 9 0.07505804 
568 526 8 9 0.074948534 
388 638 10 12 0.07439645 
767 361 8 9 0.07387366 
80 480 7 9 0.0738649 
144 535 7 8 0.073838696 
807 533 6 9 0.07378696 
425 474 5 7 0.07367521 
775 326 7 9 0.0734884 
385 642 11 15 0.073114224 
609 478 7 9 0.07299772 
804 390 6 9 0.07298427 
610 488 8 11 0.0724672 
329 545 8 9 0.07240008 
992 604 11 13 0.072224565 
157 551 8 9 0.07213131 
178 457 7 9 0.072092295 
745 479 6 8 0.07195459 
441 576 7 9 0.07181164 
815 505 7 9 0.071768574 
243 565 8 10 0.07146884 
432 393 7 9 0.07125249 
561 566 9 10 0.07125042 
134 454 8 10 0.07118712 
492 643 10 13 0.07112633 
310 684 13 20 0.071113676 
599 415 7 9 0.07048546 
167 560 9 10 0.07037329 
8 446 7 10 0.07002202 
296 374 6 8 0.06987177 
181 462 7 9 0.06979858 
553 608 8 10 0.06964431 
105 463 6 8 0.06962133 
448 476 8 10 0.06945722 
360 545 7 9 0.06919374 
254 445 7 9 0.06905649 
777 399 7 9 0.069052584 
494 525 7 9 0.069025695 
752 535 6 8 0.06898524 
797 358 8 10 0.06818612 
749 552 7 9 0.06804459 
122 465 6 8 0.06799592 
326 439 6 9 0.06771811 
225 463 6 8 0.06767682 
31 480 7 9 0.06755603 
709 597 8 10 0.06748657 
594 416 6 8 0.06737728 
725 613 10 12 0.06699921 
390 439 7 9 0.06665003 
1012 589 9 12 0.066573605 
673 329 8 10 0.0665716 
152 510 7 9 0.066558994 
700 685 17 21 0.066438004 
663 510 6 8 0.066432536 
725 623 10 13 0.06639975 
17 570 7 9 0.06619237 
208 628 11 13 0.06607493 
1009 571 8 12 0.06606756 
662 576 7 9 0.06572894 
535 430 7 8 0.06548298 
247 479 7 9 0.0654752 
354 421 6 9 0.06536938 
760 644 10 13 0.06534345 
307 438 5 8 0.06531578 
652 638 10 12 0.065204084 
626 487 7 9 0.065188214 
791 470 6 9 0.06516809 
223 687 12 15 0.06516289 
912 414 7 9 0.06496877 
390 446 7 9 0.064886555 
26 558 8 10 0.06477939 
881 421 6 9 0.06452366 
338 449 6 8 0.06444969 
725 637 8 11 0.06428557 
28 596 10 13 0.063831955 
901 572 9 11 0.06381789 
522 455 6 8 0.06367811 
255 425 7 8 0.06336491 
419 530 6 8 0.063161045 
136 550 6 9 0.062896006 
151 639 9 12 0.06286971 
849 520 8 10 0.06283844 
417 381 8 10 0.06271007 
313 720 21 27 0.06251327 
44 646 12 14 0.062242694 
130 439 6 8 0.062201977 
543 566 8 10 0.062197316 
630 521 8 9 0.062061366 
850 504 6 8 0.06193851 
416 378 7 9 0.061935235 
231 494 7 9 0.06192688 
63 453 7 8 0.06180836 
751 496 6 8 0.061654896 
313 455 6 8 0.06154836 
48 638 10 12 0.06139892 
297 494 6 8 0.061393093 
514 503 6 9 0.06134418 
250 447 7 9 0.061028276 
903 479 7 9 0.060910657 
32 590 9 12 0.060910385 
209 557 7 10 0.060880337 
288 567 8 10 0.060768895 
296 490 7 8 0.060739785 
181 457 8 10 0.060694896 
566 429 7 9 0.060603082 
894 634 16 20 0.060573947 
231 638 10 13 0.0605548 
728 519 7 9 0.060550135 
200 433 7 8 0.060549702 
431 591 8 10 0.060451277 
175 430 7 8 0.06043837 
314 416 7 8 0.06041901 
722 536 7 10 0.060396574 
834 497 7 9 0.060383424 
415 690 14 20 0.060374472 
217 392 6 9 0.060265224 
730 504 6 9 0.06018828 
738 434 6 8 0.060166974 
575 598 7 9 0.0599711 
128 558 7 9 0.059955604 
649 456 7 9 0.05983801 
496 415 6 8 0.059778236 
144 519 7 9 0.059507724 
185 478 7 9 0.0594521 
943 544 7 9 0.059424486 
816 575 7 8 0.059305333 
561 430 7 10 0.05923124 
50 441 7 9 0.059204306 
1 760 18 17 0.05917978 
401 430 7 9 0.059152246 
343 543 7 9 0.05902493 
336 545 7 9 0.058729693 
201 438 8 10 0.058671124 
394 471 6 8 0.058610573 
143 654 12 14 0.058454975 
105 472 7 8 0.058331184 
450 401 6 8 0.058305494 
129 448 6 9 0.058259886 
440 493 7 9 0.058132168 
325 637 10 12 0.05810108 
890 688 15 18 0.05807191 
359 446 6 8 0.058039226 
864 561 7 9 0.058002237 
481 572 9 11 0.057848353 
390 608 9 11 0.057808463 
673 573 7 10 0.057799328 
441 581 7 10 0.057730336 
63 469 7 10 0.05766882 
186 472 7 9 0.057651613 
177 600 8 10 0.057649337 
223 447 6 8 0.05758277 
320 607 8 11 0.05742252 
273 471 7 8 0.057390884 
493 661 12 15 0.057355076 
432 432 6 9 0.057216898 
386 478 6 9 0.057119828 
95 470 6 8 0.057014998 
70 438 7 10 0.05690527 
15 544 7 10 0.05671872 
271 496 7 9 0.056592368 
191 542 7 9 0.056583453 
792 521 7 9 0.056497507 
225 457 6 7 0.0564619 
674 569 7 9 0.05645787 
632 582 8 10 0.056441717 
289 341 7 9 0.056438338 
475 422 6 8 0.056410156 
997 600 9 13 0.056303307 
936 441 7 9 0.056090675 
104 426 7 8 0.056080576 
319 466 7 9 0.055863027 
353 584 7 9 0.055754445 
871 560 7 9 0.0557524 
255 429 7 9 0.055715635 
504 627 11 13 0.0556762 
136 488 6 8 0.05553347 
490 494 8 10 0.055327956 
275 543 7 9 0.054945927 
326 560 7 10 0.05489033 
234 383 5 7 0.054887325 
565 705 25 37 0.054831725 
521 623 8 10 0.054736238 
408 591 8 10 0.054626506 
625 600 9 12 0.054513942 
553 511 7 9 0.054316714 
802 518 7 10 0.054266356 
794 447 7 8 0.053953014 
689 614 9 11 0.05388199 
537 582 7 10 0.05375086 
439 431 6 8 0.053371113 
192 612 9 12 0.053261507 
445 582 9 10 0.053214516 
775 567 7 9 0.053211723 
555 592 8 10 0.053127784 
199 622 8 10 0.05310592 
619 629 9 11 0.05267783 
212 630 10 12 0.052668136 
0 560 7 11 0.05262858 
817 508 7 9 0.052581124 
150 469 7 9 0.052559037 
833 590 8 9 0.052545287 
47 462 6 9 0.052530997 
898 471 6 9 0.052388266 
329 496 7 9 0.052296612 
199 607 8 10 0.052204296 
579 743 22 30 0.052172687 
186 399 7 9 0.052151106 
138 574 7 9 0.052052643 
257 471 6 9 0.052002158 
296 520 8 10 0.051976066 
905 315 10 13 0.051876247 
511 405 6 9 0.0517994 
128 470 6 9 0.051779404 
422 598 8 11 0.05174194 
335 453 7 9 0.051552944 
439 625 10 12 0.051501814 
539 479 6 8 0.051464546 
438 634 11 14 0.051419675 
96 370 7 8 0.051407613 
90 485 8 10 0.051273137 
339 431 6 9 0.05122252 
617 580 8 11 0.05102114 
209 454 6 9 0.050895378 
919 414 6 9 0.050849263 
353 456 7 9 0.050831433 
407 598 7 10 0.05068222 
719 528 7 8 0.05053647 
121 528 9 10 0.05051563 
127 464 7 9 0.05039298 
441 596 9 11 0.050205752 
289 375 7 9 0.050182328 
843 447 7 9 0.050069332 
633 472 6 8 0.05006888 
63 464 7 10 0.050049804 
217 551 7 9 0.049919236 
47 557 7 9 0.04977522 
175 424 7 10 0.049722973 
168 454 7 9 0.04956824 
802 607 8 11 0.049312305 
554 479 6 9 0.04928881 
877 622 8 11 0.049258076 
231 661 12 15 0.049216714 
554 505 6 9 0.049037177 
97 446 7 9 0.048959687 
763 565 7 9 0.04888872 
833 558 8 10 0.048810367 
167 606 7 11 0.0488023 
239 447 7 8 0.04879848 
328 487 7 9 0.048750617 
632 612 9 10 0.048734646 
786 470 6 8 0.048717372 
832 572 8 10 0.048586186 
18 525 8 10 0.04858577 
206 606 8 10 0.048557848 
330 392 5 7 0.048533652 
745 534 6 8 0.048360884 
753 447 7 8 0.04820766 
58 471 7 8 0.048150133 
497 597 9 12 0.04806834 
798 455 6 9 0.048053272 
441 608 9 11 0.048030615 
223 425 7 9 0.047986828 
97 455 6 9 0.04795749 
95 465 7 8 0.047922745 
193 407 6 8 0.047903508 
193 375 6 8 0.047828905 
737 350 7 9 0.047735892 
323 678 11 15 0.04772993 
25 383 8 10 0.04755938 
297 586 9 10 0.047550898 
258 399 6 8 0.047546223 
520 391 6 8 0.047501236 
136 638 10 12 0.047408517 
293 509 9 12 0.0473947 
617 599 8 12 0.047338337 
441 415 6 8 0.04728729 
366 558 9 10 0.047108967 
546 408 7 9 0.047008287 
416 488 6 9 0.04698791 
889 473 7 10 0.046968844 
269 486 7 9 0.04684668 
279 375 6 8 0.046816453 
695 496 6 9 0.046756487 
839 502 7 9 0.046718013 
873 431 6 8 0.04665075 
494 653 11 14 0.046641022 
545 414 7 9 0.046636872 
838 368 8 9 0.046537243 
816 606 10 13 0.046320815 
381 583 8 10 0.046160515 
352 407 6 8 0.046025004 
30 486 7 9 0.04599183 
402 550 7 9 0.04597346 
143 512 7 9 0.045949034 
184 494 6 8 0.045914896 
839 497 7 9 0.04589414 
71 426 7 8 0.0458286 
349 627 10 12 0.04582193 
79 620 9 12 0.045767773 
2 527 7 10 0.045722365 
911 463 6 8 0.045669746 
289 440 6 8 0.045560967 
832 455 6 8 0.045560785 
681 558 7 9 0.045530323 
520 472 6 8 0.045523714 
769 614 8 11 0.04549034 
802 535 7 8 0.045489527 
376 398 6 9 0.045470778 
607 439 7 9 0.045462858 
511 456 6 9 0.04539228 
127 551 8 10 0.04534075 
143 481 7 9 0.045318887 
369 440 6 8 0.04528547 
944 520 7 9 0.045266636 
401 598 7 10 0.045218255 
122 551 7 9 0.045204576 
126 574 7 9 0.045186266 
361 407 6 8 0.04515744 
554 495 6 8 0.045115158 
967 406 6 8 0.044809233 
390 536 7 9 0.04478381 
736 360 8 10 0.04477665 
288 600 8 11 0.044748537 
928 512 8 10 0.044735424 
962 602 10 13 0.044693936 
111 430 7 9 0.04460384 
686 599 8 10 0.044598125 
944 455 7 9 0.044572406 
928 573 8 10 0.044531327 
693 614 8 10 0.04447792 
242 599 8 10 0.044458468 
774 536 7 8 0.044445466 
456 400 6 9 0.044358555 
729 581 8 11 0.044319347 
664 462 6 9 0.044311207 
415 479 7 9 0.044281434 
78 615 9 11 0.04423117 
840 398 7 9 0.044210847 
695 667 13 16 0.044181406 
392 522 7 9 0.044163268 
64 632 10 13 0.04411092 
361 573 8 10 0.04410654 
383 628 9 12 0.044046793 
930 535 8 11 0.04402433 
824 495 7 8 0.04401524 
850 597 7 10 0.044011086 
738 438 7 9 0.043996144 
520 448 6 8 0.043811414 
776 393 8 9 0.043767586 
678 568 6 9 0.043746132 
283 383 6 8 0.043699764 
649 519 7 9 0.04363718 
518 526 6 9 0.04358833 
505 433 6 8 0.043560788 
617 590 8 11 0.043558367 
192 645 9 11 0.043420788 
641 442 6 9 0.04341013 
605 408 8 9 0.043408398 
761 562 7 9 0.043385416 
257 479 7 9 0.043359797 
153 612 9 11 0.043354582 
191 423 6 8 0.043312944 
921 577 7 10 0.04328943 
678 521 7 10 0.043287117 
941 592 10 11 0.043279022 
137 448 7 9 0.0432541 
655 519 7 10 0.043218296 
671 513 7 8 0.043192226 
113 569 7 10 0.04297783 
114 573 7 9 0.042918973 
233 446 7 9 0.042912822 
870 502 6 9 0.04285919 
687 486 6 9 0.042841736 
367 591 7 10 0.042829484 
769 543 6 9 0.042771526 
577 447 6 8 0.042753078 
295 370 6 8 0.042749792 
577 608 10 12 0.042695314 
258 465 7 8 0.042693127 
326 573 8 9 0.04267585 
640 453 7 9 0.042674463 
318 651 12 15 0.042672828 
890 510 6 8 0.042659584 
330 423 6 8 0.042527538 
289 447 6 9 0.04249304 
277 632 12 15 0.04246365 
638 589 9 11 0.042457763 
177 480 6 9 0.04237039 
929 456 7 9 0.04220155 
727 541 7 9 0.042170778 
289 415 6 9 0.04216396 
176 470 7 9 0.04208794 
626 526 8 10 0.04201553 
216 569 7 10 0.04199239 
314 377 7 9 0.041945584 
419 578 7 9 0.04191964 
482 627 11 15 0.04190415 
866 407 7 8 0.04183324 
439 550 7 9 0.04181423 
23 568 8 11 0.041786585 
769 486 7 9 0.041740157 
575 497 8 9 0.041722815 
13 549 8 11 0.041679196 
786 718 23 35 0.04154547 
241 574 7 9 0.04152414 
616 605 8 10 0.04149296 
904 390 6 9 0.041491352 
498 450 6 8 0.041465744 
617 545 6 9 0.041272137 
87 513 7 9 0.041258276 
386 438 7 9 0.04125418 
769 335 8 11 0.041176345 
318 414 6 9 0.041129477 
761 456 6 9 0.041128635 
417 581 7 9 0.04109353 
104 456 6 8 0.04106746 
779 375 6 8 0.04103995 
902 560 8 10 0.041038275 
252 644 12 16 0.041015994 
33 511 7 9 0.04099082 
771 536 7 9 0.040952764 
593 495 7 9 0.04095001 
473 486 6 9 0.040938027 
135 545 7 8 0.040929172 
399 606 9 11 0.040869866 
801 612 9 12 0.040812187 
65 534 7 9 0.040615216 
255 590 10 12 0.04061101 
57 464 7 9 0.0405736 
576 464 7 8 0.040568616 
90 469 7 10 0.04056814 
457 423 6 8 0.040511344 
255 350 7 9 0.040453356 
235 682 11 16 0.040390223 
295 430 6 8 0.04031093 
558 479 7 10 0.04029841 
389 613 9 11 0.040143967 
846 446 7 9 0.040042263 
479 550 7 9 0.040016968 
314 409 6 8 0.039953478 
59 415 7 9 0.039946456 
486 568 7 11 0.039938226 
54 637 9 12 0.039924014 
296 425 6 8 0.039918102 
122 470 6 9 0.039827395 
263 374 6 8 0.03981246 
137 470 6 9 0.039800998 
472 462 6 8 0.039795496 
376 439 6 8 0.039611835 
514 511 7 9 0.03955238 
485 661 13 17 0.039549213 
489 503 6 8 0.039531745 
850 526 7 9 0.039472684 
545 398 7 9 0.039436016 
578 440 7 9 0.03941834 
242 375 6 8 0.03932699 
968 402 6 8 0.03931857 
130 422 7 9 0.039231133 
262 714 14 21 0.039202284 
24 541 7 10 0.03919007 
465 359 6 8 0.03917853 
0 454 6 9 0.03899956 
808 600 8 11 0.03897924 
343 580 8 11 0.038970493 
144 424 6 8 0.03893544 
197 729 14 20 0.0388958 
345 384 6 8 0.03888934 
186 550 7 9 0.03887489 
359 416 6 9 0.038860388 
829 470 7 10 0.038809422 
361 592 8 10 0.0386924 
143 528 8 9 0.038584776 
751 502 6 9 0.038544152 
863 650 12 16 0.03850673 
493 489 7 9 0.038343206 
912 407 7 9 0.03832377 
824 527 8 10 0.038219653 
729 527 7 8 0.03820255 
722 541 7 9 0.03816348 
399 559 6 9 0.03811632 
710 666 14 18 0.038087483 
216 537 6 8 0.03808343 
294 504 8 9 0.038000003 
656 463 7 9 0.03792578 
889 505 7 8 0.037888203 
960 447 7 9 0.037859954 
753 488 6 9 0.037850797 
135 423 8 10 0.037783343 
33 528 8 9 0.037774894 
1011 517 12 20 0.037753183 
545 449 6 9 0.0377456 
742 438 6 8 0.037698105 
267 673 12 15 0.03769615 
186 423 7 9 0.03761365 
41 425 7 9 0.037560083 
905 414 7 9 0.03752283 
394 559 7 9 0.03752128 
970 652 15 19 0.0374781 
784 466 7 8 0.037477445 
850 416 7 9 0.03739497 
440 533 7 9 0.03737453 
71 534 7 9 0.037305325 
130 415 7 10 0.037260458 
918 521 8 10 0.03725476 
337 559 7 9 0.037119977 
687 558 6 8 0.037067726 
726 486 7 9 0.037059005 
254 511 9 10 0.037041966 
386 447 7 9 0.036924463 
672 552 7 8 0.03682451 
255 502 8 11 0.036822684 
417 439 7 9 0.036742587 
26 509 6 9 0.036647506 
467 591 10 12 0.03660987 
279 417 6 8 0.03657645 
400 391 6 8 0.036508236 
57 486 7 10 0.03649598 
310 438 6 8 0.036478847 
450 440 5 7 0.03647325 
472 457 6 9 0.036467753 
586 473 7 9 0.03642703 
319 638 11 13 0.036415152 
402 439 6 8 0.036408383 
113 414 7 9 0.03639072 
170 423 7 9 0.03637158 
855 504 7 8 0.036369417 
90 528 7 10 0.03627563 
865 377 7 8 0.036136903 
95 643 9 13 0.03606271 
289 390 6 8 0.036055014 
772 664 14 21 0.036048714 
1007 629 10 13 0.036007874 
958 574 9 10 0.036005642 
784 488 6 8 0.035992973 
160 559 7 8 0.0359878 
785 618 10 13 0.035958253 
287 338 7 9 0.035954207 
407 545 8 9 0.03593415 
201 446 8 10 0.035902984 
39 456 7 9 0.03584207 
454 612 8 11 0.035826977 
298 526 7 9 0.035798028 
930 517 7 9 0.035790645 
953 471 8 10 0.035786945 
163 667 12 15 0.035766993 
337 598 9 12 0.03575096 
767 526 7 9 0.03573291 
216 558 6 9 0.03573071 
991 628 12 16 0.035729844 
554 456 6 8 0.035726767 
840 374 6 8 0.035694238 
174 568 7 10 0.035664763 
321 573 7 9 0.03565326 
543 692 16 21 0.035648327 
378 551 7 10 0.035640705 
449 568 7 9 0.03560118 
765 646 10 14 0.03559941 
888 527 7 10 0.035548247 
64 406 7 9 0.03554156 
202 551 8 9 0.035533357 
952 478 7 9 0.03553007 
767 660 12 19 0.035517223 
586 463 6 8 0.035510264 
832 553 7 8 0.035507966 
26 481 7 9 0.035462726 
558 496 7 9 0.035429124 
670 630 8 12 0.035426084 
734 611 10 12 0.03535704 
546 574 8 11 0.035352968 
318 537 8 10 0.03532765 
687 593 8 10 0.035314575 
478 423 6 8 0.035302397 
904 487 7 8 0.03527276 
798 447 7 9 0.035224706 
634 504 7 8 0.03512716 
473 583 9 11 0.035074722 
166 600 8 10 0.035057344 
465 472 7 9 0.035041004 
315 381 7 10 0.03503707 
75 464 7 10 0.03501845 
471 480 7 9 0.034894872 
770 520 6 9 0.03488994 
494 604 9 12 0.034824107 
139 480 6 9 0.034819797 
63 480 7 10 0.034816504 
226 593 9 11 0.034797005 
377 455 6 8 0.034785133 
682 551 7 10 0.034716167 
934 566 7 10 0.0346931 
383 566 7 9 0.034687012 
490 488 7 9 0.03466762 
458 576 7 10 0.0346432 
496 536 7 9 0.034641303 
240 399 7 8 0.034638166 
269 613 9 12 0.034632977 
737 567 7 8 0.0346142 
167 465 7 9 0.03460877 
279 393 7 9 0.034587804 
850 535 6 8 0.034530472 
902 472 6 9 0.034486845 
530 424 6 9 0.034469828 
0 670 8 13 0.0344692 
342 609 10 13 0.034446873 
878 520 7 8 0.034414135 
376 588 8 11 0.034411702 
33 535 7 8 0.03440268 
185 606 8 11 0.034358546 
459 589 9 12 0.034304388 
577 456 6 8 0.03430353 
690 457 6 7 0.034276266 
417 472 5 8 0.034257498 
40 470 6 9 0.034225676 
1010 637 12 17 0.03422253 
211 377 6 9 0.03421817 
221 503 7 10 0.034138594 
85 632 8 11 0.034037285 
375 383 6 8 0.033967648 
201 471 7 9 0.03391827 
207 575 8 10 0.03389499 
75 469 7 10 0.03388956 
89 533 8 10 0.033875458 
857 471 7 8 0.03381632 
129 583 6 9 0.0338043 
97 553 9 13 0.03376216 
655 457 6 8 0.033757016 
126 527 8 11 0.033752333 
223 632 10 11 0.033738572 
625 493 7 9 0.03373181 
270 512 8 10 0.033684954 
638 615 8 10 0.033681586 
263 393 6 8 0.033670437 
79 406 7 8 0.03366583 
559 511 7 9 0.03366026 
175 390 6 9 0.03359291 
389 621 10 12 0.033585828 
817 488 7 8 0.033530686 
870 583 8 11 0.03350151 
978 519 9 10 0.03344905 
801 472 6 9 0.033425357 
195 520 6 8 0.033408877 
111 479 7 8 0.033400774 
637 564 9 11 0.0333939 
696 455 6 8 0.033277962 
9 588 8 11 0.033264093 
369 382 6 8 0.03325192 
137 518 7 9 0.033243798 
297 414 7 8 0.033235326 
94 533 7 10 0.03322494 
767 511 6 8 0.033208735 
656 564 7 10 0.033196673 
910 590 9 11 0.033113185 
206 448 8 10 0.033096597 
786 537 7 8 0.033093452 
102 487 8 10 0.033085644 
249 456 6 8 0.033053655 
440 560 6 8 0.03301622 
511 616 8 10 0.033009402 
191 400 6 8 0.03296212 
904 536 6 8 0.032936938 
271 501 8 10 0.032928895 
682 606 8 10 0.032916177 
256 497 7 8 0.032907892 
504 497 6 8 0.032874774 
617 667 12 14 0.03286891 
176 440 7 8 0.032864552 
520 615 8 11 0.03283745 
312 575 7 9 0.032830853 
314 520 7 9 0.03279027 
183 637 10 12 0.032714702 
922 510 7 10 0.032700453 
234 441 6 8 0.03267642 
526 576 8 10 0.032642383 
527 625 8 10 0.032566383 
385 398 6 8 0.032556582 
776 526 7 10 0.03254888 
425 477 7 9 0.032522082 
247 632 11 13 0.032481223 
192 623 8 11 0.032479636 
749 682 17 22 0.032473408 
242 480 7 9 0.032437705 
145 455 6 8 0.032408148 
633 576 8 10 0.03240808 
127 569 7 9 0.032404665 
57 480 7 9 0.03235684 
429 615 9 11 0.03235133 
792 405 7 9 0.03234569 
191 472 6 8 0.032322247 
282 561 7 10 0.03230701 
582 439 6 9 0.032301497 
385 607 7 11 0.032296356 
111 592 8 10 0.0322888 
330 501 8 10 0.032254003 
831 486 6 9 0.032224737 
234 393 6 8 0.032213666 
58 408 7 8 0.032196652 
210 536 7 8 0.03214072 
897 409 7 9 0.032126527 
982 652 14 18 0.03211502 
217 463 6 8 0.032096017 
626 480 6 9 0.03209276 
229 667 14 18 0.032047004 
519 504 6 9 0.032044213 
31 471 7 9 0.031976305 
546 433 7 9 0.03196337 
528 462 7 8 0.031961408 
825 480 7 9 0.03194865 
328 598 8 10 0.03190806 
431 596 8 11 0.03189333 
318 365 7 9 0.031867288 
767 562 7 9 0.031866964 
147 658 12 14 0.031866018 
170 399 6 8 0.031855352 
35 739 19 20 0.03184474 
910 583 8 10 0.031833995 
89 481 7 9 0.03183052 
530 599 7 10 0.03182198 
810 503 7 9 0.031819854 
153 435 7 9 0.031728614 
482 448 6 8 0.031706497 
433 415 6 8 0.031703316 
55 631 8 10 0.031701155 
424 404 6 9 0.031698834 
535 425 7 9 0.03168661 
293 629 10 12 0.031667996 
79 456 7 8 0.03164467 
336 383 6 9 0.031608563 
826 465 7 9 0.03159146 
482 455 6 8 0.031579588 
439 465 6 9 0.031564333 
776 406 7 9 0.031537507 
407 392 7 8 0.03149009 
265 512 7 10 0.03148443 
699 663 11 14 0.031462334 
896 414 6 8 0.031449057 
576 470 6 8 0.03142499 
206 615 8 10 0.03141321 
441 447 6 8 0.031363666 
839 600 9 11 0.03135576 
441 383 7 9 0.03132333 
120 382 6 8 0.031294927 
721 613 8 11 0.031285893 
53 643 10 14 0.031214248 
653 368 9 10 0.031197269 
835 585 7 10 0.031185696 
184 614 8 10 0.031185383 
685 620 10 12 0.031172171 
892 659 13 15 0.031169068 
527 457 6 7 0.03116732 
71 449 6 8 0.031092176 
137 757 22 21 0.031089617 
194 528 7 9 0.031082833 
318 504 8 10 0.031063285 
35 622 10 13 0.03103699 
242 407 7 10 0.031032957 
409 584 7 8 0.031023324 
745 473 7 9 0.031022258 
933 604 10 13 0.030989893 
647 441 6 8 0.030985592 
417 447 7 8 0.030950133 
160 421 6 9 0.030934608 
768 620 9 11 0.030927375 
358 488 7 9 0.03089436 
521 414 7 9 0.030878143 
864 455 6 9 0.030833649 
65 424 7 9 0.030806812 
848 607 8 11 0.030782335 
648 489 8 9 0.030782254 
792 465 7 9 0.030756466 
169 448 7 10 0.030721676 
118 645 11 14 0.03068907 
218 728 18 25 0.030657899 
314 537 8 10 0.030609557 
735 587 9 11 0.03060783 
41 385 6 8 0.030606247 
770 392 6 8 0.030604763 
831 464 7 9 0.030604307 
491 470 6 9 0.030545332 
778 543 6 9 0.030544924 
665 456 6 9 0.03053844 
448 416 6 8 0.030519128 
559 366 7 9 0.030444708 
615 478 6 8 0.03041091 
912 400 7 8 0.030409602 
505 519 7 9 0.030403655 
130 489 6 8 0.030398991 
87 381 7 9 0.030398034 
742 621 8 10 0.03037321 
377 544 7 10 0.030370317 
40 439 7 8 0.030366063 
848 399 7 8 0.03036418 
170 431 6 8 0.030329628 
449 406 6 8 0.030315755 
759 544 7 9 0.030311944 
288 455 7 9 0.030290583 
68 642 10 14 0.030271372 
854 621 11 12 0.030270578 
814 585 8 11 0.03022722 
358 608 8 11 0.030213343 
937 560 7 9 0.030166516 
521 477 7 9 0.030163364 
582 541 8 10 0.030112367 
650 694 17 23 0.03007268 
168 479 7 8 0.030051658 
793 374 7 9 0.030044079 
48 575 7 9 0.0300349 
73 480 6 8 0.030003076 
249 384 6 8 0.029979944 
801 432 6 8 0.029964045 
282 494 6 9 0.029957125 
521 463 7 9 0.02993272 
568 425 6 9 0.029920785 
79 644 11 12 0.029906413 
258 375 6 8 0.02985784 
688 520 6 8 0.029846542 
542 503 7 9 0.029835679 
161 591 7 9 0.029799951 
649 511 7 9 0.029795775 
795 455 6 8 0.029786946 
542 582 8 9 0.029770138 
290 432 6 8 0.029746383 
217 397 7 9 0.029741017 
782 375 7 9 0.029737728 
938 589 8 10 0.029712128 
319 510 6 9 0.02970655 
872 613 9 12 0.029705048 
96 494 8 10 0.02970162 
536 576 7 9 0.029680572 
396 697 15 18 0.029672766 
826 431 7 8 0.029667804 
358 455 7 10 0.029661978 
851 649 13 17 0.029633027 
101 662 12 15 0.029624676 
237 666 11 15 0.02961814 
168 504 7 9 0.029609386 
122 558 7 9 0.029589046 
129 545 6 8 0.029587517 
490 415 6 7 0.029580757 
162 584 7 8 0.02957906 
490 408 6 8 0.02957763 
153 504 7 9 0.029508438 
886 439 7 9 0.029504493 
62 486 8 9 0.029503817 
10 495 7 9 0.029453006 
287 560 8 9 0.029445067 
94 528 7 9 0.029405786 
512 416 6 8 0.029388739 
359 644 10 12 0.029388513 
119 668 11 14 0.029388126 
200 600 8 10 0.029361166 
698 462 6 9 0.029325662 
440 409 7 8 0.029309321 
176 407 7 8 0.02928912 
289 543 6 8 0.029264173 
695 511 7 9 0.029225389 
103 612 8 11 0.029223941 
345 391 5 8 0.029221142 
576 696 26 33 0.029180856 
951 431 6 8 0.029172141 
479 661 13 19 0.029169906 
591 502 8 10 0.029163748 
487 358 7 9 0.029156605 
431 577 7 9 0.029146032 
654 630 9 11 0.029136678 
96 503 8 10 0.029113041 
846 637 15 17 0.029105378 
703 569 7 9 0.029102072 
185 505 6 8 0.02909166 
600 422 6 9 0.029072244 
184 560 7 9 0.02907195 
183 599 7 10 0.029062608 
57 551 7 9 0.029031733 
473 441 6 7 0.029007735 
106 478 7 9 0.028998444 
133 652 11 15 0.028996857 
457 439 5 8 0.028995447 
263 464 7 8 0.028959408 
338 439 6 9 0.028926013 
881 496 6 8 0.028905595 
223 393 7 8 0.028886475 
313 421 7 9 0.02888333 
359 535 6 9 0.028867792 
704 573 7 9 0.028839203 
391 478 6 9 0.028821373 
912 504 7 9 0.02882058 
768 573 8 9 0.028811751 
48 487 7 9 0.028798228 
472 556 7 9 0.028796215 
463 422 6 8 0.028789213 
62 575 7 10 0.028770871 
121 399 7 9 0.02876789 
639 560 8 10 0.028741065 
825 567 7 9 0.02868346 
304 645 9 12 0.02866454 
272 623 10 12 0.028564418 
240 551 6 8 0.02854858 
142 575 7 9 0.028543802 
329 399 5 8 0.028533822 
450 432 6 8 0.02852893 
135 439 6 8 0.02851591 
342 430 6 9 0.028493613 
756 575 9 11 0.028492974 
103 600 8 10 0.028484182 
94 685 16 20 0.028465953 
201 479 7 9 0.028435903 
275 375 6 8 0.028435599 
864 471 6 8 0.028394671 
585 631 8 9 0.028379675 
303 395 7 10 0.028375614 
930 440 6 9 0.028306028 
322 432 6 8 0.028276538 
70 376 7 9 0.02824969 
86 605 9 11 0.028241629 
337 366 6 8 0.02822517 
601 383 6 8 0.028214091 
600 502 7 9 0.028213337 
552 487 7 10 0.028198594 
569 497 8 10 0.028193204 
250 424 7 9 0.028154502 
185 416 6 8 0.028150221 
273 550 7 9 0.028146816 
504 585 8 10 0.028137611 
792 511 7 8 0.028134115 
642 494 7 9 0.028119497 
376 447 6 9 0.028104156 
850 422 7 9 0.02810008 
294 638 10 13 0.02807871 
872 527 7 8 0.028062798 
648 643 11 14 0.028061876 
590 473 7 9 0.028045952 
86 518 8 9 0.028022816 
773 614 8 10 0.02802201 
495 408 7 8 0.027999595 
552 569 8 11 0.02799683 
162 598 7 10 0.027935864 
318 478 7 9 0.027908454 
290 409 6 8 0.027908398 
327 605 9 11 0.027877785 
114 383 7 9 0.027867395 
889 342 8 9 0.02784557 
723 486 6 9 0.027810453 
160 660 11 15 0.027808214 
866 583 8 10 0.02780525 
259 486 7 9 0.027787479 
889 422 6 8 0.027777253 
391 631 9 12 0.027757183 
661 559 7 9 0.027756972 
879 343 6 8 0.02774448 
249 552 6 8 0.02772015 
401 350 7 10 0.027718723 
895 423 6 8 0.027701512 
7 692 12 15 0.027681133 
376 392 6 9 0.027665358 
162 455 7 9 0.02763444 
641 488 7 9 0.027608842 
192 600 7 9 0.027605794 
655 550 7 9 0.027594147 
537 561 8 10 0.027562473 
777 629 9 13 0.02756038 
746 496 7 8 0.027547957 
96 662 11 13 0.027520264 
863 464 7 8 0.027491814 
952 589 10 11 0.02748036 
880 579 8 11 0.027465796 
241 415 7 9 0.027457383 
185 375 6 8 0.02744068 
457 329 6 8 0.027420193 
629 377 8 10 0.027419642 
702 462 7 9 0.027341226 
169 439 7 10 0.027337987 
706 592 7 10 0.027320473 
248 399 7 8 0.027318105 
361 597 8 10 0.027316738 
112 487 7 8 0.027307604 
557 595 9 11 0.02730269 
297 456 7 9 0.027274424 
408 399 6 9 0.027271582 
976 574 7 9 0.027253434 
281 448 6 8 0.027230173 
176 415 6 9 0.027216231 
366 751 14 17 0.027215235 
176 604 8 10 0.027212393 
40 573 8 10 0.027185684 
847 485 7 10 0.027168138 
147 593 7 9 0.027156781 
232 472 6 8 0.027144337 
198 534 7 10 0.027110422 
202 494 6 9 0.027109744 
542 561 8 10 0.027084552 
862 608 9 12 0.027025998 
272 440 7 9 0.027022697 
128 480 7 8 0.026966387 
767 720 19 25 0.026936416 
632 479 6 8 0.026936116 
530 430 7 9 0.026922183 
520 654 10 14 0.026903912 
730 600 8 10 0.026876457 
881 503 7 9 0.026834263 
785 448 5 8 0.0268326 
520 646 10 12 0.026810871 
346 407 6 8 0.02680654 
942 603 12 14 0.026799198 
737 535 6 9 0.026795262 
104 640 11 14 0.026793655 
230 630 9 11 0.026770534 
583 432 6 8 0.026770134 
554 552 7 10 0.026762642 
479 431 6 8 0.026752235 
790 431 7 8 0.026741207 
330 455 6 8 0.026688967 
560 456 6 8 0.026675338 
856 544 7 9 0.026673568 
680 440 6 8 0.026670137 
840 393 6 8 0.026656484 
414 592 8 10 0.026645051 
430 438 6 9 0.026643332 
601 398 6 8 0.026622413 
314 465 7 9 0.02662224 
256 416 6 8 0.026616396 
943 447 7 9 0.02659618 
503 450 7 9 0.026595034 
944 549 6 9 0.026558729 
425 545 8 9 0.026533725 
853 520 8 10 0.026526505 
240 383 6 8 0.026526412 
422 529 6 9 0.026525408 
135 432 7 9 0.026499866 
718 41 8 11 0.026473688 
33 584 7 10 0.026473496 
512 497 6 8 0.026426869 
896 510 6 9 0.026424956 
303 456 7 9 0.026418451 
970 446 7 9 0.026407994 
954 425 6 8 0.026396362 
217 527 7 9 0.026394194 
210 568 7 9 0.02637413 
969 429 7 9 0.02637142 
41 556 7 9 0.026361227 
855 510 6 9 0.026353573 
960 472 7 9 0.02633096 
920 464 6 9 0.026330434 
791 536 7 9 0.026310422 
803 758 16 17 0.026290018 
360 495 8 10 0.026267897 
457 567 7 9 0.02623836 
159 417 6 8 0.026228262 
800 480 7 9 0.026200633 
186 581 7 9 0.02619711 
561 463 6 8 0.026183968 
448 637 11 14 0.026178783 
639 471 6 8 0.026177332 
913 490 6 9 0.026170112 
408 440 7 9 0.026167415 
888 534 7 9 0.026165506 
949 598 9 11 0.026165213 
321 494 6 9 0.026150383 
638 504 7 9 0.02614198 
144 399 7 9 0.026085654 
346 401 6 8 0.026071599 
353 383 6 9 0.02605179 
867 415 6 8 0.02604994 
591 511 7 9 0.026035855 
870 485 7 9 0.026030915 
283 335 7 9 0.026009219 
714 655 10 13 0.026002841 
81 517 7 10 0.025985595 
1007 584 10 14 0.025984254 
865 550 7 9 0.02597438 
759 374 7 9 0.025964495 
894 624 11 13 0.02596002 
89 616 8 11 0.025959834 
578 432 7 9 0.02595838 
265 495 7 9 0.02592225 
854 527 7 8 0.025891816 
1013 510 9 15 0.025881944 
232 415 6 9 0.025860693 
560 447 7 9 0.025853945 
599 608 8 10 0.025847806 
73 454 6 8 0.025846394 
714 528 7 9 0.025828704 
961 455 7 8 0.025774853 
768 415 6 9 0.025758678 
16 503 6 9 0.025723642 
464 457 6 8 0.025717372 
217 457 6 7 0.025709664 
855 423 6 8 0.02570103 
215 382 6 9 0.025698224 
575 383 6 8 0.02569641 
512 440 6 8 0.02568415 
537 398 6 9 0.02565839 
779 663 15 21 0.025650488 
672 527 8 10 0.025622223 
178 488 6 8 0.025616735 
446 520 7 9 0.025588421 
167 613 7 10 0.025579708 
544 518 7 9 0.025558382 
233 479 6 8 0.025544118 
669 664 9 12 0.025523514 
581 619 9 12 0.025515169 
872 567 7 9 0.025476681 
224 560 6 8 0.025468914 
218 520 6 8 0.025461847 
917 683 14 19 0.025452655 
294 622 9 12 0.025436638 
775 486 6 9 0.025408763 
159 434 7 9 0.025403047 
478 377 7 9 0.025395755 
386 520 6 8 0.025394715 
522 575 8 11 0.025385924 
102 439 7 9 0.02538172 
927 550 7 10 0.025380569 
24 390 6 9 0.025376275 
360 391 6 7 0.025349803 
32 504 7 9 0.025348516 
18 535 8 9 0.025346173 
665 630 8 11 0.025338363 
601 473 6 9 0.025335886 
304 495 7 9 0.025325142 
41 544 7 9 0.025313118 
583 677 12 16 0.025292583 
680 614 8 11 0.025280442 
887 651 13 17 0.02527928 
211 381 6 9 0.025277914 
145 544 8 9 0.02523465 
544 624 8 11 0.02521713 
689 512 7 8 0.025209103 
441 441 6 8 0.025203833 
141 637 10 12 0.025201006 
80 535 7 9 0.025197163 
233 559 7 8 0.02518412 
417 464 6 8 0.0251599 
904 451 7 9 0.025154648 
138 400 6 8 0.025127437 
593 449 6 8 0.025107058 
49 494 7 10 0.025099704 
250 440 7 9 0.025086757 
330 417 6 8 0.025053369 
741 582 8 11 0.025033137 
951 525 7 9 0.025024869 
874 595 8 11 0.024994126 
222 574 8 10 0.02499408 
241 464 6 8 0.024979046 
423 447 7 9 0.024950797 
247 408 7 9 0.024938095 
866 589 8 10 0.024924858 
866 401 6 8 0.024918469 
929 447 6 8 0.02490666 
671 302 9 12 0.024897965 
401 534 6 9 0.024886262 
592 398 7 9 0.02488072 
250 430 6 9 0.024880454 
352 376 6 8 0.0248662 
653 673 15 17 0.024849733 
294 644 10 13 0.024840677 
239 494 8 9 0.024833186 
218 447 7 9 0.024823466 
601 477 7 9 0.02481282 
258 392 7 8 0.024810664 
69 381 8 10 0.024777884 
144 485 7 9 0.024776606 
465 440 6 8 0.0247686 
967 568 7 9 0.024747334 
441 470 6 8 0.024746979 
809 496 7 8 0.024745792 
216 472 6 9 0.024745174 
65 401 7 9 0.024740603 
742 433 7 9 0.024737403 
830 513 7 9 0.024732476 
78 573 7 9 0.024704397 
320 584 6 9 0.024691412 
160 526 7 9 0.024645986 
967 591 9 10 0.024628822 
927 502 7 10 0.024619356 
597 640 8 11 0.024615342 
223 567 8 10 0.024614254 
290 423 7 9 0.024610272 
189 628 9 11 0.024609251 
768 495 6 8 0.0246029 
561 679 17 19 0.024559297 
513 448 6 8 0.0245347 
625 407 7 9 0.024510419 
498 432 6 9 0.024500584 
298 462 7 9 0.024487257 
558 504 7 9 0.024474245 
449 456 6 8 0.02446481 
850 510 7 9 0.0244592 
279 538 7 9 0.024457727 
776 470 7 9 0.024453392 
17 521 8 10 0.024431976 
360 502 7 9 0.02443008 
318 667 12 16 0.024407307 
354 486 7 10 0.024396706 
853 599 9 11 0.024385627 
936 457 7 9 0.024369495 
38 527 7 9 0.024357313 
778 465 6 9 0.024336942 
630 487 7 9 0.024317566 
505 545 7 10 0.024314946 
985 400 6 8 0.024295077 
655 622 8 10 0.024272062 
289 553 6 8 0.024271607 
501 651 12 14 0.024267923 
105 591 7 9 0.024256045 
463 392 7 8 0.024248688 
207 634 12 14 0.02423914 
768 455 6 8 0.024220381 
758 534 7 9 0.02421341 
994 710 28 32 0.02420957 
1 488 7 10 0.024207842 
959 477 7 9 0.024197223 
170 724 17 22 0.024196945 
713 583 8 10 0.024186725 
49 480 6 8 0.024166936 
751 472 7 8 0.024156159 
866 431 6 8 0.024148153 
933 644 13 24 0.024130613 
16 455 7 9 0.024120681 
571 670 13 14 0.024120513 
801 400 6 9 0.024102766 
872 415 6 8 0.024095997 
6 465 7 11 0.02407754 
817 544 6 9 0.024042416 
600 448 6 9 0.024033044 
709 607 8 10 0.024031946 
319 362 7 8 0.024030592 
410 377 7 8 0.024027485 
989 585 8 9 0.024015058 
224 520 7 9 0.024008082 
506 404 7 10 0.02400675 
482 598 8 11 0.023998786 
151 535 7 9 0.023985902 
561 472 6 8 0.023979083 
9 544 8 10 0.023972139 
664 553 7 9 0.023962308 
849 630 11 15 0.023943985 
895 478 7 10 0.023939239 
866 359 6 8 0.023936275 
912 567 7 9 0.023928735 
312 495 6 8 0.023928346 
169 573 7 9 0.023917487 
209 479 6 8 0.023916854 
440 399 6 8 0.023911593 
566 586 7 9 0.02390489 
745 613 9 11 0.02389459 
632 495 6 8 0.023893267 
361 384 6 8 0.023889497 
248 414 6 9 0.02388554 
122 600 8 10 0.023871211 
312 607 8 10 0.023815876 
585 417 6 8 0.023805436 
551 408 6 8 0.023804614 
745 741 26 30 0.023759903 
506 463 7 9 0.023742752 
513 359 6 7 0.023737537 
223 398 7 8 0.02372042 
65 529 7 10 0.023716662 
217 607 8 11 0.02371305 
606 589 8 10 0.023701087 
208 472 6 9 0.023649128 
112 584 7 9 0.023644682 
574 592 7 10 0.023641797 
577 423 6 8 0.023637438 
856 431 6 8 0.02363724 
823 596 8 10 0.023568481 
928 414 7 9 0.023549791 
767 431 6 9 0.023543552 
247 375 6 8 0.02352902 
242 560 8 10 0.023520619 
736 528 6 8 0.023509098 
434 464 6 8 0.023487723 
80 417 7 8 0.023468 
593 432 6 8 0.023467608 
328 447 7 9 0.02346629 
69 632 9 12 0.023450524 
76 495 10 12 0.02344395 
784 391 7 9 0.023438988 
479 464 7 9 0.023438733 
674 478 6 9 0.02343682 
327 615 9 10 0.023434453 
472 447 6 7 0.023425145 
456 494 7 9 0.023424339 
224 526 6 9 0.023422595 
54 661 10 13 0.023401303 
518 510 7 9 0.023396127 
914 471 6 8 0.02337562 
315 366 6 9 0.023356022 
795 487 7 10 0.023338282 
849 455 6 8 0.023323381 
64 599 8 10 0.02331391 
763 510 6 9 0.023296997 
757 582 8 11 0.023228226 
39 535 7 9 0.02322392 
686 481 7 9 0.023222664 
209 544 7 8 0.023215564 
121 496 7 8 0.02320437 
370 400 7 8 0.023201495 
790 544 7 10 0.02318055 
57 622 8 10 0.023167025 
344 559 6 8 0.023165869 
591 464 6 8 0.023154445 
465 408 6 8 0.023140289 
538 359 6 8 0.023138473 
823 504 7 9 0.023077032 
127 653 11 14 0.023059253 
358 583 7 9 0.023057396 
874 367 6 9 0.023057159 
56 668 10 14 0.023054564 
82 439 6 9 0.023006933 
742 567 7 10 0.022997148 
190 550 7 9 0.022991888 
202 589 8 9 0.022988485 
671 423 7 9 0.022988414 
113 534 7 9 0.022976387 
799 627 11 13 0.022974009 
799 527 7 9 0.022952586 
489 441 6 8 0.022950558 
111 598 8 9 0.022946248 
344 424 6 9 0.022944402 
726 654 10 13 0.022934683 
906 582 8 10 0.0229183 
815 598 8 10 0.022918269 
162 478 6 8 0.02287502 
670 494 6 8 0.022869265 
153 558 7 10 0.022860356 
734 466 7 9 0.022843737 
223 583 8 9 0.022818856 
443 521 6 9 0.02281625 
760 391 7 9 0.02280128 
464 417 6 8 0.022796478 
290 368 7 9 0.022796305 
438 545 7 9 0.022793882 
487 447 6 9 0.022792289 
441 376 6 8 0.022787722 
1009 503 8 11 0.022780271 
200 465 7 8 0.022776047 
561 486 7 9 0.022772096 
552 437 7 9 0.022772001 
505 438 7 9 0.022765616 
800 584 7 9 0.02276159 
738 487 6 8 0.02275012 
96 373 7 9 0.02274851 
385 614 8 11 0.022738853 
256 407 7 9 0.022727683 
448 447 7 9 0.022724055 
41 487 7 9 0.022703312 
360 528 6 9 0.02269908 
920 660 21 31 0.022693336 
151 456 7 8 0.022663046 
153 527 7 9 0.022659212 
609 432 6 9 0.022634733 
434 487 7 8 0.022615809 
762 423 7 9 0.022608992 
756 608 9 12 0.022607543 
183 490 7 9 0.022597698 
570 383 6 8 0.022595191 
629 692 15 17 0.022520931 
824 392 7 8 0.022514101 
6 700 14 15 0.022505507 
260 646 12 15 0.022499701 
375 628 10 12 0.022471284 
831 432 6 8 0.022469409 
769 608 8 11 0.022468321 
313 449 6 8 0.022441568 
96 564 9 10 0.022436231 
480 471 6 8 0.022426078 
864 382 7 8 0.022419445 
799 407 6 8 0.022406982 
274 368 7 9 0.022405716 
513 385 6 8 0.022404648 
857 384 6 8 0.02237921 
897 465 6 8 0.022345297 
502 376 7 9 0.022330135 
600 455 6 8 0.022307765 
926 431 7 8 0.022304904 
498 381 7 9 0.022290008 
358 422 7 8 0.022286538 
744 487 6 8 0.022280907 
505 503 6 8 0.022228323 
391 432 6 9 0.022227287 
847 584 8 10 0.022217816 
296 409 6 8 0.022184065 
681 622 10 11 0.022181746 
274 416 6 9 0.022162005 
642 393 6 8 0.022158539 
974 583 8 10 0.022154272 
968 455 6 9 0.022151783 
511 606 8 10 0.022144191 
447 487 7 10 0.022144044 
143 449 6 8 0.022131784 
225 619 10 12 0.022126274 
938 462 7 8 0.022114605 
145 406 6 8 0.022113698 
264 620 9 12 0.02209787 
607 413 6 9 0.022096537 
240 422 6 9 0.02207622 
760 367 7 9 0.022076167 
26 553 8 10 0.022050664 
888 432 6 9 0.022040464 
409 382 7 8 0.022029653 
762 504 7 9 0.022023264 
465 461 6 9 0.022013325 
832 598 7 9 0.02201068 
218 430 7 9 0.021988932 
557 574 8 10 0.0219575 
240 606 9 12 0.021937735 
386 473 7 8 0.021927152 
536 376 6 8 0.021916391 
726 481 7 9 0.021901468 
439 424 6 9 0.021893088 
847 442 6 9 0.02189268 
962 401 6 8 0.021884292 
691 567 6 9 0.021861672 
207 528 7 8 0.021860367 
48 632 9 11 0.021854417 
610 457 6 9 0.021850273 
865 544 8 10 0.021847093 
537 392 7 8 0.021846637 
248 494 7 8 0.021840716 
680 472 7 9 0.021834794 
639 622 8 10 0.021807613 
474 431 7 9 0.021789351 
698 542 6 9 0.021765906 
112 462 6 9 0.021737657 
422 382 6 9 0.021735508 
721 520 7 9 0.021720914 
417 495 6 8 0.021711532 
766 585 9 10 0.021707764 
103 496 7 9 0.021669865 
119 431 6 8 0.021658272 
255 558 7 9 0.021656787 
425 455 6 9 0.021653857 
109 606 9 11 0.021650936 
785 521 6 8 0.021641497 
79 485 8 9 0.02163552 
330 366 6 9 0.0216202 
286 624 10 12 0.021617308 
272 432 7 8 0.021611338 
519 374 6 8 0.021608582 
921 567 7 9 0.02160449 
666 424 6 8 0.021556335 
390 585 8 9 0.021552797 
803 512 7 9 0.02154402 
89 494 8 10 0.021540785 
128 590 8 10 0.021538237 
250 472 6 9 0.021531422 
206 494 7 9 0.021513823 
361 432 6 8 0.021483002 
970 425 6 9 0.021481458 
114 409 6 8 0.021463951 
119 478 8 10 0.021463092 
742 597 8 11 0.0214623 
154 416 7 9 0.021446636 
896 542 7 8 0.021435454 
278 472 7 8 0.021434773 
130 495 7 9 0.02142967 
745 518 6 9 0.021412568 
186 544 7 10 0.021401819 
518 521 7 9 0.02139301 
64 390 8 9 0.021377634 
874 464 7 9 0.021371074 
767 423 7 10 0.021355683 
829 517 7 10 0.021343274 
362 366 7 8 0.021329403 
71 529 8 9 0.021328919 
682 592 7 9 0.021301113 
682 599 8 10 0.021287834 
491 465 6 8 0.021280047 
137 569 7 9 0.021269428 
223 441 7 9 0.02124389 
794 328 6 8 0.021237252 
295 447 7 9 0.021231202 
15 448 7 9 0.02123029 
511 462 7 9 0.021208024 
640 537 6 8 0.021189766 
136 630 9 11 0.021185609 
908 455 8 10 0.021177843 
975 569 7 10 0.021163575 
142 645 11 14 0.021144938 
58 456 6 8 0.021138161 
232 489 7 9 0.021128787 
774 645 10 14 0.02112047 
201 454 7 8 0.021107616 
463 535 6 9 0.021106169 
344 568 7 9 0.021099433 
255 553 7 8 0.021096207 
742 607 9 11 0.02109441 
312 552 7 9 0.021082975 
509 686 17 23 0.021052731 
89 455 7 8 0.021051915 
897 537 7 9 0.0210429 
135 679 14 16 0.021034474 
464 448 7 8 0.021016939 
751 479 7 8 0.021015959 
90 558 7 10 0.020991348 
480 382 7 8 0.020983001 
504 527 7 8 0.02096818 
240 393 6 8 0.020965328 
871 513 8 10 0.02096006 
405 429 8 10 0.020957714 
406 606 9 11 0.020952038 
657 526 8 10 0.020951122 
706 389 9 11 0.02092726 
146 432 6 8 0.020898368 
474 418 6 7 0.020874623 
221 510 7 9 0.020874288 
577 408 6 8 0.020866081 
699 691 22 27 0.020864092 
234 398 6 8 0.020863565 
201 393 7 8 0.020841872 
176 560 8 10 0.020839002 
852 591 8 10 0.020836886 
480 591 7 10 0.020836668 
648 504 7 9 0.020818152 
543 496 7 10 0.02077369 
938 649 14 25 0.02076118 
607 605 8 11 0.020754972 
996 613 10 13 0.020753289 
418 416 7 9 0.020747932 
230 621 9 11 0.020746257 
706 430 7 10 0.02073718 
905 432 6 8 0.020734992 
759 441 7 9 0.020728022 
935 527 8 10 0.02072513 
367 477 7 10 0.020722618 
403 695 15 19 0.020711534 
946 478 6 9 0.020709747 
112 448 7 9 0.020703083 
481 407 6 8 0.020689927 
135 464 7 10 0.020687247 
824 375 7 9 0.020680958 
35 657 14 17 0.020680863 
52 654 11 14 0.020658677 
551 399 6 9 0.02064973 
536 382 6 9 0.020645708 
954 583 9 12 0.020636959 
922 431 7 9 0.020621812 
921 439 7 8 0.020612944 
851 359 6 9 0.020606233 
286 661 13 16 0.020605544 
239 440 6 9 0.020605292 
887 463 6 7 0.020591075 
919 488 7 8 0.020576982 
545 453 6 9 0.020565914 
464 432 6 9 0.020555323 
912 366 6 8 0.020548167 
963 406 6 8 0.020526554 
906 590 8 11 0.020524684 
677 448 7 9 0.020521423 
510 662 12 15 0.020506842 
558 552 7 10 0.02050594 
987 633 11 14 0.020495918 
568 455 7 9 0.02049524 
584 456 6 8 0.020490486 
569 521 7 9 0.020481693 
826 560 6 8 0.02047497 
287 494 7 9 0.020458164 
311 599 7 9 0.020445324 
544 393 7 8 0.020443598 
489 432 6 8 0.020440007 
922 559 6 8 0.02043491 
881 383 7 8 0.020431245 
585 503 7 9 0.020430423 
833 407 7 9 0.020418404 
1013 613 9 13 0.020391878 
304 489 6 8 0.020390412 
257 344 8 10 0.020388449 
166 718 16 21 0.020375982 
221 663 13 16 0.020364147 
799 463 7 9 0.020363206 
960 561 7 8 0.020360842 
221 642 12 14 0.020356797 
225 471 7 9 0.020346567 
25 495 6 8 0.020345887 
640 425 7 8 0.020333894 
359 622 10 12 0.02032264 
753 441 7 9 0.020319235 
865 439 6 8 0.02029011 
253 630 9 12 0.02027051 
585 407 6 8 0.020248188 
361 441 6 8 0.020246806 
952 401 6 8 0.020240268 
647 392 6 7 0.020225076 
279 368 6 9 0.020209122 
953 447 7 9 0.020208566 
498 377 7 9 0.020203793 
178 709 14 23 0.020177275 
870 543 8 10 0.020162513 
888 496 6 8 0.020161793 
319 409 6 9 0.020158572 
966 488 8 10 0.020122167 
876 591 9 11 0.020112641 
451 732 20 26 0.020111647 
386 393 5 8 0.020092806 
536 591 7 9 0.02008879 
384 408 6 8 0.020088581 
630 686 12 14 0.020086594 
137 535 7 9 0.020076552 
482 358 7 9 0.020063462 
521 440 6 8 0.020059947 
287 359 7 8 0.020059757 
336 377 6 8 0.020043576 
857 481 7 9 0.02001522 
753 544 7 9 0.02000974 
