10_People_Marching_People_Marching_2_236
33
463 161 27 37 0.950747 
38 124 11 14 0.7278298 
917 124 12 16 0.62856543 
0 123 10 14 0.62490064 
805 135 17 19 0.5480272 
872 131 13 15 0.45434785 
975 125 11 14 0.39060986 
474 117 16 19 0.38463846 
709 127 15 19 0.30994654 
556 127 12 15 0.20150001 
603 116 16 16 0.15678509 
832 99 11 13 0.08631941 
558 148 39 61 0.065708585 
831 119 11 15 0.06398478 
279 230 23 29 0.061117094 
469 111 14 19 0.055695187 
731 127 16 20 0.053341318 
702 115 11 14 0.052740697 
704 123 14 18 0.04173496 
137 118 11 14 0.036251396 
149 142 14 16 0.03577734 
280 218 24 28 0.035634592 
993 307 18 25 0.033245515 
979 128 13 16 0.032312408 
309 215 12 13 0.03189373 
851 124 12 14 0.031301316 
727 126 13 16 0.030166762 
980 199 17 24 0.02987243 
600 120 14 17 0.02802626 
802 126 16 17 0.022174986 
509 108 13 17 0.02152203 
825 123 11 15 0.021113021 
608 119 16 18 0.020277228 
