10_People_Marching_People_Marching_2_40
270
836 240 53 69 0.9982992 
714 268 53 67 0.9962115 
266 118 29 34 0.9949614 
402 157 27 35 0.99360573 
357 127 25 33 0.9914956 
944 245 44 56 0.989892 
515 511 100 114 0.98959523 
45 132 40 48 0.987603 
665 204 41 54 0.9861843 
586 271 41 52 0.98559266 
81 449 95 131 0.98399734 
93 90 24 29 0.9808019 
708 359 42 65 0.9775098 
167 219 37 49 0.97705644 
497 147 28 29 0.9757154 
97 137 28 35 0.9746182 
564 64 15 18 0.97170323 
419 100 22 27 0.969907 
768 209 37 35 0.9632077 
516 86 18 24 0.9625995 
716 52 13 17 0.95806825 
53 345 54 63 0.951006 
712 84 14 19 0.9502663 
796 66 12 17 0.94516426 
818 142 21 36 0.94371235 
230 91 20 26 0.9428873 
787 117 29 35 0.9420459 
684 249 36 52 0.9386893 
854 53 11 15 0.9274827 
589 126 24 37 0.9244875 
471 106 22 28 0.92439276 
822 54 12 15 0.9124508 
574 45 12 16 0.9105253 
411 46 12 15 0.90189785 
758 50 12 14 0.89753413 
317 143 28 37 0.8960093 
681 98 18 23 0.8872303 
511 49 12 15 0.87237316 
942 200 36 43 0.8622986 
741 64 12 15 0.86135936 
136 79 21 29 0.8326849 
699 44 13 15 0.79772 
155 44 10 13 0.7933077 
769 88 17 20 0.7896468 
227 200 27 34 0.7584317 
253 85 18 21 0.7541952 
56 38 12 14 0.7369068 
461 52 13 16 0.6783823 
380 87 20 23 0.61270666 
141 40 9 12 0.58990747 
167 57 14 16 0.5844472 
750 107 22 28 0.5675029 
364 59 14 19 0.54547244 
666 102 13 18 0.5420963 
191 81 22 32 0.5213326 
668 47 11 14 0.4734189 
883 101 15 21 0.45873624 
519 44 11 16 0.44319397 
556 50 11 14 0.40806124 
189 40 8 11 0.37959832 
655 55 13 18 0.3447533 
108 43 10 13 0.33369836 
284 58 14 17 0.3314931 
932 153 23 35 0.3275289 
906 117 18 21 0.29973438 
466 45 12 15 0.2912186 
619 50 13 17 0.28168038 
583 70 10 13 0.28055447 
94 40 9 13 0.27904055 
112 25 8 9 0.2775734 
9 29 11 13 0.2708266 
815 53 12 16 0.26713067 
492 58 11 14 0.2609991 
876 89 15 21 0.2599255 
680 38 9 11 0.24434727 
435 84 18 21 0.23207727 
16 2 9 11 0.22594875 
194 77 16 21 0.21901518 
64 61 11 13 0.2177092 
977 333 42 69 0.21612598 
796 108 25 34 0.21310115 
240 89 20 25 0.21102989 
859 99 22 32 0.20739889 
460 6 9 10 0.1910243 
320 74 13 18 0.17647551 
808 53 13 16 0.16990076 
6 57 15 18 0.1663553 
426 88 23 27 0.1444532 
812 30 10 12 0.13825051 
847 75 12 16 0.13429235 
661 51 12 16 0.13159896 
56 31 10 13 0.13120276 
961 314 45 67 0.12664258 
488 54 11 14 0.12106972 
319 64 15 20 0.11812106 
325 37 11 14 0.1095069 
0 19 7 11 0.10756006 
98 8 8 10 0.107358254 
881 81 14 18 0.10365972 
760 133 21 27 0.09590246 
647 51 14 20 0.095152915 
482 47 9 12 0.09505951 
318 83 15 18 0.09490798 
122 381 59 69 0.088128105 
629 51 12 16 0.0836022 
844 68 11 14 0.08236899 
195 93 22 33 0.08226606 
121 38 9 12 0.08202391 
756 75 15 18 0.07985265 
616 13 8 10 0.07744368 
826 214 27 43 0.07508458 
907 91 13 16 0.07264848 
419 68 12 13 0.07252666 
765 94 18 21 0.07146872 
272 432 57 91 0.07041724 
524 40 10 15 0.06921479 
283 73 13 16 0.06747441 
152 29 9 11 0.06743135 
152 25 8 10 0.06562437 
666 164 24 32 0.0651921 
120 45 9 11 0.06483064 
569 44 12 15 0.064093284 
308 86 12 16 0.06361781 
769 132 16 22 0.060592625 
356 113 24 31 0.057073258 
686 63 12 15 0.056882806 
758 207 30 35 0.05615347 
326 13 11 13 0.05332721 
-3 333 38 72 0.052808236 
652 47 12 18 0.052568365 
385 92 20 29 0.051568333 
303 84 13 16 0.05145412 
760 106 18 23 0.051336985 
7 34 12 14 0.050589122 
100 396 85 127 0.049019262 
100 55 11 13 0.048838276 
20 3 9 11 0.048637472 
735 83 13 17 0.0479108 
97 29 8 10 0.047628887 
577 105 25 31 0.047473256 
355 98 19 20 0.04687616 
823 240 41 60 0.045885894 
239 207 19 23 0.045775607 
331 38 11 13 0.04526032 
225 54 11 13 0.04502855 
797 22 10 13 0.0447737 
224 59 13 16 0.04444219 
252 38 9 13 0.043765415 
808 36 11 13 0.043233696 
253 69 13 16 0.04228933 
751 83 14 17 0.041237913 
-2 358 48 89 0.040891718 
807 46 12 15 0.039995015 
284 21 12 15 0.03983582 
759 84 21 24 0.039410863 
495 45 9 11 0.03940229 
664 37 10 11 0.039317902 
369 61 17 20 0.03899915 
712 147 27 32 0.038444698 
610 209 39 47 0.038392585 
841 64 10 13 0.038048193 
224 46 9 12 0.036885325 
525 60 11 14 0.036781374 
621 37 11 14 0.036763676 
685 38 9 12 0.036346864 
239 297 43 53 0.03619882 
302 91 13 17 0.035921343 
281 53 13 16 0.034851544 
300 76 14 17 0.034695543 
751 136 22 30 0.034338526 
677 44 10 14 0.034329243 
493 68 12 17 0.033890095 
928 29 11 12 0.03374813 
670 38 9 11 0.03373004 
525 51 11 14 0.03326612 
142 147 33 37 0.033113506 
125 37 8 12 0.032865986 
8 24 10 13 0.03285601 
472 13 8 11 0.032659512 
756 116 24 30 0.032184433 
372 33 11 15 0.03205055 
22 45 9 11 0.031954166 
487 67 12 16 0.031579718 
732 89 14 17 0.03154924 
13 38 10 12 0.030910889 
225 37 10 13 0.030561225 
210 63 13 17 0.030342815 
693 150 41 49 0.02967614 
637 52 13 17 0.029362762 
423 38 8 11 0.029129535 
747 67 13 14 0.028884865 
652 117 12 17 0.02884888 
456 48 12 15 0.028818049 
756 101 16 21 0.02878312 
459 75 13 16 0.02838017 
127 32 8 11 0.02817297 
742 55 10 14 0.028026376 
32 30 10 13 0.027881453 
358 106 21 23 0.027734958 
15 43 9 11 0.027675804 
714 113 17 20 0.027657757 
854 71 11 15 0.027569743 
466 58 12 14 0.027460668 
661 42 19 25 0.027326189 
14 84 14 20 0.027233796 
678 224 47 58 0.0271685 
904 472 52 75 0.027109545 
308 75 14 18 0.026995834 
733 38 9 11 0.026841428 
663 110 14 20 0.026792254 
780 126 25 31 0.026594305 
952 306 37 49 0.026562655 
6 44 11 13 0.026423529 
847 60 10 14 0.02626418 
804 137 28 36 0.026244434 
28 87 19 21 0.026232708 
299 96 13 18 0.026169613 
157 48 14 16 0.026033387 
37 59 13 15 0.025981195 
568 103 20 22 0.025849419 
739 73 13 17 0.025829291 
0 46 10 14 0.025813088 
1 57 12 19 0.025421565 
776 85 14 18 0.025305822 
429 78 16 18 0.025255604 
741 21 10 13 0.025019947 
321 89 16 18 0.024954949 
333 43 11 14 0.024880916 
170 66 14 18 0.024416147 
118 31 8 11 0.024402874 
802 68 13 15 0.0242639 
516 28 10 11 0.024051107 
774 54 10 13 0.024032636 
908 19 11 14 0.023974363 
564 50 15 17 0.023941867 
672 153 25 37 0.023825854 
662 20 493 463 0.023803327 
245 30 10 12 0.023657521 
87 45 10 12 0.023524899 
686 20 12 15 0.023388162 
254 61 12 15 0.023326151 
309 84 20 26 0.023306094 
166 77 22 28 0.023272483 
642 138 35 35 0.02325302 
822 65 12 15 0.023218954 
759 32 9 11 0.023057448 
532 74 14 17 0.022426037 
64 84 19 28 0.022385642 
335 51 12 15 0.022269614 
839 75 14 17 0.022130277 
854 109 18 22 0.021954242 
908 108 17 22 0.021742305 
567 0 10 12 0.021702806 
375 84 17 20 0.02170089 
216 46 9 12 0.021626972 
689 66 14 17 0.021303639 
181 82 16 21 0.02123836 
888 106 24 27 0.021031337 
78 37 9 10 0.021014683 
805 75 14 17 0.020981707 
320 55 12 16 0.020922853 
813 90 16 20 0.020769432 
321 41 10 14 0.020734042 
768 32 9 11 0.020613221 
81 47 9 12 0.020521078 
102 29 9 11 0.020294338 
0 83 10 19 0.02014454 
290 53 13 16 0.020144237 
0 36 10 13 0.020025369 
616 22 8 11 0.020015553 
