10_People_Marching_People_Marching_2_277
122
46 184 49 68 0.9945945 
368 181 28 34 0.9880676 
620 187 30 36 0.9808723 
837 185 26 31 0.97971 
753 187 27 33 0.9743603 
260 166 21 28 0.9682681 
327 177 23 30 0.965357 
411 175 39 45 0.9340158 
912 183 22 26 0.92751664 
559 180 9 11 0.91087365 
670 191 21 28 0.88667434 
505 194 24 29 0.88506573 
230 172 16 23 0.8836162 
941 185 14 18 0.7875556 
870 192 15 20 0.68010664 
471 180 13 17 0.6616801 
817 189 18 24 0.63486016 
972 192 17 21 0.5737025 
793 191 16 20 0.47427425 
715 188 12 16 0.44164118 
1011 186 11 17 0.40734452 
5 200 23 29 0.38544473 
890 218 12 16 0.3804462 
733 192 15 19 0.32669663 
601 184 18 23 0.32667196 
188 253 28 29 0.24487768 
555 209 14 17 0.24238983 
105 274 51 59 0.18187335 
892 199 10 13 0.17205036 
567 407 13 17 0.14132611 
996 189 11 17 0.114519514 
948 238 13 16 0.107929945 
396 171 22 30 0.09535728 
168 199 9 12 0.09476247 
577 160 8 11 0.094750114 
451 164 14 20 0.0912719 
965 174 10 12 0.08859058 
18 201 14 19 0.08833179 
497 175 9 12 0.08808131 
23 169 10 12 0.08806799 
127 96 9 12 0.08083847 
494 203 11 17 0.07740187 
704 186 11 16 0.07710777 
575 182 10 13 0.07153772 
990 193 12 16 0.06677522 
534 181 11 14 0.06368769 
875 231 15 18 0.058032725 
961 175 10 13 0.056617904 
580 210 12 14 0.051436115 
1006 220 13 17 0.051427975 
726 193 16 19 0.049698647 
591 189 10 14 0.04877121 
534 508 12 15 0.04763315 
784 188 20 27 0.046745732 
710 184 13 18 0.041498654 
541 179 9 13 0.041250117 
563 205 14 17 0.04123849 
1000 224 13 17 0.040118497 
-1 198 34 49 0.039977677 
401 175 26 38 0.039480112 
509 214 16 20 0.038837895 
663 194 16 21 0.037992075 
575 206 11 14 0.03759578 
395 187 24 33 0.03750293 
591 181 10 15 0.036593564 
173 182 10 14 0.035293616 
883 224 14 18 0.03260484 
626 454 9 11 0.031844035 
17 173 12 15 0.03160286 
602 433 12 16 0.031544972 
486 181 9 13 0.030340899 
606 201 15 21 0.030175237 
569 158 7 9 0.029666942 
463 178 16 22 0.02954987 
496 196 22 28 0.029290076 
29 202 12 16 0.02903616 
224 215 10 14 0.02900067 
378 175 26 34 0.028825233 
552 216 13 17 0.028343305 
583 188 10 14 0.02826763 
567 197 12 15 0.02703284 
197 197 8 10 0.026905686 
30 195 13 17 0.026900092 
452 186 14 20 0.026767232 
172 196 11 14 0.026164122 
870 234 16 20 0.025972826 
309 188 13 17 0.025628103 
48 165 9 11 0.025588619 
946 182 13 16 0.025235213 
933 182 16 19 0.024921082 
802 189 14 17 0.024914697 
909 195 18 22 0.02487116 
660 198 23 31 0.024673397 
657 424 8 11 0.024441902 
280 109 342 415 0.024311077 
515 190 16 19 0.024283936 
199 264 18 20 0.024173401 
486 229 15 19 0.023649102 
966 190 16 19 0.02362316 
185 264 29 38 0.023427611 
562 175 11 14 0.022516467 
27 186 42 62 0.022293065 
599 156 8 10 0.022272602 
432 180 28 34 0.022174468 
581 180 10 15 0.021886451 
965 199 15 17 0.021741882 
162 197 10 13 0.021403963 
452 175 22 29 0.021328565 
199 245 30 32 0.021267392 
993 175 9 11 0.021247352 
863 192 14 20 0.021211054 
998 181 11 16 0.021202488 
680 190 23 29 0.020924583 
884 190 10 13 0.020710783 
242 171 13 18 0.020535158 
233 356 14 16 0.020338243 
173 188 10 15 0.020152522 
998 175 8 11 0.02015236 
303 182 10 13 0.020131355 
716 353 12 15 0.020029474 
980 184 12 14 0.020010177 
1009 174 11 14 0.020001464 
