10_People_Marching_People_Marching_10_People_Marching_People_Marching_10_499
30
562 283 23 30 0.8368568 
493 271 20 30 0.66410124 
381 240 24 32 0.60632443 
743 79 23 31 0.59354126 
636 71 25 30 0.5027572 
455 273 15 21 0.36048698 
610 73 13 17 0.22168401 
537 24 29 30 0.16218323 
789 0 34 39 0.10077643 
582 99 47 47 0.059770893 
429 317 28 29 0.055027205 
503 273 18 24 0.044783443 
579 361 29 33 0.042126212 
443 281 15 19 0.040682737 
370 167 16 19 0.039917253 
366 241 32 38 0.036908764 
599 69 25 30 0.03407438 
551 286 27 33 0.03363487 
615 67 25 31 0.033420596 
465 268 13 18 0.028998958 
379 309 16 17 0.028968971 
724 7 44 54 0.028273495 
641 179 11 14 0.027179735 
343 127 30 32 0.02552693 
484 309 25 27 0.02448034 
544 261 21 29 0.022980027 
752 77 20 25 0.02083189 
728 55 43 50 0.020823712 
739 89 19 24 0.02065698 
510 257 15 22 0.020247916 
