10_People_Marching_People_Marching_10_People_Marching_People_Marching_10_People_Marching_People_Marching_10_619
113
431 460 13 16 0.94693166 
51 484 15 18 0.7955844 
232 469 10 12 0.72045773 
416 444 7 10 0.6048739 
260 460 9 12 0.5783366 
352 460 8 11 0.5093816 
402 469 8 11 0.4687716 
305 460 8 11 0.44090614 
437 434 8 10 0.42169783 
668 443 12 15 0.40253085 
192 468 12 15 0.36934063 
270 476 8 11 0.33105433 
159 479 12 15 0.33074552 
497 460 8 10 0.24055628 
164 483 11 13 0.22843789 
501 441 9 11 0.17048742 
456 432 7 10 0.15759903 
88 482 12 14 0.14174369 
103 487 8 11 0.13737445 
174 523 9 11 0.13698581 
239 501 7 10 0.13366893 
743 424 9 11 0.10559338 
189 488 10 12 0.10320519 
444 507 10 12 0.1024844 
328 461 8 10 0.09872803 
93 478 11 15 0.093887396 
293 495 8 12 0.0888355 
406 429 8 10 0.08098528 
464 448 6 9 0.080083065 
724 422 9 12 0.07371872 
79 535 10 13 0.073408015 
402 430 8 9 0.07089129 
325 516 9 12 0.06846109 
555 445 13 16 0.065281905 
327 457 7 10 0.06427474 
295 459 10 12 0.06405056 
701 429 10 13 0.063410215 
393 445 8 10 0.06290572 
409 425 7 10 0.058397938 
280 460 7 10 0.055148598 
356 456 8 11 0.054941066 
449 452 9 12 0.05421227 
213 461 10 13 0.051963665 
239 528 8 11 0.051405787 
520 450 11 13 0.049733605 
589 438 10 13 0.049557995 
151 500 11 16 0.047349524 
585 444 9 12 0.044068195 
45 479 15 18 0.04345167 
220 492 10 13 0.043151934 
398 446 8 10 0.040790588 
414 424 7 9 0.04047698 
303 515 8 12 0.04013228 
258 520 8 11 0.037448302 
206 548 8 10 0.037345294 
465 453 7 10 0.037059844 
781 417 14 17 0.036830094 
90 502 12 16 0.03675972 
209 461 9 12 0.036625277 
61 489 11 14 0.036566485 
524 493 10 13 0.03613742 
288 455 9 12 0.035424706 
392 385 7 8 0.035342347 
540 451 10 12 0.03492498 
214 468 10 13 0.034104727 
290 500 8 11 0.03319364 
193 559 10 13 0.03302261 
174 477 9 11 0.031487964 
593 462 9 12 0.031197038 
60 478 12 18 0.030545838 
326 447 8 10 0.030344844 
322 454 8 11 0.029901765 
197 475 10 14 0.029332865 
303 468 9 11 0.02893054 
456 448 8 11 0.028925056 
185 492 10 13 0.028910855 
607 440 8 11 0.028511772 
172 485 9 12 0.02849618 
246 454 9 11 0.027831879 
375 446 7 9 0.027390083 
311 495 7 10 0.027220877 
501 455 9 12 0.027105628 
336 495 6 9 0.02701529 
552 450 11 13 0.026639791 
184 469 11 14 0.026585605 
471 454 8 9 0.026519055 
384 447 8 10 0.026231447 
322 447 8 11 0.025914328 
101 478 9 14 0.025700204 
240 497 8 11 0.024676861 
304 479 8 10 0.024473788 
309 487 8 10 0.024406485 
449 432 8 10 0.024401976 
447 437 8 10 0.024104502 
154 478 11 15 0.02331845 
279 525 8 10 0.022665909 
264 470 9 12 0.022591548 
295 471 8 10 0.022364369 
255 538 8 9 0.022215746 
192 528 8 10 0.021996884 
401 425 9 10 0.02187959 
383 453 8 10 0.021816473 
224 469 10 13 0.021745834 
217 487 11 14 0.021722466 
352 485 8 10 0.021585545 
464 471 9 11 0.021570886 
289 477 8 10 0.021548143 
185 462 11 14 0.021545267 
681 422 10 12 0.021411015 
340 400 9 11 0.020711336 
156 555 14 17 0.020701248 
240 521 8 10 0.020550644 
199 549 9 11 0.020049045 
