26_Soldier_Drilling_Soldiers_Drilling_26_192
26
72 297 33 40 0.99463767 
517 303 29 34 0.98885393 
639 293 31 39 0.9859782 
93 405 23 30 0.9728608 
468 262 23 31 0.23156668 
414 269 26 30 0.2050479 
557 306 22 28 0.18377118 
151 322 14 24 0.14206089 
226 337 17 24 0.12029583 
559 322 24 31 0.11462859 
219 349 17 26 0.096861266 
612 314 22 25 0.08255693 
106 402 24 33 0.074111395 
52 421 12 15 0.06682392 
436 224 21 31 0.04884484 
22 379 15 20 0.046066556 
46 381 24 29 0.045387957 
580 361 30 30 0.045064077 
404 269 23 28 0.043659613 
425 266 18 26 0.037975505 
161 561 17 21 0.035044648 
79 508 10 12 0.030582953 
63 289 30 39 0.027860962 
220 381 12 15 0.023865478 
234 343 16 22 0.022786029 
370 393 30 33 0.02240988 
