26_Soldier_Drilling_Soldiers_Drilling_26_619
31
459 214 30 38 0.9918549 
814 244 27 27 0.9888207 
382 249 19 22 0.8014103 
68 239 16 23 0.72095126 
765 298 25 29 0.53684825 
210 151 15 18 0.2895141 
134 254 13 19 0.19698213 
701 244 14 21 0.11751606 
677 313 16 19 0.090676986 
891 374 15 17 0.07774389 
59 243 18 23 0.07757988 
117 251 14 15 0.076594345 
515 237 21 27 0.07142638 
1 171 183 273 0.06956149 
519 6 12 14 0.061725996 
189 408 13 16 0.059484035 
755 304 29 34 0.05589541 
775 301 19 22 0.053698994 
216 146 15 21 0.04845239 
124 253 13 16 0.04616252 
864 310 10 13 0.04312881 
518 211 14 19 0.032810554 
202 436 9 12 0.026454464 
895 348 9 12 0.02641887 
755 299 23 23 0.024625415 
112 275 10 13 0.02431718 
505 32 10 13 0.024232926 
198 154 14 18 0.023326205 
156 38 9 11 0.021738043 
198 9 12 14 0.02047659 
111 253 11 15 0.020335142 
