26_Soldier_Drilling_Soldiers_Drilling_26_204
211
372 258 25 35 0.96533227 
451 142 16 19 0.9193102 
438 195 19 27 0.8339921 
943 169 13 19 0.7539578 
582 85 10 13 0.5428414 
599 117 11 15 0.54200476 
738 108 12 15 0.52500296 
629 78 9 12 0.51040465 
659 113 13 17 0.48929232 
988 163 11 14 0.48194066 
194 80 10 11 0.44517934 
239 70 8 9 0.4307842 
989 120 10 12 0.4284191 
623 154 12 18 0.38983196 
869 313 28 35 0.3895584 
857 123 11 14 0.3705228 
995 189 13 15 0.33999145 
835 137 12 15 0.32723343 
1014 126 9 13 0.3186878 
712 123 13 18 0.31847718 
811 372 12 15 0.28036577 
500 107 12 14 0.25068656 
653 75 10 14 0.23497054 
925 111 10 12 0.23244031 
912 116 10 14 0.21557124 
966 150 15 20 0.20490572 
900 178 15 17 0.19837348 
941 115 10 13 0.18384226 
773 113 13 15 0.1817196 
885 149 13 16 0.18009232 
805 117 10 12 0.17293204 
984 204 17 18 0.14376582 
663 123 12 17 0.13685322 
951 273 20 28 0.13454047 
477 134 12 16 0.13030931 
977 111 10 13 0.12772712 
703 88 9 12 0.12464894 
894 356 14 20 0.12259694 
732 307 14 15 0.12153718 
969 197 12 15 0.1192107 
757 101 9 12 0.11619825 
830 110 10 12 0.11484158 
801 302 11 14 0.10458832 
864 299 27 34 0.10405318 
759 164 21 33 0.10384921 
985 117 11 13 0.102674425 
816 103 9 13 0.101350896 
914 406 19 16 0.10017187 
1012 180 11 16 0.09698129 
936 112 10 13 0.094613284 
945 258 15 19 0.09106036 
765 85 8 10 0.08899595 
923 234 15 20 0.08664501 
895 123 10 13 0.08373253 
167 63 10 13 0.07966709 
796 400 18 17 0.07900111 
995 211 14 18 0.076873414 
685 122 13 15 0.074971005 
946 174 15 18 0.07371831 
494 82 8 10 0.073708475 
973 131 11 14 0.07227024 
486 69 9 10 0.06971494 
966 118 9 11 0.068328835 
580 37 10 13 0.06618846 
821 139 10 13 0.06458649 
829 296 19 25 0.06452393 
581 144 16 19 0.06379241 
861 290 25 29 0.06089718 
836 349 17 21 0.060318723 
805 134 12 13 0.060254935 
750 308 13 15 0.057081148 
1006 236 15 21 0.056468815 
651 81 12 14 0.056428425 
797 147 14 18 0.05493766 
750 78 9 11 0.05414373 
666 116 12 17 0.053949453 
960 122 11 14 0.053923327 
730 323 16 18 0.05312203 
698 190 15 19 0.052195046 
822 300 13 17 0.05157259 
860 324 15 21 0.050369974 
970 201 15 19 0.04973867 
768 111 12 15 0.049139656 
750 116 9 11 0.04885115 
497 56 8 10 0.048824914 
678 173 13 18 0.048655663 
775 123 13 17 0.046318173 
919 221 21 27 0.04627357 
742 112 12 15 0.045759406 
222 114 12 14 0.04524718 
983 158 12 17 0.04521757 
716 177 13 18 0.044698946 
865 93 8 12 0.04457434 
799 132 12 14 0.04375066 
983 209 22 26 0.042792555 
894 183 21 24 0.04209058 
158 75 12 14 0.042058084 
652 164 12 15 0.041904345 
893 275 13 17 0.041902933 
631 168 13 18 0.041086875 
829 115 10 13 0.040799245 
881 323 19 24 0.04002231 
735 275 13 16 0.039542757 
791 93 8 10 0.038954213 
989 194 17 19 0.03869976 
843 288 13 18 0.038460627 
662 233 21 31 0.03833679 
637 118 11 14 0.037806027 
782 212 21 30 0.036466688 
1011 148 11 15 0.036187343 
652 157 12 15 0.035918985 
738 306 15 17 0.035748485 
749 109 11 14 0.035681725 
810 86 8 10 0.0349563 
512 61 8 11 0.03476715 
1004 209 15 18 0.034214582 
248 64 8 10 0.034096137 
481 138 13 16 0.032849107 
855 142 10 13 0.0325088 
574 99 14 17 0.03211305 
947 262 16 24 0.031911757 
965 160 16 21 0.03171392 
802 409 16 15 0.031408798 
245 68 8 11 0.031147638 
713 174 11 17 0.03076393 
431 89 195 267 0.030620594 
844 163 15 20 0.0304373 
693 99 10 13 0.030389028 
824 108 10 13 0.029710319 
763 373 17 25 0.029370027 
815 299 12 16 0.02927907 
970 136 15 18 0.02926275 
650 71 10 14 0.02901232 
1003 186 14 16 0.028911468 
842 296 14 21 0.028889496 
518 52 8 11 0.02881184 
463 78 8 10 0.02873021 
637 76 10 13 0.02838871 
861 143 11 14 0.028370317 
495 61 7 10 0.028176578 
813 135 10 12 0.027808001 
803 141 14 17 0.02780527 
695 95 10 12 0.027797658 
880 142 12 16 0.027771259 
501 53 8 11 0.027677396 
489 65 8 10 0.027613372 
894 108 8 11 0.027540535 
824 304 21 28 0.02740986 
704 124 12 15 0.027394662 
848 139 10 13 0.027074942 
656 119 13 19 0.026679795 
478 54 7 10 0.026415579 
464 86 8 10 0.026147882 
742 286 12 14 0.02571609 
1007 294 17 33 0.025353195 
445 101 12 15 0.025298126 
679 118 12 13 0.025287073 
650 146 14 18 0.025186833 
835 190 22 25 0.025121368 
908 208 23 30 0.02506131 
948 116 10 13 0.025023116 
710 86 9 12 0.025014846 
630 7 12 13 0.024958111 
806 112 10 13 0.024641747 
750 135 11 14 0.02446728 
464 94 9 14 0.024426699 
854 130 10 14 0.023990825 
740 387 16 25 0.023973905 
615 152 16 20 0.023841131 
647 141 14 18 0.023746368 
702 117 10 15 0.023640763 
693 118 12 14 0.023601247 
728 106 11 15 0.023538735 
652 168 17 21 0.023525877 
704 217 22 31 0.023451135 
868 332 17 22 0.02330275 
671 93 9 12 0.02327011 
677 95 9 11 0.02323065 
452 100 10 14 0.023167407 
778 116 12 14 0.023132918 
915 120 12 16 0.023096684 
636 166 12 17 0.023091845 
904 185 16 19 0.023028262 
838 406 15 17 0.022943543 
966 244 12 18 0.022928197 
785 94 7 9 0.022926195 
683 175 15 19 0.022863723 
513 54 9 11 0.022861242 
719 169 19 24 0.022738531 
758 107 10 14 0.022718508 
751 97 10 13 0.022372326 
646 116 12 15 0.022071132 
665 93 9 13 0.02197165 
671 87 8 11 0.02169071 
767 152 24 29 0.021528767 
814 140 13 14 0.02142961 
693 168 16 21 0.021389429 
735 94 8 10 0.021272287 
804 124 13 14 0.021117078 
364 102 9 12 0.021102166 
946 334 23 29 0.020919818 
679 124 13 16 0.020899637 
988 242 15 21 0.02088409 
665 87 9 12 0.02063888 
798 273 11 16 0.020445887 
972 204 21 26 0.020394735 
757 377 16 23 0.020254755 
854 118 18 23 0.020095037 
815 69 8 9 0.020066323 
856 281 22 28 0.020062288 
884 275 22 27 0.020052701 
