26_Soldier_Drilling_Soldiers_Drilling_26_991
53
346 101 14 18 0.88991505 
214 119 11 14 0.88011724 
305 94 12 15 0.82187045 
631 84 9 13 0.82033604 
244 122 11 13 0.810027 
785 66 10 14 0.7690477 
835 61 13 16 0.751345 
479 98 11 15 0.67954755 
276 115 10 13 0.5911631 
731 82 10 13 0.53366905 
552 96 9 11 0.5189076 
587 85 9 13 0.5116842 
437 103 12 15 0.507804 
703 79 9 12 0.3784181 
173 121 9 11 0.23531461 
671 77 9 12 0.20965156 
391 111 10 12 0.1654044 
609 93 8 10 0.14558265 
665 79 9 12 0.14104238 
541 102 8 11 0.08148763 
946 53 10 13 0.07740469 
753 54 8 11 0.07564045 
676 78 9 12 0.057576187 
556 100 9 12 0.05679648 
698 79 9 12 0.051673867 
929 54 11 13 0.050801877 
296 78 10 12 0.045887135 
870 94 7 10 0.042505365 
170 124 9 12 0.03662848 
129 132 8 10 0.03648409 
192 119 8 11 0.03482965 
225 86 9 11 0.033628218 
295 110 8 11 0.032830387 
263 116 9 13 0.032408893 
353 84 9 11 0.032046456 
866 95 7 10 0.031384975 
697 85 9 11 0.030496584 
382 61 8 11 0.028220344 
407 115 9 12 0.02784956 
842 62 11 15 0.027274827 
511 96 8 10 0.026273105 
377 62 9 11 0.026137343 
721 85 8 12 0.026029924 
144 101 7 10 0.025167894 
707 79 9 12 0.024056014 
174 142 12 16 0.023652831 
613 87 9 12 0.023458768 
136 142 8 10 0.023383966 
689 85 8 11 0.023184044 
904 121 7 8 0.02222424 
589 82 8 11 0.021590237 
650 47 8 10 0.021432346 
503 101 8 11 0.021297397 
