26_Soldier_Drilling_Soldiers_Drilling_26_31
22
661 197 39 42 0.9925835 
530 213 40 45 0.9920536 
378 173 43 53 0.98936045 
236 189 36 42 0.9889243 
808 160 40 46 0.9877456 
534 604 22 25 0.7246622 
651 572 21 24 0.694495 
307 384 25 33 0.4146756 
797 104 15 18 0.081158526 
836 160 27 34 0.07792143 
704 583 9 11 0.076909766 
792 195 18 25 0.07221999 
667 119 15 18 0.070064306 
619 419 14 18 0.061681036 
685 582 12 16 0.05120701 
590 431 15 19 0.047086477 
511 542 20 31 0.031752188 
765 202 12 14 0.030725555 
846 167 26 36 0.027768344 
236 104 17 20 0.023853095 
331 420 16 21 0.022701481 
709 192 16 21 0.020077461 
