26_Soldier_Drilling_Soldiers_Drilling_26_832
18
437 215 58 79 0.99701935 
788 217 64 87 0.99308574 
544 263 51 64 0.97723275 
708 302 17 20 0.477527 
40 303 11 14 0.22997846 
647 286 15 20 0.15171288 
11 334 13 15 0.061233602 
436 152 11 14 0.045985475 
70 320 9 11 0.04295492 
709 357 15 17 0.03826053 
65 323 10 14 0.036280345 
108 300 11 15 0.034248386 
700 312 32 40 0.03243748 
661 336 28 38 0.02925667 
158 357 12 15 0.025915688 
730 272 45 59 0.023118377 
985 323 16 18 0.022830812 
773 273 27 40 0.021293491 
