26_Soldier_Drilling_Soldiers_Drilling_26_405
18
555 178 48 53 0.9971937 
399 205 45 49 0.99585044 
141 349 25 31 0.99431956 
853 264 24 30 0.985321 
389 217 29 37 0.10933518 
258 412 12 15 0.05076969 
849 359 14 18 0.039747745 
329 412 9 11 0.03914526 
131 461 29 31 0.03374554 
977 163 12 14 0.028030477 
969 314 43 59 0.025790915 
980 70 10 13 0.023895133 
244 396 11 14 0.02369032 
308 424 14 18 0.023681268 
1014 63 7 12 0.023454929 
131 600 12 13 0.022845557 
286 395 14 16 0.022056771 
337 448 9 13 0.021960618 
