26_Soldier_Drilling_Soldiers_Drilling_26_1022
30
256 415 31 46 0.76639265 
141 314 18 23 0.59916645 
28 454 25 30 0.364806 
118 291 15 21 0.2902295 
49 284 18 22 0.13128318 
80 305 17 23 0.11024494 
775 453 8 11 0.10805892 
22 505 22 30 0.09974076 
170 296 15 20 0.08546982 
87 495 20 24 0.08077758 
107 296 23 31 0.058141094 
717 575 13 16 0.05191736 
762 453 6 9 0.051531404 
473 349 9 13 0.040684108 
37 260 15 19 0.03659196 
73 274 15 18 0.034912076 
778 532 10 13 0.032966953 
390 350 11 14 0.032965217 
719 452 10 12 0.032645 
883 493 11 16 0.030571857 
61 569 25 36 0.029354643 
156 282 15 20 0.029344436 
702 570 11 16 0.028319256 
874 467 13 18 0.027612092 
786 547 11 14 0.025602907 
769 453 7 10 0.023282457 
814 527 13 17 0.022709195 
230 343 39 51 0.021127032 
765 506 11 13 0.020663768 
642 454 7 8 0.02005158 
