26_Soldier_Drilling_Soldiers_Drilling_26_85
35
58 352 30 40 0.9985343 
599 399 29 30 0.99626863 
217 361 28 32 0.9960008 
-1 601 28 49 0.972706 
385 381 10 13 0.71724975 
377 611 35 39 0.44808805 
275 628 21 34 0.24656603 
327 385 8 11 0.109368175 
430 390 7 8 0.069248416 
259 730 36 41 0.06877544 
450 426 7 9 0.051217493 
343 397 8 10 0.04254105 
447 398 7 9 0.042125292 
471 406 7 10 0.040812455 
426 390 7 9 0.040642887 
373 397 9 12 0.039626226 
245 395 15 21 0.037197307 
336 390 9 11 0.036271226 
863 430 9 10 0.03617461 
368 392 9 11 0.035224296 
322 389 8 11 0.035147034 
454 429 6 9 0.034237094 
400 396 8 11 0.03370249 
448 408 7 9 0.02989861 
351 397 7 10 0.027269304 
441 447 8 11 0.02660947 
365 594 32 41 0.025535544 
409 407 8 10 0.024599306 
488 391 7 9 0.024217905 
466 406 7 10 0.021921435 
388 388 10 13 0.021552386 
456 409 7 8 0.021214603 
364 407 9 12 0.020880016 
481 391 7 9 0.020635163 
397 427 12 15 0.020140002 
