26_Soldier_Drilling_Soldiers_Drilling_26_345
21
468 190 27 34 0.9461552 
163 194 24 30 0.9380451 
853 192 28 33 0.9362863 
663 184 28 35 0.8344846 
342 200 26 34 0.5194669 
829 226 22 24 0.41073358 
634 216 9 11 0.07655429 
293 272 14 17 0.06357446 
335 304 8 11 0.058474764 
161 187 18 27 0.046495277 
716 212 11 12 0.041533265 
823 229 13 15 0.040306464 
826 266 12 16 0.03616482 
342 193 17 27 0.036139626 
840 224 16 22 0.035950076 
352 303 8 10 0.032040358 
294 248 9 11 0.025728675 
984 103 34 55 0.02529049 
344 304 8 10 0.022989992 
166 223 16 18 0.021124966 
160 181 13 22 0.020302977 
