26_Soldier_Drilling_Soldiers_Drilling_26_262
169
918 284 27 32 0.99645907 
758 326 24 29 0.99447495 
619 316 24 29 0.9940165 
953 293 25 30 0.9940112 
802 285 22 28 0.99379176 
474 311 23 28 0.99267936 
852 290 23 29 0.99138415 
575 273 23 30 0.99129206 
693 277 22 27 0.9899629 
275 293 22 28 0.9876631 
168 264 24 31 0.98361695 
724 281 24 30 0.9825785 
448 269 22 31 0.9816413 
75 259 25 29 0.98150855 
125 264 22 25 0.9812382 
535 266 24 28 0.9763391 
485 242 13 17 0.9742313 
404 194 13 16 0.9692671 
636 281 21 26 0.96845186 
781 271 21 27 0.9670588 
1004 266 21 34 0.9647221 
762 249 21 25 0.9641441 
302 213 14 18 0.96332365 
608 273 21 28 0.963011 
169 213 11 15 0.96148306 
37 272 22 28 0.95608103 
864 252 22 26 0.9449558 
584 227 12 15 0.9418683 
651 235 13 17 0.9383793 
223 263 20 25 0.9343126 
59 255 19 26 0.93416244 
440 218 14 19 0.9339137 
592 243 14 16 0.9279381 
509 270 18 22 0.92632484 
342 256 22 28 0.9204574 
966 236 18 24 0.915725 
371 218 12 16 0.9085589 
299 263 21 25 0.90191793 
4 262 21 26 0.8966764 
125 238 15 17 0.8925143 
217 232 17 18 0.891945 
325 217 16 19 0.87996376 
680 220 12 16 0.8642861 
474 230 12 15 0.84565264 
528 218 12 15 0.82074773 
90 215 13 15 0.8191931 
250 216 13 16 0.7980643 
241 259 21 26 0.7693471 
217 209 15 16 0.7436117 
428 263 18 22 0.714801 
498 222 12 16 0.65014017 
354 229 12 14 0.6424155 
231 260 20 26 0.6035893 
153 249 16 23 0.6021397 
605 221 12 15 0.57986575 
388 261 20 25 0.57150334 
978 279 14 21 0.57145256 
206 252 12 17 0.56171894 
331 269 15 20 0.52380013 
356 286 25 28 0.51078534 
805 248 16 18 0.44943792 
689 250 20 20 0.40624613 
698 248 16 18 0.40487683 
385 221 11 13 0.39131796 
37 245 21 25 0.3844278 
106 260 16 22 0.36873665 
521 244 16 18 0.35991317 
115 223 10 14 0.32389 
46 234 15 18 0.31968373 
322 257 13 20 0.2907278 
399 226 12 14 0.2680565 
60 213 12 15 0.25144294 
525 264 24 28 0.23292994 
833 251 16 17 0.2104676 
723 240 15 18 0.20722029 
685 223 13 16 0.19884771 
716 236 17 21 0.1754584 
599 226 14 18 0.17280786 
262 239 14 19 0.16451542 
422 260 16 20 0.1616323 
930 249 19 20 0.15251683 
266 211 12 15 0.1306175 
826 288 16 23 0.115732975 
458 536 28 34 0.11040131 
279 145 9 11 0.11024194 
877 310 17 21 0.09518923 
53 250 18 28 0.09379519 
262 252 14 19 0.088029265 
427 252 15 19 0.08700489 
407 254 14 17 0.08285597 
741 257 17 19 0.08078696 
414 236 14 15 0.07858294 
897 281 15 22 0.07643323 
706 243 14 18 0.06982606 
44 219 15 16 0.06684083 
182 222 12 15 0.06540158 
0 259 12 21 0.063374735 
262 219 13 16 0.060427297 
452 220 11 16 0.06013601 
543 241 14 16 0.058235906 
155 256 21 29 0.057576973 
43 52 29 35 0.055389035 
316 261 15 21 0.05316986 
125 41 13 18 0.052490573 
279 235 15 18 0.052169215 
224 584 43 65 0.05212573 
611 221 10 14 0.051059492 
328 223 16 20 0.050950274 
717 261 16 18 0.0494449 
434 264 21 27 0.049371243 
832 259 22 26 0.048526704 
514 261 17 23 0.044358432 
812 281 21 30 0.044294495 
323 237 18 21 0.043002896 
813 255 16 19 0.04277666 
926 258 23 26 0.042422883 
225 229 15 17 0.04027809 
899 243 14 20 0.040253412 
371 286 21 29 0.03990388 
263 226 13 17 0.03880559 
41 206 10 13 0.038369272 
800 246 12 18 0.038188603 
52 215 15 17 0.03730803 
938 245 14 17 0.03581008 
39 212 13 18 0.035500076 
398 255 20 27 0.03438289 
212 257 17 23 0.0337412 
183 50 10 14 0.033549577 
264 189 11 15 0.03278521 
218 216 16 19 0.03234357 
342 212 10 14 0.03219546 
640 236 11 16 0.03204308 
770 261 23 30 0.031950157 
135 58 44 53 0.03087404 
388 224 12 16 0.030327141 
41 227 13 16 0.029651433 
627 242 11 15 0.029399086 
461 221 9 13 0.029290218 
241 128 8 10 0.027959803 
330 235 15 18 0.027954657 
489 236 15 19 0.027775101 
986 271 19 28 0.027645981 
476 225 11 14 0.027220711 
523 248 20 25 0.027113453 
66 212 11 14 0.026873507 
716 249 17 21 0.026792992 
717 266 20 27 0.026725935 
565 129 8 9 0.025846357 
17 264 15 21 0.025659466 
518 239 15 16 0.025065323 
529 244 14 16 0.024905425 
388 216 10 14 0.024486648 
420 245 14 17 0.024482515 
842 278 21 30 0.024392156 
180 233 16 17 0.02411413 
651 280 14 20 0.024064299 
347 274 28 32 0.023980798 
833 278 19 28 0.023869978 
730 237 13 17 0.023763275 
102 214 10 13 0.023720978 
382 267 19 26 0.023690771 
988 122 11 14 0.023600332 
675 220 9 14 0.023532912 
319 213 12 16 0.022834606 
1 225 16 20 0.022558246 
29 257 14 19 0.022345975 
2 251 17 21 0.022235554 
997 260 21 30 0.021526318 
926 245 16 19 0.021172663 
