26_Soldier_Drilling_Soldiers_Drilling_26_307
19
414 356 27 30 0.9857761 
174 372 25 32 0.8971015 
908 342 21 24 0.7958656 
263 344 20 28 0.6866385 
295 361 23 29 0.4240188 
76 392 26 28 0.29098642 
529 362 20 30 0.2634069 
730 358 14 18 0.12923886 
4 251 28 53 0.119625956 
276 354 23 30 0.09199358 
181 498 272 157 0.04545968 
284 364 27 32 0.038665496 
64 384 27 35 0.036136054 
273 349 17 25 0.035667833 
220 375 23 27 0.030919747 
47 382 30 39 0.024959352 
10 341 29 39 0.024106778 
253 345 19 25 0.021708442 
30 333 26 34 0.020967137 
