26_Soldier_Drilling_Soldiers_Drilling_26_64
20
454 177 52 67 0.99946564 
661 168 47 61 0.9993068 
52 162 44 54 0.9956885 
586 190 26 33 0.97901905 
266 181 15 20 0.1357953 
607 229 25 35 0.0720183 
537 171 24 31 0.06638477 
195 414 16 19 0.06431276 
369 417 14 18 0.05139229 
259 186 20 23 0.0368333 
741 187 19 30 0.032382797 
763 184 14 20 0.028760774 
273 182 14 22 0.02775192 
788 201 12 15 0.024324412 
324 489 17 18 0.023906305 
139 159 10 12 0.021535108 
319 195 20 29 0.021329643 
331 206 20 33 0.020999394 
382 244 12 14 0.020610433 
254 179 16 21 0.02021354 
