26_Soldier_Drilling_Soldiers_Drilling_26_223
30
614 98 29 34 0.9980483 
913 112 36 44 0.9980065 
720 103 32 39 0.9973507 
276 114 27 33 0.9948054 
515 79 34 38 0.99399513 
203 124 23 26 0.99323785 
407 94 24 31 0.9910719 
382 110 26 30 0.989915 
16 128 22 26 0.96664643 
164 140 21 24 0.94163245 
90 130 21 26 0.93158746 
125 150 19 21 0.9222336 
364 130 12 16 0.5170189 
67 136 12 17 0.4070239 
465 106 18 21 0.3814558 
668 148 23 29 0.3164187 
400 101 25 33 0.1415548 
465 109 27 33 0.11925627 
667 141 18 22 0.058001135 
111 141 12 17 0.057188556 
78 133 20 25 0.041049227 
425 166 16 23 0.036946177 
493 110 13 17 0.033347446 
142 155 12 15 0.031994198 
461 116 18 24 0.03145563 
316 248 12 14 0.026189841 
626 183 15 19 0.023373235 
118 147 14 18 0.021791883 
718 120 28 37 0.020719672 
572 140 14 18 0.020697355 
