12_Group_Team_Organized_Group_12_Group_Team_Organized_Group_12_412
38
555 234 34 41 0.9987826 
761 179 34 41 0.9980406 
704 199 38 46 0.9972313 
116 191 34 42 0.9956317 
387 222 38 46 0.99504846 
495 227 38 48 0.9944977 
780 58 33 38 0.9934909 
576 399 45 59 0.9929161 
604 332 36 49 0.9926133 
889 217 42 55 0.99229604 
329 218 38 46 0.9909435 
662 224 33 39 0.98746103 
233 200 38 53 0.98657703 
495 173 30 38 0.9766406 
140 217 37 49 0.9761036 
966 136 38 51 0.9760824 
1 207 44 43 0.974465 
591 225 26 39 0.8751102 
907 206 35 45 0.8195432 
473 234 23 32 0.68605316 
813 233 33 38 0.5159164 
638 230 23 32 0.20454204 
647 229 27 34 0.1438628 
499 328 46 60 0.11081321 
708 176 16 20 0.08291757 
208 208 17 19 0.075950645 
278 198 37 52 0.056707352 
611 169 16 21 0.039319847 
124 199 39 49 0.038968123 
475 225 36 48 0.03721183 
602 221 14 18 0.031327166 
12 605 11 12 0.030984534 
866 261 23 28 0.028724216 
631 234 15 21 0.02740058 
48 243 29 37 0.024850639 
199 207 23 29 0.022809798 
574 227 32 40 0.022171415 
923 1 29 34 0.02075156 
