12_Group_Team_Organized_Group_12_Group_Team_Organized_Group_12_850
33
471 160 130 170 0.999403 
285 225 124 154 0.99932957 
671 265 32 46 0.9894679 
926 275 13 17 0.79762095 
967 293 10 14 0.20628071 
971 291 12 15 0.09787351 
95 245 11 13 0.0756475 
59 256 16 20 0.07487015 
120 258 11 14 0.055536043 
1006 293 14 18 0.053001635 
972 299 14 17 0.052559055 
1012 249 10 15 0.050637733 
3 92 77 137 0.050151244 
982 288 13 16 0.049746558 
35 380 11 14 0.04919244 
976 306 13 17 0.048435993 
973 285 14 17 0.04464906 
94 251 12 14 0.04343116 
936 293 11 13 0.042210303 
1012 270 10 14 0.03845215 
1011 298 11 17 0.034481462 
149 246 8 10 0.03244498 
38 374 13 16 0.03135175 
909 279 10 12 0.029469 
908 303 12 17 0.026175411 
864 277 11 14 0.024976892 
888 254 12 16 0.023437006 
70 266 10 14 0.021508638 
120 276 9 11 0.021037353 
26 235 24 31 0.020996504 
978 298 14 18 0.020797739 
905 284 9 12 0.02028306 
-2 231 36 77 0.020167395 
