12_Group_Large_Group_12_Group_Large_Group_12_213
66
351 355 31 34 0.98817736 
850 266 17 25 0.9666136 
292 285 14 18 0.9662887 
245 300 17 24 0.9483162 
470 297 17 21 0.94004184 
280 317 20 24 0.93919975 
171 410 33 31 0.93444145 
669 279 12 15 0.92863375 
485 348 25 31 0.9283716 
739 274 12 16 0.88197386 
585 284 14 17 0.87883586 
698 309 15 19 0.87221956 
404 290 14 16 0.7738922 
0 379 21 42 0.6699054 
945 317 26 24 0.5371819 
839 351 27 26 0.47965598 
425 317 17 20 0.37192556 
583 321 13 15 0.27345276 
885 281 13 16 0.22182482 
762 306 12 15 0.21692884 
719 379 29 27 0.20906518 
411 296 16 19 0.1910756 
777 302 10 12 0.18400958 
550 304 8 11 0.18128903 
672 371 9 13 0.16648614 
942 314 18 21 0.0862974 
583 310 12 14 0.0806283 
546 308 9 11 0.07969083 
647 278 8 11 0.07771096 
781 300 9 12 0.07084654 
525 319 10 12 0.053967997 
76 512 11 13 0.05019238 
506 334 13 15 0.04950358 
382 346 19 30 0.0491576 
255 427 14 15 0.047898594 
654 276 9 11 0.046596482 
592 403 10 14 0.0448187 
775 306 10 13 0.044698033 
954 309 19 22 0.037188407 
272 321 15 17 0.037032165 
783 297 9 11 0.03690293 
641 293 9 12 0.03634961 
833 317 10 12 0.03182966 
745 373 29 35 0.030963663 
732 341 10 12 0.030560836 
486 295 10 15 0.02916549 
748 297 13 17 0.026866363 
754 340 9 13 0.02648216 
614 317 9 14 0.026171096 
865 411 26 35 0.02581581 
367 347 24 35 0.025676463 
544 268 8 12 0.025671184 
301 314 15 20 0.02503348 
494 339 23 31 0.024348984 
501 337 15 19 0.024271404 
436 309 13 16 0.023556909 
183 400 25 35 0.023252837 
433 315 15 18 0.023090899 
759 292 10 13 0.022775918 
547 337 14 17 0.022176214 
745 327 9 11 0.02165193 
736 382 19 23 0.02163626 
646 295 10 13 0.0209239 
599 278 8 11 0.020653838 
468 343 10 13 0.02029794 
649 299 10 13 0.020192344 
