12_Group_Large_Group_12_Group_Large_Group_12_253
65
243 399 33 43 0.9986634 
354 226 30 38 0.9983455 
40 265 32 39 0.9981123 
161 264 31 39 0.9981097 
485 364 34 44 0.99796236 
409 236 27 33 0.9974976 
87 243 29 34 0.9974527 
545 334 30 39 0.99743456 
678 322 29 35 0.9972398 
934 260 27 33 0.99709415 
351 421 30 39 0.9969982 
758 372 29 34 0.9966035 
796 232 25 32 0.996375 
297 228 25 32 0.9961976 
460 233 26 33 0.996049 
130 415 37 47 0.9958334 
160 209 26 34 0.9957509 
860 251 27 36 0.9956755 
971 390 34 41 0.99564844 
658 385 30 37 0.995644 
616 285 28 34 0.99564195 
591 424 26 33 0.9953382 
636 225 24 31 0.9944207 
709 246 23 31 0.99350834 
21 436 33 42 0.99339163 
874 387 28 36 0.99284756 
393 198 25 30 0.99236405 
330 199 22 30 0.99071056 
27 201 27 34 0.98996174 
261 220 22 27 0.98808706 
499 210 22 28 0.9876694 
560 205 23 28 0.9876044 
119 198 22 32 0.9875338 
764 260 22 27 0.98577183 
731 233 22 28 0.98512125 
894 239 23 31 0.98494625 
612 210 23 29 0.9846603 
682 237 21 28 0.9845279 
206 198 24 29 0.9844738 
281 261 27 35 0.98361117 
859 223 23 27 0.9835369 
607 323 25 32 0.9811505 
0 241 21 32 0.9727577 
563 320 25 32 0.9690225 
767 203 21 26 0.96867675 
458 204 22 27 0.9626424 
391 432 39 42 0.9523652 
215 271 27 30 0.85496485 
643 195 13 17 0.11411462 
860 234 29 32 0.105710715 
688 224 20 26 0.075143516 
779 238 17 22 0.06803758 
903 220 11 13 0.05818263 
296 421 18 23 0.043931972 
385 435 26 34 0.037745286 
896 221 11 13 0.037090126 
695 239 22 30 0.032539688 
446 205 11 15 0.03213296 
831 360 24 30 0.028398586 
894 225 14 18 0.028080512 
895 216 9 11 0.027294872 
420 211 14 19 0.025529815 
879 212 13 15 0.024133775 
1006 376 19 34 0.022293428 
941 217 9 10 0.022255128 
