12_Group_Large_Group_12_Group_Large_Group_12_295
48
428 324 37 50 0.85409206 
614 294 13 17 0.8351361 
584 292 8 11 0.7739538 
505 337 15 18 0.7052236 
506 306 12 15 0.52638763 
555 294 9 12 0.4714506 
540 300 10 13 0.40254766 
274 291 14 17 0.33753014 
579 277 7 10 0.28576812 
537 270 6 8 0.26486373 
496 288 10 12 0.26340142 
315 311 10 12 0.23487557 
666 277 10 15 0.22646938 
311 368 15 18 0.19310215 
485 270 9 11 0.1782375 
453 281 11 15 0.16952889 
406 280 11 14 0.15150087 
615 354 29 48 0.121459216 
503 271 9 11 0.096629664 
576 311 10 14 0.09155249 
609 318 9 11 0.07271129 
694 317 8 11 0.06320697 
582 314 10 14 0.060858727 
438 275 10 12 0.054954756 
341 376 11 13 0.04955298 
510 270 8 10 0.04842333 
433 276 9 12 0.044045284 
592 324 9 12 0.036360115 
557 352 11 16 0.034344666 
315 372 16 22 0.032507244 
546 281 7 9 0.031552047 
721 320 9 11 0.031464748 
481 292 8 11 0.030526845 
537 297 10 12 0.029726706 
503 277 8 10 0.029151741 
588 319 9 13 0.028663276 
488 291 8 12 0.028184433 
614 318 9 12 0.02807921 
726 320 9 11 0.027698169 
640 241 8 10 0.027513986 
444 270 9 11 0.025934508 
303 327 10 13 0.025039671 
667 288 12 17 0.024296558 
448 278 10 14 0.02398589 
552 287 8 10 0.022968834 
462 279 10 13 0.021915318 
485 248 9 10 0.021418544 
621 319 9 11 0.020456787 
