12_Group_Team_Organized_Group_12_Group_Team_Organized_Group_12_458
20
799 216 37 44 0.99878615 
279 226 35 43 0.998485 
913 208 34 42 0.99799865 
696 350 36 43 0.9976714 
668 220 31 35 0.9971564 
457 213 31 41 0.99715024 
574 266 32 42 0.9970341 
629 212 29 35 0.9968273 
731 214 35 37 0.9966737 
406 208 29 37 0.9965688 
545 205 28 35 0.9951834 
368 227 32 39 0.99516183 
308 204 27 34 0.9890808 
254 360 44 54 0.988191 
135 218 40 51 0.98358095 
475 183 25 30 0.979359 
294 208 36 44 0.112241246 
718 222 24 33 0.037926573 
486 240 22 29 0.03564359 
463 195 30 40 0.026909532 
