12_Group_Large_Group_12_Group_Large_Group_12_1007
26
447 199 35 42 0.998697 
8 158 27 34 0.9943093 
531 198 39 46 0.99378055 
110 140 30 37 0.9937391 
261 153 29 34 0.9931375 
344 166 32 39 0.9868298 
976 198 22 27 0.9813632 
368 230 38 52 0.980914 
636 212 39 46 0.9800964 
224 194 40 61 0.9699439 
680 240 39 57 0.9550379 
604 220 21 27 0.89139396 
158 155 17 19 0.5534313 
667 221 40 55 0.15270707 
768 239 31 46 0.05111456 
495 214 22 29 0.047509845 
868 223 29 46 0.045177896 
498 229 16 20 0.044308223 
819 225 36 54 0.028216304 
673 263 51 62 0.027902242 
597 224 17 21 0.027363209 
843 243 22 34 0.026217947 
588 222 15 21 0.022483002 
860 236 40 54 0.021906244 
771 237 51 67 0.021685034 
837 223 37 53 0.020880261 
