12_Group_Team_Organized_Group_12_Group_Team_Organized_Group_12_927
45
909 148 32 39 0.99859256 
795 187 26 32 0.9978635 
442 173 26 32 0.99757546 
668 291 26 35 0.99740845 
403 197 28 33 0.9972097 
346 178 29 37 0.99719405 
843 165 28 36 0.99716395 
169 175 34 46 0.9970239 
969 164 26 34 0.997013 
677 174 25 32 0.9962554 
511 285 29 37 0.99613214 
745 154 26 32 0.9959214 
288 170 28 34 0.9957426 
554 207 25 31 0.99452657 
632 157 26 32 0.99428433 
402 167 26 31 0.9939673 
581 180 22 29 0.99356717 
583 275 28 38 0.993433 
724 340 27 33 0.99318767 
214 199 27 35 0.99290127 
604 210 23 28 0.99280035 
667 372 28 36 0.9917333 
503 179 25 33 0.99156755 
864 339 24 31 0.9910512 
785 316 23 31 0.9897574 
479 153 24 29 0.9892564 
713 155 22 28 0.9866384 
125 189 26 36 0.9858224 
1001 196 24 36 0.9855284 
796 161 23 28 0.98338336 
740 425 23 28 0.9829101 
527 183 21 31 0.9769124 
548 176 20 26 0.9728497 
810 339 23 26 0.95114964 
363 164 23 30 0.94131523 
755 329 16 22 0.41728237 
29 146 15 20 0.05333511 
617 312 17 19 0.0377188 
637 283 20 29 0.037584707 
701 492 11 14 0.037066974 
715 504 11 13 0.024596974 
23 126 10 12 0.024386128 
377 208 15 19 0.024032373 
139 186 23 36 0.023768205 
773 440 10 12 0.020315593 
