12_Group_Group_12_Group_Group_12_112
48
861 153 33 40 0.99909484 
786 121 33 42 0.9980798 
320 457 35 41 0.997993 
258 117 36 41 0.9979177 
923 319 36 40 0.9973986 
721 452 34 38 0.99738556 
86 301 34 40 0.9973477 
488 262 36 42 0.9973225 
258 316 34 39 0.9972711 
787 457 35 39 0.99725026 
186 484 36 37 0.9969658 
370 316 32 38 0.9968065 
455 477 37 42 0.99658257 
700 206 34 41 0.99634176 
365 153 33 37 0.9962684 
791 198 37 38 0.99615246 
580 256 34 42 0.9961164 
148 232 35 40 0.9960329 
363 262 32 37 0.9960219 
468 151 33 35 0.9952409 
852 246 35 40 0.9946938 
526 216 34 37 0.99466854 
728 248 33 38 0.9944575 
145 173 32 36 0.9942095 
182 305 37 44 0.9939709 
641 486 33 36 0.9935503 
233 273 35 38 0.9935499 
672 276 32 35 0.99300885 
448 237 33 37 0.99290836 
542 481 35 39 0.99236333 
742 317 34 39 0.9911873 
579 144 33 38 0.99066556 
701 161 34 39 0.98980296 
264 239 34 38 0.9889262 
613 241 27 31 0.9807842 
581 212 28 34 0.96239334 
398 253 30 38 0.9552489 
381 257 30 37 0.1558542 
595 246 32 42 0.09860569 
229 600 14 22 0.08101499 
593 208 26 33 0.046193987 
508 190 16 22 0.041712157 
624 237 25 28 0.035808314 
642 234 15 20 0.03343933 
362 487 22 27 0.025528118 
233 604 20 26 0.024633976 
599 228 29 35 0.020326644 
644 210 14 18 0.020055909 
