12_Group_Group_12_Group_Group_12_522
25
885 288 46 57 0.99793905 
301 232 37 44 0.9971974 
371 300 38 49 0.99716634 
505 390 43 54 0.9968719 
264 291 39 51 0.9960711 
684 229 42 47 0.9953685 
358 402 45 55 0.9953004 
655 397 42 54 0.99518126 
397 228 37 47 0.9947266 
792 282 43 53 0.9943938 
723 295 39 49 0.99330324 
490 245 43 56 0.9931552 
597 263 41 47 0.9929818 
188 228 40 51 0.99008054 
818 244 40 48 0.98599446 
113 227 41 50 0.98561424 
725 213 11 14 0.09374799 
414 694 24 33 0.052965127 
338 627 16 19 0.031791594 
388 636 15 18 0.02935718 
381 641 16 18 0.027918497 
389 725 14 18 0.02781079 
444 578 14 20 0.022293719 
419 614 45 52 0.021113731 
302 695 10 12 0.020669246 
