12_Group_Team_Organized_Group_12_Group_Team_Organized_Group_12_778
91
930 150 31 36 0.99868697 
646 300 24 29 0.99784565 
767 116 22 29 0.9969854 
60 283 24 29 0.99695504 
891 166 25 31 0.99691546 
406 308 23 31 0.9964998 
877 132 23 28 0.9963637 
171 284 24 29 0.9963505 
818 140 25 30 0.9963259 
849 190 25 30 0.9957885 
848 128 23 33 0.99578285 
586 299 24 31 0.99569535 
709 303 25 31 0.9955284 
227 279 24 31 0.99548584 
109 283 24 28 0.9953601 
781 302 26 30 0.99481696 
344 289 24 30 0.9947069 
904 138 23 30 0.99444926 
719 119 23 30 0.9941385 
653 228 22 28 0.9940983 
518 294 24 31 0.9931151 
581 99 22 28 0.9928348 
498 88 23 27 0.9912053 
276 227 21 28 0.99104965 
466 294 23 30 0.99093807 
435 83 22 27 0.99046165 
177 212 23 28 0.99010825 
747 92 22 27 0.98976934 
294 101 22 26 0.989618 
288 293 23 27 0.9887 
611 229 21 26 0.98686177 
663 89 22 27 0.9859707 
370 81 21 29 0.98579746 
384 228 21 26 0.985005 
643 79 17 24 0.9840432 
555 228 21 26 0.9839751 
830 99 22 26 0.983244 
163 92 21 27 0.9832327 
234 221 21 27 0.9831836 
716 88 22 27 0.9829904 
494 223 21 28 0.98290426 
440 227 21 27 0.9814658 
346 54 19 25 0.9812243 
512 59 21 27 0.98053104 
538 66 21 26 0.9786123 
329 228 21 26 0.97837675 
694 121 22 28 0.9773975 
689 75 20 24 0.97668946 
707 53 20 25 0.9766411 
210 50 20 28 0.969247 
807 77 20 25 0.96633184 
230 96 21 26 0.96600515 
743 67 21 25 0.95970845 
804 116 22 26 0.9587431 
413 56 19 25 0.9580793 
580 58 19 26 0.9576378 
467 65 19 26 0.95624274 
283 62 20 24 0.9530279 
624 90 19 25 0.9511125 
788 93 20 24 0.9496417 
251 76 20 26 0.94497806 
319 72 19 26 0.9428722 
389 68 19 24 0.9202986 
599 77 15 20 0.8077163 
661 72 12 15 0.56828034 
631 86 20 26 0.33873564 
530 215 14 18 0.11967727 
585 68 20 27 0.11000737 
861 114 21 25 0.104304105 
315 302 12 16 0.09204577 
202 204 13 16 0.06661998 
21 300 9 12 0.051276173 
100 447 15 17 0.043671492 
400 61 21 27 0.03634113 
189 211 21 29 0.034787167 
2 322 8 14 0.033010215 
721 388 9 11 0.031691834 
890 138 22 30 0.02963197 
831 134 23 31 0.029345965 
244 82 21 29 0.029058974 
470 214 11 15 0.027142402 
144 291 18 22 0.027025107 
871 124 23 29 0.02697276 
14 239 8 10 0.02643017 
798 80 20 27 0.025853239 
732 208 16 18 0.024921926 
467 250 13 16 0.023553727 
21 260 10 12 0.021769196 
673 80 21 28 0.021660052 
828 310 9 12 0.021016324 
650 76 16 21 0.020377755 
