12_Group_Group_12_Group_Group_12_28
26
168 38 34 43 0.99724483 
514 59 35 43 0.9965932 
550 108 40 50 0.9965205 
702 84 43 54 0.9958956 
791 77 37 50 0.9956505 
519 254 39 49 0.9956052 
245 255 42 53 0.99523723 
462 233 33 44 0.9951723 
71 21 39 49 0.9949708 
127 124 44 57 0.9948895 
905 110 43 53 0.9948704 
107 69 38 47 0.994843 
177 199 38 46 0.99425733 
664 56 37 51 0.9934128 
259 148 41 54 0.9933246 
302 133 36 46 0.99307454 
210 103 36 51 0.9919085 
232 77 36 47 0.99110305 
386 198 42 54 0.9910149 
613 98 40 53 0.9903402 
616 49 37 43 0.98654014 
800 135 43 51 0.9713903 
918 68 40 48 0.8939598 
32 261 10 11 0.026585296 
222 56 26 33 0.022202702 
449 413 10 12 0.021972839 
