12_Group_Team_Organized_Group_12_Group_Team_Organized_Group_12_855
23
805 278 32 36 0.9972427 
888 240 32 38 0.9962275 
746 278 27 33 0.9934772 
674 280 26 30 0.97762656 
724 247 24 29 0.9691198 
917 311 18 27 0.49766982 
802 377 33 35 0.43296117 
220 266 22 27 0.31478545 
828 341 20 29 0.28596967 
597 262 22 26 0.23574647 
169 396 12 13 0.10345706 
352 408 9 11 0.08103647 
320 391 17 19 0.057534948 
628 268 28 38 0.0533291 
935 492 13 18 0.033114452 
490 449 7 8 0.02909228 
538 446 7 10 0.02825003 
736 250 17 21 0.028151475 
908 313 16 23 0.025149189 
1 434 54 94 0.024768647 
610 382 13 14 0.023092147 
885 437 10 14 0.021258604 
5 509 10 14 0.02015079 
