12_Group_Large_Group_12_Group_Large_Group_12_228
36
483 397 17 22 0.9900332 
699 415 17 21 0.9892721 
827 406 17 22 0.9856932 
155 414 16 20 0.98443246 
429 415 16 20 0.9819902 
781 410 17 22 0.981343 
564 405 17 21 0.9806959 
906 413 16 21 0.98040867 
294 407 15 20 0.9780717 
203 409 15 19 0.9736225 
337 412 16 20 0.9682873 
525 407 17 22 0.96791226 
654 418 17 22 0.96502 
869 421 17 20 0.9596643 
111 411 16 19 0.9271901 
248 412 16 18 0.92159337 
743 407 17 22 0.89238745 
606 412 18 21 0.8832055 
393 413 14 18 0.8780996 
306 475 15 20 0.7621272 
405 430 15 20 0.3827614 
464 501 14 16 0.18045755 
468 477 12 15 0.137264 
471 482 12 16 0.06901136 
396 406 13 16 0.06413576 
80 40 564 732 0.0342936 
181 436 13 17 0.030471453 
261 393 12 16 0.028189957 
41 431 9 12 0.026029814 
405 504 11 15 0.025486538 
241 477 202 183 0.023554483 
999 429 11 13 0.023148546 
244 472 16 19 0.0212563 
398 401 11 13 0.021213602 
468 491 14 18 0.020639539 
51 394 183 260 0.020583125 
