12_Group_Large_Group_12_Group_Large_Group_12_103
38
914 296 56 59 0.99724245 
106 151 41 49 0.99518305 
638 142 26 30 0.99402136 
820 167 24 32 0.9939301 
773 191 32 39 0.9927046 
312 190 40 52 0.9912333 
531 173 29 37 0.9904399 
500 189 41 51 0.9902096 
491 319 69 103 0.99002904 
403 204 26 41 0.98680043 
738 131 22 28 0.9740113 
397 148 23 30 0.96734655 
297 161 22 32 0.9581908 
508 127 20 25 0.9477415 
361 134 19 26 0.9470086 
315 124 21 28 0.8610233 
644 219 32 63 0.85069203 
923 181 18 31 0.81409365 
667 129 18 25 0.54134977 
451 147 17 28 0.36303043 
5 218 29 58 0.26511428 
260 453 52 99 0.12520722 
229 473 73 101 0.046426337 
14 234 28 50 0.045166887 
580 179 21 31 0.039035443 
442 145 19 27 0.038757905 
407 148 23 27 0.035079326 
366 222 24 32 0.030886259 
639 210 27 50 0.02765222 
458 154 16 26 0.024630435 
644 132 25 32 0.024379957 
330 160 25 30 0.023355879 
418 146 16 23 0.02244392 
2 208 23 45 0.022275694 
338 157 15 19 0.022047378 
301 176 39 52 0.021683648 
756 177 21 30 0.021258892 
276 261 25 51 0.020158445 
