12_Group_Large_Group_12_Group_Large_Group_12_94
41
646 194 65 85 0.998884 
404 137 72 86 0.9988695 
655 111 55 68 0.99886227 
202 109 76 94 0.9985261 
827 107 59 73 0.99807584 
376 67 58 69 0.99614394 
709 0 43 46 0.99531746 
696 54 45 58 0.9946591 
873 51 50 66 0.99428856 
327 0 29 36 0.9933153 
361 8 45 55 0.9888058 
168 77 43 65 0.9749384 
130 0 37 51 0.18693236 
940 0 53 58 0.15383832 
339 -1 43 50 0.14348534 
939 81 54 70 0.12494797 
176 -1 43 36 0.07631116 
531 10 40 40 0.06632948 
5 26 53 63 0.06393436 
254 -3 38 36 0.06373377 
845 1 29 30 0.048806053 
444 54 48 62 0.0416197 
866 22 35 42 0.039358437 
525 22 49 54 0.037920825 
888 -2 32 34 0.037292443 
859 1 32 31 0.03340073 
411 -3 35 38 0.0331051 
584 -1 36 29 0.030975454 
310 7 39 47 0.030780146 
178 87 67 93 0.027661644 
-1 60 45 60 0.026338534 
509 2 25 29 0.02539545 
942 34 53 65 0.0252272 
753 58 41 53 0.025180599 
874 3 17 18 0.022913698 
545 0 36 29 0.022750493 
291 -4 34 33 0.02214192 
150 6 53 56 0.021741472 
662 -3 36 28 0.02134361 
918 23 47 58 0.020384306 
9 6 57 52 0.02006931 
