12_Group_Team_Organized_Group_12_Group_Team_Organized_Group_12_101
24
911 510 20 25 0.7449064 
740 510 24 30 0.39151886 
791 521 21 27 0.3332129 
603 515 25 32 0.20808163 
692 507 25 34 0.17395322 
833 520 17 23 0.14097455 
579 500 22 28 0.12801109 
852 511 22 29 0.10859702 
527 506 14 16 0.09133579 
839 515 21 28 0.07849843 
479 563 12 17 0.07571826 
694 492 27 33 0.05546553 
531 548 13 16 0.05445576 
699 486 19 20 0.038718957 
638 489 15 22 0.034633327 
628 492 24 36 0.030962048 
669 495 22 28 0.028845122 
603 543 17 21 0.027005654 
361 1044 13 16 0.026393766 
263 382 55 75 0.025105286 
605 584 13 17 0.024461964 
278 372 14 15 0.024061892 
618 498 27 37 0.021696027 
775 519 16 21 0.020318238 
