12_Group_Group_12_Group_Group_12_268
34
726 262 35 44 0.99767095 
457 325 37 49 0.9973827 
702 191 32 41 0.99731845 
625 220 35 44 0.9971994 
151 263 31 38 0.99698466 
913 319 36 46 0.99659204 
444 217 34 44 0.99657613 
585 362 38 49 0.996563 
571 223 34 44 0.9964965 
218 210 35 40 0.9958001 
342 352 42 57 0.995743 
808 224 29 39 0.9954933 
894 208 37 47 0.9954792 
757 211 34 44 0.99509513 
246 348 36 45 0.99480116 
305 244 30 36 0.99454075 
854 229 33 43 0.9941797 
368 208 33 41 0.99371123 
707 384 38 46 0.992222 
485 191 35 45 0.99127734 
103 244 38 45 0.99122393 
809 393 42 49 0.9872738 
155 347 40 51 0.98333067 
240 92 25 27 0.97327346 
603 200 32 39 0.8790043 
855 397 24 39 0.21783437 
154 219 17 21 0.11427987 
427 166 27 31 0.052026864 
879 210 37 52 0.042270605 
863 367 14 18 0.038274713 
429 52 14 17 0.031606227 
585 35 38 48 0.030111061 
773 435 12 18 0.022048246 
148 220 25 34 0.021497913 
