12_Group_Large_Group_12_Group_Large_Group_12_286
59
800 228 68 96 0.9981817 
0 194 30 37 0.99760073 
88 155 46 64 0.99725986 
492 239 28 37 0.9962753 
284 157 43 57 0.9897029 
418 254 45 86 0.98395675 
970 254 17 22 0.97624785 
1002 264 20 26 0.96799064 
595 247 22 29 0.94751203 
919 262 12 15 0.9114448 
724 247 16 23 0.8846098 
264 218 35 63 0.8397587 
572 256 13 18 0.5880414 
487 217 21 27 0.54255944 
409 217 17 21 0.46470913 
153 207 27 34 0.41843218 
565 259 14 17 0.3786044 
904 259 11 15 0.343658 
328 236 36 46 0.27943152 
136 196 29 35 0.20608462 
396 216 28 30 0.14806667 
645 218 14 18 0.14076369 
835 652 14 16 0.13725391 
651 252 35 43 0.13706294 
356 157 12 16 0.13252446 
323 194 13 18 0.110438354 
315 187 24 31 0.10873941 
144 192 17 21 0.080588795 
747 240 45 57 0.07401386 
611 272 29 42 0.06949239 
952 230 10 12 0.058129914 
958 209 10 12 0.052422117 
992 251 11 16 0.05235531 
559 261 14 20 0.048755966 
801 195 15 20 0.04844025 
809 651 12 18 0.046960916 
628 266 39 53 0.037243236 
430 245 29 52 0.03685801 
539 264 11 16 0.03577147 
605 257 27 42 0.035434727 
576 251 15 21 0.034085583 
502 203 8 11 0.03238583 
167 211 16 20 0.03090113 
975 213 8 11 0.029314319 
124 194 27 38 0.0272815 
477 218 15 20 0.027008267 
542 142 9 12 0.02643212 
315 228 31 44 0.025989825 
977 184 6 9 0.024492508 
765 239 47 70 0.024075769 
443 257 29 62 0.023730932 
568 72 8 10 0.022189233 
190 199 10 13 0.021295806 
592 118 7 9 0.021223947 
570 261 20 26 0.021056121 
744 232 13 16 0.021044359 
463 252 36 56 0.020454803 
190 215 11 16 0.020175226 
563 283 24 28 0.020158274 
