12_Group_Team_Organized_Group_12_Group_Team_Organized_Group_12_340
27
285 2 53 69 0.99905926 
610 34 53 66 0.99903214 
326 111 55 77 0.99888617 
134 0 47 58 0.99874985 
36 -2 50 56 0.99855036 
529 31 50 69 0.9965571 
475 0 42 50 0.9880701 
848 75 39 43 0.98648226 
933 47 34 44 0.9857766 
88 -2 38 42 0.98497665 
374 3 45 52 0.98395234 
359 0 34 44 0.96201396 
1 62 34 70 0.8936423 
23 77 31 52 0.85821265 
685 -3 37 35 0.44829968 
493 45 45 59 0.399671 
527 0 40 32 0.22817355 
427 -4 37 35 0.1330432 
725 84 43 48 0.09330685 
398 14 36 45 0.06416019 
414 27 28 39 0.047873355 
8 17 30 49 0.03643126 
693 67 44 52 0.03393307 
662 56 14 20 0.0232965 
16 27 34 50 0.023197955 
226 -1 45 44 0.022918422 
263 -1 45 57 0.02218582 
