12_Group_Large_Group_12_Group_Large_Group_12_120
951
364 449 14 17 0.97451967 
926 387 13 17 0.9646792 
579 449 13 17 0.95752496 
691 420 14 18 0.9531895 
510 453 13 17 0.94917333 
295 322 12 16 0.94908905 
624 386 13 17 0.94074005 
476 422 14 17 0.9384996 
507 410 14 16 0.9342048 
653 453 14 17 0.9335814 
359 222 9 10 0.93309283 
901 389 13 15 0.93253446 
390 351 11 15 0.9320186 
648 420 12 16 0.9278997 
663 392 13 16 0.9256393 
198 395 12 15 0.9254378 
328 350 12 16 0.91653955 
476 452 14 18 0.91057384 
468 389 16 19 0.91056603 
412 322 12 15 0.9090561 
885 450 12 15 0.906914 
431 322 13 15 0.90637624 
312 398 13 16 0.9057494 
423 417 13 16 0.9023107 
547 391 13 15 0.90140235 
323 294 11 14 0.90094936 
669 422 12 15 0.9006875 
336 223 8 10 0.8985795 
877 419 12 14 0.8982958 
450 381 13 16 0.89690334 
717 348 11 13 0.8956445 
394 417 13 17 0.8941551 
879 332 9 12 0.89330727 
292 448 13 17 0.89261305 
448 420 14 18 0.89253575 
690 452 13 17 0.8920053 
351 351 11 15 0.89103365 
611 450 12 16 0.8900563 
829 449 13 17 0.889309 
258 453 13 17 0.88885015 
363 419 15 18 0.8860796 
346 293 11 14 0.88491076 
598 221 9 11 0.87472415 
507 388 12 16 0.87449217 
386 390 13 17 0.8742165 
502 262 11 14 0.8685608 
719 304 10 13 0.8673547 
441 445 14 18 0.8662173 
487 382 13 16 0.8648818 
56 422 12 15 0.8627545 
595 422 12 16 0.86041373 
405 446 14 20 0.8578836 
175 223 7 9 0.8567132 
193 419 11 15 0.8554167 
679 245 9 12 0.85526633 
426 357 13 16 0.851291 
545 452 12 16 0.84831303 
550 293 12 16 0.84376746 
368 384 13 16 0.84318024 
221 356 11 15 0.84199005 
571 220 9 12 0.8417336 
741 349 12 15 0.8407644 
250 417 13 17 0.8395453 
268 323 12 15 0.8377713 
797 324 11 13 0.8365862 
335 322 12 16 0.8349139 
77 451 14 17 0.83469635 
277 395 12 15 0.83448815 
243 325 11 14 0.8335444 
639 299 11 14 0.8324032 
766 293 10 13 0.8310132 
775 392 11 13 0.82964575 
562 379 13 16 0.82683223 
218 300 10 14 0.824313 
290 298 10 13 0.82347816 
407 349 12 15 0.82314956 
621 299 11 14 0.8227407 
467 354 12 16 0.822028 
347 391 14 18 0.8219682 
795 446 12 16 0.8216951 
619 418 13 17 0.8194448 
279 420 13 17 0.8183486 
208 326 11 14 0.816788 
735 244 9 12 0.81540257 
200 303 10 11 0.81393677 
94 328 11 14 0.81342775 
232 223 8 11 0.81231815 
428 294 13 16 0.81229216 
764 425 12 16 0.8122732 
425 388 13 16 0.80898106 
888 281 9 12 0.80801684 
377 220 8 11 0.8072777 
566 326 12 15 0.8069744 
520 266 11 14 0.80456275 
694 324 11 14 0.79804045 
121 452 10 14 0.79642624 
451 292 12 14 0.79584825 
272 296 11 13 0.7949893 
150 327 11 14 0.7947234 
112 357 12 15 0.79167163 
589 268 11 13 0.78824186 
187 458 12 16 0.7852402 
718 445 15 18 0.7836211 
135 244 9 12 0.7820163 
627 267 12 14 0.77911526 
495 356 11 12 0.77798635 
903 327 9 11 0.77366596 
159 391 12 16 0.77357054 
121 396 12 16 0.77311325 
457 240 10 13 0.77156264 
548 324 11 14 0.7701367 
171 300 10 13 0.7701355 
911 297 12 14 0.7640563 
664 243 9 12 0.7634833 
118 245 9 11 0.7627358 
640 376 11 15 0.762705 
797 351 10 14 0.75927913 
141 358 10 13 0.7584555 
902 349 11 14 0.7538567 
345 269 10 14 0.7514827 
112 420 12 16 0.74982995 
336 427 10 13 0.74424005 
821 354 11 14 0.7417205 
574 243 10 13 0.7405167 
223 421 11 15 0.73871773 
881 357 12 15 0.7383077 
168 421 12 15 0.7374177 
230 270 11 13 0.73602253 
253 355 11 13 0.7359983 
253 298 11 14 0.7359826 
885 299 9 13 0.7354749 
849 419 11 14 0.7330818 
46 363 10 13 0.73253155 
86 423 13 15 0.73047316 
581 349 11 13 0.7284415 
27 388 12 15 0.7244593 
452 319 12 16 0.72436553 
653 347 12 15 0.72287476 
846 278 10 13 0.7214826 
390 272 10 13 0.72111696 
571 297 12 15 0.71972424 
425 270 12 14 0.717583 
691 348 12 14 0.7145068 
957 446 14 17 0.7132261 
334 451 13 16 0.7119348 
61 270 9 11 0.711036 
355 322 12 15 0.71073806 
791 383 12 15 0.7090673 
281 356 11 13 0.7079986 
811 389 12 15 0.7072819 
737 294 11 14 0.7065979 
443 269 13 15 0.7050135 
135 272 9 12 0.7050099 
544 420 12 16 0.7037404 
805 419 10 14 0.7022344 
180 327 10 13 0.70087004 
317 222 8 10 0.70022184 
852 451 13 16 0.69640505 
820 326 12 15 0.69508255 
140 418 12 16 0.69361985 
525 381 13 16 0.6922722 
221 246 10 13 0.68719816 
686 300 9 12 0.68499494 
944 350 9 11 0.68372834 
554 346 13 16 0.68351364 
363 294 11 15 0.68339586 
824 417 12 16 0.6825804 
256 381 13 17 0.6816145 
201 246 9 11 0.6815314 
212 271 10 13 0.6813424 
193 222 7 9 0.680992 
762 350 10 12 0.6760404 
610 325 12 15 0.67535615 
148 458 12 15 0.6740534 
863 298 10 13 0.67336977 
376 322 12 15 0.6695807 
825 274 11 15 0.66595525 
583 391 12 15 0.66390103 
463 268 11 14 0.66304237 
308 272 10 13 0.6592694 
528 324 11 13 0.6588454 
408 387 13 15 0.6570854 
762 454 12 16 0.6558311 
43 398 11 16 0.6554544 
700 388 12 16 0.65204895 
598 297 9 12 0.65164775 
776 350 12 15 0.6516431 
488 318 12 15 0.6516311 
608 373 12 16 0.64820296 
753 327 10 14 0.6431735 
70 328 12 14 0.6428175 
524 219 9 12 0.6421736 
803 295 11 13 0.6406132 
784 414 12 16 0.63956755 
516 297 10 11 0.6377596 
671 328 9 12 0.6359619 
227 384 12 17 0.6315876 
738 419 13 16 0.6282108 
95 363 10 14 0.62634635 
620 220 8 11 0.6261148 
309 247 10 13 0.6253017 
413 220 8 11 0.62455845 
674 268 10 13 0.62363183 
526 347 12 14 0.6232371 
701 304 9 11 0.6230294 
381 294 12 14 0.6183278 
383 246 11 14 0.6179767 
775 242 10 13 0.6116595 
87 283 9 13 0.6107981 
736 271 9 12 0.61052626 
820 246 11 13 0.6100152 
411 247 11 14 0.6084789 
673 349 10 13 0.6081879 
395 323 11 14 0.6066581 
633 347 11 15 0.6041817 
429 219 9 12 0.60168445 
472 289 11 14 0.60010237 
695 268 10 13 0.5970254 
28 364 11 13 0.59571093 
226 453 13 16 0.59560066 
838 251 10 13 0.59554994 
538 266 12 15 0.59086174 
497 302 11 14 0.5897478 
308 423 11 13 0.5881478 
701 246 10 12 0.5849887 
283 223 8 10 0.5778476 
722 224 8 10 0.57556987 
40 329 10 14 0.57552105 
153 279 10 11 0.5737021 
511 238 9 11 0.5728131 
659 299 11 14 0.5678299 
678 386 10 13 0.56743234 
494 236 10 12 0.5670831 
239 357 11 12 0.56701714 
716 386 12 14 0.56580263 
855 251 10 13 0.5643327 
863 358 11 14 0.5616964 
763 270 11 14 0.55773556 
736 394 11 15 0.5571749 
729 325 9 12 0.55613136 
353 244 10 12 0.548664 
154 301 9 12 0.5428202 
331 246 11 13 0.5416077 
641 220 10 12 0.5355743 
474 248 10 12 0.5324034 
269 273 12 15 0.53193414 
653 324 11 14 0.53175277 
715 416 13 16 0.52905464 
851 331 11 14 0.52903694 
531 236 10 13 0.5255728 
191 274 10 13 0.5237948 
563 264 11 14 0.519975 
958 425 13 16 0.5167292 
587 325 13 16 0.51640105 
643 239 11 13 0.5152656 
749 379 11 15 0.5121649 
771 327 11 14 0.5073062 
531 295 11 14 0.5057364 
369 274 10 13 0.5046532 
241 390 12 17 0.5041514 
250 223 7 10 0.50354695 
484 266 11 14 0.50038415 
789 271 9 12 0.4989539 
448 218 7 9 0.49563593 
592 240 10 12 0.49448162 
608 271 9 11 0.49403045 
540 220 9 11 0.49365163 
618 239 12 15 0.4934574 
172 251 10 12 0.48993203 
101 301 10 13 0.48892963 
824 296 11 13 0.48879397 
797 244 9 12 0.4873986 
266 219 8 11 0.48726302 
292 272 10 13 0.4844668 
369 352 13 16 0.4840588 
916 272 10 12 0.47855365 
447 353 13 16 0.47798857 
186 388 10 13 0.4760761 
720 247 9 11 0.47202873 
130 301 12 14 0.4711658 
715 324 10 13 0.4695783 
627 324 11 15 0.461734 
83 225 8 10 0.459629 
810 275 8 12 0.45667762 
51 300 8 11 0.45664436 
138 225 8 9 0.45367378 
268 355 11 14 0.45038322 
153 242 10 13 0.44565892 
489 217 8 11 0.44178542 
117 228 8 10 0.4398144 
866 385 11 15 0.43932894 
182 360 11 13 0.43847847 
121 280 9 12 0.43300432 
307 355 11 14 0.43193457 
409 292 9 12 0.42608246 
409 272 11 13 0.413375 
850 382 13 17 0.41104788 
756 245 9 12 0.41071764 
56 331 9 12 0.41016325 
303 351 11 15 0.40504086 
304 296 9 12 0.40453768 
80 390 12 15 0.40089267 
186 248 9 12 0.40056825 
303 383 11 15 0.3986518 
696 225 8 10 0.39861414 
466 217 8 11 0.39561665 
166 358 9 12 0.3897393 
249 271 9 12 0.38940674 
865 277 10 13 0.378034 
202 355 12 15 0.37236074 
172 274 11 13 0.37185192 
301 225 9 11 0.3685106 
78 243 9 12 0.36425734 
552 237 11 14 0.36299193 
103 280 9 12 0.36093664 
121 328 10 13 0.3605994 
324 272 11 13 0.3597516 
873 254 9 11 0.35770795 
107 462 9 11 0.34734896 
157 226 8 9 0.3439236 
569 421 12 15 0.33428472 
292 252 9 11 0.33178145 
647 269 10 13 0.3309214 
925 419 13 16 0.33023593 
788 294 9 12 0.32848462 
841 351 12 14 0.3176851 
976 342 10 13 0.3162374 
506 217 8 11 0.3086688 
239 248 8 10 0.30643517 
512 324 10 12 0.3064344 
235 300 11 13 0.30474004 
842 299 9 11 0.3042527 
585 221 8 10 0.3037531 
825 385 12 16 0.3027467 
770 223 8 10 0.30189157 
917 451 12 15 0.28096548 
146 389 10 14 0.27906337 
556 220 9 11 0.27876818 
74 303 9 13 0.27576736 
716 270 9 11 0.2728475 
274 249 9 11 0.27188563 
337 382 11 15 0.26880136 
901 252 9 11 0.26197994 
210 225 8 11 0.2607535 
605 348 10 14 0.25028145 
434 248 9 12 0.24819928 
884 395 12 15 0.24813055 
397 221 8 10 0.2478583 
469 318 12 14 0.24365035 
308 459 14 16 0.23951034 
806 229 7 11 0.23266444 
931 418 13 16 0.2105059 
103 391 13 15 0.19960785 
248 251 10 12 0.19743322 
788 225 9 12 0.18513197 
64 365 11 14 0.17541665 
853 228 9 11 0.17442851 
937 230 8 9 0.17170651 
893 485 15 15 0.16540113 
270 419 12 15 0.16519335 
168 461 11 13 0.16335933 
101 229 8 10 0.15866327 
594 220 9 12 0.15679911 
85 360 10 13 0.15486255 
826 228 8 10 0.15419315 
745 225 8 10 0.15153691 
879 227 9 12 0.14654559 
70 388 10 13 0.14381492 
245 355 11 14 0.14369348 
103 244 8 12 0.14255014 
589 335 13 17 0.13883401 
952 277 7 9 0.12644498 
775 494 12 14 0.118757516 
680 224 9 11 0.11798242 
663 220 8 11 0.11738254 
151 493 13 15 0.116292946 
556 242 10 13 0.108035326 
74 245 8 11 0.10784319 
673 462 10 14 0.107215315 
945 430 10 15 0.105969675 
895 415 12 14 0.099044695 
766 311 9 12 0.09743875 
503 453 12 15 0.09624895 
917 455 16 20 0.093895614 
897 268 10 12 0.09354279 
415 288 9 12 0.093413696 
213 460 10 13 0.09330316 
816 460 10 13 0.09323614 
902 230 9 11 0.09236324 
254 261 9 11 0.09196918 
728 244 10 13 0.09080349 
949 427 13 16 0.09016255 
185 310 9 12 0.089112386 
773 375 10 12 0.08814949 
890 451 13 15 0.087429486 
674 310 9 12 0.081222415 
647 484 12 13 0.080884695 
945 317 8 10 0.07874849 
750 225 8 10 0.07770769 
83 285 8 11 0.077130504 
652 270 9 11 0.07665173 
881 297 10 12 0.07592444 
856 300 10 13 0.07493198 
847 494 13 15 0.074900776 
148 419 12 15 0.07406139 
976 335 8 10 0.072652064 
490 237 10 12 0.07212203 
264 351 11 14 0.07083076 
773 381 11 12 0.07030827 
770 244 9 12 0.070187785 
734 400 12 15 0.06993155 
874 229 8 10 0.06931353 
683 245 10 14 0.06764475 
348 429 11 13 0.06699452 
829 226 8 10 0.066559665 
276 460 12 15 0.066066906 
974 286 8 9 0.064510494 
394 218 7 10 0.064289145 
582 415 10 14 0.064145826 
951 222 7 9 0.06361994 
1011 221 9 12 0.0636107 
97 241 8 11 0.063607074 
729 321 7 10 0.06343316 
574 416 11 15 0.061481792 
812 272 9 12 0.061217383 
969 367 9 11 0.06105195 
802 414 10 14 0.0609887 
133 315 10 13 0.06091697 
664 216 9 11 0.06089837 
961 262 7 9 0.05908306 
898 249 8 10 0.059072692 
496 453 12 15 0.059066374 
530 386 11 14 0.05860699 
384 240 10 13 0.058462333 
491 220 9 12 0.05828695 
815 230 7 10 0.05803761 
92 284 9 12 0.05781024 
899 452 12 15 0.05702276 
942 271 8 10 0.056886718 
793 287 8 10 0.056716327 
249 261 9 12 0.05615466 
719 288 8 10 0.05549726 
753 242 8 11 0.055383824 
784 276 10 12 0.055319734 
151 413 12 15 0.055261865 
494 242 11 14 0.054639395 
874 191 7 8 0.053550404 
340 423 13 16 0.052995056 
101 480 12 17 0.05297306 
581 362 14 16 0.05293679 
961 348 10 14 0.052693833 
985 278 7 10 0.052549157 
928 230 7 10 0.052149694 
954 328 8 11 0.051783033 
645 217 9 12 0.051440492 
606 245 10 12 0.051429294 
687 214 7 9 0.0509511 
909 232 8 10 0.050622992 
791 310 9 11 0.050485734 
613 276 9 12 0.050295476 
944 288 8 10 0.050237607 
192 300 9 11 0.050192717 
308 390 14 18 0.050018217 
200 241 9 11 0.049974706 
713 322 9 11 0.049877606 
77 384 12 14 0.049774308 
196 460 9 13 0.04976899 
739 484 11 13 0.048971243 
545 236 9 13 0.048541877 
969 216 7 9 0.04834011 
369 245 9 12 0.048263796 
827 357 10 13 0.047855403 
505 325 10 13 0.04744478 
652 476 12 14 0.047362268 
503 237 10 12 0.04728638 
867 295 10 13 0.047110017 
1001 183 7 9 0.04699868 
992 333 9 12 0.046967212 
885 228 8 10 0.04689657 
157 421 11 15 0.046763904 
941 421 12 15 0.04670476 
81 362 10 13 0.046694994 
143 493 13 14 0.04665945 
922 452 14 16 0.0466539 
395 350 12 14 0.04665248 
365 486 14 15 0.046407674 
760 317 10 11 0.046352662 
154 459 12 14 0.046109106 
450 494 13 15 0.045765497 
847 273 11 12 0.04567038 
390 452 12 15 0.045575466 
532 320 11 12 0.045537174 
199 360 11 14 0.045383252 
898 419 12 15 0.04506691 
320 349 11 15 0.044736933 
959 256 8 10 0.044584643 
31 280 7 10 0.044537444 
411 217 8 11 0.04453438 
240 240 7 9 0.04428444 
850 225 8 10 0.04416079 
369 238 9 12 0.044121478 
177 358 9 13 0.043980386 
308 295 10 12 0.043726776 
195 276 10 12 0.043669224 
935 208 7 8 0.043645956 
253 274 10 13 0.043571576 
283 415 13 17 0.04333525 
669 244 9 12 0.043146178 
984 318 8 11 0.04310435 
80 425 13 16 0.04309935 
229 356 10 14 0.04228028 
471 491 14 14 0.0420144 
141 227 8 11 0.041999318 
788 492 11 13 0.04194582 
636 453 14 16 0.04190867 
689 223 7 10 0.041721486 
254 486 13 14 0.04151715 
761 274 10 13 0.041433934 
733 330 10 13 0.04114519 
817 250 11 13 0.04052341 
723 348 11 13 0.040215492 
898 229 8 10 0.040207256 
883 351 12 15 0.040204506 
190 296 9 11 0.04013873 
770 389 10 13 0.040083893 
265 499 12 14 0.040037755 
171 416 12 14 0.040027216 
510 485 12 13 0.039703377 
904 215 8 9 0.039615035 
654 285 9 10 0.039403785 
671 221 8 11 0.03933212 
867 362 11 14 0.039244685 
570 240 10 13 0.03920081 
103 399 12 16 0.03907447 
670 215 7 10 0.038948055 
651 486 13 15 0.038935278 
936 357 9 12 0.03883493 
825 189 7 10 0.03846829 
607 265 9 12 0.038459353 
966 302 9 11 0.038382825 
385 274 11 14 0.038297333 
879 246 9 11 0.038195364 
881 492 10 12 0.038100317 
291 490 13 15 0.038099412 
812 478 10 13 0.037991732 
967 343 9 13 0.037717637 
976 280 7 10 0.03704096 
905 191 6 8 0.036891565 
696 216 7 10 0.03685373 
728 404 10 14 0.036815364 
127 484 10 12 0.036750812 
713 445 13 17 0.03673003 
590 320 11 14 0.03668318 
166 465 12 15 0.03661898 
472 239 10 11 0.03650391 
64 328 10 12 0.036478974 
608 238 9 11 0.03619933 
586 348 12 14 0.03573895 
191 316 8 11 0.03557632 
166 334 10 12 0.03553791 
821 393 12 15 0.03550218 
740 275 9 11 0.035449903 
719 295 10 11 0.035427816 
743 262 8 10 0.035372753 
655 279 9 11 0.03528597 
423 238 8 10 0.034960546 
678 316 9 12 0.034891304 
761 311 9 11 0.034883745 
158 399 12 16 0.034791145 
641 269 10 13 0.034730244 
702 296 9 11 0.03463393 
714 303 10 12 0.034558635 
657 221 8 11 0.034535542 
703 287 9 10 0.034489002 
941 232 8 10 0.03443691 
61 331 9 13 0.0343729 
913 254 8 10 0.03427252 
927 349 9 12 0.034130577 
821 491 12 14 0.034128048 
857 295 10 12 0.03407981 
200 326 10 13 0.033841427 
663 326 10 12 0.03382249 
672 302 9 11 0.033706 
264 414 12 16 0.033600915 
985 271 8 10 0.033578068 
971 286 7 10 0.03337359 
975 303 9 10 0.03324141 
489 255 9 11 0.03305652 
904 235 9 11 0.03303637 
109 381 10 12 0.032873586 
96 480 10 14 0.032796364 
85 245 9 11 0.032779183 
723 491 12 14 0.03265492 
834 247 8 12 0.03254978 
725 227 8 11 0.032490678 
606 252 10 12 0.032322045 
863 283 11 13 0.03224915 
962 423 12 14 0.03214416 
366 286 11 13 0.031982534 
982 477 9 11 0.031981844 
226 276 8 11 0.031880837 
951 208 7 8 0.03187993 
682 208 7 9 0.031838477 
873 249 8 10 0.031837557 
532 343 10 14 0.03178757 
822 184 7 10 0.031761378 
668 492 14 16 0.03170688 
82 447 14 17 0.031674378 
696 288 8 10 0.031665318 
999 310 8 10 0.03165086 
997 357 9 11 0.03163389 
786 475 11 14 0.03162799 
437 494 14 14 0.031559814 
697 250 10 12 0.031513147 
807 262 7 10 0.031400416 
919 424 13 17 0.031315286 
478 239 10 12 0.031300373 
598 269 9 12 0.031274177 
350 250 10 12 0.031238398 
231 325 10 13 0.031229328 
961 302 9 10 0.03120253 
961 216 7 8 0.031189144 
911 422 11 15 0.031138768 
722 308 10 12 0.03108393 
533 232 9 13 0.030994745 
77 404 11 15 0.030937424 
904 299 11 14 0.03090903 
297 420 10 14 0.030903818 
851 278 10 12 0.030900033 
880 402 12 14 0.03085967 
800 261 9 10 0.03078908 
956 432 15 17 0.030754248 
278 453 13 16 0.030651499 
679 287 8 10 0.030558953 
981 348 10 13 0.030470751 
157 308 10 12 0.030444393 
807 225 8 11 0.030440496 
190 227 9 10 0.030432204 
957 332 8 10 0.030432058 
952 293 8 10 0.030194627 
991 341 8 10 0.030190852 
918 476 12 15 0.030108428 
976 223 8 10 0.030010179 
160 364 11 14 0.029732376 
984 335 8 11 0.029731033 
712 265 9 11 0.029681837 
718 321 9 10 0.029670715 
135 460 10 14 0.029642351 
496 266 11 14 0.029639307 
946 222 7 9 0.029633451 
716 329 11 14 0.02951709 
99 226 7 9 0.029468652 
984 286 7 9 0.029448368 
233 246 8 11 0.029414915 
275 276 10 13 0.02937559 
936 226 8 9 0.029330768 
847 252 9 12 0.029329563 
269 495 11 14 0.029320976 
58 275 9 12 0.029309856 
816 224 7 10 0.029211255 
793 319 10 13 0.029204372 
783 317 9 11 0.02904726 
406 300 11 13 0.029003063 
347 420 13 16 0.02897176 
188 358 10 14 0.028951397 
736 265 9 11 0.02887955 
959 272 8 9 0.028716877 
154 227 8 10 0.028691923 
279 360 12 15 0.028631438 
107 302 10 13 0.028470695 
650 343 11 15 0.028459867 
712 288 8 10 0.028397763 
974 327 8 10 0.028378518 
928 224 7 9 0.02834205 
650 287 8 9 0.028198358 
628 300 11 13 0.028190518 
596 461 12 15 0.02818617 
950 318 8 10 0.02817236 
613 321 11 12 0.028100042 
663 286 8 10 0.028092852 
222 241 9 11 0.02809211 
990 278 8 10 0.028035788 
938 271 9 11 0.028014686 
516 484 12 14 0.02797607 
631 287 8 10 0.027902907 
833 182 7 10 0.02772986 
487 311 11 14 0.02771546 
434 294 12 14 0.027680619 
983 357 10 12 0.027659733 
298 450 13 16 0.02763958 
816 264 8 10 0.027636768 
921 238 8 9 0.027604623 
720 241 9 11 0.027572162 
701 229 8 10 0.027541563 
857 357 11 14 0.027479252 
856 257 10 13 0.027471658 
672 274 10 13 0.027434368 
703 241 9 11 0.027386196 
349 434 12 16 0.027350117 
69 360 10 12 0.027347885 
910 236 8 10 0.027334508 
184 238 8 10 0.027272247 
703 402 12 17 0.027249034 
140 276 9 12 0.02724815 
959 247 7 9 0.027174855 
455 269 11 14 0.027128637 
37 445 9 12 0.027125167 
560 326 10 12 0.027019277 
206 239 10 11 0.026975399 
440 238 8 10 0.026969645 
760 299 9 12 0.02693562 
676 326 10 13 0.02688885 
696 391 13 18 0.02687398 
753 302 9 11 0.02685481 
645 395 11 14 0.026843458 
898 224 7 10 0.026839038 
943 237 9 10 0.026830142 
783 287 8 10 0.026784467 
870 350 10 13 0.026728563 
776 412 12 16 0.026726345 
557 385 13 16 0.026662193 
895 394 11 14 0.026655685 
414 240 10 12 0.026640788 
897 342 10 12 0.026602207 
944 276 9 11 0.026557675 
928 214 7 9 0.026489878 
929 342 10 12 0.026452754 
679 395 12 14 0.02643826 
937 350 10 12 0.026417524 
759 229 7 9 0.026331257 
297 350 10 13 0.02624249 
727 413 10 15 0.026212452 
207 454 11 13 0.026174147 
922 232 7 9 0.026166417 
264 284 8 11 0.026138857 
986 263 7 10 0.026041405 
803 351 11 13 0.026012922 
185 222 8 11 0.025966031 
785 298 10 13 0.02590198 
252 248 9 10 0.025885586 
775 320 10 11 0.02588147 
798 287 8 9 0.02586995 
303 343 10 13 0.025857922 
496 420 11 14 0.025833718 
768 227 9 11 0.025826577 
608 230 9 10 0.025781533 
350 444 11 16 0.025708623 
224 286 8 9 0.025600992 
719 275 9 12 0.025598768 
868 273 10 11 0.025558762 
808 286 9 12 0.025454523 
216 264 8 10 0.02545392 
655 263 9 11 0.025379883 
969 327 8 10 0.025362173 
375 245 9 12 0.025289861 
928 178 7 8 0.02525768 
976 319 8 10 0.025214234 
551 233 9 12 0.025110872 
968 295 8 10 0.024980344 
184 230 8 10 0.024939813 
985 183 7 8 0.02490033 
618 297 10 12 0.024884883 
961 206 6 9 0.02486048 
52 460 13 15 0.024857787 
675 465 12 16 0.024845056 
662 279 9 11 0.024813823 
864 240 7 9 0.024759535 
794 242 8 10 0.024710964 
72 404 11 14 0.024709832 
542 349 11 13 0.024674028 
686 305 10 13 0.024633437 
488 393 13 18 0.024629017 
992 353 8 11 0.024582459 
264 254 9 10 0.024511715 
970 280 7 10 0.024410946 
333 240 10 13 0.024408415 
879 239 9 11 0.02438626 
960 239 7 9 0.024319822 
586 264 11 13 0.024294738 
822 242 9 10 0.02427429 
68 370 11 13 0.024240522 
701 223 8 11 0.024219315 
92 452 10 13 0.0241733 
886 246 8 10 0.02406067 
791 394 12 14 0.024026198 
840 230 7 10 0.023970678 
488 245 10 12 0.023944097 
874 415 11 14 0.023913458 
1001 236 9 12 0.023890575 
364 221 10 12 0.023802686 
897 185 7 8 0.023749594 
32 300 11 12 0.023736011 
779 244 9 12 0.023665383 
338 445 13 18 0.02362008 
958 277 8 10 0.023581501 
840 223 7 9 0.023580983 
975 255 8 10 0.023520028 
696 382 12 15 0.023463974 
697 307 10 12 0.023410227 
542 341 10 13 0.023402808 
702 373 10 13 0.023393894 
626 420 12 15 0.023342414 
270 458 13 16 0.023334755 
534 287 10 13 0.023330335 
441 232 8 10 0.02333029 
532 354 12 15 0.02329455 
765 492 13 15 0.023264056 
686 373 10 13 0.023251865 
943 292 10 12 0.023136381 
742 332 10 13 0.02308644 
764 447 12 15 0.023074798 
946 207 7 9 0.02305949 
615 262 9 11 0.022994498 
901 263 9 12 0.022982327 
699 452 12 15 0.022949811 
334 278 10 12 0.022902386 
783 373 9 11 0.022900155 
935 335 9 11 0.022840472 
494 253 9 10 0.02283646 
155 331 10 12 0.022820935 
479 300 11 14 0.022814771 
96 279 9 12 0.022806078 
710 246 9 11 0.022797748 
695 240 8 10 0.02277857 
487 301 11 13 0.022727732 
647 254 9 12 0.022727447 
895 437 13 15 0.022711432 
312 262 9 11 0.022699324 
254 405 12 15 0.022691177 
278 494 11 13 0.022640824 
295 239 9 10 0.0225805 
1001 232 8 10 0.022548052 
900 445 11 15 0.022500332 
311 284 10 13 0.022476533 
717 374 12 15 0.022475254 
968 319 8 10 0.02247019 
47 279 7 9 0.02245293 
260 393 12 15 0.022441233 
273 389 12 17 0.02242564 
516 320 10 13 0.022413956 
586 355 12 16 0.022340996 
736 311 9 11 0.022334049 
306 250 9 13 0.022291206 
263 295 9 12 0.022287853 
935 294 9 12 0.022285067 
190 326 11 13 0.022253523 
902 224 8 10 0.02225234 
641 262 10 12 0.02223787 
936 276 9 11 0.022198647 
887 239 8 11 0.022183236 
975 310 8 10 0.02217096 
336 285 9 11 0.022167385 
328 240 10 13 0.022150157 
422 323 11 14 0.022107244 
839 152 7 9 0.022030482 
880 390 12 15 0.022016428 
489 356 12 14 0.021985698 
907 354 12 14 0.02197326 
894 299 10 13 0.021964712 
681 295 10 12 0.021942245 
936 262 7 10 0.021925397 
521 342 11 14 0.021909852 
551 351 12 17 0.021901418 
816 301 9 11 0.021891864 
215 287 8 10 0.021877786 
752 485 12 13 0.021838464 
912 484 11 13 0.02183128 
441 264 9 11 0.021780126 
150 393 12 15 0.021768002 
936 255 9 10 0.021675283 
118 251 9 11 0.021602057 
640 395 11 15 0.021591866 
921 196 8 10 0.02156588 
557 232 10 12 0.021564716 
682 214 7 9 0.02154025 
185 276 9 12 0.021513395 
798 342 12 14 0.021477157 
747 420 12 15 0.021469904 
1006 279 8 11 0.021460865 
598 308 11 12 0.021391617 
477 324 10 13 0.021387663 
477 317 10 14 0.021353077 
447 254 9 11 0.02132377 
544 329 11 15 0.021287508 
941 413 10 13 0.02126822 
183 262 8 9 0.021212034 
388 384 13 15 0.021209994 
535 309 10 13 0.021207763 
773 309 9 11 0.021195512 
790 265 9 10 0.02117792 
740 459 11 14 0.021154683 
887 382 11 12 0.021147933 
978 199 7 9 0.021145247 
414 300 10 14 0.0211398 
645 388 11 15 0.021124817 
605 300 10 12 0.02111764 
690 230 8 10 0.021084793 
1009 326 8 10 0.021070093 
896 238 7 10 0.021044321 
671 318 10 12 0.02102714 
104 457 11 13 0.021022331 
156 487 13 16 0.021021914 
604 295 10 11 0.020929126 
880 199 7 9 0.02092813 
702 349 10 12 0.020909123 
968 310 9 10 0.020896126 
658 243 9 12 0.020793982 
598 404 11 14 0.020787233 
974 217 8 9 0.02078168 
476 487 13 16 0.020762503 
678 373 11 13 0.020744285 
262 261 9 10 0.020742191 
760 287 9 11 0.020735119 
368 253 8 11 0.020659035 
902 426 12 15 0.020655101 
949 356 8 10 0.020646876 
424 231 8 11 0.020640243 
314 218 8 10 0.020638423 
263 493 12 15 0.020630732 
132 296 11 13 0.020546965 
818 215 6 8 0.020545475 
287 239 8 9 0.020536026 
817 207 7 9 0.020535832 
231 341 10 11 0.020535061 
999 270 8 10 0.02052428 
976 295 7 10 0.020514254 
847 340 12 15 0.020513874 
1014 173 7 11 0.020507263 
54 340 10 12 0.020457694 
52 365 10 13 0.020427035 
701 264 10 12 0.020398814 
725 343 11 13 0.020371947 
776 279 9 11 0.020366732 
870 486 11 13 0.020344162 
583 324 20 25 0.020323673 
448 238 9 11 0.020280255 
686 253 9 11 0.02027638 
751 286 9 11 0.020274552 
873 341 9 13 0.020229768 
317 226 9 12 0.020219939 
773 229 10 11 0.020218557 
1015 310 7 11 0.020211408 
265 453 14 16 0.020175418 
406 231 9 11 0.020158572 
920 208 7 9 0.020151462 
743 191 7 9 0.02013871 
192 263 9 10 0.020128774 
708 493 12 14 0.020126127 
850 175 6 9 0.0200688 
887 263 8 11 0.020039279 
896 200 8 9 0.020029359 
