12_Group_Team_Organized_Group_12_Group_Team_Organized_Group_12_503
33
627 50 30 38 0.99863535 
267 103 32 40 0.9985588 
490 74 34 39 0.99834204 
328 88 34 41 0.99830985 
575 80 34 39 0.99818003 
656 79 32 40 0.99805707 
409 75 33 40 0.9976712 
796 93 37 40 0.99728024 
645 207 34 41 0.99702126 
298 54 28 35 0.9969441 
155 49 30 36 0.9967288 
755 201 40 44 0.9966878 
949 202 40 46 0.99640673 
228 45 27 31 0.99608684 
748 64 27 34 0.99604577 
722 100 36 40 0.99601364 
367 46 30 34 0.9958105 
881 112 35 43 0.9949994 
489 26 29 32 0.9949786 
434 40 26 34 0.99429744 
884 70 31 33 0.9942597 
866 198 38 47 0.99425817 
190 94 33 43 0.9941554 
136 172 39 46 0.9936619 
542 179 40 51 0.9933868 
690 65 28 35 0.9926595 
559 39 27 35 0.99236685 
94 104 37 41 0.99192625 
428 187 38 49 0.99112517 
337 205 35 40 0.9910492 
830 66 27 32 0.9896087 
26 178 41 50 0.98717475 
242 195 35 43 0.983982 
