12_Group_Large_Group_12_Group_Large_Group_12_86
260
717 400 9 11 0.8495677 
901 406 11 14 0.8144956 
462 356 12 18 0.79559946 
823 398 9 11 0.6769011 
702 395 9 12 0.6766835 
855 397 8 10 0.63375276 
620 394 9 13 0.59928143 
918 407 10 13 0.51978755 
966 408 8 11 0.4652002 
599 393 7 10 0.40796646 
957 394 10 12 0.382011 
274 388 8 10 0.37078398 
749 398 9 13 0.3704338 
672 397 8 10 0.34662497 
704 436 8 10 0.30730835 
871 401 8 11 0.29811543 
464 403 12 16 0.27591038 
799 401 8 10 0.2718381 
512 404 10 13 0.26709667 
504 412 8 10 0.245504 
302 390 8 10 0.24224673 
768 398 8 10 0.23222971 
881 419 11 14 0.21717326 
983 408 9 11 0.2066711 
831 416 8 11 0.20466347 
176 375 7 10 0.18884543 
927 406 9 12 0.18742001 
726 420 9 11 0.17756769 
703 431 9 11 0.17237066 
849 398 8 10 0.17055349 
574 460 8 11 0.16986896 
653 397 9 11 0.16827187 
929 413 9 11 0.15724961 
531 479 13 19 0.15673216 
877 380 8 11 0.15453832 
224 368 7 10 0.15241261 
997 437 9 12 0.15038857 
57 397 8 10 0.14790916 
687 438 8 11 0.13614696 
44 360 10 12 0.13432558 
577 389 7 10 0.1301461 
737 413 8 11 0.12801377 
639 392 8 10 0.1275039 
637 397 8 10 0.12368748 
257 384 7 9 0.11983404 
913 394 8 10 0.11634994 
146 392 8 10 0.10955543 
457 381 9 12 0.10744083 
327 397 11 16 0.102962725 
210 377 7 10 0.10273435 
200 367 6 9 0.099093646 
169 375 7 9 0.09631803 
263 383 7 9 0.09569949 
704 493 8 11 0.090473 
841 406 7 9 0.09029141 
673 429 8 11 0.08911189 
760 413 10 11 0.08777181 
774 400 7 9 0.083970144 
594 392 8 10 0.08321939 
69 372 9 12 0.08311622 
698 423 8 11 0.082389064 
791 422 7 9 0.079471976 
406 364 8 11 0.07755501 
701 424 9 12 0.07739749 
234 382 6 9 0.07638926 
365 408 8 12 0.07300459 
916 398 9 11 0.07282265 
362 411 10 14 0.07148258 
677 431 8 10 0.0708229 
250 385 6 9 0.07030806 
756 447 10 12 0.06966761 
570 460 8 12 0.06903593 
986 399 8 10 0.06874681 
890 397 8 10 0.06710755 
467 359 12 16 0.06709896 
932 407 9 12 0.06574335 
729 398 8 10 0.06529847 
543 444 7 11 0.06513111 
720 431 11 12 0.062983386 
721 436 12 14 0.06293345 
783 416 8 10 0.061922055 
341 378 13 17 0.06167592 
841 401 7 9 0.058580346 
543 413 8 10 0.05470161 
708 475 9 13 0.05403227 
280 374 7 9 0.053239528 
864 400 8 10 0.052802026 
744 405 10 14 0.05216112 
226 373 7 9 0.051320452 
393 375 8 11 0.051262233 
232 377 7 10 0.05117007 
280 405 8 10 0.050866615 
561 478 10 14 0.050480526 
742 412 8 12 0.050061513 
696 437 8 11 0.04996778 
1007 397 8 11 0.049693774 
335 370 11 16 0.049103912 
789 453 8 11 0.04907677 
990 399 7 10 0.04788798 
937 383 8 10 0.047824264 
658 447 9 12 0.0474159 
944 397 8 10 0.047110207 
688 393 7 9 0.046513405 
876 399 9 11 0.045831732 
325 402 12 20 0.045830037 
383 381 8 9 0.0454783 
126 384 7 10 0.04524147 
322 412 9 14 0.044901308 
405 434 9 12 0.04469474 
621 455 8 10 0.044641543 
662 417 8 10 0.044308137 
761 393 7 9 0.044091426 
735 422 9 11 0.043613613 
954 393 9 11 0.043496303 
814 436 7 10 0.043360908 
992 405 9 13 0.04330584 
884 415 11 15 0.043181982 
509 411 9 12 0.042902183 
944 392 8 11 0.042431895 
783 399 7 9 0.0422259 
737 430 10 12 0.041472014 
914 406 10 14 0.04123921 
959 446 7 9 0.041220035 
154 366 7 9 0.04118435 
698 393 8 10 0.0409602 
672 425 8 10 0.040721163 
581 391 8 10 0.040685937 
703 415 8 10 0.04064142 
997 406 8 10 0.04061396 
819 397 9 12 0.04061054 
404 391 9 10 0.04041262 
399 376 7 10 0.040293526 
687 398 8 9 0.03937498 
512 376 9 11 0.03897564 
145 384 7 9 0.03850804 
757 421 11 13 0.038308185 
266 376 7 10 0.038190287 
405 382 8 10 0.037977252 
768 405 9 10 0.037779626 
786 421 8 9 0.037314348 
559 398 7 9 0.036511593 
898 410 10 13 0.036375713 
238 383 7 9 0.036357358 
416 366 9 12 0.03608278 
249 390 7 8 0.035964042 
976 408 8 10 0.0355938 
698 429 8 11 0.035563417 
751 411 10 12 0.03546701 
292 437 9 11 0.035405643 
902 401 10 12 0.035153143 
183 375 7 10 0.03479237 
678 397 7 9 0.03465835 
708 430 9 13 0.03363129 
456 359 11 17 0.03333037 
213 376 7 10 0.03328879 
826 416 8 11 0.032836184 
824 404 8 10 0.03281769 
174 369 7 9 0.032689344 
774 405 7 10 0.032188915 
758 427 10 12 0.032188814 
893 394 8 10 0.032153077 
122 383 8 10 0.032035198 
13 389 9 10 0.031922836 
671 405 8 10 0.03185729 
729 393 7 9 0.031545237 
62 398 9 11 0.03136905 
241 366 7 9 0.030870417 
728 383 7 8 0.030693704 
656 421 8 10 0.030576777 
543 390 7 9 0.03034672 
840 446 8 11 0.02975263 
440 380 9 11 0.029388053 
666 398 8 10 0.029239867 
728 405 8 10 0.028916826 
559 392 7 9 0.028617786 
680 393 7 10 0.028578987 
697 415 8 10 0.028506504 
761 396 8 11 0.028401209 
721 416 10 12 0.028365169 
212 381 8 11 0.028330984 
576 386 7 10 0.028326152 
401 381 8 10 0.028286245 
929 420 9 11 0.027977405 
775 423 7 9 0.02792394 
962 410 9 12 0.027918853 
277 385 8 10 0.027588576 
810 437 7 10 0.027553031 
492 484 11 13 0.027539425 
401 365 8 10 0.027430538 
580 479 10 13 0.027329855 
799 422 8 11 0.027208153 
293 432 9 11 0.027014934 
270 375 7 9 0.026956283 
681 437 9 10 0.026896397 
778 416 8 9 0.026844779 
794 400 8 10 0.0265636 
990 411 9 12 0.02631085 
62 368 11 14 0.02628101 
255 390 7 9 0.026007108 
832 453 8 10 0.025902834 
389 406 8 10 0.025805665 
526 388 8 11 0.025666485 
598 408 7 9 0.025217729 
303 396 8 10 0.025204089 
757 440 10 11 0.025186943 
952 383 7 9 0.025111964 
816 416 7 9 0.025092123 
875 404 11 12 0.025006047 
250 376 6 8 0.02500054 
437 364 8 11 0.024903035 
933 420 9 11 0.024351286 
828 399 8 10 0.024204845 
753 393 8 10 0.023749314 
673 414 8 10 0.023671104 
832 407 7 10 0.02352442 
201 373 7 9 0.023524025 
242 406 8 11 0.023382511 
127 374 7 9 0.02330503 
406 375 8 11 0.02312108 
845 444 8 11 0.023076855 
537 463 8 10 0.022992715 
781 437 9 11 0.022809468 
273 368 7 9 0.022785356 
658 416 8 11 0.022714788 
880 425 11 14 0.022710444 
921 376 8 10 0.022702476 
689 406 8 10 0.022679487 
437 348 9 11 0.022441765 
552 407 7 9 0.02235102 
385 414 9 11 0.02230292 
678 413 7 10 0.022133768 
581 461 8 10 0.02211036 
329 367 8 13 0.022096975 
421 440 10 13 0.022088801 
170 368 7 10 0.02203133 
55 365 9 12 0.021975037 
304 385 8 10 0.02166746 
767 394 7 9 0.021650879 
265 368 7 9 0.02164764 
621 448 8 10 0.021503476 
277 360 7 9 0.021339096 
960 385 7 9 0.021330923 
607 456 8 11 0.021310084 
144 376 7 9 0.021079753 
831 448 8 11 0.021043941 
184 360 6 8 0.02100297 
296 384 8 10 0.020985749 
520 454 8 10 0.020973785 
417 358 9 11 0.020959029 
767 423 8 11 0.020871429 
328 392 11 14 0.020869927 
593 408 7 9 0.020834986 
798 415 9 11 0.020734686 
614 409 8 11 0.020611804 
753 441 8 11 0.020551415 
709 422 9 13 0.020409668 
456 352 9 15 0.02028732 
337 378 10 14 0.020212524 
460 380 11 14 0.020186214 
876 414 19 23 0.020174105 
