12_Group_Team_Organized_Group_12_Group_Team_Organized_Group_12_653
19
799 197 34 39 0.9984847 
949 376 45 54 0.9970651 
527 323 32 41 0.9959193 
384 289 38 48 0.9956655 
313 228 39 48 0.99559206 
75 170 42 53 0.99538076 
844 191 36 46 0.9953206 
654 330 38 48 0.994321 
770 364 42 49 0.99316794 
241 359 44 54 0.9913264 
428 386 41 54 0.9893114 
594 374 42 54 0.9877479 
199 178 39 55 0.9874894 
327 304 39 52 0.9867638 
948 564 24 27 0.14854677 
525 482 46 44 0.10191965 
917 385 25 38 0.038766332 
824 189 35 48 0.034965284 
994 385 13 18 0.026775405 
