12_Group_Team_Organized_Group_12_Group_Team_Organized_Group_12_283
102
235 346 24 32 0.99527717 
432 245 22 30 0.9943771 
441 329 22 28 0.99249446 
360 341 22 26 0.992155 
136 333 24 30 0.9913248 
233 256 23 29 0.9909288 
559 239 22 26 0.9901958 
574 357 22 28 0.98585284 
297 349 21 27 0.9838277 
331 260 18 23 0.98303187 
65 320 24 30 0.98272705 
667 234 19 23 0.982018 
477 267 22 28 0.9819203 
284 232 16 21 0.98077375 
586 236 21 27 0.9805253 
386 229 18 23 0.9764791 
481 215 17 21 0.974008 
844 247 20 27 0.96957326 
800 240 19 25 0.9693953 
767 244 21 24 0.96702576 
889 266 20 26 0.96217453 
265 247 20 27 0.96080136 
673 357 20 25 0.96006453 
734 284 20 25 0.9598421 
672 271 19 25 0.9589012 
626 260 17 24 0.95815855 
355 265 19 23 0.95806056 
735 230 18 22 0.9579735 
96 259 20 24 0.95598274 
826 247 18 25 0.9547103 
70 233 20 27 0.95205283 
148 253 16 20 0.95079374 
519 347 20 26 0.9506846 
612 232 20 27 0.9449568 
175 260 22 26 0.94431067 
306 266 19 24 0.9404787 
136 237 14 17 0.93756837 
952 265 19 21 0.92984664 
653 259 18 23 0.9276941 
645 232 13 16 0.92702925 
521 260 15 22 0.9241942 
468 233 17 22 0.92410576 
701 230 15 19 0.9189944 
459 250 20 26 0.91499627 
176 227 14 17 0.91474885 
335 240 17 21 0.90899533 
412 244 18 22 0.9089831 
522 222 15 19 0.90142745 
217 229 16 20 0.89653075 
360 244 18 22 0.8788158 
109 234 19 22 0.8704673 
319 221 12 16 0.8588594 
249 234 14 17 0.8548039 
390 258 21 24 0.8241906 
710 243 18 22 0.79696304 
205 239 15 20 0.7736259 
302 249 17 21 0.7466121 
307 232 14 17 0.72586507 
542 250 13 19 0.7125166 
399 355 10 13 0.1648978 
707 380 13 16 0.112471715 
526 243 16 18 0.099278845 
273 238 21 26 0.09771246 
628 357 13 17 0.08864948 
789 362 11 14 0.07803479 
352 228 12 16 0.071974985 
363 230 14 18 0.07009097 
47 258 11 14 0.0597318 
524 233 15 18 0.05716742 
938 300 11 13 0.05186155 
357 235 17 19 0.05097248 
640 235 14 17 0.0505755 
624 362 11 14 0.04614606 
106 236 13 16 0.039923705 
635 242 14 17 0.038616303 
472 222 22 26 0.036152873 
527 256 17 24 0.035418715 
326 348 13 16 0.03505993 
0 332 11 16 0.034483433 
597 437 15 14 0.03346563 
128 237 11 15 0.03303266 
463 257 22 28 0.032693908 
973 229 13 18 0.029118642 
342 240 20 23 0.028276986 
738 391 9 12 0.027725725 
356 224 10 13 0.025361395 
548 241 20 26 0.02525557 
313 235 12 15 0.024903903 
733 374 10 13 0.024430463 
295 251 16 20 0.023860052 
0 344 10 17 0.023286846 
103 341 14 15 0.023181662 
287 237 20 24 0.022974458 
115 248 15 18 0.022709135 
277 419 8 12 0.022027867 
1 338 14 17 0.021771513 
964 363 11 13 0.02122081 
272 441 12 17 0.020981552 
740 397 10 13 0.020979218 
524 251 15 21 0.020787036 
338 212 9 12 0.020453328 
574 460 11 12 0.02002405 
