12_Group_Large_Group_12_Group_Large_Group_12_15
21
635 330 33 39 0.99906915 
636 446 35 43 0.99815744 
243 355 35 42 0.99789304 
216 216 39 49 0.9975696 
357 282 37 46 0.9974221 
78 419 31 36 0.9971179 
854 205 39 49 0.9969631 
806 427 33 40 0.99637944 
567 308 28 34 0.99633515 
764 266 35 46 0.9958657 
173 382 29 36 0.99579525 
521 393 30 37 0.9955848 
859 438 33 38 0.9953177 
139 323 37 50 0.99523526 
612 195 40 50 0.9948337 
409 369 41 54 0.99467343 
516 258 35 46 0.99402726 
738 345 28 35 0.9936439 
405 240 39 44 0.99217343 
306 196 40 50 0.99137723 
143 480 13 20 0.052012872 
