12_Group_Large_Group_12_Group_Large_Group_12_107
31
700 194 31 41 0.99846554 
636 312 34 44 0.99807787 
466 201 30 36 0.99783957 
301 202 34 39 0.99777055 
297 324 36 43 0.9977406 
79 212 45 55 0.99751186 
232 175 34 46 0.997474 
410 204 30 36 0.99743325 
433 240 32 40 0.99720323 
468 378 36 42 0.9968195 
590 206 32 43 0.9967332 
546 296 35 45 0.9967321 
644 217 31 36 0.99655765 
386 315 37 46 0.9964837 
758 198 34 46 0.9964796 
717 371 39 50 0.99640334 
837 192 38 45 0.9963946 
550 193 27 38 0.99489766 
510 206 33 40 0.9939644 
160 203 38 45 0.9931103 
188 378 42 53 0.99303085 
346 215 29 38 0.992157 
617 181 28 32 0.9910116 
314 36 27 35 0.37342593 
145 387 21 27 0.21590497 
213 12 32 44 0.11004146 
917 207 11 13 0.059050523 
689 169 17 20 0.03796073 
290 -1 34 30 0.03438162 
606 190 29 38 0.029084675 
318 19 29 37 0.022429185 
