12_Group_Team_Organized_Group_12_Group_Team_Organized_Group_12_461
54
38 295 31 42 0.9905945 
402 281 26 37 0.98391783 
180 318 16 21 0.9816321 
482 295 48 61 0.9816031 
249 284 28 31 0.9809201 
908 424 23 25 0.9803656 
634 290 27 39 0.9633624 
286 302 12 15 0.9460142 
359 310 13 17 0.8717672 
312 306 11 14 0.81979865 
343 411 22 38 0.77112955 
944 440 21 23 0.70771456 
909 328 10 13 0.6948501 
155 307 12 15 0.692224 
330 324 18 23 0.2721881 
998 291 9 11 0.2410345 
501 285 41 61 0.20549352 
883 434 13 18 0.18611933 
117 315 12 14 0.18204492 
933 330 9 13 0.16685964 
1007 292 9 11 0.088990584 
127 309 10 14 0.075125925 
305 327 14 19 0.06846548 
994 292 9 12 0.06826679 
830 415 19 26 0.06646846 
524 288 39 52 0.05754104 
980 344 9 11 0.048695244 
361 316 16 20 0.048067577 
994 359 7 9 0.042678673 
662 250 29 55 0.040992033 
960 344 7 10 0.040015973 
850 423 17 23 0.036784142 
869 437 13 18 0.03623861 
132 308 10 14 0.033600435 
839 418 21 27 0.033368953 
950 374 8 10 0.033074323 
548 481 29 37 0.031447038 
124 314 10 14 0.03132811 
863 434 13 18 0.029924843 
519 280 30 46 0.029824968 
245 287 19 22 0.029328136 
1014 323 8 14 0.028793173 
982 359 8 9 0.027878752 
973 293 9 10 0.027766356 
941 359 10 13 0.02660838 
1013 292 9 12 0.024864372 
889 434 13 17 0.024616443 
372 308 13 16 0.024314642 
1012 287 9 12 0.02406038 
877 437 13 19 0.023970667 
362 331 15 19 0.022501953 
861 416 13 20 0.020480018 
647 254 37 71 0.02032803 
935 443 12 18 0.02016205 
