12_Group_Group_12_Group_Group_12_935
530
21 604 21 28 0.98744327 
614 492 21 29 0.986666 
677 491 22 27 0.98599005 
942 420 23 32 0.98581356 
570 222 18 22 0.98205113 
753 664 21 30 0.9819426 
625 663 21 28 0.981652 
364 0 18 24 0.9816104 
979 150 17 24 0.98121315 
761 421 23 28 0.9795304 
941 375 20 27 0.9772453 
462 530 22 27 0.9772044 
821 91 21 27 0.9746094 
299 191 17 23 0.97458094 
48 527 21 23 0.9741702 
773 322 17 23 0.97375727 
221 160 15 20 0.9728011 
719 557 20 27 0.9726654 
808 663 21 26 0.97248995 
444 407 19 23 0.9721048 
37 219 16 20 0.9720129 
532 526 20 27 0.97180814 
441 646 22 28 0.97097135 
904 558 21 29 0.9709098 
959 349 23 27 0.9708772 
242 663 21 27 0.9708727 
341 383 20 28 0.97068363 
144 598 21 27 0.9705268 
111 534 20 28 0.97037953 
225 347 22 27 0.9699878 
21 456 21 26 0.96990675 
654 311 20 27 0.9697892 
782 562 21 26 0.96973073 
500 65 19 23 0.96933395 
300 155 18 24 0.9688251 
413 167 17 21 0.9688157 
484 114 19 23 0.968733 
510 424 23 26 0.968512 
944 113 19 23 0.9674134 
869 460 21 27 0.9673669 
951 319 21 25 0.9672695 
356 278 18 23 0.9667499 
561 422 20 25 0.96625215 
75 601 19 25 0.96623415 
772 128 18 23 0.9659948 
262 411 21 27 0.96593237 
68 318 21 28 0.96536505 
111 671 23 26 0.96500534 
650 159 16 21 0.9649325 
235 319 19 24 0.96481997 
222 525 20 27 0.9645656 
0 634 18 30 0.96324193 
405 559 19 28 0.96229476 
725 509 20 27 0.9618442 
627 4 19 21 0.9616182 
924 242 20 28 0.96143097 
846 528 20 26 0.9605707 
242 451 20 25 0.96045893 
875 425 21 26 0.96038914 
636 191 19 23 0.9600971 
250 630 21 26 0.96004796 
696 595 23 29 0.95998913 
52 191 20 26 0.95954937 
411 350 21 26 0.9593012 
887 663 22 29 0.95922273 
830 606 21 25 0.95921516 
552 669 20 23 0.9591717 
553 257 21 26 0.9588504 
720 31 17 22 0.95875955 
19 109 17 23 0.9585044 
682 6 18 21 0.9578802 
124 631 20 27 0.95744836 
456 0 19 27 0.9571816 
92 86 18 24 0.95714015 
524 391 18 23 0.9566862 
204 601 21 26 0.9546617 
788 24 21 25 0.9537921 
281 563 18 25 0.95359 
435 492 20 24 0.95342416 
218 569 19 25 0.9530015 
690 187 18 23 0.95233655 
701 389 20 26 0.9522116 
1003 461 19 32 0.95203316 
543 320 19 26 0.9518805 
364 118 18 23 0.95185924 
281 387 19 23 0.9517466 
514 184 20 27 0.9516269 
52 674 21 27 0.95107466 
847 220 21 25 0.95100576 
894 634 21 26 0.9509175 
687 217 20 27 0.95059496 
173 666 21 25 0.9487249 
543 488 21 26 0.948524 
575 392 20 26 0.9485223 
959 563 25 29 0.94804144 
648 561 21 27 0.94742787 
1003 87 19 27 0.9473735 
10 159 17 23 0.947122 
122 153 21 26 0.94672024 
684 670 19 24 0.94657147 
918 500 23 28 0.94652426 
827 641 22 25 0.9461655 
936 469 23 27 0.945794 
989 195 19 22 0.9456917 
595 349 21 25 0.945191 
62 637 20 27 0.9451446 
110 184 21 25 0.9449064 
598 529 21 26 0.9443659 
881 117 20 24 0.94419956 
756 177 20 25 0.9441945 
891 318 21 26 0.94400597 
807 455 21 28 0.94390285 
356 150 20 27 0.94350004 
340 560 19 27 0.9434018 
975 524 21 27 0.94339734 
817 429 20 26 0.9426674 
19 563 19 25 0.94242436 
912 26 20 23 0.94234097 
305 285 18 24 0.9422892 
760 379 21 26 0.9420825 
512 627 21 27 0.94066525 
195 637 18 24 0.93932426 
134 278 20 27 0.9383259 
633 639 20 27 0.9383194 
34 90 17 24 0.9382288 
398 381 21 27 0.93795764 
853 22 18 25 0.9372918 
696 150 17 23 0.9372272 
113 487 18 23 0.9358868 
831 383 19 26 0.9347431 
152 564 21 27 0.9346361 
705 287 20 24 0.9345399 
388 640 19 26 0.9342947 
204 288 19 24 0.9341945 
464 562 21 27 0.9338988 
296 321 18 23 0.9332447 
156 350 20 26 0.93302226 
356 192 17 21 0.93054736 
771 604 20 24 0.930478 
99 356 19 24 0.93035984 
391 58 22 28 0.9300724 
441 60 18 24 0.92949635 
475 322 19 21 0.9256865 
557 288 19 23 0.9256634 
784 286 18 21 0.92500067 
741 0 19 20 0.9245551 
327 59 18 24 0.9244849 
922 217 18 23 0.92421186 
65 156 19 24 0.9236719 
799 230 19 22 0.92320967 
975 226 20 23 0.922973 
614 61 20 26 0.9226312 
357 351 19 27 0.922537 
508 456 20 27 0.92150706 
462 384 20 26 0.9210362 
84 571 21 26 0.92088795 
903 59 19 28 0.92067707 
523 609 20 25 0.9189425 
37 352 18 24 0.91856307 
216 63 18 23 0.91829866 
805 0 18 20 0.9169578 
833 316 21 27 0.9168999 
620 426 19 25 0.9166369 
747 495 18 22 0.91660434 
421 95 19 24 0.9161874 
76 291 18 22 0.91498727 
686 452 20 26 0.9149275 
662 61 17 25 0.91392374 
409 524 21 24 0.9137354 
912 531 20 24 0.9129397 
794 491 19 23 0.9122924 
169 537 20 24 0.9112505 
615 255 18 21 0.91020674 
361 484 19 24 0.9086848 
428 116 18 22 0.908558 
179 316 17 24 0.9083528 
596 314 20 26 0.90821075 
580 608 20 23 0.9079333 
765 641 19 24 0.90641814 
148 390 19 22 0.90580136 
552 65 17 22 0.9053628 
144 82 21 27 0.9053358 
831 353 19 22 0.9042775 
618 220 19 23 0.90416884 
950 612 19 25 0.9032759 
325 596 20 26 0.9023164 
429 291 19 23 0.90226763 
631 379 21 26 0.90214443 
535 355 19 26 0.9017756 
0 47 16 23 0.9016819 
123 13 20 28 0.90107787 
668 90 18 24 0.89929813 
614 286 18 23 0.8987142 
739 455 18 22 0.89821386 
735 233 18 21 0.89531547 
977 493 22 24 0.89405864 
719 350 17 22 0.89373124 
338 24 21 27 0.8905463 
374 657 23 30 0.8897656 
220 383 19 27 0.88967 
847 555 22 26 0.8877701 
471 158 19 26 0.88726145 
246 132 16 21 0.8872334 
569 644 18 23 0.88646984 
861 488 18 22 0.8864638 
40 393 19 23 0.88479173 
137 120 19 23 0.8834321 
607 93 17 20 0.8834071 
315 535 21 26 0.88292575 
213 1 17 20 0.8818998 
661 540 18 20 0.87670994 
295 492 18 26 0.8766398 
655 116 18 23 0.8751524 
968 30 18 23 0.86835086 
564 460 17 22 0.8670676 
570 200 19 23 0.86400384 
283 347 21 27 0.8635232 
380 418 20 27 0.85926217 
587 563 21 25 0.8568603 
357 322 19 23 0.85640544 
320 424 18 23 0.8539621 
182 174 20 25 0.851798 
550 92 17 21 0.85090935 
987 246 21 25 0.84790826 
115 317 17 21 0.8461166 
972 290 21 25 0.84503514 
958 66 17 20 0.84036785 
890 89 16 22 0.83536965 
77 492 17 21 0.83300364 
720 131 16 21 0.83286005 
1000 676 19 25 0.8321647 
594 135 16 19 0.8319027 
535 124 18 21 0.83125687 
490 291 20 21 0.82822144 
948 93 18 22 0.8275618 
781 529 19 22 0.82653666 
846 285 15 18 0.8260974 
21 291 18 21 0.82548195 
668 355 19 25 0.82048917 
284 29 21 26 0.8198919 
191 -1 19 20 0.8176748 
438 260 15 18 0.8106434 
592 162 18 22 0.81016964 
632 606 22 25 0.8088245 
500 495 19 23 0.8067001 
386 204 16 19 0.80356854 
433 455 22 24 0.7983909 
476 347 18 25 0.79646415 
306 126 18 21 0.7931551 
531 164 20 23 0.79040176 
262 253 18 21 0.7892892 
264 111 16 20 0.78814864 
894 609 20 25 0.7876207 
507 0 22 21 0.7870982 
0 488 14 23 0.78229296 
381 610 22 24 0.7821232 
696 645 21 22 0.7797272 
742 259 18 23 0.77894324 
367 91 19 23 0.7709905 
528 568 22 25 0.77050257 
231 196 19 26 0.769954 
615 457 19 26 0.76783246 
778 349 17 22 0.76746094 
39 267 19 25 0.76426077 
57 34 17 21 0.75742364 
235 489 17 22 0.7571087 
925 -1 20 19 0.7559931 
897 361 20 27 0.7547988 
460 52 17 21 0.754381 
45 427 17 23 0.74483705 
325 623 20 24 0.7435792 
304 93 22 25 0.7289236 
944 687 20 22 0.7149149 
276 598 20 25 0.71187073 
932 149 20 22 0.7089598 
397 20 20 25 0.70181817 
436 593 19 23 0.70061165 
489 262 17 22 0.68690735 
821 181 19 23 0.67320955 
902 292 16 21 0.65715444 
206 92 17 23 0.6558718 
1009 121 15 26 0.65479696 
459 191 19 23 0.64474624 
844 669 13 18 0.64052624 
306 671 21 23 0.6381444 
379 645 22 30 0.6276395 
688 426 20 24 0.57297003 
421 330 18 20 0.567455 
60 0 18 17 0.5362996 
508 661 17 23 0.5211031 
403 202 13 18 0.5107447 
326 255 13 16 0.51041526 
245 531 14 20 0.48388326 
500 248 16 20 0.48285976 
316 457 17 22 0.46743816 
863 0 18 15 0.45926964 
405 132 16 19 0.44784877 
373 457 16 21 0.4472472 
306 477 13 15 0.4147633 
1010 387 14 27 0.41041732 
507 142 14 19 0.40505445 
171 119 16 22 0.3875976 
459 251 13 15 0.34626204 
903 127 14 18 0.3026765 
484 94 18 22 0.2789388 
8 0 16 14 0.2763222 
-1 668 16 28 0.26048976 
824 67 19 24 0.2571973 
166 25 16 17 0.2464985 
998 62 16 19 0.24499445 
898 214 13 16 0.2313335 
512 581 14 17 0.22809106 
136 0 17 14 0.2209182 
293 -1 15 13 0.21244805 
171 185 16 22 0.20204668 
515 614 23 27 0.19527099 
392 200 18 23 0.19108744 
126 80 16 20 0.18391532 
819 174 16 21 0.18251805 
461 629 22 27 0.18122838 
177 432 18 22 0.17930472 
802 263 16 19 0.17794535 
340 483 10 14 0.17478994 
41 123 12 15 0.1665864 
0 187 10 19 0.15389782 
420 267 13 16 0.15245205 
318 626 18 24 0.15173821 
851 388 17 21 0.15084355 
258 84 15 19 0.13229322 
656 237 13 17 0.13174827 
1013 327 11 17 0.11730612 
16 291 14 18 0.115661725 
914 140 12 18 0.11519935 
471 74 12 15 0.11432214 
748 66 15 21 0.10673155 
48 421 14 18 0.106516905 
322 474 13 15 0.10567633 
444 312 17 21 0.10454796 
744 144 14 17 0.096562475 
883 195 12 17 0.09242108 
90 35 14 16 0.09160715 
476 97 16 20 0.0909148 
983 628 10 14 0.08965708 
993 28 17 21 0.08487387 
780 90 12 14 0.08196866 
415 330 15 18 0.07993146 
976 76 12 15 0.079746835 
439 204 13 16 0.07930603 
678 273 12 15 0.07613739 
394 322 16 18 0.076000586 
0 28 10 16 0.07595186 
308 466 14 19 0.07578307 
296 1 16 17 0.07525656 
663 305 20 26 0.07413195 
857 201 15 18 0.073453166 
1012 50 12 18 0.072303936 
200 1 18 22 0.07078663 
259 2 21 21 0.07061399 
400 231 10 12 0.06973073 
440 631 24 31 0.06705955 
73 -1 15 14 0.06699894 
269 93 14 17 0.06686006 
544 4 17 21 0.06684278 
608 202 13 17 0.06644308 
185 434 18 20 0.06610937 
876 379 15 17 0.06605283 
0 323 9 16 0.06596184 
162 0 12 12 0.06496593 
659 462 15 16 0.064592846 
605 456 17 22 0.064243495 
143 508 14 17 0.06342358 
841 387 18 24 0.05987611 
1014 0 10 18 0.058338325 
493 256 21 23 0.057683222 
470 121 12 16 0.05655766 
507 121 12 16 0.056215987 
972 3 14 17 0.056147065 
127 383 14 18 0.05577144 
973 10 17 19 0.055122796 
479 697 19 17 0.053881567 
203 27 15 17 0.052664753 
185 376 17 23 0.052579068 
653 436 15 19 0.051782966 
169 91 17 19 0.050667953 
846 103 14 18 0.05057055 
0 280 11 16 0.049639322 
455 332 13 19 0.049354233 
893 358 16 20 0.04842294 
225 262 12 14 0.04819655 
145 655 16 19 0.047443323 
913 418 15 21 0.04647049 
839 284 15 18 0.045141242 
304 469 13 18 0.044850323 
170 652 16 20 0.043584663 
437 608 16 21 0.04332914 
843 542 22 29 0.04325169 
519 571 22 24 0.043187007 
846 118 13 17 0.042988703 
256 273 11 15 0.04292812 
322 147 15 19 0.042894598 
950 67 14 19 0.042858288 
1007 500 14 15 0.042733278 
536 212 16 21 0.042429958 
790 267 22 22 0.042038802 
828 161 17 19 0.041809604 
302 678 26 27 0.041585077 
252 188 14 17 0.041479427 
434 5 16 18 0.04135791 
-1 347 8 16 0.041241743 
449 623 21 27 0.040534917 
387 430 17 22 0.04033691 
238 0 14 13 0.040131085 
274 489 15 21 0.039365236 
211 28 17 19 0.038662992 
546 -1 14 13 0.038523562 
0 162 11 18 0.038170535 
599 132 17 19 0.038114697 
542 159 19 26 0.037704777 
556 156 15 21 0.03752724 
722 403 14 18 0.03740193 
464 159 15 20 0.037250422 
944 230 12 17 0.0367253 
237 530 14 19 0.036683787 
837 557 16 23 0.036457986 
1009 46 12 16 0.036351588 
440 618 22 25 0.03564917 
555 601 16 25 0.0356064 
188 442 18 19 0.035567354 
941 92 17 21 0.035258822 
981 243 17 22 0.034336925 
803 394 13 18 0.033202603 
1000 119 18 25 0.03308209 
724 674 15 19 0.032917224 
449 59 16 20 0.032856375 
918 344 15 20 0.03283433 
799 0 15 16 0.03263128 
91 422 15 18 0.03208734 
298 482 20 24 0.03201427 
624 65 16 21 0.03160725 
1001 390 17 26 0.031457227 
563 638 16 21 0.031190338 
790 249 14 18 0.03108692 
278 26 16 22 0.030679855 
295 9 15 19 0.030367523 
739 501 20 26 0.030270915 
830 281 12 16 0.030250745 
442 254 16 19 0.029602155 
159 122 12 17 0.029380873 
811 153 14 16 0.029060751 
163 34 22 28 0.029032605 
821 167 15 17 0.028996937 
226 164 15 19 0.028526304 
320 257 13 17 0.028277306 
941 72 14 17 0.028231926 
399 221 12 15 0.02821743 
839 528 17 23 0.028109686 
781 62 15 19 0.028100107 
813 488 16 22 0.028027168 
220 501 15 18 0.027671149 
532 453 13 15 0.027484527 
450 318 17 23 0.027196279 
168 148 16 19 0.027171096 
534 183 15 22 0.027151883 
328 536 16 21 0.026657317 
52 22 22 26 0.026617916 
164 533 18 23 0.026284097 
611 0 14 17 0.025960304 
483 86 15 17 0.025762007 
730 85 16 19 0.025669012 
414 458 16 20 0.025584642 
988 393 15 21 0.025315426 
312 427 15 20 0.025215542 
99 426 13 16 0.02502146 
434 302 20 25 0.024891563 
292 17 19 25 0.024737846 
295 273 10 15 0.024686687 
899 145 13 18 0.024624515 
54 638 17 23 0.024534501 
938 631 14 18 0.024514187 
580 693 15 18 0.024380583 
977 665 18 22 0.024313126 
20 0 14 12 0.02401172 
892 1 14 18 0.023993235 
233 699 15 15 0.023822749 
234 163 13 18 0.023742786 
37 421 16 19 0.023666488 
14 231 15 18 0.023576502 
855 77 12 16 0.023384793 
567 470 18 22 0.02338464 
421 456 19 24 0.023342473 
338 488 14 20 0.023316886 
952 253 16 21 0.023287693 
164 490 12 16 0.023144007 
485 559 17 24 0.023066277 
492 196 16 20 0.023032993 
323 483 14 16 0.02295951 
976 466 18 20 0.022752805 
881 419 17 23 0.022735698 
210 42 18 20 0.022586264 
758 588 16 21 0.022541463 
611 195 15 20 0.022525543 
175 173 15 22 0.022323566 
745 539 18 22 0.022265144 
306 493 14 19 0.022185108 
460 335 15 20 0.022053862 
387 0 16 19 0.021940732 
576 324 16 20 0.021858506 
918 517 23 28 0.021619353 
59 121 12 18 0.02160142 
293 671 18 22 0.021531517 
1003 28 15 18 0.021484736 
898 301 17 21 0.021474464 
170 107 16 19 0.021393972 
901 137 14 19 0.02117698 
471 385 18 22 0.021111682 
2 157 18 27 0.021018779 
951 0 14 13 0.021017164 
976 27 18 23 0.020935893 
157 341 16 20 0.020868339 
562 651 22 27 0.020696972 
728 681 16 19 0.020660195 
360 455 11 14 0.020483397 
94 0 13 10 0.02046563 
122 4 24 24 0.02044737 
492 492 18 23 0.02028288 
210 551 18 22 0.020212343 
453 198 16 20 0.02016844 
489 16 15 17 0.020108953 
995 116 14 20 0.020045953 
971 67 14 19 0.020015115 
