12_Group_Large_Group_12_Group_Large_Group_12_43
25
566 271 36 44 0.99865484 
778 293 31 37 0.998575 
704 268 32 41 0.9983735 
647 272 33 42 0.9979665 
384 280 34 42 0.99785465 
475 269 30 38 0.99783295 
223 233 40 48 0.9978022 
185 208 35 42 0.9977794 
341 216 29 37 0.9975853 
816 251 30 33 0.9974982 
451 223 28 37 0.9972037 
896 281 39 43 0.9971264 
616 234 27 34 0.9971028 
742 251 31 36 0.9962288 
683 214 24 31 0.99389184 
100 237 43 48 0.9928375 
545 248 27 33 0.9920587 
546 208 19 24 0.9867057 
488 206 21 26 0.9863722 
404 202 21 26 0.93938726 
642 220 16 21 0.9133323 
331 197 14 18 0.4061153 
629 224 26 33 0.059855413 
556 257 36 45 0.044661976 
309 211 17 18 0.02684337 
