12_Group_Group_12_Group_Group_12_80
24
873 281 32 40 0.9985384 
641 117 31 38 0.9985077 
931 132 31 40 0.9983316 
768 282 35 45 0.9982729 
468 122 36 41 0.9981937 
348 127 34 39 0.9980719 
595 114 31 37 0.99804616 
804 117 31 37 0.99795914 
303 301 33 40 0.9979175 
71 141 33 41 0.9976107 
282 116 33 41 0.9975217 
836 169 31 38 0.9973482 
406 103 33 40 0.99733967 
132 113 33 40 0.9972166 
221 128 33 39 0.9971902 
523 100 30 37 0.9967781 
706 122 27 35 0.9966672 
652 217 36 46 0.995738 
539 222 37 46 0.99483854 
182 292 40 48 0.9927804 
421 227 34 42 0.9923774 
71 115 12 15 0.032116722 
3 91 9 13 0.022840401 
30 102 8 10 0.02173521 
