12_Group_Group_12_Group_Group_12_843
44
388 491 97 107 0.9988856 
420 239 14 18 0.9319017 
507 228 12 16 0.8960484 
621 203 17 19 0.8904654 
81 426 120 217 0.6690931 
669 262 19 21 0.64424616 
546 223 12 15 0.6185997 
642 219 13 15 0.5060273 
584 192 8 11 0.47832584 
291 489 69 63 0.1454583 
601 206 10 13 0.1267923 
313 452 49 57 0.12058532 
264 223 9 11 0.088772126 
269 224 8 10 0.069846496 
452 313 31 32 0.065560594 
311 200 7 10 0.05429481 
225 229 7 9 0.052319854 
638 213 14 18 0.050497077 
57 324 17 19 0.049940195 
241 216 8 10 0.045708172 
189 732 21 27 0.04351521 
256 224 7 10 0.041619215 
257 230 7 9 0.0361478 
604 211 10 13 0.035797868 
407 269 14 16 0.03434711 
532 237 11 14 0.03271061 
626 198 16 19 0.03265748 
487 253 12 17 0.029036682 
574 239 9 12 0.028349373 
174 214 8 10 0.02795122 
280 230 8 10 0.027682852 
248 222 8 10 0.027211567 
639 191 11 14 0.02626247 
248 205 8 10 0.026128063 
516 304 9 11 0.025539996 
163 252 11 14 0.025096428 
859 579 61 63 0.024003066 
21 226 13 17 0.023833452 
621 252 15 19 0.023576641 
675 255 17 24 0.023027292 
273 205 8 10 0.023014003 
366 190 10 14 0.022459157 
7 187 9 10 0.020597043 
328 198 8 10 0.020029206 
