12_Group_Team_Organized_Group_12_Group_Team_Organized_Group_12_21
19
264 323 39 42 0.99705565 
562 302 25 28 0.99539435 
356 298 26 32 0.9937495 
470 275 22 26 0.9836918 
519 317 23 27 0.8862879 
427 297 13 16 0.47060105 
377 283 20 28 0.23317406 
496 296 22 27 0.14391845 
436 302 11 15 0.10732395 
430 315 14 18 0.08860914 
427 304 16 19 0.07275897 
240 349 13 18 0.060263634 
304 323 13 18 0.04929035 
385 289 13 18 0.043068804 
421 316 14 17 0.039648548 
506 445 10 13 0.035890974 
418 322 14 16 0.022155553 
243 337 25 34 0.021268712 
437 464 11 12 0.020317039 
