12_Group_Group_12_Group_Group_12_367
28
694 351 27 34 0.99764246 
627 356 25 33 0.9969892 
567 325 23 28 0.9965184 
259 365 27 34 0.9962565 
519 339 24 29 0.9962166 
652 323 25 30 0.9959876 
457 356 26 30 0.99580353 
202 342 26 30 0.99565816 
611 291 23 32 0.9946995 
325 366 26 32 0.9946514 
519 285 25 31 0.99438137 
393 343 25 30 0.9933222 
423 283 25 29 0.99327165 
548 372 26 29 0.99302894 
214 298 25 31 0.9919361 
351 294 23 28 0.9915366 
384 271 21 26 0.9891851 
437 333 23 27 0.98714453 
292 263 21 27 0.9866501 
286 307 21 28 0.9851414 
470 281 21 27 0.9802199 
200 259 22 27 0.97991896 
635 265 22 28 0.97681206 
561 281 20 25 0.97056526 
101 375 17 22 0.035592094 
486 359 15 21 0.031797305 
11 269 33 41 0.026556103 
359 383 12 16 0.024268653 
