12_Group_Large_Group_12_Group_Large_Group_12_13
26
570 368 18 22 0.98812556 
117 336 24 28 0.9821032 
866 408 23 28 0.9786975 
356 404 17 23 0.9749526 
904 370 20 25 0.97377646 
729 355 19 22 0.9705117 
477 367 18 22 0.9642822 
680 392 20 27 0.9630312 
232 355 19 24 0.9624061 
636 346 18 23 0.96221447 
804 361 20 25 0.9534468 
517 397 18 23 0.9375843 
407 362 19 23 0.93349147 
312 357 17 21 0.9294535 
164 393 21 25 0.91677713 
374 358 16 19 0.4621547 
67 389 26 30 0.10540961 
162 338 16 21 0.04580415 
205 383 14 21 0.038510054 
211 380 13 20 0.034623113 
433 404 10 14 0.03284063 
700 482 12 14 0.025878625 
367 360 14 19 0.024724428 
54 363 12 15 0.022420548 
379 366 14 18 0.021289973 
220 389 14 17 0.020353202 
