12_Group_Team_Organized_Group_12_Group_Team_Organized_Group_12_442
36
521 181 23 33 0.992941 
455 210 21 28 0.98697335 
759 182 22 29 0.9841818 
810 166 21 34 0.9806295 
199 186 20 28 0.9797706 
245 202 22 31 0.96757454 
26 221 26 30 0.94527507 
970 220 24 26 0.9293329 
379 208 16 29 0.6623714 
669 207 24 30 0.56912863 
628 161 16 25 0.17325604 
880 267 18 23 0.1567697 
147 185 23 32 0.13458292 
258 171 12 17 0.12679468 
126 190 16 26 0.10168458 
550 164 13 17 0.099375285 
606 139 23 30 0.08976764 
661 212 24 32 0.08025463 
310 222 14 17 0.07875277 
122 200 21 29 0.06806848 
978 214 24 29 0.05357616 
680 207 24 29 0.04963768 
143 201 26 29 0.047964882 
866 237 22 32 0.047899023 
32 189 11 16 0.040594485 
572 309 9 12 0.037332837 
873 256 22 28 0.033249393 
807 156 14 21 0.030670274 
562 199 16 21 0.030625422 
752 322 10 13 0.030283699 
601 146 21 32 0.02909898 
548 170 19 28 0.02212492 
618 149 21 31 0.021671252 
976 285 13 18 0.021025585 
27 212 17 23 0.02073029 
155 197 25 31 0.020062098 
