12_Group_Group_12_Group_Group_12_379
38
869 171 31 39 0.99858713 
481 119 31 38 0.9984446 
331 244 33 40 0.99843234 
522 112 29 36 0.99842393 
360 155 29 37 0.9984218 
844 116 32 38 0.99829453 
430 155 34 40 0.9980007 
664 124 29 36 0.9978828 
242 236 31 38 0.9977623 
894 229 33 41 0.99766314 
614 112 28 35 0.9975375 
536 235 32 40 0.9974897 
189 102 34 42 0.99748755 
426 248 32 42 0.9973756 
630 231 35 41 0.9973646 
729 133 27 32 0.99722254 
156 244 31 41 0.99722207 
580 135 30 34 0.9972046 
383 116 28 36 0.9971733 
533 166 32 37 0.9971457 
764 154 28 38 0.99709594 
80 233 34 39 0.99691653 
285 110 28 37 0.99687636 
800 244 31 38 0.9966445 
295 167 28 37 0.99650735 
792 105 27 35 0.9963626 
732 219 35 41 0.9962005 
225 173 29 35 0.9957782 
416 98 30 34 0.99533856 
155 187 31 38 0.9942947 
638 178 27 35 0.99312913 
709 116 21 27 0.20447847 
665 247 23 30 0.17259613 
691 116 23 31 0.09314594 
675 117 28 37 0.07580398 
805 167 15 17 0.04286989 
359 126 21 27 0.04163515 
613 237 25 32 0.028304126 
