12_Group_Group_12_Group_Group_12_227
38
730 269 37 41 0.9989863 
240 276 34 42 0.998968 
298 182 30 37 0.998747 
695 218 31 38 0.99858093 
636 153 33 37 0.99851793 
716 147 31 37 0.9983317 
549 280 32 42 0.99830186 
426 226 30 39 0.9982634 
386 309 35 40 0.99818987 
338 155 28 36 0.9981687 
604 220 33 40 0.9981515 
180 259 37 43 0.9981458 
732 187 29 36 0.9978654 
395 182 31 39 0.9977181 
648 205 31 38 0.9973175 
299 258 34 40 0.9973015 
240 179 29 38 0.9971942 
808 258 33 41 0.99705327 
838 195 29 37 0.9969796 
388 242 37 44 0.9967859 
566 184 28 36 0.99664503 
443 151 30 38 0.9965121 
512 227 30 38 0.99590564 
379 126 27 32 0.9958103 
554 136 27 36 0.99554425 
327 220 31 40 0.99536395 
646 277 31 40 0.9953259 
472 124 27 36 0.99453 
486 200 29 37 0.99397016 
478 273 32 42 0.993284 
591 281 39 52 0.9897453 
49 397 9 12 0.05185101 
5 436 10 14 0.035956576 
1 429 9 14 0.035190746 
784 273 22 29 0.034189984 
38 422 8 10 0.031693596 
6 422 9 11 0.028620778 
2 423 9 13 0.025353825 
