12_Group_Team_Organized_Group_12_Group_Team_Organized_Group_12_83
64
729 385 169 229 0.9991584 
805 223 61 72 0.99627775 
144 285 28 37 0.995793 
302 241 33 46 0.9879693 
400 245 32 41 0.9868233 
109 236 24 34 0.9842913 
29 323 22 27 0.9814311 
730 226 17 20 0.9689395 
961 193 16 21 0.94463223 
38 258 23 26 0.9382034 
904 241 21 31 0.93563515 
556 271 38 33 0.91991365 
210 272 18 24 0.91252035 
997 193 18 22 0.8650329 
93 281 25 33 0.84815997 
8 261 20 27 0.8448082 
918 206 12 15 0.821707 
957 245 15 19 0.7378255 
197 293 22 34 0.70778126 
-1 343 18 36 0.6949245 
184 260 21 28 0.49348098 
144 261 17 23 0.4668528 
14 294 17 25 0.3764241 
1006 237 13 19 0.24149387 
704 259 29 37 0.22899859 
582 264 28 32 0.21166338 
894 212 14 17 0.1955867 
764 221 22 29 0.18425223 
63 262 15 21 0.17726056 
191 266 20 27 0.14011252 
998 245 13 17 0.10977486 
195 249 14 18 0.08653833 
142 270 24 32 0.066655286 
489 502 11 13 0.06626948 
912 209 12 15 0.064003415 
760 212 13 17 0.0634949 
552 128 25 33 0.06325304 
120 242 22 32 0.056516033 
190 253 16 21 0.051074527 
948 235 14 18 0.043050826 
757 217 15 22 0.042097993 
194 281 21 32 0.03933444 
765 236 36 56 0.037099034 
893 239 39 51 0.033641845 
966 285 17 25 0.032750443 
79 259 13 17 0.03220587 
149 239 14 18 0.031573996 
204 285 23 31 0.030816723 
899 207 13 17 0.02960234 
717 222 11 15 0.02929415 
223 256 14 17 0.029210579 
549 229 13 18 0.028460007 
394 288 19 22 0.027151821 
916 214 15 18 0.025985138 
128 253 20 27 0.024361847 
994 250 12 15 0.023305478 
219 235 12 14 0.02322128 
782 88 15 18 0.022914385 
751 225 10 16 0.022622542 
911 217 13 17 0.021860603 
203 250 13 16 0.021825604 
823 137 8 10 0.021020725 
30 260 14 19 0.020904627 
763 240 16 25 0.020083738 
