12_Group_Team_Organized_Group_12_Group_Team_Organized_Group_12_60
18
660 115 58 65 0.99951684 
822 73 59 70 0.9993436 
195 185 50 59 0.9982948 
300 157 34 40 0.9980896 
520 233 56 76 0.99801457 
520 153 47 60 0.99784756 
367 168 46 56 0.997246 
417 257 51 69 0.9968477 
653 182 58 74 0.99672395 
112 156 46 52 0.99620974 
445 170 37 47 0.99545836 
14 180 52 56 0.99528295 
185 150 37 40 0.9947187 
594 151 40 47 0.9930195 
923 1 77 59 0.99244 
759 124 42 43 0.992299 
656 151 57 72 0.058119953 
108 588 12 16 0.024825955 
