12_Group_Team_Organized_Group_12_Group_Team_Organized_Group_12_186
61
970 342 30 39 0.99820316 
112 172 28 36 0.99818075 
824 198 30 37 0.9980635 
716 353 29 35 0.9980615 
224 203 28 36 0.9980374 
146 191 30 36 0.99785775 
200 359 32 40 0.9976922 
14 180 30 38 0.99768996 
192 175 27 36 0.99766636 
860 326 30 39 0.99762195 
309 382 28 36 0.9975815 
367 192 26 33 0.9971661 
69 156 31 39 0.99713755 
469 308 28 37 0.99705577 
674 196 27 31 0.99700123 
327 156 24 33 0.9969791 
163 146 27 32 0.99689627 
401 145 25 35 0.9968868 
252 146 24 29 0.996581 
448 393 31 37 0.99654394 
901 194 28 33 0.9965391 
516 194 24 30 0.99622333 
755 224 26 36 0.99619544 
657 368 27 34 0.9961299 
339 313 26 31 0.9960939 
559 196 26 32 0.9957217 
396 369 26 34 0.9955707 
530 344 27 35 0.9954 
601 186 25 33 0.9950336 
624 204 26 30 0.99502003 
495 165 23 29 0.99412006 
762 156 24 29 0.9937784 
598 361 27 35 0.993551 
268 196 27 33 0.99336445 
297 270 27 34 0.992924 
460 191 26 31 0.9926891 
583 155 24 30 0.9918933 
719 174 24 32 0.9912089 
364 158 25 31 0.98819214 
675 156 21 26 0.9881495 
697 217 26 35 0.98747873 
723 143 22 26 0.9849031 
575 111 21 29 0.97866994 
284 168 23 27 0.97605455 
449 162 21 27 0.9673527 
513 102 19 25 0.9625801 
547 182 16 22 0.30538383 
429 154 17 22 0.1784832 
419 340 16 21 0.1763214 
776 447 29 34 0.12855098 
977 309 15 18 0.102331966 
342 387 15 20 0.04888901 
852 202 21 28 0.035181295 
220 163 23 29 0.034863934 
330 381 23 31 0.032884616 
960 335 23 32 0.03200935 
388 459 19 22 0.029346956 
446 481 28 27 0.026300395 
683 204 25 31 0.025740037 
620 150 17 21 0.023323305 
979 291 13 16 0.020716837 
