12_Group_Group_12_Group_Group_12_59
19
806 148 27 35 0.9966922 
592 121 26 34 0.9966112 
173 108 25 38 0.9888727 
520 90 24 31 0.98370713 
118 89 22 30 0.9764989 
273 84 21 29 0.9755054 
416 84 19 24 0.95634425 
744 174 24 33 0.9350728 
395 125 22 26 0.7316791 
233 241 44 61 0.28760698 
468 68 16 19 0.19350183 
390 123 15 21 0.10232352 
303 515 56 85 0.075806424 
488 131 13 17 0.057168994 
383 119 13 20 0.048195027 
533 139 28 34 0.047934335 
780 179 26 35 0.02485031 
753 179 29 37 0.022960095 
132 131 208 236 0.022913042 
