12_Group_Team_Organized_Group_12_Group_Team_Organized_Group_12_500
18
587 150 108 145 0.99978286 
873 163 116 167 0.9994784 
224 161 105 123 0.99936396 
390 116 145 186 0.9972434 
937 71 89 126 0.9712678 
92 243 28 35 0.6614501 
912 107 91 154 0.2945103 
724 224 33 43 0.079103515 
49 253 17 24 0.077086516 
83 248 26 34 0.06597725 
70 252 21 28 0.061952077 
59 251 19 28 0.051299933 
40 259 22 28 0.03664446 
123 254 29 43 0.03344437 
732 193 99 128 0.031392243 
153 222 44 64 0.028150272 
32 266 24 30 0.022412097 
107 247 33 42 0.02150391 
