12_Group_Team_Organized_Group_12_Group_Team_Organized_Group_12_685
131
404 162 63 77 0.9992624 
648 983 63 74 0.9991541 
421 987 59 65 0.9971867 
534 987 49 66 0.99585754 
646 775 26 33 0.99118716 
680 719 24 31 0.99107295 
565 766 25 34 0.9902767 
755 864 27 33 0.98985237 
90 631 25 32 0.9885007 
854 858 27 35 0.98756105 
803 770 23 31 0.9871597 
167 764 23 30 0.98587066 
730 758 25 32 0.9855461 
643 871 24 29 0.98088044 
26 640 22 29 0.9781807 
623 658 23 28 0.97679126 
753 714 24 27 0.9760834 
326 760 25 32 0.9739381 
77 754 23 31 0.97350466 
705 664 23 29 0.9727647 
566 652 23 30 0.9721467 
305 860 26 30 0.9682276 
947 616 22 28 0.9679809 
592 608 22 28 0.96493226 
148 1025 88 58 0.9631538 
604 719 23 31 0.9574564 
492 864 26 31 0.9569766 
277 640 25 31 0.95346415 
537 718 24 28 0.9500925 
659 607 22 28 0.9358534 
960 567 22 26 0.9146154 
360 646 22 30 0.8918674 
904 569 20 28 0.8508903 
484 654 23 27 0.81758106 
395 764 21 28 0.80973005 
191 599 20 24 0.7422467 
518 608 22 27 0.71672827 
668 662 21 26 0.5773455 
424 615 27 31 0.5600418 
91 810 20 22 0.40835953 
272 1008 34 51 0.3455156 
132 529 18 20 0.34412935 
443 696 21 28 0.24364258 
850 756 29 37 0.22531746 
115 831 17 23 0.22426118 
306 601 22 28 0.19549996 
105 730 18 23 0.16552891 
130 751 22 27 0.14942282 
240 751 18 24 0.13038234 
881 585 17 19 0.12760559 
661 702 21 26 0.12620056 
150 491 18 21 0.12110457 
1007 679 17 28 0.11295608 
207 682 25 29 0.10885773 
166 478 16 22 0.10740184 
42 739 24 29 0.10285495 
689 632 22 27 0.100511976 
229 616 22 29 0.08911361 
204 511 21 28 0.08660035 
471 764 24 32 0.08341094 
387 980 53 62 0.08170819 
582 842 23 25 0.07947313 
411 792 23 27 0.07805717 
555 896 26 29 0.07659896 
263 569 14 18 0.06722261 
488 684 19 23 0.065152906 
173 538 18 21 0.06439445 
872 703 29 38 0.06281372 
268 617 16 20 0.06203056 
618 619 23 28 0.060650714 
893 653 25 31 0.05992019 
428 778 23 28 0.054437026 
875 871 24 31 0.05379049 
1006 557 17 23 0.05023431 
965 830 28 32 0.0474195 
251 589 15 21 0.04618959 
155 480 21 27 0.046082493 
895 573 21 27 0.04539671 
436 906 30 41 0.044479325 
200 596 18 24 0.04424359 
940 766 26 31 0.042965576 
472 618 25 32 0.042811453 
549 622 22 27 0.042430863 
15 753 17 20 0.04086653 
769 768 19 23 0.038700808 
245 753 22 30 0.037191324 
514 689 21 23 0.036958948 
444 821 39 42 0.033706814 
187 496 16 18 0.033691984 
150 1096 64 51 0.032873157 
422 794 24 30 0.03256104 
256 795 25 32 0.0324179 
401 779 25 30 0.032333333 
167 883 21 27 0.031743046 
766 640 24 31 0.031730134 
896 824 30 34 0.030793674 
369 836 21 30 0.030537073 
538 616 23 29 0.030358883 
279 711 20 23 0.029775286 
64 815 22 27 0.029541232 
949 881 34 40 0.028849002 
354 713 24 30 0.02822266 
110 858 16 19 0.028213691 
628 882 23 30 0.027858702 
123 673 17 23 0.027731061 
931 879 31 38 0.026804896 
349 850 18 21 0.02676979 
444 885 43 54 0.02629022 
101 586 21 34 0.025651827 
253 765 23 28 0.025091577 
209 467 13 16 0.024884734 
471 871 41 51 0.024420291 
68 618 14 18 0.02435728 
233 566 22 26 0.02420283 
808 631 24 30 0.023722816 
171 546 18 26 0.023491343 
151 520 16 18 0.023194298 
0 835 12 20 0.022593232 
949 941 16 19 0.022542786 
268 623 22 29 0.022207659 
131 707 16 20 0.022207301 
266 1067 43 51 0.022114104 
522 657 22 26 0.02168305 
140 497 13 18 0.021191517 
183 492 14 17 0.02111997 
35 741 20 23 0.020919122 
363 752 18 23 0.020880716 
429 799 31 37 0.020730559 
166 728 23 28 0.020525651 
899 613 18 23 0.020239564 
858 699 29 36 0.020169267 
