12_Group_Large_Group_12_Group_Large_Group_12_315
193
753 267 31 39 0.9978205 
579 407 33 42 0.99712557 
495 380 31 37 0.99680173 
693 412 35 39 0.9966737 
682 275 27 33 0.99605113 
601 302 25 32 0.99549305 
807 385 38 48 0.9950637 
367 359 26 31 0.9946406 
535 332 22 29 0.99386615 
181 408 24 31 0.99372584 
648 305 28 35 0.99285924 
793 259 28 34 0.9915564 
116 423 27 34 0.9910651 
257 409 24 32 0.9885483 
479 331 22 27 0.988283 
898 351 17 21 0.9852293 
498 271 18 21 0.98482794 
228 334 20 26 0.98265946 
475 262 15 19 0.9824569 
453 282 15 18 0.981779 
490 304 17 22 0.98075485 
396 258 15 18 0.9806691 
156 341 21 26 0.98051596 
335 382 21 26 0.9803954 
322 349 18 22 0.97780424 
386 288 17 22 0.9775727 
371 319 18 24 0.97721714 
187 341 21 26 0.9740737 
118 346 23 26 0.97348773 
953 386 17 20 0.9732835 
404 297 17 20 0.973019 
949 449 20 27 0.9714721 
381 270 14 17 0.9632276 
926 408 20 27 0.9628532 
504 315 21 26 0.96067905 
354 279 15 19 0.96016186 
881 393 22 27 0.95796204 
414 266 14 18 0.95731777 
294 359 20 25 0.95640147 
287 315 16 21 0.9459033 
862 411 21 27 0.9457306 
191 316 21 24 0.9413033 
554 236 14 19 0.92956144 
436 225 13 16 0.9256272 
446 262 12 16 0.92388695 
266 339 18 24 0.92375195 
429 349 19 24 0.91197485 
455 215 12 14 0.90565246 
420 241 12 16 0.90496427 
311 278 16 21 0.9020495 
570 239 13 17 0.8946463 
348 309 19 22 0.89270055 
447 330 18 22 0.8917089 
481 219 12 17 0.890147 
431 315 15 18 0.8894113 
456 232 13 16 0.8809862 
389 315 16 20 0.8755322 
594 188 9 11 0.87249225 
884 420 20 23 0.86853844 
507 231 12 14 0.8670318 
209 340 17 23 0.85729796 
537 254 14 18 0.8405874 
495 242 13 16 0.83745193 
134 328 18 21 0.8157185 
608 203 10 13 0.8083836 
580 219 12 16 0.79583454 
519 210 11 14 0.7944909 
535 212 11 14 0.76851386 
527 235 12 14 0.75814325 
839 61 9 11 0.75100946 
219 335 19 25 0.725968 
752 132 8 10 0.67661166 
613 218 11 14 0.66961527 
566 201 8 10 0.63866717 
319 324 18 20 0.5924898 
832 78 8 10 0.5768205 
681 163 9 11 0.5669281 
499 215 10 12 0.5601618 
596 216 10 13 0.5599641 
798 137 8 10 0.54728544 
553 212 10 14 0.5470043 
655 164 9 11 0.50734586 
659 184 9 13 0.4932313 
706 144 9 12 0.4875696 
694 172 8 11 0.46784547 
723 136 9 10 0.46763363 
612 166 9 11 0.450014 
681 148 7 9 0.44891337 
695 142 8 10 0.4336805 
669 168 9 11 0.4085551 
665 145 8 10 0.39287254 
612 184 9 12 0.3772347 
476 242 11 15 0.33558992 
974 431 18 21 0.32392305 
774 139 7 9 0.31318203 
614 255 15 18 0.2818727 
812 130 8 9 0.26850146 
730 150 8 11 0.25998673 
778 157 9 11 0.18396728 
293 418 19 20 0.16539855 
828 127 8 10 0.12985618 
572 280 13 17 0.11656661 
592 219 11 14 0.11382673 
514 246 11 13 0.11330357 
685 165 8 11 0.11143431 
694 195 9 10 0.10004558 
665 166 9 12 0.0959362 
835 94 8 11 0.090701066 
709 167 9 11 0.08952235 
503 233 12 15 0.086815104 
251 343 15 21 0.08319907 
429 326 17 20 0.07917789 
684 149 8 11 0.06788716 
639 207 12 16 0.067853644 
837 115 9 11 0.06254645 
909 395 17 20 0.06078166 
498 251 13 16 0.060550492 
558 206 10 12 0.060080566 
511 251 13 16 0.059792146 
670 149 9 10 0.059583455 
567 215 10 12 0.058860444 
575 203 9 11 0.05709564 
524 211 10 14 0.055580966 
704 167 9 11 0.054616656 
583 204 8 10 0.054069642 
771 140 8 11 0.05395193 
557 218 11 13 0.05263529 
830 144 8 9 0.050687965 
605 258 14 17 0.049540415 
443 227 12 15 0.049498983 
472 240 11 13 0.049336225 
792 156 8 11 0.046454523 
783 177 7 10 0.045664404 
613 161 9 11 0.044433054 
736 175 7 9 0.04391626 
689 195 9 12 0.04320421 
666 171 9 12 0.039908215 
543 229 9 12 0.03924672 
669 144 8 10 0.036933005 
743 168 8 10 0.036841545 
597 185 9 11 0.03644205 
462 253 10 14 0.036417194 
562 310 14 17 0.034915626 
541 220 10 13 0.034218147 
485 243 13 15 0.032880742 
521 237 10 13 0.032439098 
736 168 8 10 0.032189943 
601 205 10 13 0.031593036 
459 489 15 17 0.03130217 
743 173 7 10 0.030970054 
834 118 8 10 0.030575903 
695 148 9 12 0.030556004 
611 264 16 19 0.030318452 
440 284 12 16 0.030190062 
566 220 10 13 0.030136114 
423 296 13 18 0.03005877 
744 150 8 11 0.029826486 
608 212 12 14 0.0288827 
840 126 8 11 0.028620109 
794 140 8 11 0.028031478 
710 183 9 10 0.02791998 
751 141 9 11 0.027871203 
751 149 8 11 0.027173419 
825 143 8 9 0.02669703 
734 155 9 12 0.026507363 
777 163 9 12 0.026068674 
876 416 16 21 0.026004102 
606 230 11 14 0.02595859 
798 157 8 10 0.025686368 
592 227 10 14 0.025207354 
729 155 9 12 0.024912506 
654 171 10 13 0.024634859 
630 211 13 16 0.024620373 
494 258 14 15 0.0246181 
697 158 8 10 0.024272313 
570 287 16 20 0.024098024 
814 159 10 12 0.023805086 
835 113 7 10 0.023379283 
450 214 11 13 0.023311475 
893 416 20 25 0.023108104 
597 229 11 13 0.02298764 
905 410 15 20 0.022715788 
743 159 8 10 0.022543954 
380 316 17 22 0.022516074 
496 228 10 13 0.022349885 
510 223 11 15 0.022234295 
846 136 7 10 0.022043198 
712 192 9 11 0.02143838 
622 229 11 14 0.02093062 
678 183 10 11 0.020900184 
815 143 8 10 0.020129863 
619 220 11 14 0.020097032 
678 190 11 13 0.020058729 
