12_Group_Group_12_Group_Group_12_249
20
492 564 72 78 0.9992514 
404 389 48 61 0.9982748 
139 12 75 78 0.9978536 
342 281 55 58 0.99659854 
937 552 37 39 0.9938486 
456 198 43 45 0.9870443 
765 411 28 31 0.98478174 
464 137 39 42 0.9827946 
882 532 34 36 0.9824463 
823 419 37 38 0.9811368 
880 479 38 37 0.97470325 
587 308 42 43 0.9681497 
741 362 30 33 0.9664296 
617 370 46 54 0.96591574 
554 251 41 45 0.9610704 
977 607 43 42 0.9587793 
514 203 44 45 0.92911196 
723 333 25 28 0.6795212 
325 108 42 46 0.03782547 
298 277 33 42 0.023597535 
