12_Group_Team_Organized_Group_12_Group_Team_Organized_Group_12_583
37
813 293 61 73 0.9956944 
920 245 40 47 0.98851997 
570 220 25 33 0.9854789 
256 227 55 55 0.98525685 
829 223 28 36 0.97493446 
143 42 34 40 0.9720923 
830 172 24 31 0.9709579 
435 215 23 31 0.9614057 
524 281 39 51 0.96040463 
667 192 26 32 0.9603715 
702 143 21 27 0.9468514 
992 153 26 33 0.9283787 
394 176 20 25 0.92729956 
535 135 22 28 0.90818757 
362 74 19 24 0.8201884 
460 236 26 34 0.54009736 
612 153 29 33 0.34785634 
483 60 23 28 0.30618548 
762 138 16 20 0.20902452 
260 64 19 21 0.17124146 
489 99 27 32 0.16045466 
546 223 22 28 0.14217873 
614 127 21 22 0.1189191 
853 71 16 19 0.070498206 
651 136 18 22 0.0693868 
853 200 18 22 0.059136182 
758 144 23 28 0.054277103 
615 116 26 28 0.050636675 
873 161 21 30 0.034038633 
588 176 26 31 0.029521251 
50 9 41 46 0.02807481 
689 305 46 46 0.02745262 
0 7 17 36 0.026939325 
445 281 24 24 0.022633465 
769 134 14 18 0.021834895 
498 89 24 30 0.021769445 
616 145 22 25 0.021520922 
