12_Group_Large_Group_12_Group_Large_Group_12_849
33
212 221 15 17 0.95144707 
780 339 16 22 0.90992945 
434 303 16 20 0.7259582 
398 326 14 17 0.6100655 
644 356 18 22 0.5858033 
136 225 11 15 0.26920694 
821 325 36 31 0.2086509 
304 324 16 18 0.11077803 
654 356 19 20 0.0958541 
389 325 13 16 0.07939113 
175 245 10 12 0.07266234 
385 326 10 14 0.06514659 
159 215 11 15 0.05743812 
298 328 18 18 0.051768392 
208 160 12 17 0.044889294 
284 366 12 15 0.038255412 
764 429 37 38 0.0369801 
180 264 11 13 0.03626437 
291 331 17 18 0.03572562 
378 375 35 44 0.02853692 
803 344 21 30 0.02843604 
255 237 11 13 0.027154176 
813 333 23 33 0.02602316 
820 329 20 22 0.025175318 
388 340 13 15 0.02460884 
187 210 13 17 0.024373313 
135 213 10 13 0.023090389 
196 247 12 15 0.022781786 
192 253 13 14 0.022714302 
127 212 10 12 0.022183457 
137 258 18 20 0.021123283 
396 321 13 17 0.020423744 
646 449 27 42 0.020109648 
