12_Group_Team_Organized_Group_12_Group_Team_Organized_Group_12_171
35
94 181 51 67 0.9982408 
582 235 23 30 0.9968765 
357 291 28 31 0.9948836 
411 255 25 30 0.990076 
491 248 23 28 0.9887709 
283 248 27 29 0.97488755 
646 223 24 28 0.96674633 
725 230 15 23 0.9510672 
192 254 31 31 0.7762412 
850 235 15 23 0.7660723 
464 271 11 13 0.25854087 
531 355 19 28 0.1756578 
0 315 24 36 0.174321 
835 242 15 20 0.07365415 
211 250 16 24 0.06658654 
386 261 13 17 0.061880272 
830 243 12 16 0.05565918 
847 232 12 19 0.05214931 
605 243 16 22 0.048573323 
936 206 7 10 0.0451881 
729 237 16 20 0.041421626 
533 290 22 29 0.035490535 
39 226 43 53 0.033031352 
840 235 19 26 0.032880194 
67 230 28 32 0.032279607 
606 226 17 20 0.029954612 
941 212 8 11 0.029258352 
829 251 13 15 0.028204884 
826 245 9 12 0.027810412 
181 225 18 22 0.025954802 
933 200 9 11 0.024333494 
320 136 11 12 0.023780271 
930 205 7 10 0.023569783 
210 256 23 31 0.022833044 
575 208 16 20 0.020994173 
