12_Group_Team_Organized_Group_12_Group_Team_Organized_Group_12_418
312
404 260 23 32 0.9953725 
301 368 26 32 0.9951314 
470 375 24 33 0.9899755 
167 354 23 30 0.9892775 
237 349 23 29 0.9836271 
258 224 17 21 0.9822957 
717 213 16 21 0.98170644 
394 403 22 28 0.9814237 
189 186 15 20 0.9813378 
634 363 23 28 0.98121464 
316 281 23 29 0.9802931 
657 304 21 28 0.9801774 
154 171 16 19 0.97927 
559 369 23 27 0.9785559 
508 210 18 21 0.97740436 
667 211 16 21 0.9752702 
28 209 21 25 0.9700266 
205 204 17 22 0.9695566 
621 217 16 19 0.9695413 
514 287 21 28 0.9692299 
305 204 18 23 0.9675493 
563 220 16 22 0.9671387 
405 163 14 16 0.96466243 
380 144 13 17 0.9564679 
91 185 16 21 0.95395154 
134 193 17 20 0.9530109 
248 185 16 19 0.95181334 
456 218 16 20 0.93839896 
620 170 13 16 0.9363021 
404 190 14 18 0.9344647 
149 216 19 22 0.93220407 
698 187 13 17 0.93069994 
600 194 15 19 0.91853327 
310 182 14 16 0.91665334 
361 228 15 19 0.9159435 
805 181 19 24 0.9125556 
749 199 14 19 0.91094327 
649 188 14 17 0.90990067 
94 228 16 20 0.9009953 
552 185 14 18 0.89829844 
325 141 12 15 0.89013416 
406 220 17 21 0.8877866 
461 138 13 15 0.88529086 
578 171 13 16 0.8842325 
207 167 14 18 0.8736826 
268 135 13 16 0.84409386 
271 157 13 17 0.8430775 
484 155 12 15 0.84014726 
651 107 12 16 0.8364145 
450 187 15 18 0.83234745 
498 189 15 17 0.8151365 
412 75 11 14 0.8088006 
122 141 14 17 0.78155 
320 84 14 17 0.7804894 
103 173 15 18 0.7633342 
360 139 13 17 0.73942095 
427 143 12 14 0.71903485 
494 168 13 16 0.7133605 
598 162 12 14 0.6889683 
283 87 12 15 0.6806365 
307 159 13 16 0.6761602 
670 167 12 16 0.65548116 
645 159 12 14 0.6521988 
514 155 13 16 0.6053567 
522 176 13 17 0.5901133 
222 156 12 15 0.56432563 
356 189 15 19 0.5630503 
241 77 11 14 0.55543023 
254 163 12 14 0.5506625 
357 178 16 18 0.5493415 
451 159 13 17 0.5297842 
553 158 11 15 0.49749264 
532 144 11 13 0.4959865 
577 142 11 13 0.4197397 
295 36 10 13 0.40237883 
301 53 9 12 0.39746776 
306 141 13 16 0.37505004 
611 144 10 13 0.37467274 
503 143 10 14 0.3485749 
605 98 11 14 0.312576 
268 69 10 12 0.27347672 
368 123 12 14 0.2678869 
249 62 8 9 0.26470098 
431 478 9 12 0.26382127 
179 151 12 15 0.2598871 
423 146 12 16 0.23762996 
374 82 11 14 0.22920646 
342 223 16 19 0.22452672 
139 147 11 14 0.2207461 
78 181 11 15 0.20172352 
592 248 16 20 0.170468 
249 292 18 22 0.1597052 
550 135 10 12 0.15107532 
582 125 9 11 0.14372537 
533 157 10 13 0.14318946 
217 63 9 11 0.13972043 
696 203 12 14 0.12290639 
193 85 9 11 0.122434646 
433 159 11 14 0.11254239 
373 94 10 12 0.1075488 
621 130 10 13 0.10422714 
202 101 9 10 0.09958964 
418 94 8 10 0.096513495 
637 176 10 13 0.093730226 
90 309 15 18 0.08693337 
583 157 9 11 0.086102135 
305 78 10 14 0.08491714 
449 37 9 12 0.08370946 
208 64 8 11 0.074274994 
182 101 8 11 0.07426162 
309 82 10 13 0.07306697 
349 142 10 13 0.07233417 
648 79 9 11 0.068208106 
580 147 11 12 0.066768534 
352 457 12 16 0.066021904 
509 150 12 14 0.06602122 
420 155 11 13 0.064890906 
342 149 12 16 0.063215055 
223 83 11 15 0.06161016 
633 159 9 12 0.061062034 
639 69 8 11 0.060977966 
655 166 9 12 0.060634885 
473 123 10 13 0.059783343 
601 99 10 13 0.05929439 
628 172 12 15 0.05857326 
603 159 11 14 0.058379367 
227 76 10 14 0.058145512 
267 197 15 18 0.05810051 
697 165 9 11 0.057725694 
672 157 10 12 0.057581685 
552 125 10 13 0.055780202 
678 293 15 21 0.055131346 
449 133 9 12 0.055038575 
529 132 9 12 0.05321596 
358 165 12 14 0.053200725 
390 92 9 11 0.0523478 
416 151 12 14 0.052184984 
168 517 14 16 0.051993914 
192 79 10 12 0.051831286 
517 86 10 14 0.051027726 
175 165 12 15 0.04985063 
1 162 10 17 0.049609832 
341 174 12 15 0.049244165 
134 143 11 14 0.049031686 
641 163 11 14 0.048774637 
592 158 10 12 0.04858994 
217 141 9 11 0.04798702 
623 141 9 12 0.047760632 
502 63 10 13 0.046802435 
685 189 11 15 0.046594 
321 101 11 12 0.04571713 
558 95 10 13 0.045469306 
176 38 8 10 0.04477049 
527 166 11 13 0.044020258 
369 93 10 12 0.04381234 
207 80 9 11 0.043492947 
268 101 11 14 0.04299362 
390 85 10 13 0.042839497 
245 94 8 11 0.042323433 
135 251 19 22 0.042097267 
436 61 9 11 0.04171186 
191 111 8 11 0.04167092 
216 84 10 12 0.041263837 
420 125 11 13 0.040213495 
422 119 10 13 0.03960469 
304 71 9 12 0.03941153 
487 99 10 14 0.03902606 
207 125 9 11 0.03899381 
568 101 8 11 0.03861863 
454 37 9 12 0.038272727 
388 164 11 13 0.0382121 
225 71 9 12 0.038147923 
438 55 9 11 0.037855428 
702 159 9 11 0.03769973 
664 166 11 14 0.037160695 
342 70 8 11 0.0367297 
303 271 21 27 0.0364731 
92 250 13 16 0.036467902 
266 65 9 11 0.03621854 
488 63 7 10 0.035844836 
420 164 11 15 0.035824694 
543 157 10 12 0.03568715 
84 181 15 19 0.035596468 
385 47 10 12 0.03553186 
688 182 11 14 0.0353824 
381 82 11 14 0.03524635 
445 140 10 13 0.035076633 
633 149 9 11 0.034681328 
463 95 10 13 0.03440799 
590 150 8 11 0.034375127 
214 66 9 11 0.03421248 
688 94 11 15 0.03411029 
471 55 8 11 0.03371446 
687 84 8 11 0.033713553 
704 456 7 9 0.033668023 
480 45 8 10 0.033385694 
439 189 12 16 0.03317394 
179 170 13 17 0.03296337 
454 54 9 11 0.032961074 
438 140 10 13 0.03291501 
184 125 10 12 0.032880846 
320 8 9 11 0.03285105 
636 87 11 14 0.032639902 
311 41 8 10 0.032579176 
575 156 10 11 0.03257236 
591 141 9 12 0.032434043 
689 149 9 11 0.03208703 
542 149 10 12 0.031976733 
653 80 9 12 0.031817716 
134 110 8 10 0.03178518 
450 128 9 12 0.031740293 
550 150 10 12 0.03163571 
325 359 13 18 0.031378094 
458 299 17 21 0.03126264 
472 100 9 12 0.030897494 
372 18 10 13 0.030799124 
381 127 11 13 0.030713536 
566 157 9 13 0.030665183 
650 205 12 14 0.030146504 
565 163 10 14 0.02974546 
346 233 13 19 0.029707186 
248 57 8 10 0.029393569 
622 149 10 12 0.029372487 
184 108 10 12 0.02907009 
694 184 13 16 0.029064735 
542 165 10 13 0.028993418 
400 61 8 11 0.02891366 
198 79 9 11 0.028569313 
503 135 9 11 0.02850405 
481 55 8 11 0.028447647 
434 475 11 14 0.02824952 
724 254 17 23 0.028050724 
63 276 14 18 0.027531164 
496 119 9 12 0.0274157 
368 84 10 13 0.027106248 
479 101 9 12 0.027103469 
343 63 9 12 0.026832469 
371 119 11 14 0.026782837 
580 135 11 14 0.026719326 
313 44 8 11 0.026609913 
120 53 8 11 0.026426997 
599 443 14 17 0.026344826 
592 96 8 11 0.026152337 
310 92 10 14 0.026095703 
487 46 8 10 0.025617912 
332 54 10 12 0.025317688 
384 70 9 11 0.025140932 
486 55 8 10 0.025121666 
649 83 9 12 0.025038056 
566 95 9 12 0.024959333 
583 93 9 12 0.024849527 
640 76 9 11 0.024825102 
695 135 7 10 0.024773186 
190 70 10 12 0.024627136 
672 154 8 10 0.02443109 
629 164 12 14 0.024085168 
455 87 8 9 0.02405334 
361 78 9 12 0.023986526 
498 141 10 13 0.023979438 
491 158 12 14 0.02397039 
281 63 8 10 0.023951698 
497 63 9 11 0.023779513 
350 155 11 14 0.023743697 
458 187 13 18 0.023428649 
494 102 9 11 0.023388753 
401 44 8 11 0.023329187 
674 463 9 10 0.023257442 
497 110 9 11 0.023185626 
455 133 10 13 0.023080494 
663 133 12 14 0.02306672 
637 148 9 12 0.022975348 
209 22 9 11 0.022913933 
414 82 10 13 0.022883696 
170 134 9 12 0.022851488 
264 157 13 17 0.022837173 
405 141 11 13 0.022742165 
478 197 13 17 0.022598216 
622 158 11 13 0.022524519 
326 13 8 11 0.02251776 
614 157 10 12 0.022498304 
207 147 12 14 0.022430293 
28 184 12 16 0.022418845 
631 142 9 12 0.0224154 
324 80 13 16 0.02226168 
112 173 14 16 0.02225871 
473 60 8 11 0.022182046 
613 100 9 12 0.02212287 
432 55 10 12 0.021937937 
633 110 9 11 0.021898296 
479 60 9 11 0.021864872 
577 85 9 12 0.02173556 
581 87 8 11 0.021688126 
478 40 8 11 0.021671623 
465 54 8 11 0.021533672 
213 149 11 14 0.021381916 
257 29 8 10 0.02116358 
566 173 12 14 0.0211357 
681 83 9 12 0.021127362 
301 31 11 14 0.021093508 
653 158 10 13 0.02108872 
628 345 14 19 0.020996492 
198 110 9 11 0.020857653 
360 86 10 12 0.020734886 
358 106 14 16 0.020718306 
509 173 12 15 0.020699494 
431 37 9 12 0.020640088 
422 101 9 11 0.020582603 
679 192 13 17 0.020514686 
279 71 8 11 0.020285746 
188 463 14 16 0.020157643 
294 92 11 13 0.020142928 
718 113 8 10 0.020102857 
