12_Group_Team_Organized_Group_12_Group_Team_Organized_Group_12_617
70
903 193 51 47 0.9978072 
194 190 51 64 0.99726427 
563 155 40 51 0.99028134 
67 202 24 28 0.98531854 
756 168 17 22 0.975687 
277 178 14 18 0.96499866 
653 156 17 22 0.9639093 
804 159 19 28 0.9511814 
358 227 20 29 0.9446221 
847 131 19 26 0.9151293 
694 176 8 10 0.8408177 
137 201 25 40 0.8204077 
980 158 16 21 0.7766394 
714 155 14 19 0.7511157 
400 196 10 13 0.74670607 
633 166 10 13 0.69158155 
350 172 12 15 0.57427025 
388 159 11 14 0.5735995 
277 230 16 23 0.569604 
963 172 21 27 0.5141652 
349 178 11 14 0.50092256 
511 189 7 9 0.39727107 
296 167 12 16 0.2849607 
306 224 14 20 0.27674967 
259 222 20 27 0.26361865 
736 156 13 19 0.18930376 
440 200 8 11 0.166406 
395 177 11 15 0.1658721 
0 195 12 22 0.11303623 
311 158 8 10 0.10579021 
269 228 15 25 0.09894888 
102 209 23 29 0.07828989 
346 174 10 14 0.07076798 
501 199 7 9 0.06561571 
716 165 16 21 0.05765483 
36 206 12 14 0.05655186 
49 185 9 12 0.05644579 
399 202 10 13 0.048430692 
47 289 13 16 0.048153184 
251 191 23 30 0.044887833 
252 203 23 35 0.04463504 
34 316 34 51 0.042559814 
784 200 11 15 0.039380603 
506 191 8 10 0.03754369 
742 464 10 14 0.037014607 
671 201 13 16 0.03261339 
431 191 8 10 0.032566383 
242 218 21 32 0.032182194 
335 261 11 13 0.02868378 
347 196 13 14 0.028602641 
353 166 12 16 0.028513687 
305 160 9 12 0.028400762 
767 157 12 14 0.027557014 
349 186 11 13 0.026250973 
3 194 20 27 0.024421396 
409 214 7 10 0.024020977 
444 205 8 9 0.023905203 
166 187 46 60 0.02381858 
722 156 15 19 0.023474501 
309 165 9 13 0.02342229 
101 203 14 19 0.023182182 
622 181 14 20 0.022191025 
11 248 23 35 0.02217489 
225 212 27 41 0.021892313 
396 159 9 12 0.021738745 
434 197 8 11 0.021517998 
624 174 12 15 0.020834906 
238 232 13 19 0.020656954 
502 205 8 11 0.020656183 
120 179 9 12 0.02042497 
