12_Group_Team_Organized_Group_12_Group_Team_Organized_Group_12_707
93
491 283 34 41 0.9986895 
299 159 32 44 0.99800485 
210 154 35 45 0.9979267 
388 270 32 42 0.9979075 
718 300 38 47 0.9973375 
501 137 34 46 0.9972843 
279 256 34 46 0.9967449 
684 149 35 46 0.9962036 
388 162 36 44 0.99582833 
179 270 40 49 0.9952041 
605 139 31 41 0.99421716 
600 273 40 50 0.99370754 
793 125 40 46 0.99212635 
551 141 9 11 0.20945975 
56 124 7 9 0.15414648 
187 133 8 10 0.10163862 
465 30 7 8 0.09628133 
630 107 14 24 0.094755344 
55 190 7 9 0.08415925 
119 162 7 10 0.083981276 
39 143 8 10 0.07167498 
503 30 7 8 0.07117228 
416 130 9 12 0.06532874 
72 150 7 9 0.054007053 
386 100 8 10 0.05347142 
362 91 8 10 0.05001709 
2 172 8 12 0.04952432 
0 117 9 13 0.047003232 
463 85 7 10 0.04665793 
26 127 7 9 0.04576581 
521 110 8 9 0.041646734 
485 128 9 11 0.04146471 
180 190 23 26 0.039339926 
411 55 7 9 0.037465405 
365 89 8 10 0.037269946 
388 96 8 10 0.035927836 
391 48 7 9 0.034843948 
512 85 7 8 0.03468828 
57 153 8 10 0.03454249 
481 23 6 7 0.034301244 
50 103 7 9 0.032608088 
38 148 8 11 0.032011814 
471 24 7 9 0.031878326 
383 29 7 9 0.031043338 
513 30 7 8 0.030235803 
23 105 6 9 0.02970727 
513 25 7 9 0.02961337 
556 165 9 12 0.02954455 
26 134 7 9 0.029304428 
375 77 7 9 0.028794706 
620 108 26 34 0.028388934 
526 53 7 10 0.028176578 
30 134 7 10 0.027619205 
533 32 8 10 0.027130011 
456 24 6 8 0.027016459 
657 86 8 11 0.026632704 
119 122 7 9 0.026545245 
32 102 7 9 0.02598603 
519 31 7 9 0.025915911 
18 110 7 9 0.025853304 
456 107 8 11 0.025139768 
408 31 6 8 0.02509638 
486 48 8 9 0.024860922 
390 135 8 10 0.024613556 
529 36 7 10 0.024571216 
72 160 8 9 0.024375373 
488 17 6 9 0.024134167 
374 93 7 9 0.024129193 
4 168 10 12 0.023393746 
290 119 7 9 0.023262339 
567 23 6 9 0.02319096 
54 104 6 8 0.023161016 
22 109 7 9 0.023135612 
602 108 23 31 0.023116201 
98 135 6 8 0.02293367 
487 22 7 8 0.02246478 
48 111 7 10 0.022164796 
386 135 7 10 0.021966664 
445 48 8 10 0.021757532 
103 135 7 9 0.021677518 
481 18 7 8 0.021530155 
281 133 8 10 0.021386908 
47 118 7 10 0.021297097 
457 57 8 10 0.021213723 
624 78 8 10 0.021198351 
14 143 8 10 0.021138055 
54 185 7 9 0.021098386 
610 124 31 41 0.02105898 
190 156 10 14 0.020994531 
72 166 7 9 0.020792788 
522 54 7 10 0.020694144 
32 204 9 11 0.020454682 
420 128 8 11 0.020024704 
