12_Group_Team_Organized_Group_12_Group_Team_Organized_Group_12_28
35
926 241 26 35 0.99538887 
986 286 30 40 0.9946707 
215 -1 56 48 0.9936201 
681 49 44 61 0.99362 
520 256 39 48 0.99356854 
432 262 28 36 0.9900997 
601 269 26 32 0.98747593 
468 259 24 28 0.98397774 
966 255 25 29 0.97310716 
10 217 29 33 0.96890354 
140 267 25 32 0.9396199 
826 275 20 31 0.9387921 
871 276 23 27 0.8987368 
673 259 18 28 0.61702454 
885 277 21 27 0.5445433 
998 243 20 28 0.5105363 
777 269 20 28 0.41859198 
332 255 26 29 0.3791704 
105 207 18 31 0.30412084 
93 228 23 25 0.2856707 
154 242 16 20 0.2061256 
166 0 34 40 0.11918902 
698 278 24 31 0.07628485 
679 260 24 31 0.050140616 
780 261 17 23 0.04193606 
985 248 23 29 0.04106962 
690 269 24 30 0.033166923 
1003 238 14 21 0.028031448 
158 158 21 29 0.026975943 
67 232 14 18 0.02577273 
220 175 25 29 0.024773892 
88 235 25 28 0.023931146 
784 264 22 29 0.022672806 
766 266 37 48 0.021170426 
5 221 20 25 0.021050733 
