12_Group_Large_Group_12_Group_Large_Group_12_276
30
594 94 53 67 0.99962044 
354 37 53 72 0.9995364 
325 227 55 68 0.99952114 
436 68 53 64 0.999423 
223 62 54 61 0.99941266 
850 87 59 69 0.9994054 
218 240 56 67 0.9991117 
438 234 58 73 0.99896145 
667 264 66 76 0.9989134 
571 204 60 73 0.9989122 
696 156 58 73 0.99887794 
520 81 51 59 0.9988299 
100 287 73 79 0.9986614 
135 12 49 51 0.9970952 
709 77 48 57 0.9958462 
489 0 46 54 0.99579775 
650 65 46 54 0.99477106 
581 26 41 52 0.9935055 
295 5 44 54 0.9932637 
0 71 34 69 0.9241971 
981 26 17 24 0.7853073 
53 73 56 58 0.124228396 
940 41 15 23 0.039104063 
73 0 18 12 0.03513548 
562 56 27 43 0.031461228 
500 126 22 33 0.028061066 
262 64 27 39 0.027704896 
931 40 18 23 0.02443659 
911 38 17 28 0.02337033 
792 194 24 33 0.020957118 
