12_Group_Large_Group_12_Group_Large_Group_12_662
25
806 297 45 46 0.9750753 
393 210 24 29 0.86812496 
230 231 14 20 0.83348674 
442 274 22 25 0.21646579 
881 320 36 41 0.13738412 
564 294 17 22 0.13387154 
82 185 8 10 0.07086664 
319 232 15 19 0.0632744 
19 202 24 37 0.051682144 
556 296 19 21 0.05151314 
480 308 12 15 0.043875825 
490 360 14 16 0.039526124 
509 350 17 19 0.039465792 
356 246 15 19 0.037461676 
256 249 13 17 0.036412418 
370 270 19 25 0.03617461 
326 249 12 18 0.03452022 
62 220 11 15 0.034341965 
791 303 33 39 0.033977136 
243 233 11 17 0.032338485 
421 308 21 32 0.03167504 
1010 206 14 22 0.026847126 
444 402 15 21 0.025251077 
264 224 18 19 0.023429044 
568 340 23 31 0.023221081 
