12_Group_Team_Organized_Group_12_Group_Team_Organized_Group_12_403
18
879 209 26 31 0.992042 
751 264 22 29 0.9919457 
231 399 23 27 0.99108934 
436 334 24 26 0.9909904 
359 407 23 28 0.9883222 
601 262 22 26 0.98097414 
183 290 22 27 0.96862185 
318 335 21 24 0.9335227 
190 420 14 20 0.35237113 
103 452 12 15 0.09476766 
369 483 15 21 0.06398737 
768 307 26 36 0.043115918 
223 436 15 18 0.03992477 
206 324 16 20 0.038227193 
340 361 16 21 0.036455203 
449 409 19 21 0.025930129 
400 398 12 17 0.025166731 
180 363 11 14 0.023606218 
