12_Group_Large_Group_12_Group_Large_Group_12_143
32
466 227 33 41 0.9971771 
79 205 26 34 0.9931096 
388 229 31 41 0.9924965 
304 166 30 41 0.991351 
256 217 33 46 0.99079496 
357 252 29 43 0.9884178 
168 190 34 41 0.9546011 
617 337 34 50 0.91076034 
581 216 26 32 0.9023444 
58 212 13 18 0.25627202 
552 249 30 40 0.24059413 
802 348 32 47 0.16609374 
54 194 15 19 0.10146548 
578 228 28 38 0.07919651 
53 199 20 28 0.07072219 
36 226 23 36 0.06770053 
185 204 20 28 0.04855407 
60 189 12 16 0.048060972 
564 245 28 37 0.04285117 
61 313 31 38 0.03828865 
103 198 15 22 0.030299809 
615 231 11 15 0.029114977 
805 341 51 71 0.025593553 
221 244 24 33 0.02554993 
42 213 23 33 0.025033388 
25 189 9 13 0.02483644 
613 214 10 12 0.023747444 
308 330 14 20 0.023294874 
416 14 6 8 0.02317537 
159 196 25 32 0.022230694 
221 222 18 22 0.020893121 
592 225 27 32 0.020266065 
