12_Group_Large_Group_12_Group_Large_Group_12_736
81
570 400 33 38 0.9817599 
937 454 23 30 0.97163963 
302 385 29 27 0.9232378 
70 312 11 13 0.9206833 
397 390 18 22 0.91760415 
422 388 19 28 0.9065273 
141 392 23 27 0.7890575 
155 333 16 27 0.7406063 
227 369 19 23 0.68543315 
635 358 17 28 0.531149 
224 394 22 28 0.39220187 
186 363 16 22 0.31717467 
753 389 16 29 0.20907277 
739 383 17 22 0.1958196 
748 387 15 23 0.19465426 
108 460 25 29 0.1639244 
115 340 11 13 0.15174207 
12 362 17 22 0.13871674 
636 349 12 19 0.12878111 
2 311 8 11 0.10021418 
769 356 14 18 0.09072565 
643 356 12 21 0.06775691 
946 443 26 34 0.06772302 
573 370 17 19 0.06743023 
631 354 15 22 0.06706953 
21 308 9 12 0.06182499 
211 363 14 20 0.057898775 
127 343 11 15 0.05468631 
0 301 7 10 0.04899441 
741 293 11 13 0.04807598 
453 393 12 18 0.04636387 
343 382 11 15 0.04359257 
220 363 20 25 0.041417383 
676 366 16 19 0.041062742 
411 410 15 22 0.040712487 
318 386 19 22 0.04025156 
959 444 25 34 0.04013437 
15 359 25 33 0.037344746 
99 377 15 19 0.037342835 
758 445 27 46 0.03732911 
149 437 23 28 0.036773536 
480 397 12 17 0.035971597 
99 340 10 13 0.035438657 
0 357 8 16 0.03538043 
707 397 16 20 0.034188155 
564 450 23 38 0.031515922 
297 379 21 24 0.030641006 
134 382 25 32 0.030355198 
118 337 9 12 0.030348448 
106 388 13 17 0.029417641 
576 368 22 28 0.028478311 
820 308 11 14 0.027821682 
446 388 13 19 0.027767379 
520 406 18 21 0.027735498 
144 379 20 24 0.02720617 
964 457 27 34 0.02709257 
913 440 14 19 0.026671741 
18 305 8 10 0.026366489 
894 281 9 10 0.026044618 
59 335 24 33 0.025445184 
14 316 12 15 0.0253319 
162 341 14 23 0.024918009 
460 396 11 17 0.023546655 
695 372 15 18 0.023379039 
61 372 14 19 0.023316864 
165 354 13 21 0.023004211 
589 377 13 18 0.022716306 
54 332 10 14 0.022551257 
94 347 12 15 0.022399923 
0 339 9 14 0.022330167 
976 507 27 36 0.021961628 
51 340 22 31 0.021428151 
413 387 19 27 0.02142708 
966 415 16 22 0.021212097 
105 373 14 18 0.020912418 
721 346 16 19 0.020773826 
431 392 16 22 0.020717852 
622 361 16 22 0.020449165 
47 345 13 18 0.020302407 
182 371 17 26 0.02007102 
101 458 17 22 0.020048134 
