12_Group_Group_12_Group_Group_12_519
74
711 224 36 44 0.9979761 
821 203 32 41 0.9979668 
902 207 29 37 0.99678075 
567 198 37 48 0.995946 
448 206 41 51 0.9937866 
246 93 14 17 0.19510026 
1001 63 10 14 0.1866668 
709 49 13 15 0.1695677 
758 71 12 15 0.14013845 
824 93 12 15 0.13807374 
822 39 12 15 0.1060859 
797 66 14 17 0.10437374 
720 78 12 15 0.10347219 
628 82 27 35 0.09593587 
964 57 13 17 0.09583571 
520 187 33 45 0.092380084 
720 128 28 38 0.07951971 
703 43 14 19 0.075917736 
926 37 11 15 0.06736914 
212 111 12 15 0.0651322 
801 173 26 33 0.062968425 
910 52 12 14 0.059111897 
689 33 16 24 0.0533138 
390 112 25 29 0.050933555 
685 28 15 22 0.05024818 
828 61 17 21 0.046757665 
979 37 12 16 0.043009218 
795 71 24 33 0.042692434 
293 30 14 18 0.042638578 
277 72 13 17 0.038944826 
644 118 13 16 0.038842775 
735 2 15 16 0.038469754 
759 104 25 39 0.036510505 
333 37 14 16 0.036443163 
892 18 11 13 0.034933 
703 8 13 16 0.034739405 
244 69 12 14 0.03409226 
928 18 11 14 0.033829473 
641 88 16 24 0.033421062 
264 46 12 14 0.031502873 
294 63 12 15 0.031126356 
770 29 14 17 0.030443445 
944 108 11 16 0.029809665 
773 107 22 33 0.029174747 
468 24 14 17 0.028522415 
684 120 16 19 0.02830535 
713 121 25 37 0.027722726 
854 39 15 18 0.027279828 
918 72 15 19 0.027106902 
682 0 18 16 0.026909333 
862 1 13 15 0.026240543 
900 62 13 19 0.025670132 
616 86 27 34 0.02555184 
618 96 14 19 0.024552563 
665 10 14 18 0.024328796 
880 29 9 12 0.02400565 
839 83 13 17 0.023884399 
432 60 15 18 0.023799747 
743 44 16 18 0.023652192 
446 245 14 20 0.023435043 
588 95 12 16 0.022817323 
894 0 10 10 0.02277701 
787 109 16 21 0.022661777 
805 82 21 27 0.022483319 
933 56 17 21 0.02199376 
646 85 21 32 0.021728044 
883 46 13 15 0.021680951 
498 21 16 21 0.021596247 
362 81 17 19 0.021232056 
685 107 25 32 0.02107217 
746 102 28 37 0.02074272 
656 146 27 37 0.020596087 
758 122 24 34 0.020363329 
638 97 22 32 0.020171588 
