12_Group_Group_12_Group_Group_12_354
28
58 42 44 59 0.99852425 
954 72 29 36 0.9945657 
190 93 46 61 0.99246734 
773 95 26 34 0.99164623 
159 12 37 51 0.9897171 
281 41 39 53 0.9849235 
465 20 22 28 0.9679337 
556 24 20 27 0.96598077 
867 70 25 31 0.9544358 
669 29 18 25 0.9357797 
426 65 19 24 0.9303846 
738 33 15 18 0.7629411 
590 43 13 17 0.36774048 
467 69 15 18 0.26507017 
856 98 17 23 0.2614785 
886 100 22 28 0.08877423 
832 35 17 23 0.04450758 
512 136 8 11 0.040078614 
735 71 11 14 0.04002815 
762 35 14 17 0.037051078 
414 78 11 16 0.03216802 
877 80 25 30 0.031592354 
478 94 14 16 0.028401341 
251 109 14 22 0.028331453 
866 100 23 27 0.028161664 
242 103 23 37 0.024379658 
436 203 10 13 0.023441123 
753 32 23 27 0.02103543 
