9_Press_Conference_Press_Conference_9_655
60
661 216 42 61 0.99887794 
794 240 47 62 0.9986082 
955 214 31 43 0.9975581 
161 204 28 32 0.99735767 
500 225 34 41 0.9969764 
940 183 30 38 0.99598515 
365 228 29 39 0.9958871 
886 212 28 38 0.99540424 
64 207 22 30 0.9951238 
199 190 24 30 0.99460924 
758 206 27 40 0.9938512 
306 200 25 32 0.9935847 
847 188 24 31 0.9921927 
134 222 24 34 0.9904232 
581 212 28 35 0.9866305 
421 191 22 29 0.9835524 
652 202 23 29 0.97310567 
465 192 20 24 0.9712535 
727 189 24 29 0.9395279 
393 197 22 26 0.93556136 
546 185 23 27 0.92480844 
343 212 21 30 0.9158736 
707 187 20 29 0.8712665 
136 200 22 27 0.8319149 
233 216 22 27 0.8156267 
115 214 22 26 0.81315154 
1007 207 18 37 0.53201467 
488 201 21 27 0.5298508 
642 228 14 18 0.39432412 
112 198 24 28 0.20176768 
409 195 22 28 0.081923716 
625 199 16 22 0.058092233 
682 197 17 19 0.053061496 
503 197 25 29 0.05299127 
651 188 17 21 0.05150491 
515 197 24 29 0.042682033 
357 216 28 37 0.041893013 
645 191 17 23 0.03768268 
767 194 28 34 0.03455797 
459 208 15 19 0.03390657 
946 192 35 46 0.032967776 
666 206 32 45 0.032660205 
463 251 15 24 0.03243562 
498 196 18 20 0.031713013 
383 197 22 28 0.03052731 
349 205 23 30 0.028965376 
711 193 27 34 0.02886144 
456 203 14 19 0.027137542 
632 192 19 27 0.025672488 
471 216 22 28 0.024877496 
691 192 22 26 0.024153957 
363 207 24 31 0.023643786 
423 182 12 16 0.023315564 
770 211 41 53 0.022402726 
571 225 24 33 0.021643516 
486 197 15 20 0.021558903 
379 188 12 16 0.02081145 
509 204 28 39 0.02071828 
593 384 33 28 0.02044877 
740 225 25 32 0.020376595 
