9_Press_Conference_Press_Conference_9_35
81
687 213 14 20 0.97677565 
189 191 19 23 0.9494123 
268 307 21 38 0.9290271 
623 217 13 16 0.8984135 
853 142 11 14 0.89021593 
401 186 12 16 0.8901158 
306 283 15 27 0.8884847 
602 195 13 16 0.85888904 
308 214 14 16 0.840888 
581 314 18 24 0.6579238 
368 316 20 32 0.63959765 
286 210 11 15 0.63368344 
377 215 10 13 0.6067804 
958 188 30 44 0.5556772 
197 287 17 22 0.54491997 
370 242 15 19 0.4272628 
510 320 16 22 0.18595776 
957 207 30 44 0.18464239 
350 219 9 11 0.11779511 
478 303 22 28 0.11323455 
332 212 10 12 0.093908004 
334 207 9 11 0.08978108 
214 399 47 34 0.08719048 
327 220 10 12 0.08564085 
515 327 16 20 0.083491094 
332 220 11 13 0.07932151 
562 360 31 31 0.07713308 
500 306 15 22 0.07485346 
362 419 35 68 0.068839 
234 285 14 16 0.067660965 
317 219 10 13 0.066537894 
504 322 25 33 0.062661715 
476 299 17 22 0.057683147 
255 312 37 49 0.05694277 
487 300 22 30 0.052346416 
228 286 23 28 0.05232571 
442 313 15 21 0.04957568 
262 263 9 12 0.049279157 
13 323 56 52 0.04811506 
367 214 10 12 0.047853917 
352 237 12 16 0.045923002 
507 309 12 19 0.04387601 
345 220 9 11 0.040240966 
655 317 25 29 0.0397328 
290 207 12 15 0.039257757 
414 341 24 34 0.03890039 
360 221 8 11 0.03877809 
380 245 10 15 0.037189852 
653 315 16 22 0.035551395 
574 255 8 11 0.033454593 
959 190 47 67 0.030733503 
384 250 10 14 0.030248081 
192 295 24 28 0.029369362 
333 228 10 13 0.029167263 
676 173 9 11 0.028959367 
329 208 9 11 0.028044073 
568 317 26 25 0.027963042 
365 219 11 13 0.02750605 
220 290 15 20 0.027483203 
410 332 21 31 0.02730522 
391 254 9 13 0.027180996 
571 352 34 35 0.027172778 
240 290 17 21 0.026858933 
734 391 11 13 0.025387786 
243 284 14 17 0.024835527 
345 200 7 10 0.02420842 
210 286 19 26 0.024190584 
564 297 20 21 0.024079634 
742 375 8 11 0.024005834 
432 307 22 27 0.023761747 
358 289 13 17 0.023663566 
634 328 16 20 0.023315676 
276 318 21 35 0.021554152 
230 279 14 17 0.021012172 
295 288 17 21 0.020857964 
269 301 16 24 0.020850759 
292 372 33 35 0.020763032 
566 316 16 19 0.02065759 
189 286 17 20 0.020561792 
357 240 12 16 0.020354427 
570 372 20 22 0.02028432 
