9_Press_Conference_Press_Conference_9_31
116
48 286 13 16 0.9458198 
442 206 15 20 0.91346586 
83 480 22 38 0.7914689 
18 310 14 17 0.7864258 
587 210 15 18 0.720836 
860 430 21 28 0.6902876 
266 376 21 28 0.6563376 
162 426 20 34 0.6159437 
956 435 15 28 0.60275847 
8 420 20 28 0.58976346 
189 375 21 27 0.5887664 
79 377 18 26 0.5774892 
958 219 13 15 0.54986626 
341 386 20 26 0.54745877 
121 372 15 25 0.5456794 
78 436 16 27 0.42049456 
80 595 21 32 0.41027743 
878 390 21 25 0.3618385 
232 510 22 40 0.32951728 
812 378 15 22 0.32366624 
660 388 16 20 0.30958673 
593 392 16 19 0.299917 
796 442 16 29 0.24704522 
67 413 23 29 0.23352507 
404 453 22 27 0.16826901 
313 432 18 23 0.15136904 
981 353 18 20 0.14312945 
296 445 24 26 0.13237202 
342 489 29 38 0.12954679 
411 384 17 22 0.12065811 
618 443 18 19 0.112007625 
940 368 18 19 0.10985912 
918 234 15 19 0.10135246 
21 362 14 16 0.09451062 
306 439 22 26 0.09162228 
746 393 16 25 0.08939978 
200 433 25 31 0.08739472 
-3 575 34 67 0.08353104 
164 501 31 46 0.08067619 
194 441 21 30 0.07694539 
165 626 24 31 0.07410452 
28 440 19 22 0.07380151 
448 162 11 14 0.058627803 
635 436 14 21 0.056935877 
744 388 13 20 0.055554356 
818 380 17 21 0.055330478 
45 349 14 18 0.054804374 
64 474 31 39 0.0530136 
927 362 13 19 0.05276088 
933 368 16 19 0.04837732 
-18 267 442 471 0.0472132 
404 382 17 20 0.046567995 
613 446 16 19 0.045488723 
680 528 19 33 0.04435786 
713 438 20 29 0.043902736 
335 459 11 15 0.043786615 
65 601 37 50 0.04354161 
960 438 23 30 0.041816752 
404 391 19 22 0.041797515 
973 349 17 20 0.040571425 
0 310 9 16 0.040400177 
200 375 15 24 0.03977178 
950 218 16 18 0.03828092 
43 636 24 35 0.03555324 
38 354 17 19 0.03493015 
410 397 18 21 0.03460751 
55 421 25 30 0.034510158 
655 605 33 37 0.03403143 
180 377 18 23 0.03308206 
419 470 16 22 0.032955486 
456 632 21 32 0.03291892 
407 440 22 29 0.03269753 
870 391 17 22 0.03269085 
432 190 12 14 0.032547187 
870 522 24 36 0.030768424 
424 500 21 29 0.030671366 
315 447 16 23 0.030265981 
656 381 12 19 0.029830359 
799 436 21 28 0.029530091 
584 395 13 19 0.029208038 
753 400 17 20 0.028598228 
417 391 15 22 0.028072992 
601 387 15 20 0.028070183 
647 607 67 65 0.027569905 
665 389 20 25 0.026927268 
286 584 45 49 0.026284587 
589 397 15 21 0.026279267 
85 369 19 28 0.02557024 
732 435 14 19 0.024999006 
144 428 28 35 0.024792304 
430 195 13 18 0.024726361 
299 637 40 49 0.024300162 
70 359 23 27 0.024240622 
275 379 20 30 0.024203269 
749 380 16 20 0.024039632 
5 405 26 33 0.023756817 
0 483 11 26 0.023597186 
201 448 25 28 0.023342887 
614 446 27 27 0.023053227 
396 458 21 20 0.023049485 
998 254 9 12 0.0226199 
82 424 16 30 0.022498408 
277 596 28 40 0.022458995 
448 187 10 14 0.022270303 
721 435 20 26 0.021745924 
15 415 17 27 0.02162663 
300 387 15 21 0.021443399 
783 492 21 31 0.021126326 
612 269 502 475 0.021105165 
175 433 19 31 0.020960674 
425 204 13 17 0.020941092 
77 489 20 30 0.020503504 
173 374 17 23 0.020424303 
31 619 30 38 0.02012393 
0 426 16 19 0.020098716 
17 429 16 25 0.02003706 
