9_Press_Conference_Press_Conference_9_66
20
884 268 77 88 0.99865496 
452 285 54 74 0.9970968 
216 178 74 82 0.9954946 
402 340 49 54 0.72384304 
688 229 25 45 0.18863492 
647 171 17 17 0.11669912 
643 139 15 17 0.1140253 
423 278 55 73 0.041245654 
641 200 32 30 0.04084256 
662 247 39 47 0.038557794 
615 218 14 19 0.038543645 
828 285 55 80 0.037983824 
485 183 27 36 0.03043936 
123 9 34 33 0.026810056 
420 323 51 62 0.024489073 
401 302 55 68 0.023993269 
158 116 50 67 0.021648947 
389 156 55 69 0.021251317 
640 178 26 31 0.021092685 
126 22 29 34 0.02092436 
