9_Press_Conference_Press_Conference_9_12
67
106 222 32 38 0.997497 
932 207 34 51 0.9820109 
390 311 20 28 0.97326463 
674 260 15 19 0.95083785 
181 253 22 25 0.9283557 
616 289 14 19 0.91630274 
800 429 31 61 0.9158362 
317 316 22 26 0.90708876 
204 337 22 34 0.90408105 
262 305 18 21 0.8999454 
513 293 12 16 0.865135 
568 286 13 17 0.8455519 
52 245 8 10 0.6814621 
458 496 31 55 0.6122909 
17 247 9 11 0.42544043 
315 238 17 20 0.38617662 
200 313 19 20 0.3450302 
110 363 36 43 0.19819497 
419 346 18 23 0.1932111 
701 290 12 14 0.18972291 
322 234 17 20 0.18627407 
189 233 10 14 0.15213461 
72 263 7 10 0.11689836 
48 262 8 10 0.092761874 
687 456 37 57 0.08522985 
725 370 22 30 0.08395879 
634 480 51 60 0.08254435 
158 277 10 13 0.07794102 
96 333 25 28 0.07391905 
469 347 19 27 0.07337065 
645 345 15 26 0.07012298 
291 352 16 27 0.069060385 
151 276 11 12 0.06465828 
300 239 14 17 0.059758577 
329 231 14 17 0.059669796 
286 429 28 53 0.056267533 
723 286 11 14 0.048406787 
691 310 12 15 0.045763317 
70 248 8 10 0.045361727 
645 585 45 44 0.04276661 
506 317 16 22 0.042330507 
485 316 12 15 0.039656088 
749 301 16 19 0.037484072 
196 320 23 31 0.037359953 
189 315 16 19 0.03361416 
418 166 505 457 0.033431225 
185 235 10 14 0.029307494 
5 278 9 11 0.029072667 
476 356 15 22 0.028924068 
72 254 7 10 0.027717128 
675 353 14 24 0.027636427 
571 307 13 15 0.024841508 
486 310 13 16 0.024516158 
663 483 46 58 0.02433424 
204 237 13 15 0.024079178 
355 495 36 43 0.023909854 
696 286 14 16 0.02376063 
118 385 27 36 0.023437444 
590 344 20 30 0.023373466 
251 329 19 27 0.023341144 
828 301 22 24 0.023003161 
230 353 15 20 0.022438087 
22 251 9 11 0.021100929 
53 261 8 11 0.02088861 
652 352 25 29 0.020842867 
66 248 7 10 0.020172846 
838 327 12 14 0.020000944 
