9_Press_Conference_Press_Conference_9_40
59
750 119 28 34 0.9951534 
714 158 32 37 0.9931486 
108 186 17 20 0.9924819 
299 177 15 19 0.9923139 
50 225 19 23 0.98777676 
246 169 13 17 0.9862156 
220 230 37 54 0.9831577 
404 162 17 21 0.9708247 
187 180 16 19 0.96639395 
13 170 18 21 0.9629184 
895 171 38 42 0.9625064 
464 178 18 22 0.9605943 
692 159 20 28 0.95457834 
529 167 19 27 0.9522265 
368 234 22 27 0.9514596 
333 180 12 15 0.95112365 
372 176 13 17 0.940597 
206 173 14 17 0.9396703 
460 156 16 20 0.9236718 
423 164 17 22 0.92124444 
353 168 12 17 0.87139195 
261 216 20 27 0.78788066 
590 130 23 30 0.7663434 
512 168 15 19 0.75223947 
322 229 24 46 0.6751885 
972 170 47 44 0.63007206 
917 130 34 42 0.45977938 
705 156 27 36 0.3764144 
666 175 20 27 0.2811109 
583 142 25 29 0.20494986 
564 165 13 17 0.19040357 
580 154 23 27 0.16888373 
861 171 15 18 0.1095852 
599 170 14 20 0.106421106 
415 277 19 37 0.101085365 
445 172 15 19 0.07919949 
576 116 10 12 0.071040966 
902 153 42 43 0.06013482 
572 160 19 25 0.05685653 
664 172 14 19 0.05100716 
674 170 24 30 0.039331008 
915 172 38 36 0.037797615 
560 160 11 14 0.034469526 
324 223 18 31 0.032976612 
443 155 12 18 0.03270911 
113 181 15 20 0.029137054 
443 162 14 20 0.027608266 
566 105 8 10 0.026845876 
454 174 17 24 0.02534576 
349 274 10 14 0.025053982 
251 217 25 40 0.023557324 
574 144 39 50 0.022786753 
569 167 14 19 0.022725042 
560 170 14 17 0.02252221 
366 229 17 21 0.021311237 
17 313 12 15 0.021280348 
564 172 15 19 0.021278353 
652 253 11 13 0.021106143 
589 158 22 29 0.020520695 
