15_Stock_Market_Stock_Market_15_706
23
329 175 177 235 0.9993437 
158 295 26 41 0.652096 
128 312 28 40 0.63850313 
681 346 24 39 0.58424246 
144 252 26 34 0.14783247 
94 314 26 34 0.09645346 
641 315 10 14 0.0723352 
803 292 14 17 0.06688156 
699 313 23 27 0.06450011 
798 366 17 23 0.040618207 
654 320 15 22 0.037097573 
70 361 24 31 0.033530757 
0 347 13 18 0.028973639 
671 303 13 17 0.027563188 
109 314 29 36 0.023900049 
895 293 13 15 0.023058789 
204 220 22 33 0.022987656 
365 77 15 19 0.022321342 
369 60 9 11 0.02145858 
62 53 29 36 0.021374682 
685 334 30 37 0.021246796 
165 287 32 42 0.02107227 
0 375 27 42 0.020887813 
