47_Matador_Bullfighter_matadorbullfighting_47_207
49
576 400 21 26 0.9551895 
922 479 16 22 0.9186386 
884 483 19 24 0.91279125 
379 419 22 26 0.91199267 
717 486 21 26 0.9093845 
742 424 17 22 0.89383256 
601 467 18 23 0.74949735 
473 427 16 21 0.5832259 
407 512 31 35 0.558271 
243 417 22 28 0.54291004 
532 473 16 21 0.46551827 
62 340 17 20 0.296898 
820 482 18 21 0.28776377 
401 500 30 37 0.20879367 
640 544 20 28 0.2000794 
440 429 12 15 0.15902016 
1003 475 17 22 0.113019414 
787 482 15 19 0.102586634 
870 519 12 14 0.09447435 
780 480 15 23 0.08900612 
554 417 14 17 0.077725574 
506 474 17 23 0.05790474 
527 527 12 14 0.05231721 
794 482 15 19 0.04432023 
914 541 10 13 0.04349877 
462 424 19 25 0.04275468 
588 480 13 17 0.0422125 
347 526 57 66 0.039601717 
622 561 23 31 0.038081918 
537 465 18 26 0.037564266 
1004 461 17 20 0.033289906 
464 360 8 10 0.03136014 
453 426 16 20 0.029234007 
388 492 31 39 0.028870251 
1006 524 14 19 0.026343876 
366 517 48 53 0.024251938 
875 522 11 14 0.024125341 
722 477 18 21 0.023467546 
943 434 13 15 0.023434322 
685 546 16 19 0.023285707 
656 576 18 21 0.02265238 
360 516 37 37 0.022465004 
510 526 22 27 0.022306472 
667 578 14 18 0.021540856 
588 472 22 27 0.021078711 
65 351 19 22 0.021054666 
437 412 11 14 0.020913165 
575 368 10 12 0.020502508 
73 339 14 18 0.020075137 
