47_Matador_Bullfighter_matadorbullfighting_47_443
123
196 253 17 22 0.8635255 
834 267 13 16 0.796983 
952 257 16 18 0.7916421 
974 196 13 17 0.783315 
859 166 13 16 0.7746671 
901 204 16 19 0.61602527 
422 217 14 17 0.581565 
349 198 13 16 0.56149334 
671 266 12 16 0.54248023 
778 228 15 19 0.43247738 
414 198 10 13 0.41585937 
191 165 14 18 0.41561103 
583 202 12 15 0.40832365 
954 200 14 17 0.2963248 
820 209 12 15 0.29631773 
370 213 13 15 0.26314428 
316 204 13 16 0.19074085 
538 256 26 28 0.15361884 
787 229 15 20 0.14120594 
900 214 15 17 0.1282398 
358 221 13 16 0.1281307 
994 181 13 17 0.11618892 
854 309 10 12 0.10236376 
764 224 10 13 0.10113404 
1011 189 13 22 0.08882538 
688 239 10 13 0.086386114 
538 252 17 22 0.08575955 
782 207 9 12 0.08274352 
354 201 12 15 0.081517115 
862 203 16 21 0.081163295 
666 265 12 16 0.075292796 
755 292 11 14 0.07364446 
363 218 15 17 0.06952493 
179 174 11 15 0.060220525 
237 211 9 12 0.060005695 
918 306 10 13 0.05945192 
880 221 12 15 0.052405477 
467 249 14 18 0.052252106 
937 202 13 16 0.051052835 
794 203 12 14 0.05094708 
895 216 14 16 0.048726406 
621 280 9 13 0.047338385 
1011 229 12 20 0.046872642 
430 238 14 15 0.046748962 
619 246 11 14 0.046394847 
761 262 11 16 0.04616838 
873 253 14 19 0.04616251 
829 210 13 15 0.044847514 
885 214 13 16 0.04478071 
498 335 45 57 0.043107595 
387 241 15 19 0.042331584 
969 308 9 12 0.04219987 
861 198 13 17 0.040632255 
919 201 12 17 0.039782643 
949 339 9 12 0.039682154 
926 197 11 17 0.039603513 
821 198 15 17 0.03916962 
807 204 11 13 0.038635213 
972 208 15 19 0.038340252 
676 263 12 16 0.038253758 
991 263 15 19 0.038173635 
949 301 13 18 0.037892196 
902 307 9 12 0.035114184 
803 274 11 14 0.035029523 
752 227 10 15 0.033043563 
619 252 12 19 0.032987345 
687 261 10 14 0.03274283 
966 200 12 18 0.031694733 
385 221 12 14 0.031455304 
907 199 14 18 0.0302759 
391 305 28 31 0.030244755 
782 237 15 19 0.030150026 
564 309 11 13 0.02971567 
939 213 14 17 0.029423552 
386 226 15 19 0.029345868 
887 302 9 12 0.029257998 
375 195 11 12 0.029035373 
983 252 12 15 0.028678484 
312 209 12 14 0.028234836 
174 176 13 16 0.02796997 
1006 182 12 14 0.027857604 
791 223 13 14 0.02746778 
603 230 15 19 0.027240518 
841 304 9 13 0.026529625 
252 255 16 19 0.025901906 
820 276 10 12 0.025770625 
878 212 13 17 0.025258139 
1013 207 10 17 0.024616286 
367 208 11 14 0.024385126 
651 269 13 17 0.024225706 
88 228 15 18 0.024152406 
610 291 9 12 0.02403444 
223 195 14 17 0.023740161 
691 243 11 15 0.023637109 
795 227 12 17 0.023504741 
361 226 17 19 0.023486834 
293 201 13 16 0.023411341 
744 187 174 194 0.023206424 
232 205 11 15 0.02303369 
1013 182 10 15 0.022769036 
239 196 12 17 0.022720085 
451 218 12 16 0.022537239 
615 286 10 13 0.022455178 
541 301 33 38 0.022316113 
169 174 12 14 0.022233984 
835 206 12 16 0.022011854 
798 261 11 14 0.021832364 
564 259 15 20 0.021803237 
931 254 12 16 0.021722242 
423 270 27 31 0.021441674 
313 199 11 15 0.0211593 
828 197 14 15 0.02109426 
462 256 14 18 0.020885445 
427 226 15 18 0.020565981 
323 199 12 16 0.020511013 
551 258 25 29 0.020469613 
756 232 13 18 0.020309115 
848 307 10 13 0.020301389 
455 243 13 17 0.020237211 
461 245 15 19 0.02021044 
762 222 18 24 0.02020859 
191 204 11 13 0.020154329 
419 206 15 17 0.020080425 
