47_Matador_Bullfighter_Matador_Bullfighter_47_761
38
74 33 29 36 0.99224913 
238 28 31 39 0.9898606 
39 119 29 36 0.9851348 
348 40 27 33 0.9837593 
471 29 29 37 0.974451 
184 39 28 36 0.96699244 
885 115 26 32 0.9558082 
196 120 30 37 0.9419013 
559 13 27 32 0.90295345 
595 46 26 32 0.8933876 
349 115 33 42 0.8404762 
278 545 29 42 0.78403246 
698 44 34 36 0.7154529 
478 131 34 43 0.4773667 
704 120 34 39 0.39284804 
828 147 24 26 0.30250162 
813 15 33 37 0.20657866 
1 112 26 33 0.16375262 
52 61 24 31 0.0808963 
425 515 64 51 0.05335803 
807 0 31 24 0.046694703 
59 46 29 38 0.043955445 
574 36 39 47 0.03633015 
464 131 33 38 0.03622044 
338 123 31 35 0.035111874 
508 488 20 24 0.033293657 
389 132 27 32 0.03259146 
767 0 36 28 0.027701702 
227 114 25 34 0.027184276 
324 129 24 30 0.026298517 
791 1 60 44 0.026019145 
727 413 221 261 0.025168182 
304 52 24 30 0.024843924 
861 45 32 42 0.02374953 
542 27 29 36 0.022277873 
619 381 116 121 0.022267757 
1006 131 18 36 0.021559987 
856 9 53 59 0.020870065 
