47_Matador_Bullfighter_matadorbullfighting_47_837
19
250 161 214 297 0.99974304 
789 677 25 26 0.23641513 
631 809 43 43 0.22416615 
977 520 19 23 0.20991056 
675 696 24 28 0.11303226 
731 652 23 30 0.10726244 
809 554 24 29 0.095192544 
941 560 20 26 0.091301605 
812 591 27 36 0.06792047 
622 773 50 49 0.048852008 
865 683 26 28 0.038463667 
892 533 21 26 0.03213111 
902 618 24 31 0.031482387 
774 562 26 30 0.03075512 
457 1172 130 164 0.027359491 
870 500 16 19 0.024041563 
-44 1014 508 563 0.023544794 
905 608 20 23 0.022787064 
1010 586 14 23 0.022134416 
