47_Matador_Bullfighter_matadorbullfighting_47_42
33
218 94 46 61 0.9939849 
525 0 26 21 0.5320071 
641 0 18 14 0.24110669 
807 -1 23 18 0.14418186 
707 0 20 14 0.09385101 
614 34 29 33 0.079095356 
433 -1 18 13 0.06272542 
611 18 32 36 0.058837123 
688 14 25 27 0.04515163 
96 0 20 17 0.038758826 
792 30 24 26 0.036319017 
659 10 17 18 0.03509826 
428 4 38 37 0.030048609 
211 5 26 30 0.02934554 
620 7 27 29 0.02859221 
268 91 42 57 0.028128864 
693 5 27 27 0.027331667 
644 1 23 22 0.02580629 
79 1 23 22 0.025638511 
425 92 11 14 0.025099602 
689 35 29 30 0.024849897 
581 2 16 19 0.024808092 
222 3 24 28 0.024705045 
410 -9 89 86 0.024052713 
601 32 30 35 0.023745626 
692 48 29 33 0.023625677 
10 0 16 12 0.02276534 
742 0 14 12 0.02177145 
731 22 16 20 0.021714387 
156 88 39 60 0.021399938 
197 16 29 36 0.02065385 
212 68 46 62 0.02054119 
696 31 20 21 0.020170782 
