47_Matador_Bullfighter_matadorbullfighting_47_152
39
193 217 32 41 0.99549365 
117 10 15 19 0.9703222 
779 276 27 47 0.95148623 
312 7 18 20 0.82153904 
422 1 25 25 0.7438131 
466 0 24 24 0.63437855 
678 55 11 14 0.59097403 
626 8 16 21 0.57774484 
171 14 20 22 0.526117 
622 59 14 16 0.31721655 
612 54 12 15 0.26174176 
683 52 15 18 0.15107341 
671 99 13 13 0.14287345 
682 35 25 28 0.13994476 
301 94 37 46 0.092898585 
607 71 11 15 0.092875846 
288 0 19 20 0.09097859 
151 29 11 13 0.05978696 
689 48 16 19 0.059421904 
679 46 13 18 0.05007255 
689 58 15 17 0.046754293 
381 26 18 18 0.042418834 
652 44 9 13 0.040828608 
539 449 18 18 0.036792796 
610 50 22 24 0.03395152 
604 141 11 13 0.032598812 
567 47 15 20 0.028629493 
611 68 12 16 0.028197829 
190 91 23 29 0.025557943 
658 73 14 17 0.024612276 
765 79 15 22 0.024270678 
439 0 21 22 0.023463052 
464 37 26 28 0.021530135 
632 3 17 21 0.021236822 
608 58 13 17 0.021168215 
449 0 30 28 0.020928591 
579 69 12 14 0.020707997 
176 5 18 20 0.020244591 
680 39 11 15 0.020036872 
