47_Matador_Bullfighter_matadorbullfighting_47_236
121
392 269 93 114 0.99873835 
388 190 23 28 0.96888596 
35 191 17 23 0.9674566 
67 197 18 21 0.96263 
123 178 18 24 0.9364031 
750 47 15 19 0.93360686 
717 108 21 25 0.92331964 
109 195 19 22 0.9158796 
390 139 16 21 0.9011219 
831 128 21 25 0.8989293 
681 43 14 18 0.8965208 
453 187 23 27 0.886893 
85 106 19 25 0.88498646 
728 183 17 22 0.8518824 
945 50 17 19 0.84965706 
266 206 18 21 0.8490753 
156 138 16 20 0.844329 
352 196 18 22 0.8339486 
601 191 19 22 0.8063487 
591 129 19 22 0.77956706 
278 119 17 20 0.753249 
158 179 18 21 0.71499276 
438 129 15 19 0.714081 
794 119 18 22 0.6707923 
267 71 15 18 0.63023347 
990 94 22 28 0.52710176 
184 235 13 16 0.4810632 
58 168 15 18 0.47683826 
216 208 15 19 0.37594643 
547 202 18 23 0.28302047 
419 126 12 16 0.28017044 
704 178 15 17 0.24841438 
232 207 14 18 0.19582522 
222 258 12 14 0.17678417 
618 174 20 26 0.15895571 
219 131 18 19 0.1463072 
94 184 14 18 0.14489721 
97 155 12 15 0.14256561 
752 88 18 19 0.14234099 
370 187 13 16 0.14140329 
253 179 14 20 0.13684115 
189 129 15 19 0.116868235 
854 158 12 16 0.11337443 
523 120 18 23 0.11301433 
284 177 25 27 0.106459305 
240 120 13 18 0.103196494 
107 138 13 16 0.09510204 
0 184 9 18 0.087395556 
53 210 15 19 0.08518808 
117 186 21 26 0.08480611 
116 150 14 17 0.08385519 
738 90 18 19 0.07909677 
879 104 13 16 0.07662189 
456 158 18 21 0.073592626 
649 214 17 20 0.06824221 
523 113 16 19 0.06681242 
42 176 14 18 0.065752275 
63 170 17 18 0.06569563 
430 130 15 21 0.059152067 
516 125 16 20 0.054792643 
772 200 11 14 0.053127732 
681 189 17 21 0.051851235 
607 187 20 23 0.050480694 
418 133 16 22 0.050240885 
100 169 15 17 0.04971311 
156 127 16 20 0.04782588 
373 214 16 18 0.047729332 
638 185 12 16 0.046170153 
154 207 17 20 0.043129403 
713 209 17 19 0.041522615 
3 218 19 22 0.041174132 
804 93 12 16 0.04066693 
906 140 17 20 0.039535336 
586 129 12 18 0.03877572 
157 193 14 17 0.037826333 
152 255 17 20 0.037055403 
587 183 16 20 0.036541834 
975 41 14 18 0.035539217 
163 207 16 19 0.035352357 
824 131 15 18 0.03515296 
102 212 11 16 0.035122816 
150 187 12 16 0.033460647 
84 144 14 17 0.032541323 
640 173 12 17 0.031862438 
775 123 13 16 0.030796671 
415 191 15 19 0.030674664 
181 189 12 16 0.03054317 
188 110 11 15 0.030033423 
176 140 11 14 0.029659873 
778 130 14 19 0.027941769 
95 163 15 17 0.027932715 
841 126 16 21 0.02786432 
928 85 12 16 0.02653008 
383 142 16 22 0.02592017 
680 75 14 17 0.02579609 
63 144 13 18 0.025037318 
360 194 16 19 0.024977589 
150 143 15 19 0.024590326 
296 177 19 23 0.024439115 
593 182 22 26 0.024392586 
356 170 11 16 0.024279902 
457 168 17 19 0.024276825 
484 161 12 14 0.024122985 
228 123 14 17 0.02400675 
322 201 15 18 0.023727389 
587 137 22 24 0.023688357 
962 85 13 17 0.023500925 
579 147 15 20 0.022945447 
541 130 14 17 0.022868725 
141 147 14 16 0.022474753 
1000 98 16 21 0.022325609 
643 178 15 18 0.022250732 
781 118 21 25 0.02192646 
437 156 17 21 0.021368023 
174 187 12 16 0.021307845 
164 581 50 46 0.021029249 
156 115 14 15 0.020957185 
65 138 16 20 0.02053244 
122 153 15 17 0.020083431 
878 113 17 20 0.02003011 
618 188 17 22 0.020021144 
