47_Matador_Bullfighter_matadorbullfighting_47_731
1060
423 172 20 20 0.94359314 
303 134 10 13 0.93578345 
145 132 10 13 0.9086208 
360 117 10 12 0.90104043 
576 139 22 26 0.8990007 
839 85 11 14 0.8739244 
679 115 12 15 0.867965 
166 159 10 13 0.8626038 
125 103 9 11 0.8560963 
595 102 9 12 0.846385 
831 52 10 12 0.84234285 
404 134 11 14 0.82877463 
143 12 10 12 0.81546897 
142 79 10 12 0.8107827 
906 133 12 14 0.8018452 
862 75 10 12 0.80146486 
975 5 10 12 0.79076797 
741 61 9 12 0.7871936 
453 120 10 12 0.78141695 
968 90 11 14 0.7685897 
625 109 11 15 0.7678943 
327 142 11 16 0.7658592 
389 148 10 13 0.760337 
311 19 9 12 0.74608856 
871 91 11 13 0.7327329 
767 126 11 14 0.73093593 
712 108 10 13 0.7288186 
165 124 9 12 0.7254157 
720 132 11 14 0.7178071 
986 106 13 15 0.7058493 
85 99 10 14 0.7033551 
85 24 8 9 0.70134336 
30 153 11 14 0.7006592 
768 99 10 13 0.695834 
871 110 11 15 0.693811 
653 13 9 11 0.6863641 
565 122 11 14 0.6834277 
10 117 10 13 0.6790133 
950 114 12 15 0.6637061 
190 141 9 11 0.656612 
646 148 11 13 0.6372855 
973 48 9 12 0.63540643 
833 111 10 13 0.6325054 
72 149 11 14 0.6278122 
504 138 11 15 0.6134467 
210 99 8 12 0.60451066 
183 71 7 9 0.59827 
688 61 8 11 0.596986 
923 90 11 14 0.5932663 
308 76 11 13 0.59303313 
888 52 11 14 0.59239614 
647 120 10 13 0.5900475 
104 135 11 14 0.58755946 
913 110 11 14 0.586351 
51 82 11 14 0.5797476 
264 136 9 11 0.5788149 
478 86 9 11 0.57300943 
623 131 11 14 0.57176816 
600 60 8 11 0.5717477 
34 96 10 12 0.5618657 
84 123 12 14 0.55928856 
1013 86 9 13 0.5513547 
396 62 8 11 0.54903257 
231 135 10 12 0.54629076 
30 78 9 11 0.54539907 
24 1 9 10 0.5411492 
840 146 12 14 0.53966004 
333 109 10 12 0.53874934 
643 92 10 12 0.53815866 
446 67 9 11 0.53401685 
59 21 10 13 0.5275502 
376 96 9 12 0.5241164 
825 30 8 10 0.5155908 
911 11 10 12 0.51552385 
817 63 9 11 0.50369 
324 4 10 12 0.49909484 
125 144 10 11 0.49779722 
535 135 10 12 0.49624383 
944 52 10 13 0.49396548 
496 110 11 15 0.49279988 
296 119 8 11 0.48828894 
680 89 10 12 0.48739427 
991 79 11 14 0.4867839 
248 7 9 10 0.47918567 
69 94 10 12 0.47537476 
205 80 8 11 0.47441483 
192 11 8 11 0.472266 
783 80 9 12 0.46860656 
154 100 9 12 0.46332896 
873 63 9 11 0.4587806 
215 155 9 12 0.45651618 
477 69 9 11 0.4564514 
522 126 10 13 0.45556656 
998 130 11 14 0.4554541 
917 40 9 11 0.45287496 
2 148 12 14 0.45044 
905 85 12 14 0.44597715 
39 126 12 15 0.43651026 
495 64 9 12 0.4364688 
516 69 9 13 0.4350655 
617 24 7 10 0.43461153 
63 116 11 14 0.43133262 
429 104 9 11 0.43113312 
179 4 8 10 0.43030545 
404 33 9 11 0.4295393 
557 65 8 11 0.42834646 
775 9 10 11 0.4280255 
197 160 9 11 0.41362095 
716 79 10 14 0.4129903 
757 88 10 13 0.41254795 
751 86 9 12 0.41206977 
974 32 11 13 0.41117284 
184 92 8 10 0.41043755 
18 134 13 15 0.4053335 
847 45 9 10 0.40090296 
104 121 9 12 0.39950386 
718 48 9 11 0.3951599 
463 96 9 10 0.393669 
611 48 9 11 0.3911118 
72 68 9 11 0.38954532 
365 13 9 11 0.38458717 
603 116 10 13 0.3845375 
973 139 13 15 0.38254517 
341 86 8 10 0.3823802 
857 56 10 13 0.38189638 
113 13 9 11 0.3758538 
884 129 10 14 0.3752 
148 157 10 13 0.36533025 
130 7 8 10 0.36520988 
742 33 9 11 0.36411095 
908 57 10 12 0.3632222 
985 67 10 12 0.36307478 
559 83 9 12 0.36250675 
802 118 12 15 0.3617447 
264 93 12 15 0.3603288 
227 117 8 11 0.3573723 
648 62 8 10 0.35526112 
483 112 10 12 0.35147962 
947 38 11 14 0.34937578 
889 103 10 14 0.34810057 
422 6 8 10 0.34606123 
1007 7 9 12 0.34453282 
537 6 8 11 0.3444775 
100 87 10 14 0.3440951 
406 113 9 11 0.3435431 
665 42 10 13 0.3420568 
247 56 7 9 0.34147233 
863 16 9 12 0.32955495 
502 45 8 10 0.32934183 
63 48 9 10 0.32495558 
962 72 10 13 0.32344502 
543 79 9 11 0.31651428 
833 131 9 12 0.3153607 
20 94 9 11 0.3118719 
548 116 10 12 0.31042987 
164 7 9 12 0.3102559 
403 1 9 10 0.30635017 
725 69 9 12 0.30079263 
625 8 8 10 0.2915015 
461 146 10 13 0.29040593 
57 175 10 13 0.28994745 
806 92 8 11 0.28772867 
695 91 9 11 0.28707212 
0 81 7 11 0.2834508 
746 84 9 11 0.28111762 
840 4 9 11 0.27872542 
777 67 10 12 0.27387676 
84 80 10 13 0.2731877 
439 129 9 12 0.27182242 
588 85 9 11 0.27142838 
341 8 10 12 0.26749122 
252 84 10 13 0.26536247 
413 151 11 13 0.2631475 
641 28 10 12 0.2598847 
301 2 10 12 0.2594437 
758 72 10 11 0.2592302 
780 44 9 11 0.25852698 
349 110 8 11 0.25577947 
279 144 10 13 0.25510567 
83 140 11 14 0.2549541 
514 9 7 10 0.2513383 
110 104 9 12 0.2490916 
903 77 11 14 0.24348077 
233 102 8 10 0.24073844 
169 80 7 9 0.24016434 
274 12 8 11 0.23843823 
853 95 9 12 0.23536074 
693 39 8 11 0.23254861 
336 164 10 12 0.23164326 
481 48 9 11 0.22814785 
332 75 10 12 0.225742 
813 39 8 10 0.22438939 
760 40 7 9 0.223482 
709 65 8 11 0.22199212 
839 29 7 10 0.22149242 
541 60 8 10 0.22119369 
543 111 8 11 0.21517953 
807 13 7 10 0.21347581 
567 22 7 9 0.21266282 
555 14 8 10 0.21182258 
204 7 8 9 0.21051714 
524 150 10 14 0.21019548 
583 55 7 8 0.20854622 
281 104 8 10 0.20790173 
230 93 8 10 0.20560554 
927 47 9 12 0.20539594 
868 36 9 11 0.20404084 
12 168 13 15 0.2033956 
468 176 12 14 0.2022663 
415 102 9 10 0.20049992 
781 136 10 12 0.20045276 
288 86 8 11 0.19651082 
226 90 8 9 0.19638963 
707 128 11 14 0.19144398 
802 55 9 10 0.19105157 
538 108 8 11 0.18512145 
770 29 7 9 0.18313651 
190 117 7 10 0.18263313 
14 79 8 11 0.18250045 
882 31 9 11 0.18126455 
264 69 8 10 0.18007424 
181 129 8 11 0.17945632 
572 70 8 10 0.17761384 
493 12 7 10 0.17654397 
949 13 10 12 0.17621765 
566 101 9 12 0.17443195 
941 0 9 9 0.17430878 
447 6 8 10 0.17138898 
602 22 7 9 0.16909137 
405 79 9 10 0.16860887 
815 15 8 10 0.16828841 
658 77 8 11 0.16789618 
830 29 8 11 0.16789195 
751 46 8 10 0.16745879 
417 79 8 10 0.16706887 
786 30 8 9 0.16634631 
389 5 9 11 0.1661106 
936 70 10 12 0.16338997 
503 93 9 10 0.16114123 
440 6 7 9 0.16098298 
879 48 10 12 0.16065535 
216 133 8 10 0.15977849 
393 90 7 10 0.15952606 
101 7 8 10 0.15785092 
713 147 10 13 0.15643279 
253 8 8 10 0.15334895 
789 16 8 9 0.14920229 
303 93 9 11 0.14851616 
232 8 8 10 0.14819072 
214 70 7 10 0.14818767 
382 79 9 11 0.14797054 
981 31 10 12 0.14458208 
45 7 8 11 0.14392278 
912 173 11 14 0.14363389 
925 67 9 12 0.14235267 
673 70 8 10 0.13901047 
526 64 8 11 0.13885923 
47 30 7 10 0.13829643 
229 72 9 11 0.13820064 
362 165 10 12 0.13790368 
758 63 8 10 0.1375993 
695 22 9 11 0.13662957 
454 143 10 12 0.13585474 
736 55 10 12 0.13362405 
801 111 10 12 0.13276713 
685 151 9 12 0.1321648 
226 44 8 10 0.12932278 
714 5 7 10 0.1290516 
664 24 8 10 0.12530047 
247 133 8 11 0.12507951 
684 157 10 14 0.123279385 
206 121 8 11 0.12296144 
249 80 10 12 0.11899182 
38 118 12 15 0.117011696 
70 79 8 10 0.11693417 
82 120 10 12 0.11642328 
604 135 10 14 0.11580066 
175 110 8 10 0.11489108 
340 120 10 13 0.11466361 
714 45 8 11 0.114145145 
837 23 9 11 0.11395279 
319 72 9 11 0.11347915 
85 133 11 14 0.11332741 
815 87 9 11 0.11328847 
802 6 8 10 0.112517454 
689 5 8 10 0.111754626 
614 93 9 11 0.11150293 
632 24 7 9 0.11136257 
712 41 8 9 0.11133397 
46 177 10 12 0.11104184 
633 55 9 10 0.11076426 
103 77 9 12 0.11027114 
720 17 8 10 0.1083948 
386 36 8 10 0.107068636 
372 155 9 12 0.10679739 
530 183 9 12 0.10641415 
1009 50 9 13 0.10629703 
191 174 12 15 0.10555475 
610 92 8 11 0.105174854 
309 115 9 12 0.1044941 
757 22 8 10 0.10336488 
185 113 8 10 0.102963895 
768 53 7 10 0.10292898 
825 53 10 12 0.102133974 
603 15 7 10 0.10195118 
819 156 11 13 0.10191651 
809 32 8 10 0.10153054 
753 126 9 11 0.10141465 
48 43 8 12 0.10135856 
400 87 8 10 0.100932 
267 100 9 12 0.10061258 
166 12 8 11 0.09961974 
343 92 10 13 0.09930853 
888 22 8 10 0.099233955 
353 76 8 11 0.099197805 
47 62 8 11 0.09885156 
205 144 8 10 0.098676465 
637 54 9 11 0.09825407 
793 188 11 13 0.09801283 
722 63 9 11 0.09799976 
402 79 8 9 0.09729443 
585 69 8 10 0.096932165 
638 40 10 11 0.096821986 
801 79 8 11 0.09630603 
576 80 8 10 0.09611247 
294 88 10 12 0.095941186 
666 63 8 10 0.09570349 
909 22 9 11 0.09372325 
168 85 7 9 0.093617104 
289 79 8 10 0.09276753 
857 130 11 14 0.092199825 
637 46 9 10 0.09145592 
726 104 10 12 0.09079144 
666 92 8 11 0.0896713 
265 87 9 12 0.08956879 
441 64 10 12 0.08940096 
664 108 9 13 0.08924286 
573 63 8 10 0.087359086 
200 84 8 11 0.086621605 
193 137 8 11 0.08611688 
583 13 7 10 0.0858072 
877 6 10 12 0.0838258 
111 173 12 14 0.08379066 
295 72 7 9 0.08274264 
409 101 9 10 0.08202906 
913 42 10 13 0.08149598 
546 44 8 10 0.0812336 
758 269 57 47 0.08093261 
27 78 8 10 0.08039849 
445 88 8 10 0.080012746 
506 54 8 11 0.079858646 
794 46 7 10 0.07939689 
229 112 8 11 0.07891723 
605 23 8 10 0.0788508 
449 123 10 14 0.07840958 
450 141 9 11 0.077978544 
107 123 10 13 0.0776122 
425 109 9 10 0.07729152 
726 5 8 9 0.076678365 
366 70 8 9 0.07626365 
538 56 8 11 0.07598295 
253 13 9 10 0.075738534 
1015 62 9 12 0.07558806 
719 5 7 9 0.075188 
82 213 9 12 0.07509147 
739 31 8 11 0.075042546 
862 0 8 8 0.07479135 
670 109 10 13 0.074741535 
151 152 9 11 0.07440937 
476 79 11 12 0.07419731 
836 15 9 11 0.07415385 
1013 151 9 13 0.07408708 
762 0 8 9 0.07384732 
578 57 7 8 0.073430866 
255 119 8 10 0.073227346 
904 39 9 12 0.07321997 
836 173 10 11 0.07306261 
105 104 9 11 0.07267458 
161 11 9 11 0.07254411 
28 23 9 11 0.072441034 
624 79 8 10 0.0724309 
117 84 8 10 0.07241064 
112 79 8 11 0.07227941 
802 14 8 10 0.07204247 
405 84 9 11 0.071982294 
367 65 8 10 0.07158213 
393 14 9 11 0.07100978 
169 104 8 10 0.07098271 
79 44 8 11 0.070705645 
606 10 7 9 0.07053714 
161 120 10 13 0.070303395 
584 10 7 9 0.07022325 
374 13 9 10 0.070141435 
120 156 10 12 0.07010788 
961 153 15 16 0.070000276 
650 6 9 11 0.069869325 
302 116 9 13 0.06902264 
352 4 9 11 0.0688845 
136 117 8 10 0.06841282 
306 73 9 12 0.06782776 
855 14 8 10 0.06779559 
952 87 10 12 0.06770547 
891 91 11 14 0.06714726 
801 86 9 12 0.067048624 
509 165 11 12 0.06669864 
924 150 11 15 0.06645068 
823 68 9 12 0.06580999 
15 85 8 10 0.065717205 
517 12 8 10 0.06531457 
670 92 9 12 0.06508335 
749 79 10 11 0.06505348 
159 145 8 10 0.06446242 
895 21 9 10 0.06423314 
655 46 7 10 0.06418767 
685 87 10 13 0.06413409 
68 86 11 13 0.06412595 
829 69 9 11 0.06368423 
767 78 8 9 0.062364362 
645 25 9 11 0.06205975 
358 77 8 10 0.062049873 
142 115 9 11 0.061628442 
1014 68 9 13 0.06146909 
256 70 9 10 0.061310034 
734 49 8 10 0.06044196 
478 38 8 10 0.059739683 
785 13 8 10 0.05957779 
549 46 8 10 0.05956128 
759 124 10 14 0.059430055 
806 8 7 10 0.059407104 
623 103 11 14 0.059382692 
652 63 9 10 0.059062645 
907 79 11 13 0.059023403 
723 127 12 14 0.05890626 
430 86 7 10 0.058896694 
29 28 8 11 0.058858257 
677 71 8 10 0.058602426 
793 69 8 11 0.058261614 
746 7 8 10 0.057614714 
406 97 9 10 0.057528242 
391 75 9 11 0.056908954 
582 38 7 9 0.05667921 
179 70 7 10 0.056601375 
174 105 8 10 0.05638491 
621 24 8 10 0.056285866 
13 72 8 9 0.05561208 
970 52 9 12 0.055345803 
98 79 8 10 0.05533365 
190 113 8 10 0.055231582 
604 62 8 10 0.054607935 
201 119 8 10 0.054539565 
55 62 9 11 0.054329872 
884 35 9 12 0.054315567 
454 101 10 12 0.05390949 
591 81 8 10 0.053800374 
364 170 12 16 0.053641245 
216 0 7 10 0.053596474 
349 104 9 11 0.053468183 
64 28 8 11 0.053247657 
345 101 9 11 0.05309674 
238 134 9 12 0.05286669 
382 84 8 11 0.05273719 
906 198 9 13 0.052694045 
133 7 9 11 0.052402455 
727 15 7 10 0.052375555 
241 6 8 10 0.052350234 
592 8 6 8 0.05224148 
873 53 10 13 0.05216164 
613 150 12 15 0.051846687 
62 6 8 10 0.051496785 
629 13 8 11 0.051107682 
798 46 8 10 0.051099747 
688 68 9 11 0.050770447 
71 166 10 14 0.05072149 
848 24 8 10 0.05039572 
598 110 11 14 0.05013391 
815 45 8 10 0.05005715 
791 22 8 9 0.049991276 
759 165 13 14 0.049890332 
496 102 10 12 0.049848873 
170 109 8 10 0.049753975 
536 11 8 10 0.04969858 
464 8 7 9 0.04962772 
512 107 10 12 0.049274817 
771 182 10 11 0.04900381 
239 157 9 11 0.048712928 
379 100 9 12 0.0483017 
441 48 8 9 0.04829577 
207 14 7 9 0.048257157 
265 65 8 10 0.04787492 
47 102 10 12 0.04755207 
517 75 10 12 0.047531884 
464 133 9 11 0.047194663 
64 69 9 11 0.046968803 
752 54 8 11 0.046851937 
894 86 10 13 0.046539158 
866 91 10 13 0.0464398 
585 63 7 10 0.04635676 
941 71 9 12 0.046344727 
766 48 8 9 0.046342686 
357 1 9 10 0.0462093 
264 118 8 10 0.046115767 
223 21 8 10 0.04608674 
621 96 9 11 0.045911558 
778 139 10 13 0.045885373 
702 92 8 10 0.045769 
541 104 9 10 0.045728475 
349 94 9 12 0.045708288 
400 93 8 11 0.045494996 
674 116 11 14 0.045463882 
562 0 7 9 0.04541278 
263 6 8 11 0.045304056 
822 151 11 13 0.04529124 
641 61 9 10 0.045143433 
792 64 8 10 0.045128305 
735 15 7 9 0.045114953 
655 72 9 12 0.045096472 
46 94 10 12 0.044994403 
379 80 7 10 0.044508792 
289 14 8 10 0.04436944 
113 84 8 11 0.044305533 
568 97 8 10 0.04428472 
759 15 8 10 0.044260513 
680 14 7 9 0.044244345 
446 134 9 12 0.04422285 
457 96 9 11 0.044102937 
8 40 7 9 0.044010524 
208 151 9 11 0.043954283 
414 110 10 11 0.04394824 
782 92 12 14 0.043761097 
201 126 9 10 0.043753672 
758 118 9 12 0.043585997 
655 140 11 14 0.043547142 
257 148 8 11 0.043157425 
703 48 7 9 0.042875417 
360 71 8 11 0.042838372 
849 29 8 9 0.042828627 
198 135 7 10 0.04280973 
581 101 9 11 0.042762715 
578 14 8 10 0.042762253 
751 39 7 10 0.042705193 
721 2 8 9 0.04264685 
647 1 9 10 0.04259591 
64 0 8 9 0.042386312 
853 155 9 12 0.04223841 
414 117 9 11 0.042114437 
625 62 8 9 0.042020246 
271 62 7 9 0.04201654 
903 108 10 13 0.041936137 
512 63 8 10 0.041878127 
805 77 9 12 0.04179509 
726 76 9 11 0.04174772 
183 181 8 11 0.041746832 
290 71 8 10 0.041730113 
648 40 9 12 0.04168731 
42 24 7 9 0.041643023 
359 93 9 11 0.041554917 
117 9 9 11 0.041510787 
781 64 9 11 0.041488755 
781 9 8 10 0.041485842 
703 15 7 9 0.041300017 
789 79 9 11 0.04117969 
695 44 8 10 0.041119207 
694 57 8 10 0.041109636 
104 25 7 9 0.041090984 
484 53 8 10 0.041048165 
255 102 8 10 0.04095164 
583 112 9 11 0.04083942 
250 11 9 11 0.040748484 
910 30 9 11 0.04074453 
271 117 7 10 0.04072099 
1016 23 8 12 0.04063418 
777 78 10 12 0.040589947 
178 87 7 10 0.040579334 
397 16 8 10 0.040533435 
867 21 9 10 0.04046663 
576 22 7 9 0.040242307 
536 86 9 10 0.040120665 
121 149 11 13 0.04004732 
435 6 7 10 0.03984368 
830 60 11 12 0.039696477 
645 109 10 12 0.039640762 
42 62 8 10 0.039569248 
318 76 8 11 0.039325926 
577 100 9 12 0.039148346 
753 62 8 10 0.039111573 
0 7 7 10 0.039098818 
192 88 7 9 0.039008703 
79 7 9 10 0.03900101 
367 78 7 10 0.03872607 
844 5 9 12 0.03849044 
415 83 9 11 0.03845274 
273 56 7 10 0.038299203 
415 97 9 10 0.038012277 
703 54 8 10 0.037992153 
412 56 9 11 0.037986096 
752 31 7 10 0.037953384 
161 80 7 9 0.03794235 
758 111 9 11 0.03793841 
798 40 8 10 0.037915066 
749 102 9 11 0.037894737 
562 119 10 13 0.037778642 
242 120 7 9 0.03776403 
104 174 10 12 0.037731133 
968 21 9 11 0.03768195 
231 62 7 9 0.03765509 
210 156 9 12 0.037628178 
150 110 8 10 0.037590344 
905 29 9 11 0.037537705 
271 80 7 9 0.037373397 
464 87 8 10 0.037352975 
618 70 7 9 0.037224762 
961 5 9 11 0.037170507 
865 32 9 12 0.03714586 
193 164 12 14 0.03705536 
945 59 10 12 0.03704322 
694 30 9 11 0.03678423 
742 115 9 11 0.036762524 
377 85 10 12 0.036753483 
57 46 8 10 0.036751807 
578 39 7 9 0.036720883 
242 126 7 11 0.03667351 
618 1 6 9 0.036628358 
479 33 7 9 0.03656089 
902 73 9 11 0.036551915 
713 23 8 10 0.03654916 
529 111 8 10 0.036491457 
653 40 9 11 0.0364575 
718 137 11 14 0.03620377 
650 123 11 13 0.03612392 
804 1 8 10 0.03611796 
888 158 11 14 0.03571957 
69 134 11 13 0.035673305 
258 143 8 11 0.03539057 
689 44 8 10 0.035340182 
751 14 8 10 0.03523084 
128 12 8 11 0.035230465 
438 55 7 9 0.035191428 
213 96 9 11 0.03498237 
986 78 10 13 0.03495553 
338 12 9 11 0.034872636 
774 25 8 10 0.034860548 
226 76 8 10 0.034851667 
70 32 8 9 0.034825556 
681 55 8 10 0.034757704 
854 30 8 10 0.03472516 
600 79 7 9 0.034675404 
655 94 9 11 0.03465729 
417 2 9 10 0.034641348 
45 108 10 12 0.034573857 
800 61 9 11 0.034459937 
565 106 12 14 0.034319095 
753 70 10 12 0.03415341 
633 72 7 9 0.034077674 
551 101 8 10 0.034036264 
93 103 9 12 0.03402517 
75 152 12 15 0.033956308 
288 7 9 10 0.033835 
536 94 8 10 0.033818334 
672 134 10 13 0.033784974 
60 17 10 11 0.03378288 
631 79 8 10 0.033773847 
57 55 9 10 0.033751953 
836 127 10 13 0.033687342 
217 16 8 11 0.033661835 
161 63 7 9 0.033633564 
198 12 8 11 0.033444688 
454 110 10 12 0.033428375 
858 0 8 8 0.03340236 
237 103 8 10 0.033378754 
761 7 8 10 0.033368025 
773 29 8 10 0.0333122 
303 33 7 9 0.0332879 
413 61 8 10 0.033265088 
643 119 9 13 0.033148598 
746 13 8 10 0.03312227 
160 86 8 10 0.033108532 
889 -1 9 9 0.033024956 
280 62 7 9 0.03301125 
46 25 7 10 0.03289023 
119 132 9 11 0.032861747 
593 1 7 9 0.03283397 
243 55 7 10 0.032723732 
18 100 9 12 0.032692432 
470 0 8 9 0.032668035 
136 149 9 11 0.032529075 
168 73 7 8 0.032503296 
529 47 7 8 0.032438636 
219 156 10 12 0.032420784 
775 132 10 13 0.032262955 
9 79 9 11 0.032220997 
663 69 9 12 0.03221775 
229 42 8 10 0.032207035 
808 71 8 10 0.0321059 
679 8 8 10 0.032104094 
298 4 9 11 0.032081794 
528 14 7 10 0.03204728 
315 21 9 11 0.032031234 
903 101 10 13 0.031899724 
544 42 7 9 0.031886943 
584 49 7 9 0.031803623 
815 21 7 9 0.031747956 
864 86 10 12 0.031725373 
862 169 10 12 0.031628896 
808 46 8 11 0.0315926 
56 1 8 9 0.03159009 
736 7 8 10 0.031579636 
562 21 8 10 0.031536438 
441 14 8 9 0.03142067 
224 57 7 9 0.031322476 
847 70 9 11 0.031293582 
41 180 10 12 0.031109132 
487 166 11 13 0.031106688 
817 56 8 11 0.031005444 
599 138 12 15 0.030990189 
823 79 8 10 0.03089627 
631 61 8 10 0.030876739 
727 53 9 11 0.030858532 
536 46 7 10 0.03078983 
425 86 8 10 0.030731712 
220 152 9 11 0.030633407 
649 67 9 11 0.03062889 
270 71 8 9 0.030569416 
849 53 9 12 0.03055922 
280 72 7 9 0.030517824 
105 73 8 10 0.030464856 
352 134 9 12 0.03041378 
593 55 7 9 0.030404815 
192 127 8 9 0.030399663 
410 156 10 12 0.030330872 
104 29 7 9 0.030299352 
624 38 7 9 0.030275872 
583 95 9 12 0.030275537 
981 122 12 14 0.030252064 
151 0 8 9 0.030250572 
856 87 9 12 0.030246977 
178 93 8 10 0.030170185 
565 85 8 11 0.030123709 
119 55 8 10 0.030053375 
446 13 8 10 0.029989043 
455 7 8 10 0.029924333 
622 71 8 10 0.029882656 
950 101 12 15 0.029880831 
304 111 9 12 0.02983975 
944 18 11 14 0.029762315 
263 79 9 10 0.029702196 
870 101 12 14 0.02968878 
402 116 9 11 0.029557722 
112 22 8 9 0.029552348 
318 161 10 12 0.029496083 
814 33 8 10 0.02947484 
631 85 9 11 0.029407583 
700 87 10 12 0.029405683 
873 47 9 12 0.029392133 
441 109 8 10 0.029387979 
434 55 8 10 0.029271692 
866 108 11 15 0.029265061 
389 32 9 11 0.02923509 
960 21 10 12 0.029199276 
583 80 9 11 0.029140512 
306 21 9 11 0.029088723 
32 116 10 13 0.02907628 
801 31 7 9 0.029039124 
569 56 7 9 0.02901734 
657 135 10 13 0.029006336 
340 159 9 12 0.029002657 
839 68 9 11 0.028999569 
682 163 10 13 0.028972715 
76 64 9 11 0.028946672 
70 0 8 8 0.02890746 
751 131 10 12 0.028877165 
577 8 8 10 0.028874623 
824 37 7 10 0.02884613 
926 77 10 13 0.028779747 
40 111 10 12 0.02876436 
536 127 10 11 0.028751284 
815 8 7 10 0.028707303 
438 104 9 11 0.028666547 
182 65 8 10 0.028590262 
282 87 8 10 0.028590241 
201 63 7 9 0.028580878 
799 23 7 9 0.028556213 
279 108 9 10 0.028515995 
71 38 8 10 0.028467916 
417 127 8 11 0.028459841 
943 77 9 11 0.028372118 
921 155 10 12 0.028336462 
895 29 9 11 0.0282918 
525 130 11 13 0.0282027 
433 132 9 11 0.028131768 
760 143 9 12 0.028122121 
247 140 8 11 0.028081918 
606 79 10 12 0.02807592 
392 21 9 10 0.028052187 
463 79 8 10 0.028020179 
358 141 9 12 0.028005384 
850 14 8 11 0.027946651 
772 176 11 12 0.02794372 
191 71 7 9 0.027942857 
176 13 8 10 0.027939565 
246 2 9 11 0.02788687 
786 24 7 10 0.027885174 
898 76 10 12 0.027775526 
135 176 9 10 0.02777192 
474 65 8 10 0.02774895 
991 54 9 11 0.027732268 
64 39 10 11 0.027730415 
177 182 9 11 0.02770482 
694 2 7 9 0.02769452 
853 46 10 11 0.027683018 
967 4 11 12 0.02767632 
446 108 9 11 0.027628342 
128 97 9 11 0.027619544 
953 109 13 16 0.027607411 
456 79 8 10 0.027562676 
129 2 8 10 0.027521567 
766 39 8 10 0.02747697 
894 17 8 10 0.027467491 
504 1 8 9 0.027464258 
915 7 10 13 0.02738203 
706 108 10 13 0.027344713 
520 64 9 12 0.027338259 
746 45 8 10 0.027329009 
711 31 7 9 0.027248189 
159 23 8 9 0.027152121 
761 44 8 10 0.027085343 
433 62 8 10 0.027081024 
703 159 9 12 0.02706403 
317 110 9 10 0.027063515 
889 16 8 10 0.027041906 
785 55 8 9 0.026988832 
281 95 8 10 0.026965193 
104 13 8 10 0.026945865 
42 30 8 10 0.026914284 
791 54 8 9 0.026758421 
566 79 8 10 0.026748655 
644 101 11 14 0.02669239 
693 70 9 11 0.02668958 
704 39 8 10 0.026625924 
225 61 8 9 0.02660575 
800 103 11 13 0.026602468 
561 39 8 10 0.026602145 
143 151 9 11 0.026550496 
446 48 7 9 0.026475208 
471 94 9 12 0.026472878 
568 17 8 10 0.026372917 
799 71 8 10 0.026353931 
359 6 10 11 0.026305718 
386 72 8 11 0.026234074 
256 133 9 11 0.026167886 
639 72 7 9 0.02614568 
64 99 10 12 0.026098765 
361 161 8 10 0.02604101 
386 1 8 10 0.026039079 
497 95 9 11 0.02602795 
508 229 12 14 0.025965411 
574 134 16 20 0.025963215 
148 80 9 10 0.025951719 
423 118 9 10 0.025812667 
288 91 8 11 0.025740407 
703 78 8 11 0.025683293 
551 83 9 12 0.02563415 
81 96 9 12 0.025620105 
565 129 12 16 0.025592482 
805 173 10 11 0.025502246 
186 13 8 10 0.025410263 
214 110 8 9 0.025391297 
736 69 9 11 0.025389958 
57 5 8 10 0.025354253 
25 110 9 12 0.025297286 
432 15 8 9 0.025297275 
54 93 9 13 0.02526111 
983 24 10 11 0.025223957 
73 8 8 9 0.025205433 
126 134 9 11 0.025198193 
825 7 8 9 0.02519678 
31 84 9 11 0.025190303 
879 11 9 11 0.025131185 
47 69 8 10 0.025113435 
527 80 9 11 0.024999673 
294 77 8 10 0.02495037 
759 31 8 10 0.024949074 
935 63 9 12 0.024932196 
497 40 9 11 0.024925057 
559 110 9 11 0.024829162 
593 62 8 10 0.024716279 
39 88 9 11 0.02470315 
255 94 8 10 0.024664337 
602 8 8 10 0.024634492 
758 171 11 13 0.024524068 
867 77 11 12 0.024521774 
981 96 11 12 0.024495794 
904 184 8 10 0.024481779 
656 109 10 12 0.024478385 
1011 108 11 15 0.024454331 
584 33 7 9 0.024448523 
102 2 9 10 0.024425419 
892 57 11 14 0.02442257 
256 111 8 10 0.024395254 
296 23 8 10 0.024393605 
559 135 10 13 0.024179274 
481 166 9 12 0.024172734 
771 96 11 14 0.02412406 
626 56 8 10 0.024116535 
520 47 7 9 0.024065506 
460 117 10 12 0.024024159 
41 12 9 12 0.02395994 
783 99 10 14 0.023945702 
714 52 9 11 0.023887338 
174 80 7 10 0.023881892 
167 131 9 12 0.02383577 
528 8 8 10 0.023773888 
225 142 8 10 0.023770079 
870 67 11 13 0.02376458 
788 84 9 11 0.023637773 
320 87 8 10 0.023636956 
937 53 8 11 0.02362569 
711 92 9 11 0.023592329 
136 86 9 11 0.023524294 
231 129 9 12 0.023521004 
151 85 8 10 0.023491036 
682 62 9 10 0.023439767 
54 101 9 11 0.023398448 
198 111 8 10 0.023389395 
751 109 9 11 0.023389386 
892 46 11 13 0.023379866 
832 7 8 10 0.023300013 
997 82 11 14 0.023287931 
845 182 10 13 0.023213606 
262 149 9 11 0.023194708 
861 152 10 12 0.02317703 
96 156 10 12 0.023170639 
679 142 9 12 0.023170589 
501 102 10 12 0.023101179 
78 172 12 13 0.023088412 
1011 47 11 14 0.023071652 
254 126 8 11 0.02305805 
409 15 7 10 0.023027387 
905 192 8 11 0.022985829 
570 123 13 15 0.02293723 
73 14 8 10 0.022880094 
674 7 8 9 0.022879379 
726 46 9 12 0.022879045 
201 142 9 11 0.022862654 
433 79 8 10 0.022717748 
48 1 8 10 0.022666153 
142 175 10 12 0.022633033 
397 58 9 10 0.02261327 
855 8 9 11 0.022596408 
192 103 7 9 0.022594875 
944 31 10 12 0.022541955 
110 72 8 10 0.022524003 
448 104 9 12 0.022457115 
544 72 8 11 0.022449827 
201 24 7 9 0.022436118 
271 47 7 9 0.022430671 
566 1 7 8 0.02242979 
71 46 8 11 0.022404648 
673 14 7 10 0.02237096 
1009 69 10 13 0.022367341 
63 135 12 14 0.022268321 
840 63 8 10 0.022257723 
896 39 9 11 0.022256305 
279 57 7 10 0.022228707 
954 194 13 15 0.022216639 
175 143 9 10 0.022174083 
361 64 8 10 0.022173071 
821 85 8 12 0.022152124 
616 64 8 10 0.02213955 
125 189 10 13 0.02212072 
360 86 10 13 0.022090256 
799 150 12 13 0.022070112 
743 2 8 9 0.022029212 
990 30 8 10 0.021962272 
121 109 9 11 0.021925952 
973 172 13 17 0.021918206 
119 21 7 9 0.021918079 
143 136 11 14 0.021874802 
151 117 9 11 0.021865394 
62 64 9 11 0.02185012 
190 94 8 9 0.021827968 
509 94 9 11 0.021826018 
232 57 7 9 0.021822821 
949 31 11 13 0.021751361 
65 78 9 11 0.021747537 
528 86 8 9 0.021722015 
696 78 10 11 0.0217097 
569 7 6 8 0.02170128 
265 157 9 12 0.021673596 
56 28 8 11 0.021667799 
96 13 8 10 0.021643717 
96 24 7 10 0.021638041 
1 205 9 13 0.02160135 
562 47 7 9 0.021597732 
209 108 8 10 0.021593181 
343 80 9 11 0.021544907 
808 62 8 10 0.021527056 
527 142 11 14 0.021512944 
683 111 11 15 0.021510836 
184 77 8 10 0.021462332 
656 102 9 12 0.021450248 
568 30 8 10 0.021383142 
641 0 7 9 0.021360224 
520 85 8 11 0.021347914 
112 207 8 10 0.021331107 
521 1 8 9 0.021230621 
284 142 9 12 0.021219773 
562 102 9 12 0.021216922 
766 71 9 11 0.021215143 
127 127 9 11 0.02118721 
638 77 8 11 0.02118672 
96 73 7 9 0.021142308 
863 46 9 11 0.021122778 
42 56 7 10 0.02112151 
474 38 8 10 0.021116072 
424 95 9 11 0.021108352 
168 95 8 9 0.021087527 
974 69 10 12 0.02107689 
934 179 11 13 0.021070663 
875 87 12 15 0.021031642 
224 126 8 10 0.021007013 
9 85 7 10 0.021000277 
128 118 9 11 0.020988148 
599 69 9 11 0.020986134 
501 61 9 12 0.020978143 
225 134 9 11 0.020977994 
208 23 7 10 0.020967782 
496 135 10 12 0.020965291 
161 71 7 9 0.020896824 
344 135 9 11 0.0208507 
88 72 9 10 0.020825787 
374 141 9 11 0.020812495 
920 52 10 12 0.020746818 
313 55 7 9 0.020712396 
805 101 10 13 0.02069834 
68 110 10 13 0.02059927 
453 133 10 13 0.020580063 
753 119 10 13 0.020577665 
825 48 8 10 0.020574126 
87 17 8 11 0.020537635 
888 87 10 12 0.020518696 
31 16 8 9 0.020473018 
639 14 8 10 0.020453367 
129 31 8 10 0.020405635 
201 95 7 9 0.0203658 
304 37 8 10 0.020338565 
670 31 10 11 0.020336343 
479 102 9 11 0.020316107 
718 104 10 13 0.02029131 
718 116 9 11 0.020272203 
248 119 7 10 0.020220505 
592 24 8 9 0.020212367 
294 15 8 10 0.02016207 
959 14 9 11 0.020139197 
669 22 8 10 0.02012893 
488 133 10 13 0.020117572 
208 63 7 9 0.020087577 
223 0 8 9 0.020069504 
116 166 13 16 0.020057442 
126 182 10 12 0.020053733 
367 22 9 10 0.020042727 
