47_Matador_Bullfighter_matadorbullfighting_47_491
62
316 196 14 18 0.9520615 
747 191 19 23 0.93073297 
100 190 15 19 0.7797172 
950 63 10 13 0.73421085 
5 152 13 16 0.6901875 
87 133 14 18 0.6473946 
983 198 13 16 0.620852 
348 195 11 15 0.59932286 
197 201 13 16 0.5882278 
186 155 13 17 0.47845468 
868 138 13 17 0.47318667 
893 139 12 16 0.4676816 
406 190 14 18 0.4080602 
117 188 14 17 0.24215527 
38 189 11 14 0.22380126 
917 139 11 15 0.21770965 
229 186 10 14 0.2027584 
309 223 10 12 0.13023865 
459 222 45 36 0.12736997 
57 190 11 13 0.10078952 
933 193 11 14 0.09296136 
106 188 14 19 0.09171042 
245 167 11 15 0.08535582 
1012 181 11 16 0.07928541 
284 238 12 15 0.07112901 
925 139 10 13 0.06468446 
140 241 10 12 0.064100705 
360 186 11 14 0.057056066 
134 197 9 12 0.055641484 
340 238 10 13 0.048794717 
230 195 14 19 0.04860281 
450 217 34 35 0.044879727 
197 191 15 18 0.042872258 
470 204 39 45 0.040201753 
148 191 16 19 0.039723787 
127 194 11 14 0.03592858 
211 162 12 14 0.03502663 
484 196 29 39 0.032406177 
1013 175 10 14 0.032022357 
53 228 9 12 0.0310518 
889 134 13 17 0.029371575 
194 157 11 14 0.02911773 
220 204 13 15 0.028905025 
921 85 9 11 0.028602507 
981 156 9 13 0.02845721 
128 173 11 14 0.026399782 
134 202 10 14 0.02574417 
366 125 24 25 0.0253309 
90 126 15 19 0.025226941 
213 180 11 13 0.024940733 
957 183 11 13 0.024690216 
250 211 15 17 0.024249591 
928 155 13 15 0.023586465 
271 205 10 12 0.022334196 
8 180 12 15 0.021722259 
164 165 13 17 0.021635616 
125 180 12 16 0.02134419 
301 206 10 13 0.02116064 
955 68 10 12 0.021056475 
235 189 12 15 0.02095043 
957 165 9 12 0.020428408 
932 140 11 13 0.020178935 
