47_Matador_Bullfighter_matadorbullfighting_47_511
826
638 295 9 12 0.7480194 
991 97 8 10 0.661271 
68 566 11 15 0.5351785 
764 274 10 13 0.50561297 
498 60 7 10 0.47226682 
68 81 8 10 0.4622656 
697 28 8 11 0.4536384 
237 575 12 15 0.44093087 
32 69 7 10 0.41786298 
833 89 7 8 0.4062776 
295 46 7 10 0.38687328 
815 562 13 14 0.37701404 
224 134 7 9 0.36702177 
32 53 6 9 0.34647018 
554 65 6 9 0.33584014 
413 256 7 9 0.3337836 
145 41 7 9 0.30744055 
882 47 7 9 0.30104697 
68 108 8 11 0.29994437 
6 73 8 10 0.28168434 
918 110 7 9 0.27766407 
216 78 7 9 0.26978493 
860 526 13 16 0.26021203 
895 128 8 10 0.25861964 
761 594 13 15 0.25171235 
247 165 8 10 0.25161153 
125 78 7 9 0.24998236 
724 32 7 10 0.24308869 
146 579 12 16 0.24018863 
13 53 8 10 0.23784128 
936 576 12 18 0.23350106 
935 109 7 9 0.23234007 
717 79 8 9 0.22721994 
971 133 9 10 0.2208794 
162 78 6 8 0.21976647 
612 596 13 14 0.21451561 
961 116 9 11 0.21335155 
63 49 7 10 0.21334773 
391 36 7 10 0.21269025 
291 46 7 9 0.21017541 
843 57 7 10 0.20347211 
358 436 11 15 0.20126072 
176 58 6 8 0.19876128 
20 593 10 16 0.19520584 
942 53 7 9 0.19004627 
273 35 5 7 0.18972681 
48 31 8 10 0.18845282 
977 24 7 9 0.1882262 
871 118 8 10 0.18811037 
963 64 6 8 0.17991929 
58 50 7 9 0.17290084 
240 129 8 10 0.17289014 
471 49 6 8 0.16920431 
857 30 6 9 0.1681217 
889 96 7 8 0.1652457 
178 87 6 8 0.16062497 
937 38 7 8 0.16018398 
913 144 6 8 0.15417105 
873 76 6 9 0.15149325 
750 22 8 9 0.14986573 
322 22 7 9 0.1493982 
702 46 6 8 0.14558592 
787 507 14 17 0.14534095 
800 31 8 10 0.14526026 
154 71 6 8 0.14354052 
914 46 6 8 0.14268102 
348 628 16 19 0.14116585 
729 69 7 9 0.1401895 
962 94 6 9 0.13956517 
322 62 6 9 0.13819721 
906 83 7 10 0.13809279 
105 382 9 12 0.1374233 
118 46 7 8 0.13593386 
997 476 8 10 0.13577582 
279 62 7 9 0.13447967 
181 562 12 15 0.13431431 
770 101 6 9 0.13241687 
104 23 7 9 0.12953399 
959 170 8 9 0.12754086 
338 88 7 9 0.12525435 
746 66 6 8 0.12271915 
149 574 11 15 0.12261391 
887 112 8 10 0.12029426 
479 14 7 8 0.118378475 
234 25 6 7 0.11746234 
89 25 7 8 0.11648862 
520 46 7 9 0.11616833 
422 621 8 12 0.11567456 
167 23 6 8 0.1106821 
110 551 9 11 0.11066626 
166 611 13 16 0.110484034 
238 65 7 9 0.110259555 
754 94 7 9 0.10933389 
728 46 6 8 0.10849284 
955 77 7 9 0.107538685 
245 564 9 11 0.106110685 
576 54 6 9 0.10541131 
312 612 17 19 0.10436628 
606 486 11 14 0.10388218 
1 115 8 12 0.10288263 
670 12 7 10 0.10249433 
247 34 6 8 0.10174039 
455 40 7 9 0.101503044 
867 560 18 20 0.10145722 
856 188 9 11 0.09934746 
657 55 8 9 0.09846627 
666 91 7 10 0.09813979 
499 39 6 9 0.09780486 
845 59 9 11 0.09756989 
959 113 8 11 0.095415086 
384 79 7 8 0.09464337 
850 112 8 9 0.09417443 
625 486 11 15 0.093846925 
538 37 6 9 0.093525454 
726 571 10 13 0.09300369 
824 29 7 9 0.09123058 
106 62 6 9 0.09111734 
235 66 6 8 0.090186045 
382 49 6 8 0.089720115 
529 79 7 8 0.0891953 
407 30 6 9 0.08867846 
950 152 8 10 0.08794067 
843 38 7 10 0.08793331 
831 54 6 9 0.087562725 
86 109 8 9 0.08745296 
112 103 7 9 0.08740286 
786 38 8 10 0.08715973 
957 71 8 11 0.087089166 
570 97 8 11 0.08667156 
663 60 7 10 0.0865323 
456 45 7 9 0.08636465 
472 65 7 9 0.08602656 
159 101 7 9 0.08577645 
39 108 8 11 0.08574416 
475 31 6 8 0.08563627 
206 89 7 10 0.08498406 
502 38 7 9 0.0849371 
415 637 8 11 0.084640145 
866 45 6 9 0.083747976 
456 78 7 9 0.08259207 
57 94 7 9 0.081015326 
566 38 6 9 0.08023027 
762 1 8 10 0.08015536 
183 86 6 9 0.079759635 
762 61 8 10 0.079657264 
345 63 7 8 0.07964013 
337 46 6 9 0.078389876 
184 607 12 16 0.07836668 
30 32 7 9 0.07811422 
345 57 6 8 0.07790518 
609 30 7 10 0.07767628 
729 1 7 8 0.077573866 
214 582 13 16 0.07692641 
976 217 9 11 0.07656761 
956 508 13 14 0.07586644 
111 573 12 15 0.07500031 
591 78 8 10 0.07497132 
534 33 7 9 0.07477428 
556 604 12 15 0.074174516 
838 86 8 10 0.07407351 
364 437 9 15 0.073723905 
122 73 8 9 0.07370294 
115 46 7 9 0.07367124 
828 655 31 30 0.07358185 
696 72 7 8 0.07246688 
658 48 6 9 0.07241496 
799 579 13 15 0.07178944 
387 38 7 9 0.071342744 
160 73 6 9 0.0701851 
78 69 7 10 0.069805086 
861 98 8 9 0.06962296 
190 565 10 14 0.06928843 
895 40 7 9 0.06879293 
531 32 6 8 0.06872158 
793 87 6 8 0.068023615 
903 110 6 9 0.06757662 
935 191 8 9 0.06730727 
809 94 6 8 0.067068964 
643 57 6 9 0.06658999 
225 89 6 8 0.06649604 
968 39 7 9 0.064606436 
990 41 7 9 0.06458953 
135 106 7 9 0.06429064 
1005 148 9 12 0.06427552 
227 640 19 22 0.06421194 
417 269 8 13 0.06418533 
551 612 12 16 0.063676976 
106 550 8 12 0.06259367 
74 65 7 9 0.06240397 
602 104 7 10 0.062067524 
585 39 7 9 0.061711136 
610 23 7 9 0.06146313 
312 34 6 8 0.061043635 
608 61 9 11 0.061040357 
824 40 6 8 0.06102967 
305 85 8 10 0.06097089 
990 495 11 15 0.060476378 
256 87 7 9 0.06008652 
176 45 6 9 0.05986972 
678 61 7 10 0.059829112 
266 112 7 9 0.059695825 
95 70 7 9 0.05964523 
3 586 12 15 0.05961163 
78 564 9 13 0.059505347 
744 47 7 9 0.059049573 
251 23 6 8 0.058589958 
713 94 9 11 0.058580436 
521 39 7 10 0.058529157 
881 111 8 10 0.05841006 
801 6 7 9 0.058266222 
519 72 6 8 0.0582626 
203 88 7 10 0.058003873 
265 69 7 9 0.057860505 
883 3 7 8 0.057843227 
807 56 6 8 0.05781514 
505 23 6 8 0.057612706 
90 54 7 8 0.05753148 
738 102 7 9 0.0573454 
145 15 6 8 0.057048634 
601 55 8 10 0.056866776 
294 3 7 8 0.056849353 
90 29 6 9 0.056811366 
458 17 6 9 0.056749973 
472 6 6 9 0.0563423 
490 56 7 9 0.0562987 
855 78 7 9 0.056283105 
425 628 10 14 0.05611484 
904 517 9 12 0.05606462 
119 628 14 18 0.055403396 
590 111 7 9 0.055276994 
33 111 8 10 0.055264477 
195 110 7 9 0.05519539 
278 56 8 10 0.054831967 
674 57 7 8 0.054449722 
771 127 6 9 0.054376263 
98 149 7 10 0.054365467 
669 90 8 10 0.054284807 
818 103 7 9 0.054139085 
351 70 6 9 0.053843524 
825 49 8 9 0.05369328 
577 79 7 10 0.05359282 
264 66 7 8 0.05340446 
677 57 7 10 0.05339894 
198 5 6 8 0.053339627 
497 7 7 9 0.053265933 
25 33 7 8 0.05323992 
942 141 8 10 0.053095456 
449 47 6 9 0.052595824 
584 79 7 10 0.05240678 
984 79 7 8 0.052279454 
442 6 6 8 0.051805656 
761 57 7 9 0.051528644 
586 31 7 9 0.051178284 
777 29 7 9 0.05066381 
249 86 6 8 0.05053771 
223 39 7 8 0.05049856 
1006 38 8 10 0.050294276 
798 25 7 9 0.050149478 
590 1 8 10 0.050128922 
768 663 9 12 0.050101988 
379 48 6 8 0.04990224 
102 150 8 9 0.049548853 
32 94 8 10 0.04949754 
233 30 6 8 0.049479704 
892 95 8 10 0.049478754 
728 627 12 18 0.049425676 
198 111 7 10 0.049086276 
795 588 16 19 0.04886023 
367 5 6 9 0.048753623 
32 124 11 14 0.04857005 
354 631 15 21 0.048097063 
535 79 6 8 0.04805269 
353 573 9 12 0.04805158 
749 65 7 9 0.048028916 
929 144 7 9 0.048004083 
192 94 6 8 0.047952294 
191 47 6 8 0.047944464 
1001 121 8 10 0.047702745 
105 79 7 9 0.04768522 
879 73 6 9 0.047633808 
408 85 7 9 0.047623824 
173 651 14 17 0.047621563 
798 109 7 10 0.047568824 
244 577 11 16 0.047306117 
624 71 8 9 0.04652451 
274 63 7 9 0.046504732 
961 90 7 9 0.046405204 
488 47 6 8 0.046355184 
952 96 7 9 0.0462332 
878 172 10 12 0.04611373 
936 142 8 10 0.046068065 
179 30 6 8 0.0460299 
94 54 6 8 0.045922525 
611 487 12 14 0.04582327 
890 128 9 10 0.04569402 
614 583 14 18 0.04552528 
803 36 7 9 0.04534796 
989 30 8 9 0.045059115 
2 77 8 9 0.044926733 
396 596 13 16 0.04492037 
425 56 7 9 0.044838265 
918 46 6 9 0.044682838 
878 77 7 9 0.044547886 
224 93 6 9 0.044492494 
62 2 7 9 0.044220276 
967 22 7 9 0.044214945 
726 38 8 11 0.043890957 
65 84 9 11 0.043731943 
343 47 7 8 0.043711267 
466 47 6 9 0.043685943 
721 572 9 12 0.04346091 
186 46 6 9 0.04327225 
866 529 14 16 0.04309776 
738 80 6 9 0.042718064 
347 71 6 8 0.042715333 
86 593 14 19 0.042678926 
249 63 7 9 0.04255863 
527 38 7 10 0.042525817 
653 121 7 9 0.042311702 
703 42 7 9 0.042236727 
743 110 8 9 0.04213585 
909 81 7 10 0.042069793 
632 110 7 9 0.04206044 
526 47 7 9 0.041998588 
931 110 7 10 0.041923337 
869 569 16 18 0.04179303 
90 70 7 9 0.041657105 
142 128 7 9 0.041580267 
103 86 6 9 0.041464187 
98 87 7 8 0.041458327 
746 23 8 10 0.041421607 
1007 144 8 11 0.04139776 
313 581 9 12 0.04130262 
514 47 7 8 0.041235026 
680 7 7 9 0.041193113 
89 105 7 9 0.0411737 
799 106 7 8 0.04111866 
934 18 7 9 0.040928837 
557 63 7 10 0.04087902 
130 24 7 9 0.040795524 
560 79 8 11 0.040780485 
248 6 6 8 0.040737573 
642 62 7 9 0.040673118 
664 33 7 8 0.040586725 
601 49 7 8 0.040088825 
774 127 7 9 0.040082276 
784 56 6 8 0.04006727 
129 29 6 9 0.040033244 
254 23 6 8 0.0400031 
624 6 7 8 0.039940532 
818 1 7 8 0.039811037 
962 15 6 9 0.039647453 
809 111 7 10 0.039633412 
362 33 6 7 0.039610825 
458 33 6 8 0.0393104 
47 24 8 10 0.03905169 
751 47 7 9 0.039035037 
110 62 7 9 0.03891981 
432 61 7 9 0.03887336 
858 101 7 10 0.03864766 
932 498 11 15 0.038636886 
403 30 6 9 0.038613565 
22 137 7 9 0.03850224 
57 89 7 10 0.03850213 
584 0 9 11 0.03849979 
722 36 8 10 0.038448658 
600 60 8 10 0.038409065 
917 499 10 14 0.03819815 
430 15 7 9 0.038197733 
750 69 7 9 0.038061187 
919 144 6 8 0.037967537 
998 54 7 10 0.03793852 
314 629 15 17 0.037746362 
202 71 7 9 0.037620615 
178 81 6 9 0.037609108 
448 77 7 10 0.03743323 
634 299 10 13 0.03738266 
113 30 6 8 0.037339047 
688 40 7 9 0.03733508 
814 110 7 9 0.0372282 
209 72 7 9 0.037193835 
569 14 6 8 0.03711653 
182 81 7 9 0.03706471 
47 64 7 9 0.037031826 
896 45 8 9 0.03695284 
0 37 7 11 0.03692542 
59 7 6 8 0.036919232 
233 650 17 20 0.036722444 
544 55 7 9 0.0365785 
34 160 7 9 0.036507465 
687 46 8 9 0.036391474 
737 55 6 9 0.03626584 
131 604 18 24 0.0362444 
1 164 8 12 0.0362137 
137 128 9 11 0.0361624 
150 41 6 9 0.036006283 
154 66 6 8 0.03578715 
863 165 8 10 0.035684623 
188 611 11 17 0.035647187 
872 113 7 10 0.03556968 
63 17 7 8 0.035506394 
246 128 7 9 0.03527764 
421 269 8 11 0.035051472 
144 73 6 8 0.035019152 
728 112 7 9 0.034909643 
808 564 11 14 0.03477958 
807 2 7 8 0.034699216 
944 136 8 11 0.034605216 
177 559 11 15 0.034428954 
255 64 7 9 0.034402143 
897 110 7 9 0.03439505 
31 14 7 10 0.03435437 
31 101 9 11 0.03424301 
241 55 7 10 0.034199763 
757 95 7 9 0.034142878 
568 9 7 8 0.034138173 
605 125 9 10 0.034044925 
498 33 6 8 0.034009255 
217 103 8 9 0.033975244 
238 69 7 9 0.033970293 
5 117 8 10 0.03383429 
498 24 6 7 0.033820514 
741 104 8 9 0.033796582 
337 31 6 8 0.03377486 
704 72 6 9 0.033732373 
85 564 9 11 0.03371475 
778 70 6 9 0.033652186 
871 503 10 13 0.033646993 
270 7 7 8 0.033553876 
697 77 7 9 0.033538025 
138 72 6 9 0.03352925 
442 80 7 8 0.033460274 
887 32 7 9 0.033432584 
209 48 6 8 0.03337569 
881 40 7 9 0.033248127 
689 95 7 8 0.033212822 
243 8 5 7 0.033200257 
882 96 7 8 0.03312861 
353 2 8 9 0.03312532 
592 63 7 9 0.033098165 
232 148 10 13 0.033096675 
625 38 7 8 0.033096526 
366 95 7 10 0.033044014 
937 79 7 9 0.033006098 
0 0 6 9 0.03296112 
287 23 7 8 0.032861408 
32 89 7 9 0.032527726 
589 598 11 14 0.032473836 
643 295 9 11 0.032455992 
585 63 7 9 0.032428417 
968 173 8 10 0.032271255 
705 0 8 9 0.032267783 
71 48 7 9 0.032128543 
266 9 6 8 0.032086078 
514 78 7 9 0.03203699 
503 33 7 8 0.032006778 
960 142 8 11 0.031946555 
722 46 7 9 0.031883206 
0 452 9 14 0.031835917 
880 118 8 10 0.03167218 
640 70 7 10 0.031556856 
687 136 6 8 0.03155411 
408 61 7 9 0.03153561 
192 89 6 9 0.031507798 
270 70 7 9 0.031507704 
80 31 7 9 0.031475488 
529 24 6 8 0.031412236 
167 580 12 15 0.031368833 
934 94 7 10 0.03124293 
202 24 7 9 0.03123215 
830 49 7 9 0.031165296 
751 30 8 10 0.031153284 
928 150 7 8 0.03106015 
935 86 7 10 0.031008098 
808 63 7 9 0.03100027 
290 42 7 9 0.030999258 
921 31 7 8 0.030996718 
889 38 7 10 0.030968018 
282 70 7 9 0.03096163 
1006 86 7 10 0.030766021 
965 95 7 9 0.03074703 
751 39 7 9 0.030699756 
103 72 7 9 0.030444356 
888 73 7 8 0.030414945 
279 591 11 13 0.030312221 
781 1 7 8 0.030299174 
554 17 6 9 0.03019097 
824 111 7 8 0.030123048 
713 86 8 11 0.030084081 
833 564 11 15 0.030066991 
111 5 8 9 0.030029215 
242 33 6 8 0.030000977 
778 65 7 8 0.029894697 
560 8 6 8 0.029715104 
951 132 7 10 0.029708039 
646 61 7 9 0.0296873 
89 50 7 9 0.029613502 
744 6 7 9 0.029608918 
805 34 7 9 0.029506238 
973 169 8 9 0.029469203 
554 21 6 9 0.029433386 
551 102 8 10 0.029295696 
656 79 7 9 0.029289624 
888 101 8 11 0.02928773 
352 16 7 9 0.029253202 
171 634 13 17 0.029232068 
424 61 7 9 0.029226944 
576 49 7 9 0.029206995 
345 16 6 7 0.02918075 
882 32 7 9 0.029151559 
225 24 6 8 0.029056285 
840 80 7 10 0.029030276 
297 52 8 10 0.028922785 
217 38 7 9 0.028873455 
89 1 7 9 0.02886755 
703 78 7 9 0.028833268 
783 63 7 9 0.028806884 
565 121 9 10 0.028797202 
954 112 8 9 0.028790986 
913 70 7 9 0.028764997 
53 31 7 11 0.02871068 
519 78 7 9 0.028702045 
927 573 13 19 0.028683826 
280 39 7 8 0.028622918 
987 46 6 9 0.028348638 
750 125 7 10 0.028298413 
513 39 6 9 0.028259229 
127 573 11 15 0.028172106 
177 124 7 10 0.028140688 
735 0 7 9 0.028067963 
194 79 6 8 0.028047228 
360 87 7 9 0.02802827 
238 24 6 8 0.027925966 
576 63 7 8 0.027925093 
648 71 7 9 0.0279173 
14 541 10 12 0.027873402 
937 72 7 9 0.0278286 
440 3 8 8 0.027826937 
515 71 7 9 0.0278037 
49 88 7 9 0.02778262 
918 41 7 9 0.027776673 
360 6 7 8 0.027768577 
266 33 6 8 0.027757289 
973 130 9 10 0.027707286 
102 17 7 10 0.027701873 
325 620 12 17 0.027682915 
440 654 9 12 0.027666248 
1008 95 7 10 0.027657326 
248 56 7 10 0.027598197 
664 38 7 9 0.02751227 
368 104 8 9 0.027501216 
176 73 6 8 0.027484527 
704 119 7 8 0.027480973 
40 88 6 8 0.027421243 
295 580 10 13 0.027388945 
982 24 7 9 0.027387487 
765 583 12 16 0.0273812 
897 2 7 8 0.027374215 
930 95 7 9 0.027337436 
496 16 7 8 0.027335824 
95 23 8 10 0.027290612 
591 72 8 10 0.02726209 
105 57 7 9 0.027168017 
853 116 8 11 0.027133726 
792 47 6 9 0.027044715 
857 38 6 9 0.0270004 
24 22 8 9 0.026968842 
241 561 10 12 0.02693969 
481 79 6 8 0.026901754 
23 110 7 10 0.026875727 
166 79 6 8 0.026871825 
542 38 6 9 0.026849387 
234 578 11 14 0.02683001 
802 2 7 9 0.026804391 
801 81 6 8 0.02671798 
164 24 6 8 0.026639408 
38 70 7 10 0.026631782 
809 90 6 8 0.026619207 
901 547 9 13 0.026615188 
792 503 16 20 0.026609734 
1002 85 7 10 0.02655091 
609 39 7 8 0.026421668 
528 73 7 9 0.026408376 
695 0 8 8 0.026400406 
872 40 7 9 0.02626278 
613 23 7 9 0.02625023 
754 102 7 9 0.02623708 
294 42 7 10 0.026202597 
753 90 7 9 0.026175624 
855 74 6 7 0.026159724 
255 7 7 8 0.026136635 
712 15 7 9 0.026114637 
614 63 7 9 0.02610514 
870 45 7 9 0.026082193 
25 38 7 8 0.026034353 
281 127 6 8 0.02600025 
56 143 7 9 0.02599995 
893 452 9 12 0.02599566 
773 101 7 9 0.025979862 
223 110 7 9 0.025883626 
949 502 13 16 0.025875058 
274 87 6 8 0.02583006 
302 594 10 14 0.025782637 
10 50 7 10 0.02576868 
944 501 11 15 0.025745774 
243 37 6 9 0.025717894 
969 169 8 9 0.025609108 
861 190 9 11 0.025527181 
211 78 7 9 0.025515476 
76 570 11 16 0.025394129 
191 617 11 14 0.025368197 
927 64 7 9 0.025346342 
452 40 6 8 0.025330355 
480 39 6 9 0.02530406 
463 78 6 8 0.025302965 
563 605 11 14 0.025234837 
31 22 8 10 0.025204876 
558 69 7 10 0.025201522 
279 87 7 9 0.02519338 
41 23 6 9 0.025136363 
734 71 7 9 0.025045656 
638 111 7 9 0.025028149 
575 623 16 21 0.025022939 
736 47 7 10 0.025017919 
925 558 11 15 0.025008801 
696 14 8 9 0.024996812 
17 32 7 9 0.024983846 
144 78 6 8 0.02497129 
895 79 7 8 0.024958594 
911 137 7 9 0.02495641 
120 30 6 9 0.0249191 
577 2 8 9 0.024913097 
944 492 11 15 0.02488382 
25 15 8 10 0.02485174 
817 54 6 8 0.024823869 
690 71 6 8 0.024746798 
185 73 6 7 0.024709329 
607 48 7 8 0.024697954 
727 581 10 14 0.024571419 
27 53 7 10 0.024550643 
27 69 7 10 0.024480075 
17 133 8 11 0.024472937 
727 22 7 9 0.024410006 
399 619 12 15 0.024401307 
302 49 6 8 0.024393942 
544 564 10 12 0.024386583 
217 7 7 8 0.024348091 
86 86 7 9 0.024328854 
896 6 7 9 0.024268778 
864 88 7 9 0.024256695 
959 211 13 15 0.024236923 
721 72 7 10 0.024207106 
744 86 6 9 0.02419546 
697 40 7 9 0.024174195 
456 74 7 8 0.024100907 
738 583 12 15 0.024056856 
61 94 7 9 0.024042206 
506 104 8 10 0.023961442 
76 603 13 18 0.02392146 
330 7 6 8 0.023905689 
256 70 7 8 0.023873357 
17 110 8 10 0.023829585 
736 111 8 9 0.023828039 
111 57 7 9 0.023800904 
358 3 8 8 0.023738818 
89 65 7 9 0.023731317 
206 23 7 9 0.023724152 
696 65 6 8 0.023721145 
25 103 8 11 0.023719046 
263 80 7 9 0.023686394 
785 87 6 8 0.023642005 
802 55 7 8 0.023627916 
987 40 7 9 0.02362606 
151 569 10 13 0.02360811 
266 14 6 8 0.023598723 
431 57 7 9 0.023579722 
369 47 6 8 0.023563925 
821 155 10 12 0.023559498 
323 627 12 16 0.023519536 
704 13 7 9 0.023479333 
867 118 7 9 0.023434825 
746 41 7 9 0.023391921 
242 166 9 10 0.023388293 
356 641 13 18 0.023383986 
661 47 8 9 0.023355184 
38 95 8 9 0.023331258 
847 31 7 10 0.02331883 
197 617 12 15 0.023294928 
821 588 16 18 0.023277504 
824 7 7 8 0.02324265 
214 438 11 13 0.023216272 
743 81 6 9 0.02313599 
631 38 6 9 0.02310055 
792 650 28 27 0.02307476 
80 49 7 8 0.023071297 
831 39 7 9 0.023032311 
652 580 15 18 0.023012647 
945 126 8 10 0.022990111 
955 168 8 12 0.02298618 
318 6 7 8 0.022972189 
544 619 9 14 0.022908285 
323 58 5 8 0.022867521 
880 103 7 9 0.022838725 
431 1 8 8 0.022802021 
1005 120 8 10 0.022785233 
113 145 7 9 0.022775335 
19 191 8 10 0.022748034 
793 31 7 9 0.02269557 
462 32 6 7 0.022675648 
86 116 8 11 0.02263346 
890 78 6 9 0.022592012 
795 24 7 9 0.022546433 
414 259 9 11 0.022516724 
48 94 7 8 0.022500945 
417 61 7 10 0.022456454 
727 117 8 10 0.02243151 
195 6 6 9 0.022418087 
38 628 12 15 0.022401044 
963 22 7 9 0.022399122 
86 143 7 9 0.022377104 
552 56 7 9 0.022328606 
40 563 11 15 0.02231533 
209 40 7 8 0.022309192 
510 22 7 8 0.022303095 
274 55 8 10 0.022271458 
49 160 9 11 0.022231776 
992 25 7 9 0.02220881 
514 64 7 9 0.02220216 
624 33 7 9 0.022190575 
209 17 6 8 0.022169529 
808 80 6 9 0.022125583 
228 480 10 12 0.022123758 
462 16 7 10 0.022111494 
822 1 7 8 0.02206931 
265 48 7 9 0.022062171 
769 47 6 9 0.022031197 
953 102 7 9 0.021997113 
337 24 6 8 0.021968514 
810 68 7 10 0.02193846 
168 73 7 8 0.021920078 
927 120 7 9 0.021884117 
282 48 6 8 0.021849947 
744 29 8 9 0.021804286 
984 73 7 9 0.021752104 
903 106 7 9 0.0217038 
721 1 8 8 0.021682676 
519 64 7 9 0.021680463 
426 15 7 9 0.021672301 
816 152 10 12 0.021639314 
559 16 7 9 0.021583872 
128 47 7 8 0.02154456 
136 55 7 8 0.02152278 
936 126 7 8 0.021485992 
771 547 13 15 0.021466319 
912 31 7 9 0.021457747 
88 80 7 9 0.021452306 
114 41 7 9 0.021435551 
30 37 7 9 0.021394957 
792 82 7 8 0.021393282 
551 600 12 16 0.021322995 
337 41 7 9 0.021319006 
695 95 7 8 0.021288058 
722 63 7 9 0.021274405 
217 2 7 8 0.021249352 
954 117 8 10 0.021246152 
218 110 7 9 0.021231625 
287 65 7 9 0.021220317 
479 63 6 10 0.021181164 
783 70 7 9 0.021169828 
320 121 7 9 0.021103302 
20 541 10 12 0.021101825 
977 71 6 8 0.021095669 
913 532 10 14 0.02109248 
784 32 7 9 0.021059198 
282 22 6 9 0.021037338 
146 21 7 10 0.021013524 
319 595 12 14 0.020993963 
344 462 9 13 0.020987026 
888 55 7 9 0.020956626 
415 600 9 12 0.020899374 
192 73 7 8 0.020880083 
153 135 8 10 0.020873727 
600 16 6 8 0.02087172 
111 26 6 8 0.020866595 
47 71 7 8 0.020846894 
921 63 7 10 0.020825779 
472 52 7 9 0.020820001 
896 121 8 10 0.020819984 
674 61 7 10 0.02080078 
537 73 7 8 0.020749718 
81 117 8 10 0.020748891 
521 15 6 9 0.020726884 
501 58 8 9 0.020719962 
209 54 6 8 0.020690948 
406 26 7 9 0.02067664 
96 80 6 8 0.020662697 
585 72 7 9 0.020662012 
202 64 6 9 0.020645093 
568 47 6 9 0.020632561 
655 73 7 9 0.02063075 
940 580 15 19 0.020626599 
849 79 7 10 0.020620273 
96 118 7 10 0.020591684 
681 116 8 10 0.020591166 
183 121 7 9 0.020576164 
207 31 6 9 0.020569785 
320 69 7 9 0.020563032 
570 54 7 9 0.020515922 
942 110 7 9 0.020482376 
144 55 7 9 0.020473458 
225 32 7 9 0.020461414 
654 137 10 12 0.02041537 
717 84 10 13 0.020397948 
598 78 9 11 0.020387296 
1007 102 8 10 0.020373449 
401 81 6 8 0.02036392 
998 575 9 12 0.020338394 
1004 124 8 11 0.02033822 
369 108 9 11 0.020272441 
906 143 7 9 0.020269873 
407 636 11 12 0.02024432 
351 65 6 9 0.020173732 
631 48 7 9 0.020113232 
150 45 7 9 0.020064484 
969 46 6 9 0.020016145 
200 48 7 8 0.020000905 
