47_Matador_Bullfighter_Matador_Bullfighter_47_912
194
778 5 22 31 0.99151903 
777 126 26 32 0.9902264 
841 55 30 40 0.9901361 
916 -2 33 38 0.988998 
731 64 25 31 0.9861348 
631 112 22 32 0.981912 
846 120 31 39 0.9792433 
324 94 22 26 0.96921366 
628 17 21 27 0.96823883 
593 165 22 28 0.96812195 
685 56 23 29 0.96265465 
434 27 18 25 0.9598423 
547 57 18 23 0.95965487 
602 101 20 27 0.9534548 
739 10 18 26 0.95063114 
728 305 36 53 0.9478747 
246 175 23 38 0.93320054 
880 115 35 47 0.9298012 
236 22 14 17 0.92655456 
511 18 19 22 0.92586684 
565 2 19 22 0.9057759 
656 5 17 22 0.8936499 
816 0 24 24 0.8925101 
688 25 21 25 0.87075555 
719 125 23 28 0.86905336 
181 45 17 20 0.867881 
95 308 30 55 0.84442216 
94 37 13 16 0.8318853 
346 49 14 18 0.8035593 
479 17 18 22 0.794122 
596 48 20 22 0.76677954 
121 20 14 17 0.7646315 
909 63 29 39 0.7634625 
676 5 17 22 0.7287138 
858 26 23 26 0.6614111 
533 43 16 21 0.60615087 
497 105 19 24 0.60420054 
943 414 45 82 0.56989175 
35 20 13 16 0.5405355 
378 35 19 22 0.52008843 
383 13 16 18 0.4806394 
693 114 21 28 0.4260943 
960 50 44 64 0.36084822 
0 26 11 15 0.32609364 
847 340 49 67 0.31960347 
151 53 13 16 0.2890414 
356 1 15 15 0.27032515 
195 34 13 15 0.2634244 
276 3 12 16 0.23334725 
488 81 18 23 0.22685203 
749 113 17 25 0.22447184 
751 327 35 48 0.20170398 
89 16 9 13 0.18936592 
482 109 13 19 0.1734921 
257 19 11 14 0.17138979 
818 60 21 30 0.16827439 
443 3 14 14 0.16229464 
665 5 18 24 0.15797321 
206 13 12 14 0.14458762 
795 84 18 24 0.13797458 
970 32 36 47 0.13557997 
184 6 13 13 0.13011377 
59 13 13 16 0.12368001 
43 27 13 16 0.121996015 
587 417 16 23 0.11618435 
766 109 21 29 0.11217451 
701 116 23 30 0.11066459 
158 24 13 16 0.10352939 
43 77 11 15 0.09737887 
405 23 12 14 0.088742115 
369 101 18 20 0.08838249 
3 22 11 15 0.088137105 
94 1 9 11 0.08617717 
829 221 40 49 0.08280914 
437 60 16 22 0.08085297 
155 56 14 17 0.078348406 
88 1 10 11 0.0781013 
572 145 21 28 0.07558717 
160 0 10 10 0.07513109 
150 0 10 11 0.068312556 
15 39 13 15 0.06536103 
313 17 15 20 0.06382154 
585 412 29 33 0.062454678 
69 19 12 15 0.062386718 
953 266 65 55 0.06072331 
109 21 11 15 0.060076416 
191 30 13 16 0.057758335 
422 21 12 17 0.05737486 
237 108 17 24 0.057148486 
58 6 14 15 0.05644496 
637 81 18 23 0.055236515 
277 11 11 14 0.049563214 
143 0 11 12 0.04919698 
537 48 18 23 0.04901138 
353 29 17 22 0.04884502 
227 334 114 85 0.04853507 
293 0 11 13 0.047964267 
42 534 71 72 0.04784462 
45 33 13 15 0.04746009 
248 3 11 14 0.046967555 
110 1 11 11 0.04685574 
213 31 10 12 0.04370981 
675 32 22 26 0.043020464 
672 68 13 18 0.042521022 
425 185 30 39 0.042218626 
364 0 16 14 0.042117827 
85 43 12 15 0.041980233 
413 20 13 17 0.041884623 
260 372 62 68 0.040889736 
68 26 12 15 0.040062897 
412 2 14 18 0.039004393 
492 98 17 24 0.037989303 
430 1 12 13 0.037595764 
187 35 19 22 0.037280533 
399 21 12 16 0.036398757 
181 0 12 11 0.03595265 
331 25 14 16 0.035351463 
76 61 12 14 0.034648787 
214 0 11 10 0.0345534 
676 47 21 30 0.034194406 
764 9 15 21 0.03405185 
118 0 10 11 0.032486487 
798 89 22 30 0.03244678 
430 23 14 20 0.032415926 
466 534 78 47 0.032223158 
461 21 14 21 0.03172699 
470 19 17 21 0.031344883 
151 21 12 15 0.030901691 
140 138 15 21 0.03009147 
113 45 11 13 0.029351505 
343 5 12 15 0.029070662 
490 192 19 24 0.028720787 
438 1 14 14 0.028569985 
207 30 11 13 0.028442843 
939 57 40 58 0.028433768 
55 17 13 16 0.028430408 
222 38 11 14 0.02815433 
254 1 11 12 0.02766592 
388 85 193 221 0.027115619 
5 34 11 15 0.026853252 
533 399 43 52 0.026795346 
167 6 11 12 0.026768785 
840 444 39 60 0.026609518 
342 185 30 38 0.026578486 
272 12 10 14 0.026139105 
254 176 36 46 0.026112465 
244 44 15 16 0.025966411 
632 93 23 33 0.025870107 
172 6 12 14 0.025020393 
45 13 12 15 0.02496147 
36 0 11 11 0.024940195 
103 0 10 10 0.024932113 
843 220 45 63 0.024904344 
274 160 23 32 0.02481369 
790 0 24 31 0.024732262 
291 37 16 22 0.024121458 
611 17 16 24 0.023887878 
185 55 15 19 0.023668261 
175 21 11 15 0.023646588 
407 309 58 52 0.023622993 
690 1 17 18 0.023531223 
37 71 13 17 0.023287049 
135 0 12 12 0.023208043 
385 26 16 22 0.023111323 
859 0 18 19 0.023054793 
61 0 13 13 0.022989834 
721 116 20 24 0.022958452 
223 11 12 15 0.02287163 
33 25 12 15 0.022862006 
436 179 15 19 0.02275341 
579 399 24 42 0.022681538 
163 60 15 19 0.022337932 
332 68 16 18 0.022171654 
86 53 10 13 0.022073079 
596 128 16 20 0.021891678 
859 7 19 23 0.021869738 
465 164 27 34 0.021742243 
844 359 64 88 0.02154913 
495 201 24 30 0.021521319 
37 4 11 13 0.021492934 
194 154 27 36 0.021372069 
283 194 30 36 0.021239951 
723 6 20 25 0.02114338 
489 66 22 32 0.021007953 
505 101 17 23 0.020838628 
804 0 26 30 0.020818513 
374 386 27 53 0.020750077 
253 25 12 16 0.02048134 
251 399 37 38 0.020467475 
432 60 14 19 0.020419141 
175 277 44 52 0.020359663 
211 56 16 19 0.020326309 
293 389 27 49 0.020320455 
288 227 35 37 0.020108942 
