47_Matador_Bullfighter_matadorbullfighting_47_536
122
334 282 22 29 0.9674944 
777 288 19 23 0.942953 
625 269 19 24 0.84713125 
402 218 19 20 0.8255936 
969 339 17 19 0.797681 
834 325 15 20 0.7777923 
478 317 18 23 0.75321877 
900 341 16 18 0.6137435 
74 188 11 14 0.52637523 
447 199 9 12 0.5028758 
721 320 19 22 0.47401035 
112 414 23 24 0.45976362 
666 241 15 18 0.41426083 
941 313 10 13 0.32978547 
913 324 11 15 0.32507458 
701 195 9 11 0.30245975 
920 354 14 18 0.25947884 
941 353 17 19 0.24937484 
403 289 16 21 0.24768691 
0 194 12 18 0.21749793 
155 434 17 19 0.1916652 
5 428 10 12 0.15430675 
844 325 13 18 0.12622252 
105 520 9 10 0.11544269 
646 285 16 20 0.11142065 
855 199 7 9 0.10661547 
798 302 12 15 0.10097883 
583 302 14 17 0.09861211 
956 312 10 12 0.09763174 
68 221 13 15 0.09437637 
822 330 11 15 0.09164412 
907 329 14 17 0.0894882 
85 187 10 14 0.08728293 
2 190 12 15 0.086015806 
1010 346 12 18 0.084821425 
15 445 13 16 0.07948195 
970 356 14 18 0.07898015 
523 289 12 17 0.07203579 
946 255 8 10 0.07045858 
719 263 11 13 0.06819205 
547 290 15 20 0.06656886 
243 392 20 22 0.06546969 
483 344 18 19 0.065187626 
407 191 10 12 0.06286339 
815 288 10 12 0.061467785 
664 214 10 11 0.05800289 
924 358 14 19 0.05545831 
464 299 15 18 0.05340644 
463 227 13 15 0.051771518 
704 262 13 15 0.050962377 
144 429 26 28 0.05008186 
5 225 11 14 0.04757367 
933 356 14 17 0.04756983 
499 303 17 21 0.046675503 
448 259 17 21 0.043615792 
1008 332 12 16 0.043362632 
895 332 15 17 0.04314331 
371 294 16 20 0.043099187 
1 226 9 13 0.042931974 
933 433 14 16 0.041826416 
565 286 15 19 0.04143196 
487 312 19 25 0.039418433 
893 326 13 16 0.038120534 
570 331 19 24 0.037537828 
162 440 15 16 0.035672184 
850 324 13 17 0.035593264 
445 225 19 23 0.033653677 
667 230 15 19 0.03319097 
1007 326 12 15 0.03313102 
816 331 12 16 0.03284976 
630 275 20 25 0.03234803 
952 314 11 13 0.032229524 
446 381 15 17 0.032089893 
409 215 16 18 0.032074865 
442 198 11 14 0.030330477 
961 339 13 17 0.030242434 
653 261 13 18 0.029948372 
693 300 15 18 0.029646711 
850 199 8 9 0.028502742 
697 339 13 18 0.028386418 
204 424 15 17 0.028269123 
862 263 9 11 0.028245006 
908 353 15 20 0.027848886 
525 338 13 20 0.026823437 
15 199 9 11 0.026280414 
758 331 16 17 0.02585818 
559 306 14 17 0.025807824 
432 393 12 17 0.025762778 
438 227 14 18 0.0253857 
29 244 11 17 0.02533367 
701 284 13 17 0.02515348 
500 313 16 20 0.024973579 
724 335 12 16 0.024909217 
645 295 16 23 0.024625372 
4 243 10 16 0.02383915 
556 290 14 17 0.023715012 
901 326 14 17 0.02368755 
4 199 12 16 0.023533119 
995 349 12 16 0.023111816 
541 294 16 21 0.022924667 
806 337 12 15 0.022614544 
824 325 19 25 0.022444664 
482 310 16 20 0.022330074 
1012 318 10 15 0.022242017 
979 347 14 17 0.022195118 
16 204 9 12 0.022024427 
710 1014 31 37 0.021923412 
84 406 18 21 0.02191578 
763 315 15 15 0.021476738 
832 320 11 15 0.021440197 
483 296 13 17 0.02127045 
766 216 209 230 0.021009615 
554 534 27 29 0.020975186 
103 412 14 17 0.020925257 
710 322 14 19 0.020761423 
599 299 12 15 0.020716267 
976 317 11 13 0.020671314 
477 341 17 20 0.020367412 
108 404 20 23 0.02034877 
545 527 10 13 0.020238724 
988 351 14 17 0.020051625 
156 420 25 30 0.020048458 
