47_Matador_Bullfighter_matadorbullfighting_47_300
37
224 543 36 34 0.99395627 
818 338 32 32 0.9915486 
11 156 24 33 0.98350394 
926 357 31 41 0.9813163 
840 99 27 30 0.97800875 
90 475 31 36 0.89686596 
301 178 33 49 0.81142193 
7 1 23 26 0.51365674 
49 309 16 24 0.46878383 
494 145 50 49 0.13697438 
482 282 45 51 0.12018597 
0 98 11 23 0.10611573 
50 262 18 25 0.080938876 
845 91 19 22 0.07704693 
176 531 25 24 0.0674589 
124 304 18 20 0.06231582 
828 16 25 29 0.047627904 
985 295 38 49 0.045157984 
38 316 24 23 0.04385868 
155 123 15 18 0.038830552 
890 75 16 22 0.037235465 
922 73 26 27 0.036875926 
51 393 20 25 0.03548015 
33 264 22 24 0.033233196 
3 102 14 21 0.032769077 
133 554 26 24 0.030885244 
151 152 53 72 0.029926777 
57 305 14 25 0.029420568 
497 163 35 41 0.028959008 
156 133 24 32 0.028680142 
119 251 20 28 0.02719155 
273 161 35 37 0.026393255 
12 387 19 25 0.024351139 
938 363 30 32 0.024104744 
238 -1 37 38 0.022558354 
38 169 15 19 0.020935189 
443 283 48 60 0.02038444 
