14_Traffic_Traffic_14_505
27
620 563 82 113 0.97927 
648 262 21 26 0.95860887 
115 188 19 25 0.92857784 
623 212 10 13 0.7328892 
597 238 11 14 0.20636757 
165 236 17 23 0.16611609 
646 212 10 12 0.16035478 
617 197 9 12 0.10193166 
984 182 9 11 0.080169074 
621 196 9 11 0.057010096 
864 286 10 14 0.049170837 
213 225 18 24 0.045469962 
0 254 21 30 0.04029184 
379 313 33 43 0.03762878 
177 165 9 12 0.03625366 
554 148 9 13 0.03385966 
909 174 8 9 0.03298851 
272 175 8 10 0.032139666 
598 216 9 12 0.029973155 
147 351 20 37 0.028230278 
267 258 17 18 0.02805544 
730 191 8 9 0.023900652 
593 220 9 13 0.0233418 
994 167 7 10 0.02283715 
63 362 39 54 0.02182726 
368 288 40 53 0.02181561 
921 188 9 11 0.021761084 
