14_Traffic_Traffic_14_840
288
53 254 31 33 0.9981325 
92 256 27 32 0.9977118 
705 277 29 34 0.997552 
143 279 33 35 0.99718046 
19 285 36 38 0.99686974 
608 287 30 35 0.9963476 
808 284 29 33 0.99611557 
921 270 34 37 0.99452174 
277 276 32 35 0.9913503 
490 271 33 38 0.99058694 
315 253 26 29 0.98528165 
185 253 35 43 0.9735353 
772 265 27 32 0.9587388 
575 256 30 35 0.9564013 
707 241 26 26 0.954209 
574 206 15 17 0.953368 
52 199 15 19 0.9508116 
26 211 15 17 0.94937605 
379 288 33 39 0.93052125 
557 234 26 28 0.9230715 
794 215 15 19 0.9139811 
517 211 13 18 0.9133472 
385 263 31 33 0.9117091 
133 241 26 27 0.90334594 
668 260 27 31 0.8980034 
755 147 12 15 0.89182615 
495 185 12 15 0.86716783 
633 191 12 15 0.8617551 
626 211 15 17 0.8519608 
209 252 26 35 0.8477709 
628 240 24 28 0.84490395 
530 216 21 26 0.84175545 
742 224 18 20 0.8272701 
961 258 26 32 0.8181926 
862 194 12 15 0.81674266 
659 237 25 25 0.8124704 
259 234 30 33 0.80086565 
707 213 14 16 0.79691637 
863 264 25 29 0.7789393 
977 187 9 13 0.76265174 
609 240 17 21 0.76035225 
694 194 12 14 0.7556888 
1 198 12 17 0.7516046 
265 197 17 20 0.7330973 
412 228 23 25 0.69275385 
614 198 12 15 0.6876128 
890 171 14 19 0.68758583 
935 168 13 16 0.6264856 
227 204 14 18 0.6199024 
676 217 17 19 0.6167905 
649 218 16 18 0.60715926 
918 204 14 19 0.5842943 
598 225 18 21 0.5706613 
409 187 10 13 0.5643436 
471 241 25 31 0.5348321 
664 185 12 15 0.4983662 
563 183 12 14 0.49673855 
328 177 9 11 0.46381903 
102 169 14 16 0.45507014 
837 195 12 15 0.4449191 
534 174 11 14 0.434864 
525 156 9 11 0.42700723 
464 218 17 19 0.4027358 
346 150 7 10 0.39425606 
734 175 13 20 0.38531083 
748 254 23 28 0.36870277 
340 231 22 25 0.35839623 
287 210 15 16 0.34620538 
303 199 14 17 0.34597436 
584 189 13 16 0.338052 
889 243 15 18 0.3264924 
192 182 11 14 0.32159287 
573 150 8 10 0.30891252 
610 158 8 10 0.28491932 
617 239 20 26 0.25587288 
979 212 13 15 0.2526931 
323 202 12 14 0.24908678 
596 155 9 12 0.24582121 
836 256 22 29 0.24014467 
380 197 13 16 0.21375419 
838 208 14 18 0.20901723 
829 187 13 16 0.19904171 
538 153 8 10 0.19903344 
14 197 12 16 0.195635 
542 203 14 15 0.18078522 
599 172 10 13 0.17810005 
503 163 11 14 0.17438027 
614 175 9 12 0.17367697 
562 243 29 32 0.17362157 
664 228 25 26 0.1690573 
388 236 22 24 0.16680837 
719 197 13 14 0.15084375 
53 157 9 11 0.14858875 
493 220 16 17 0.13973977 
393 212 11 15 0.13340588 
220 159 9 12 0.13178195 
620 205 15 18 0.13036798 
999 199 10 12 0.12905948 
798 185 14 17 0.12767692 
133 196 14 18 0.1272177 
366 210 11 14 0.12645505 
434 159 9 13 0.12490591 
1013 218 11 21 0.119978204 
773 186 11 15 0.11984923 
462 201 16 18 0.11947683 
859 233 16 18 0.119226165 
877 199 10 13 0.11728648 
470 153 8 11 0.11337539 
1005 203 14 17 0.10973435 
822 187 11 15 0.1083686 
629 152 9 10 0.107660264 
902 178 10 14 0.10580664 
755 200 15 19 0.10493201 
416 145 8 9 0.10387554 
30 190 10 13 0.1030873 
602 231 19 25 0.09851701 
879 204 11 14 0.09629809 
442 338 22 28 0.0929238 
627 498 12 16 0.09174161 
703 217 15 17 0.08938206 
446 213 11 14 0.08689927 
358 205 11 14 0.08549685 
162 246 20 25 0.080720045 
535 188 11 13 0.07986148 
312 184 9 12 0.078904666 
373 200 16 19 0.077820234 
522 153 9 10 0.07518741 
590 204 11 14 0.065956384 
1003 198 13 16 0.065657385 
804 195 15 17 0.06526536 
869 250 27 29 0.063760735 
391 204 12 17 0.063515715 
835 478 17 23 0.06346835 
670 203 11 13 0.06235745 
870 201 12 16 0.061837878 
497 152 7 10 0.061555736 
815 186 12 15 0.0610176 
884 233 20 23 0.059103433 
707 222 17 19 0.05870092 
123 220 15 17 0.057722412 
422 149 8 10 0.056471627 
833 193 20 25 0.054349694 
350 202 15 17 0.053559076 
607 173 9 13 0.0535036 
25 190 8 13 0.050895054 
771 236 21 24 0.050804492 
616 165 9 11 0.050729584 
462 170 12 14 0.05035696 
626 150 8 10 0.050258726 
455 191 10 12 0.05025482 
662 149 9 11 0.049972855 
95 169 15 17 0.049838033 
846 258 24 31 0.04875982 
33 211 14 17 0.04731873 
541 187 12 13 0.04579066 
422 145 8 9 0.044943087 
288 215 17 19 0.04401889 
467 226 22 25 0.043840665 
728 490 14 21 0.043462873 
80 219 16 19 0.043240495 
312 243 24 29 0.043142352 
827 266 25 32 0.04254853 
994 198 9 11 0.04187937 
671 238 19 21 0.041808266 
540 180 12 14 0.04155166 
723 203 13 16 0.041450374 
880 210 11 14 0.04108154 
585 183 10 13 0.040848564 
567 145 8 9 0.040753655 
310 237 15 19 0.04065131 
476 255 32 40 0.040488932 
541 155 8 10 0.040017363 
537 211 17 21 0.039571147 
135 199 21 23 0.039397486 
609 180 11 13 0.03925708 
712 217 17 19 0.038585447 
399 149 8 10 0.038581878 
757 172 12 15 0.03842727 
1012 242 10 17 0.038327087 
98 299 22 32 0.038026575 
34 195 13 15 0.03793791 
696 220 11 14 0.037805274 
410 145 7 9 0.037283357 
655 132 9 12 0.03724271 
662 202 12 14 0.036884177 
573 189 11 14 0.035650566 
529 174 10 14 0.035427887 
370 209 15 17 0.03532956 
521 173 10 12 0.034656428 
985 235 15 17 0.034532614 
278 221 24 27 0.034050424 
708 263 28 34 0.033396382 
420 157 9 12 0.03337343 
400 232 25 27 0.03314138 
842 268 18 24 0.03310473 
217 202 21 25 0.032883424 
677 205 13 15 0.031582292 
386 197 12 14 0.031570654 
981 229 14 17 0.03145386 
371 245 14 19 0.0312908 
553 151 7 10 0.030393323 
746 214 17 20 0.030284729 
623 158 9 11 0.030164465 
607 166 9 12 0.029940836 
510 183 10 12 0.029901447 
877 241 18 21 0.029898727 
621 166 11 14 0.029885883 
925 184 10 12 0.029222235 
436 162 10 13 0.029039685 
191 492 10 14 0.028602593 
376 191 12 14 0.02841109 
548 188 12 14 0.028393144 
431 150 7 9 0.028306307 
509 158 9 12 0.027936265 
456 196 12 14 0.027535798 
140 473 11 16 0.027486756 
681 150 8 10 0.027320595 
730 484 13 17 0.027224248 
549 181 11 13 0.027009798 
201 226 18 22 0.026867917 
439 175 10 14 0.026691793 
270 260 32 40 0.026584476 
411 222 18 21 0.026578428 
1004 206 18 28 0.026329132 
658 229 19 20 0.02610898 
1005 192 10 12 0.026031218 
574 146 8 10 0.025729287 
522 206 14 17 0.02572535 
604 218 20 24 0.025646918 
559 150 8 10 0.025494335 
432 208 9 12 0.025346378 
709 158 13 18 0.02502996 
667 197 12 16 0.024970546 
318 182 9 12 0.024962267 
510 188 11 14 0.024906868 
337 149 8 11 0.02490066 
832 203 14 19 0.024745928 
468 171 11 15 0.024610128 
653 198 13 15 0.024279654 
852 237 23 26 0.024243442 
497 155 9 12 0.0242219 
472 219 15 18 0.024065578 
274 202 12 15 0.023811996 
853 205 10 14 0.023772884 
597 177 12 15 0.023584243 
591 465 11 15 0.02340369 
997 220 12 15 0.023340663 
617 143 8 11 0.023319852 
196 241 30 40 0.023224244 
796 206 17 22 0.023211924 
317 188 10 13 0.023184307 
989 213 10 13 0.023143975 
520 181 10 12 0.023135616 
922 198 14 19 0.023012249 
511 150 9 10 0.022938572 
214 210 15 18 0.022918833 
489 226 22 25 0.022901082 
614 207 15 19 0.022759344 
622 190 12 15 0.022671798 
126 225 23 26 0.02263132 
547 198 12 15 0.02262158 
466 156 9 12 0.022459798 
709 180 11 14 0.022420539 
254 235 19 23 0.022403361 
45 208 13 18 0.02224613 
151 242 23 27 0.022059998 
959 264 17 22 0.02167992 
723 210 14 19 0.021594165 
348 171 10 13 0.021578547 
573 156 10 12 0.021538485 
478 173 9 14 0.02149294 
737 225 15 17 0.021378197 
346 243 20 24 0.02130855 
714 228 16 17 0.02120573 
560 174 10 12 0.02119778 
209 501 33 37 0.020863457 
614 151 9 11 0.020822207 
593 241 26 32 0.020785647 
61 181 10 14 0.020714585 
533 195 13 16 0.020692589 
502 150 9 12 0.020687988 
994 277 14 16 0.020661624 
278 238 20 24 0.0206158 
769 181 18 24 0.020564973 
663 145 9 10 0.020471407 
701 204 15 16 0.020393554 
573 165 10 13 0.020209773 
980 239 17 20 0.020138966 
