14_Traffic_Traffic_14_170
392
350 606 8 10 0.3454207 
329 279 8 10 0.343462 
831 585 9 10 0.32657138 
969 597 8 10 0.31189224 
824 672 7 9 0.3013816 
864 622 8 10 0.29490617 
952 566 8 10 0.28512806 
213 352 11 14 0.25585768 
900 681 9 11 0.23925154 
853 608 9 10 0.23413312 
442 318 8 10 0.22575648 
801 616 7 10 0.22384861 
952 616 7 9 0.21607836 
837 662 8 10 0.21501404 
473 360 9 11 0.20612723 
478 344 7 9 0.20007204 
538 431 8 9 0.1946293 
551 417 7 9 0.19368328 
542 431 7 10 0.19131508 
848 629 7 9 0.17275538 
648 437 8 11 0.16079487 
994 551 7 9 0.1546178 
369 736 9 11 0.15226403 
856 567 8 10 0.15004101 
427 304 7 9 0.14445512 
384 256 7 9 0.14274035 
913 509 8 10 0.13985276 
681 480 8 10 0.13360117 
750 613 9 11 0.13335939 
929 633 9 11 0.127242 
746 568 8 10 0.12450993 
513 334 7 9 0.11791803 
936 566 6 9 0.116280444 
745 573 9 11 0.116134405 
922 589 7 10 0.11343406 
785 597 8 11 0.113123596 
578 416 7 9 0.11002558 
893 654 7 10 0.10122615 
510 408 7 9 0.09768066 
365 270 7 9 0.09538265 
506 359 7 9 0.09177098 
320 218 6 8 0.08892897 
649 393 8 10 0.08876807 
536 382 6 9 0.08504323 
499 643 8 11 0.08472349 
439 374 7 10 0.08412114 
519 345 8 10 0.08315563 
311 269 9 11 0.08231969 
864 550 7 9 0.08169947 
464 302 6 9 0.07768873 
581 420 8 11 0.07670896 
641 420 9 12 0.07571498 
448 408 7 10 0.072722405 
425 350 8 10 0.070984505 
721 340 31 28 0.07059611 
320 161 7 8 0.07041922 
478 335 8 10 0.06945172 
558 373 7 9 0.06854096 
455 349 7 9 0.06827688 
849 653 6 9 0.06672028 
684 478 8 10 0.06665328 
488 249 12 16 0.06545315 
631 399 8 10 0.06537086 
555 374 7 9 0.06532733 
833 494 9 12 0.06476069 
622 437 8 10 0.0625998 
475 343 7 9 0.062202293 
909 630 9 10 0.060776748 
551 389 6 9 0.06072633 
330 205 8 10 0.060539097 
960 630 8 10 0.058205247 
952 560 10 13 0.05791 
400 281 8 9 0.05762508 
513 382 8 9 0.057197645 
434 262 7 9 0.056814924 
522 361 8 11 0.05625502 
281 264 7 9 0.05619349 
430 358 7 10 0.055945463 
416 624 9 10 0.05499183 
790 598 6 9 0.054968562 
574 446 7 9 0.05485519 
608 406 9 11 0.054776 
568 414 6 8 0.054556955 
343 287 7 9 0.053609274 
514 621 8 10 0.05325123 
608 414 8 10 0.053041257 
415 295 7 9 0.052780874 
402 285 7 9 0.05272483 
616 391 7 9 0.05255749 
1009 589 7 9 0.052553933 
454 345 8 10 0.052094363 
487 384 7 9 0.05100843 
839 657 8 10 0.050755814 
664 670 9 12 0.050563503 
504 343 6 7 0.05045412 
466 317 6 9 0.050394867 
407 281 7 9 0.050347306 
600 388 9 11 0.050180912 
424 263 7 8 0.049700912 
305 270 8 10 0.04952922 
1009 561 8 10 0.04939882 
545 343 6 9 0.049040444 
537 359 6 8 0.048826534 
734 518 10 12 0.04863267 
984 616 7 10 0.048575997 
362 295 9 12 0.04857554 
977 557 7 10 0.047583375 
330 678 9 11 0.04717269 
863 560 8 10 0.046906948 
391 245 7 9 0.046684925 
488 404 8 11 0.046189193 
510 358 6 9 0.046183415 
437 262 7 9 0.04600246 
606 389 8 10 0.045862675 
466 312 7 9 0.045762654 
965 478 8 10 0.04567202 
504 277 9 12 0.045037705 
961 583 7 9 0.044862244 
897 630 7 9 0.044616982 
378 303 6 9 0.044208955 
886 525 8 10 0.04344902 
450 343 7 10 0.043399855 
513 377 8 9 0.042927194 
490 358 7 10 0.042750042 
368 326 7 10 0.042414147 
509 413 8 10 0.042249516 
865 695 7 10 0.04146991 
424 309 7 9 0.041136745 
879 490 8 9 0.040618014 
551 343 7 8 0.039792895 
391 257 7 9 0.039723985 
561 415 6 9 0.039137743 
327 406 7 10 0.03912286 
912 566 7 10 0.03906248 
832 656 8 9 0.039018206 
488 352 7 9 0.03889118 
303 602 6 9 0.03863887 
694 493 9 12 0.03851681 
536 336 7 9 0.03784984 
880 583 8 10 0.0376399 
737 581 8 11 0.037469078 
568 409 6 9 0.037395556 
989 581 7 10 0.036828145 
526 361 7 9 0.036657076 
570 446 8 10 0.036297005 
841 536 8 10 0.036215354 
241 231 7 9 0.035909075 
393 221 7 9 0.035704013 
534 703 8 11 0.03515068 
445 313 8 10 0.035109583 
344 223 7 8 0.035105545 
836 605 12 15 0.035052907 
681 484 8 10 0.03484084 
576 431 7 9 0.034530472 
543 351 7 9 0.034333274 
547 391 6 8 0.034190442 
814 607 8 9 0.03409795 
384 375 8 10 0.034044478 
383 302 6 9 0.034013286 
512 401 7 8 0.03388925 
386 261 7 9 0.033622473 
863 502 7 9 0.033599585 
505 679 10 13 0.033597056 
416 313 7 8 0.033216685 
474 328 7 8 0.033142164 
376 312 7 8 0.03290704 
871 696 8 10 0.032885708 
864 628 8 10 0.032814037 
863 545 7 10 0.03280036 
537 342 7 9 0.032640267 
287 198 7 9 0.032388803 
503 368 7 8 0.032374345 
405 285 7 9 0.03229009 
984 544 8 11 0.031898517 
394 280 6 8 0.031808257 
1014 573 8 12 0.031797055 
881 624 8 10 0.031730313 
958 558 7 10 0.03160298 
390 241 7 9 0.031581815 
576 362 7 9 0.03141873 
830 692 10 13 0.031395823 
906 645 8 11 0.031373978 
449 349 8 10 0.031316575 
959 700 10 13 0.030866254 
376 318 7 10 0.030856097 
522 414 7 9 0.030708702 
351 230 7 9 0.03068801 
416 408 7 8 0.030452909 
351 249 8 9 0.030448373 
477 364 8 10 0.030445207 
449 278 6 9 0.030263135 
506 337 7 8 0.030134851 
583 440 7 9 0.0301228 
384 247 8 10 0.030068662 
888 541 8 10 0.030058594 
965 700 10 11 0.030049913 
329 201 7 9 0.029955957 
429 704 9 12 0.029935755 
457 381 7 9 0.02988845 
474 377 6 8 0.029884344 
378 255 7 9 0.029852591 
440 351 7 9 0.029661998 
360 350 8 10 0.029531293 
809 607 7 9 0.029458923 
430 351 7 10 0.029447125 
249 441 9 12 0.029431669 
547 415 7 9 0.029360963 
861 565 8 10 0.029310873 
426 357 8 10 0.029175697 
321 220 8 10 0.029151155 
517 334 8 9 0.029108956 
783 582 7 9 0.029077696 
623 413 8 9 0.029023573 
393 296 7 8 0.028960278 
391 326 7 9 0.02895349 
537 352 7 9 0.028943911 
434 373 8 10 0.02889121 
320 535 6 8 0.028851394 
880 519 8 10 0.028772112 
562 408 7 9 0.028651673 
984 549 7 10 0.028634122 
983 230 15 16 0.028545072 
831 670 8 10 0.028420128 
496 343 7 9 0.02821262 
766 488 8 9 0.028057318 
479 328 7 9 0.028048731 
644 475 11 14 0.028043386 
863 495 8 11 0.027968824 
350 311 8 10 0.02792372 
973 593 8 10 0.02782609 
612 452 9 12 0.027709046 
514 329 7 9 0.027685126 
887 625 7 9 0.027683392 
252 527 8 10 0.027683377 
360 254 7 9 0.02758542 
341 174 9 11 0.027568366 
958 695 10 13 0.027530333 
556 491 10 13 0.027374255 
529 391 6 8 0.027062014 
314 535 6 8 0.027007421 
569 430 7 9 0.026625114 
742 579 10 12 0.0265698 
361 247 7 9 0.026509093 
494 358 7 9 0.026491106 
400 302 6 9 0.026455268 
303 246 8 10 0.026307689 
630 357 10 11 0.02624567 
366 265 7 10 0.026139311 
809 662 8 10 0.02605473 
946 615 7 9 0.026026577 
454 366 7 10 0.026007077 
943 557 9 11 0.02595081 
879 664 8 10 0.025901796 
840 541 8 11 0.025726372 
368 279 6 9 0.025712878 
977 552 7 10 0.025678603 
751 579 8 11 0.02564976 
584 445 7 10 0.025454963 
535 377 7 9 0.025421018 
992 557 8 10 0.025345007 
987 699 9 12 0.025284203 
531 702 7 10 0.025250297 
957 614 8 9 0.025240188 
629 462 8 10 0.02522747 
352 279 7 10 0.025226241 
907 705 11 16 0.025206538 
153 702 8 10 0.02517637 
433 399 7 8 0.025168823 
466 280 6 8 0.025157178 
378 606 8 11 0.025122141 
399 297 6 8 0.025007533 
909 646 8 11 0.024974978 
552 385 7 10 0.024947884 
283 385 12 16 0.024857903 
543 436 8 10 0.024789825 
953 669 7 11 0.024732606 
425 239 6 8 0.024705857 
676 655 10 13 0.024658972 
360 215 6 8 0.024580333 
1012 532 10 14 0.024459187 
504 390 8 9 0.024436079 
511 390 7 9 0.024404198 
975 648 9 11 0.024325766 
408 655 8 11 0.024319982 
439 463 8 10 0.024282677 
430 297 7 9 0.02426652 
513 351 7 10 0.02423861 
375 438 8 9 0.024143647 
406 239 8 9 0.023936931 
390 262 7 8 0.0238957 
879 679 7 10 0.0238722 
488 423 7 9 0.02375625 
877 536 8 11 0.023721518 
528 303 7 9 0.023651805 
536 391 6 8 0.023592956 
575 383 8 10 0.02353074 
505 352 7 9 0.023404293 
544 359 6 8 0.023363724 
321 164 7 9 0.023321439 
911 637 9 11 0.023240745 
367 352 7 9 0.023239478 
577 441 7 9 0.023160012 
440 343 6 8 0.023108268 
551 432 7 9 0.023107179 
522 409 6 8 0.022976382 
545 408 7 8 0.022952795 
383 382 10 12 0.022921236 
410 399 8 10 0.022861201 
425 423 8 9 0.022781936 
554 488 9 12 0.022776613 
822 629 8 10 0.022698468 
474 335 7 9 0.022573644 
317 269 7 10 0.022560015 
415 317 7 9 0.022548238 
304 559 7 9 0.022517124 
777 598 8 11 0.022516662 
362 240 6 8 0.022494873 
907 654 9 11 0.022468371 
439 280 7 8 0.022467723 
594 431 7 9 0.02245174 
575 375 8 9 0.022418762 
805 615 8 11 0.022368114 
920 647 8 10 0.022305727 
990 599 7 10 0.022300748 
406 246 7 9 0.022202903 
626 463 8 11 0.022125278 
865 519 7 10 0.022079801 
362 265 8 10 0.022056803 
414 627 8 11 0.022017485 
495 352 7 9 0.021988079 
365 301 8 9 0.021932434 
471 423 6 9 0.02193166 
338 172 9 10 0.021925075 
953 572 8 10 0.021837087 
910 560 8 10 0.021791901 
456 377 7 9 0.021781202 
463 298 7 9 0.021700092 
421 624 7 9 0.021694707 
807 686 8 10 0.021598872 
593 407 7 9 0.021550827 
826 654 7 10 0.021542715 
919 574 7 8 0.021494778 
526 366 7 9 0.021464428 
905 624 8 9 0.02145964 
432 368 8 10 0.021422239 
946 639 7 9 0.021417214 
966 523 9 12 0.021403687 
464 383 7 9 0.021292374 
718 514 12 14 0.021194335 
570 384 7 10 0.021184683 
320 296 8 10 0.021120206 
306 209 7 9 0.021078425 
838 668 8 11 0.02102836 
831 648 7 9 0.020999238 
326 223 6 8 0.020991504 
676 572 12 13 0.020985184 
1007 624 8 10 0.020971697 
480 348 8 10 0.020954465 
654 397 7 11 0.020915685 
531 383 6 9 0.020900622 
880 590 9 11 0.020822953 
344 280 7 10 0.020810887 
559 370 8 9 0.020792127 
401 247 7 9 0.02076759 
352 319 7 10 0.020744357 
506 415 8 10 0.020717978 
879 671 8 9 0.020716054 
945 631 7 9 0.020684337 
526 415 7 9 0.020679357 
487 389 7 10 0.020662602 
966 506 13 15 0.020660691 
609 422 7 9 0.020651601 
905 662 8 10 0.02063252 
83 678 9 11 0.020611819 
479 377 7 8 0.020535776 
613 569 9 10 0.020514121 
631 392 9 12 0.020487107 
418 263 6 8 0.02047413 
393 312 6 8 0.020463316 
583 431 7 10 0.020450445 
440 287 6 8 0.020445842 
424 256 7 9 0.02042613 
633 373 8 11 0.020324633 
432 423 6 9 0.020272829 
905 629 8 11 0.020193728 
896 496 8 9 0.020106478 
392 216 7 10 0.020104019 
489 345 7 9 0.020096771 
520 400 6 8 0.020080198 
950 664 8 9 0.020052738 
814 662 7 9 0.02002791 
956 566 8 10 0.020025186 
