14_Traffic_Traffic_14_443
48
660 155 13 16 0.9431946 
511 131 12 16 0.92605746 
893 31 32 35 0.44102055 
420 148 9 13 0.3791355 
472 167 9 12 0.21621384 
558 161 15 21 0.17631337 
388 138 12 16 0.15937161 
801 201 118 152 0.12151581 
732 192 11 14 0.10712169 
614 140 13 14 0.092853084 
797 124 9 13 0.08850007 
564 168 11 15 0.086783744 
497 143 9 12 0.06812662 
562 153 14 20 0.05032245 
456 159 10 12 0.042267013 
692 157 9 13 0.04171792 
644 172 11 14 0.040849067 
420 155 11 15 0.040146444 
736 223 10 11 0.03797843 
507 133 10 13 0.034937724 
702 180 8 11 0.034150418 
573 171 12 14 0.03357921 
453 163 10 14 0.03158879 
734 200 13 16 0.031514876 
745 184 10 12 0.029360404 
382 136 13 16 0.028897256 
515 136 12 15 0.028293038 
603 126 9 13 0.02665279 
799 146 12 16 0.026592249 
461 159 9 12 0.0264474 
705 151 9 11 0.026054053 
448 156 9 12 0.02560439 
448 152 9 10 0.025172664 
661 143 10 13 0.025015784 
419 219 21 22 0.024971023 
528 141 9 12 0.024844158 
696 177 8 10 0.024709856 
449 172 10 15 0.024401844 
381 142 16 19 0.024075396 
496 148 10 13 0.023476996 
690 151 9 12 0.023361968 
698 141 7 10 0.023219809 
744 188 11 14 0.022162877 
501 140 9 14 0.021705702 
693 164 8 12 0.021132769 
536 135 8 11 0.020913497 
559 121 8 9 0.020782828 
677 175 10 13 0.020054497 
