14_Traffic_Traffic_14_834
219
599 124 7 10 0.7284886 
685 420 17 22 0.55205816 
641 67 10 13 0.4587813 
833 425 16 23 0.40303078 
952 341 7 9 0.33600095 
576 349 7 9 0.20040321 
708 459 12 15 0.18475433 
52 366 6 9 0.16959053 
100 231 7 9 0.15352021 
113 350 6 9 0.1491906 
779 408 14 20 0.13658491 
82 350 7 10 0.13396908 
586 374 7 9 0.13184865 
638 142 11 13 0.1252252 
66 357 7 9 0.115952395 
704 412 10 14 0.10724441 
96 358 6 8 0.10598646 
158 380 8 11 0.0994208 
837 335 8 11 0.092795156 
104 360 7 8 0.09251148 
298 352 6 8 0.08819844 
142 342 8 10 0.08706546 
261 385 8 9 0.085365936 
146 353 6 8 0.08355219 
71 359 7 9 0.083427876 
600 350 6 8 0.082548805 
830 344 7 9 0.08234722 
826 346 7 9 0.08109668 
915 374 8 10 0.07840753 
709 412 10 13 0.075854115 
113 375 7 9 0.075662054 
183 221 9 12 0.07297243 
800 384 9 12 0.072642356 
150 352 6 8 0.0716949 
250 365 6 9 0.06994677 
815 350 7 8 0.06955497 
280 368 6 8 0.067768686 
852 171 10 13 0.0676994 
615 162 9 12 0.06675821 
715 350 6 9 0.065573215 
624 346 7 9 0.06466372 
127 351 6 8 0.06461255 
79 332 8 10 0.06395942 
33 351 6 9 0.06289258 
654 78 8 10 0.061603844 
719 349 7 9 0.061333753 
798 352 7 9 0.06112615 
262 389 7 11 0.060338553 
194 334 6 8 0.060231563 
528 342 7 9 0.059697267 
866 342 7 9 0.058482576 
120 350 6 9 0.057807766 
688 366 8 10 0.057628874 
118 382 7 9 0.05729822 
167 223 7 9 0.055545084 
114 346 7 9 0.05424127 
833 437 17 22 0.052179135 
848 379 10 13 0.049666476 
312 342 6 9 0.048928868 
183 329 7 8 0.048501555 
41 375 7 9 0.04793464 
195 329 6 9 0.04761473 
87 351 6 9 0.046870533 
119 392 8 10 0.045798067 
853 391 8 12 0.04553469 
697 359 7 10 0.044579864 
705 377 7 9 0.04423928 
696 365 8 10 0.04414041 
807 335 7 9 0.04346989 
787 396 12 15 0.04245899 
777 366 7 10 0.04243848 
853 214 8 11 0.04237071 
175 345 7 8 0.042367574 
870 343 6 8 0.042330194 
695 352 6 8 0.041871868 
816 346 7 9 0.041472662 
863 336 7 9 0.04089581 
812 376 9 12 0.040591158 
829 349 7 9 0.04035552 
336 366 10 12 0.040147513 
687 385 7 10 0.03951774 
561 311 6 8 0.03935287 
86 383 7 9 0.03910507 
288 357 7 9 0.039082926 
784 484 10 11 0.03866781 
258 398 8 11 0.038476925 
79 359 7 8 0.0384482 
91 359 6 8 0.038175367 
594 351 6 8 0.03737637 
936 342 7 9 0.03715799 
806 390 9 12 0.03691656 
118 345 8 10 0.03672128 
25 344 7 9 0.03650315 
160 391 9 12 0.035744954 
343 350 6 8 0.035736278 
24 350 7 9 0.03564622 
120 359 6 8 0.03557787 
265 368 6 8 0.035345953 
209 301 7 10 0.035316564 
654 368 9 12 0.034836274 
918 366 8 11 0.034215268 
849 341 7 9 0.034163438 
730 350 6 8 0.03380039 
678 70 8 10 0.03377374 
603 374 6 9 0.033652622 
328 336 6 9 0.033262853 
158 423 9 13 0.033169214 
215 342 7 9 0.033155087 
693 414 13 18 0.033135958 
334 325 8 10 0.032826044 
655 71 8 13 0.032751814 
622 181 9 12 0.032312855 
105 328 7 9 0.03205848 
25 335 8 10 0.031892084 
200 351 6 8 0.031461533 
889 362 7 9 0.031220453 
649 367 8 10 0.031189028 
808 365 10 12 0.031049706 
96 374 6 9 0.030978836 
218 351 7 9 0.03042629 
185 311 7 9 0.030425433 
102 221 10 12 0.030251399 
169 350 7 9 0.030247476 
104 343 6 8 0.030200506 
638 359 7 10 0.030124847 
210 342 7 9 0.030118635 
797 476 16 15 0.030041771 
256 352 6 8 0.029978298 
793 351 7 9 0.029927423 
322 335 6 8 0.029733682 
175 349 7 9 0.029620413 
608 344 7 9 0.029556477 
143 356 7 10 0.029148443 
607 141 8 9 0.028738871 
138 341 8 10 0.028651597 
734 274 8 10 0.028649352 
634 360 7 9 0.028642487 
824 430 21 29 0.028620802 
559 392 7 10 0.028508004 
889 237 8 11 0.0282775 
557 406 8 10 0.02826387 
679 388 8 11 0.028253928 
200 279 7 10 0.028223915 
7 362 11 14 0.02814159 
696 416 18 27 0.028030643 
673 70 8 10 0.027993225 
574 366 7 9 0.02770765 
729 366 9 11 0.02746464 
570 349 7 9 0.027464334 
681 336 6 8 0.027374078 
225 352 7 8 0.026870726 
602 346 6 8 0.026558742 
808 382 8 11 0.026530351 
591 263 6 8 0.026480177 
650 76 9 12 0.026307309 
289 354 6 7 0.026297342 
521 326 6 8 0.026279865 
333 321 8 9 0.026135208 
889 391 7 9 0.025745943 
82 345 8 10 0.025743052 
839 340 7 9 0.02559294 
557 399 9 10 0.025387432 
743 444 9 11 0.024998376 
545 327 7 9 0.024991386 
140 337 10 11 0.024818912 
638 168 8 10 0.024741212 
742 461 9 12 0.024722017 
863 351 7 9 0.024616828 
109 219 9 12 0.024500536 
230 352 7 9 0.024199434 
799 406 11 16 0.024183191 
806 405 11 15 0.02409534 
287 367 9 11 0.024068836 
808 397 10 13 0.02379596 
210 318 7 8 0.023787573 
590 137 7 10 0.023536198 
249 463 12 15 0.023204315 
833 377 8 11 0.023119915 
206 374 9 11 0.023105027 
545 318 7 9 0.022883004 
152 311 6 9 0.022854768 
780 395 20 29 0.022593917 
728 346 6 8 0.02259364 
567 263 7 9 0.022466036 
589 369 8 10 0.02209025 
302 352 6 8 0.022086095 
870 200 10 13 0.02201899 
127 345 7 9 0.022014035 
171 346 6 8 0.021725457 
223 286 6 9 0.021588258 
238 367 8 10 0.021500854 
117 377 7 10 0.021456115 
601 368 7 9 0.02143731 
345 345 7 9 0.02142659 
201 285 7 11 0.021408763 
104 335 7 9 0.021378154 
710 376 8 10 0.021337984 
623 375 7 9 0.021234836 
198 333 6 8 0.021062735 
397 35 10 12 0.02084925 
232 344 6 8 0.020797366 
817 500 9 12 0.02074283 
30 334 6 9 0.02059145 
608 336 8 9 0.020584196 
810 350 8 10 0.020579789 
606 272 8 9 0.020567486 
106 366 6 9 0.020558842 
575 360 7 10 0.020530026 
498 336 7 8 0.020525975 
545 343 6 9 0.020442838 
136 353 7 9 0.02043052 
127 212 10 14 0.02029721 
608 367 6 9 0.02027852 
577 263 7 9 0.020222072 
88 390 8 10 0.020207338 
330 341 6 9 0.020205788 
249 350 7 9 0.020190353 
711 366 8 9 0.020113684 
272 367 7 8 0.020071272 
