14_Traffic_Traffic_14_380
51
295 240 85 78 0.9933749 
650 198 32 37 0.993252 
44 165 28 32 0.99255294 
539 191 31 40 0.99156076 
720 231 44 53 0.9817098 
770 118 15 22 0.9637029 
932 283 71 98 0.95926845 
117 162 22 31 0.884018 
222 161 24 29 0.85250497 
192 162 21 25 0.8374689 
0 152 18 24 0.8235843 
453 158 17 21 0.7761755 
495 178 23 34 0.73733896 
814 212 45 65 0.634792 
994 149 17 19 0.4243889 
171 180 19 19 0.3826021 
698 155 15 22 0.25866166 
484 163 13 16 0.22753797 
1002 148 15 20 0.2167552 
408 177 26 32 0.18364456 
556 154 15 21 0.1578559 
447 160 13 19 0.15435335 
380 161 15 19 0.15407257 
461 186 17 22 0.13422422 
260 161 11 16 0.09309663 
110 152 19 31 0.08027765 
279 162 12 15 0.0754778 
497 194 19 24 0.0754381 
0 177 12 18 0.07427752 
720 174 20 21 0.07236396 
532 165 14 18 0.06654878 
235 160 22 28 0.06647408 
403 173 20 29 0.0581495 
601 459 95 98 0.0512412 
562 157 19 22 0.045465313 
791 173 29 34 0.04120596 
459 194 21 31 0.03894813 
954 229 56 102 0.038676493 
251 158 18 25 0.034829285 
895 255 48 76 0.03423052 
532 166 22 29 0.031885426 
0 163 18 26 0.030281391 
902 216 58 90 0.029833911 
440 163 13 18 0.029392613 
904 237 83 118 0.02686172 
827 216 56 73 0.023951532 
550 155 27 33 0.023269339 
432 172 21 30 0.023001552 
764 156 14 22 0.020794027 
485 160 20 25 0.020728199 
385 158 16 20 0.020388689 
