14_Traffic_Traffic_14_267
28
154 436 17 20 0.9750534 
75 445 16 20 0.9676655 
168 459 18 21 0.9560661 
230 477 18 23 0.8934836 
631 437 9 11 0.2196308 
694 302 9 12 0.06796082 
77 392 8 10 0.06575427 
539 436 11 14 0.062997825 
65 491 10 13 0.05557347 
526 364 15 18 0.04713499 
360 337 8 11 0.045872513 
753 309 7 10 0.04005898 
495 360 8 10 0.038467795 
527 361 12 12 0.032855805 
288 465 8 11 0.030954754 
305 337 8 11 0.030255705 
632 381 9 11 0.02949046 
808 312 6 9 0.029141184 
502 263 8 11 0.0263471 
687 407 11 13 0.024193315 
488 361 9 10 0.024053423 
583 337 7 10 0.023167305 
83 469 13 16 0.022942396 
63 584 10 15 0.022727266 
538 439 15 19 0.021397077 
613 457 11 14 0.021274451 
119 551 9 13 0.020589193 
424 356 7 10 0.020067878 
