14_Traffic_Traffic_14_361
66
848 291 17 22 0.55378735 
516 302 12 15 0.32377633 
673 320 9 12 0.31979635 
721 310 9 12 0.13688146 
566 325 9 12 0.095935985 
473 316 7 10 0.07679978 
912 292 12 16 0.0760707 
918 286 11 15 0.07024984 
657 320 7 10 0.056236293 
607 316 9 10 0.055532347 
717 288 8 11 0.051659133 
646 335 9 10 0.04810462 
444 270 8 11 0.046632655 
676 324 9 11 0.04397851 
430 304 8 11 0.041327756 
857 289 16 22 0.04102696 
423 329 8 10 0.040918596 
734 317 9 11 0.03894174 
407 269 7 9 0.038101513 
666 312 7 9 0.03794747 
726 315 10 12 0.037607264 
401 271 7 9 0.03747091 
504 335 10 12 0.036507264 
584 311 8 11 0.03562633 
599 255 7 9 0.035570353 
694 291 9 12 0.034859855 
616 280 8 11 0.03407163 
670 313 7 9 0.033579774 
624 343 9 11 0.033302452 
355 172 12 16 0.03290037 
487 308 9 11 0.031968936 
431 263 7 9 0.031169768 
399 287 8 10 0.03062985 
657 324 9 11 0.030260175 
601 317 8 10 0.030234741 
868 289 12 18 0.029662013 
663 325 7 10 0.029619033 
632 326 7 9 0.029549938 
513 284 8 10 0.027647058 
664 344 9 11 0.027569234 
504 303 7 10 0.027430966 
425 263 8 9 0.027299443 
498 294 8 9 0.027086161 
607 270 7 9 0.026906986 
647 312 8 10 0.026621748 
905 291 10 16 0.026505092 
622 374 9 12 0.026093861 
457 286 8 10 0.025499191 
641 312 8 10 0.025339942 
664 319 8 11 0.025267074 
376 276 9 11 0.024657885 
415 352 7 10 0.02450832 
343 297 9 11 0.024140064 
649 342 8 10 0.02315217 
592 280 7 9 0.022907687 
651 358 7 10 0.02243367 
455 325 8 10 0.021898428 
517 279 8 10 0.02157537 
696 327 8 10 0.021416184 
592 336 9 10 0.021398747 
425 304 8 11 0.02104569 
614 312 8 11 0.02089034 
406 264 8 10 0.020760065 
424 309 8 10 0.020463645 
602 271 7 9 0.020410687 
622 334 9 11 0.02010354 
