14_Traffic_Traffic_14_644
25
643 163 16 22 0.9868199 
523 157 16 21 0.9851763 
587 386 21 28 0.9797133 
802 148 20 22 0.9679356 
653 98 14 18 0.9537274 
336 105 16 19 0.95054317 
407 155 16 20 0.921309 
440 33 13 17 0.9157691 
352 24 13 18 0.79745543 
474 84 13 16 0.2539891 
361 0 11 13 0.15901046 
451 73 12 15 0.08273139 
786 147 14 17 0.066087276 
624 238 9 11 0.035953358 
408 27 9 11 0.034990344 
408 96 10 12 0.031173356 
361 175 10 13 0.03089616 
543 237 8 11 0.03077286 
381 64 11 14 0.028758284 
378 68 12 16 0.025610374 
472 82 11 13 0.025154337 
464 402 13 17 0.02439728 
266 114 11 16 0.024391767 
484 199 11 13 0.021050174 
368 14 10 13 0.020967225 
