38_Tennis_Tennis_38_232
107
806 330 14 19 0.9861901 
732 251 10 13 0.93175054 
165 223 9 11 0.85549575 
633 37 7 10 0.6928014 
610 64 8 10 0.63828623 
943 38 9 12 0.40798393 
647 69 8 11 0.3713533 
900 38 7 10 0.3317615 
748 57 12 16 0.3190945 
869 37 8 11 0.3087008 
693 37 9 12 0.29655093 
637 17 8 11 0.2715429 
728 36 9 11 0.26006785 
1008 61 8 10 0.2380811 
672 21 7 9 0.2042572 
767 40 8 10 0.17693475 
778 21 8 11 0.17460555 
744 12 9 12 0.16959547 
681 62 10 12 0.16240925 
734 38 8 9 0.16130136 
661 40 8 11 0.15273921 
737 85 10 13 0.15257466 
781 56 10 12 0.14887568 
725 71 8 11 0.14264122 
873 12 7 10 0.13658793 
1014 257 8 12 0.12798694 
718 0 8 9 0.12395115 
707 82 13 16 0.10133917 
911 17 8 10 0.08781828 
708 23 9 11 0.075453356 
966 45 8 10 0.07517749 
893 64 8 10 0.073033586 
981 45 8 10 0.066730216 
645 0 11 10 0.066644885 
1 328 8 12 0.066598795 
42 276 9 13 0.066351205 
593 0 11 11 0.059385132 
898 21 7 9 0.056530457 
742 31 8 10 0.055180214 
992 59 8 11 0.053908993 
706 29 8 11 0.048732746 
978 41 8 11 0.0477684 
854 64 8 11 0.045043707 
781 0 12 12 0.042439617 
0 356 10 15 0.041559428 
703 37 8 10 0.041218907 
749 68 11 13 0.0410344 
991 2 9 10 0.04035393 
737 10 11 14 0.038348395 
1007 5 12 18 0.038098168 
13 311 9 10 0.03796718 
779 16 10 13 0.037857622 
701 0 10 9 0.037325058 
966 70 8 12 0.036520034 
658 44 8 11 0.036445163 
737 32 8 11 0.036324587 
15 320 8 10 0.03568966 
966 37 10 13 0.035280854 
751 47 10 12 0.035090208 
654 0 10 10 0.03433631 
736 1 11 10 0.03339205 
722 36 9 12 0.033232942 
878 13 7 9 0.032756865 
1001 45 8 10 0.03256155 
696 20 8 10 0.032321546 
662 1 9 9 0.03215324 
703 91 12 15 0.03157678 
748 7 10 13 0.03121098 
967 21 7 9 0.031019287 
759 0 8 9 0.03068638 
601 85 9 11 0.029967537 
966 76 9 11 0.029796626 
678 36 9 12 0.028755248 
2 277 8 11 0.028490057 
665 23 7 9 0.028023815 
865 14 8 10 0.027657354 
45 415 8 10 0.025902918 
17 397 7 9 0.025553895 
751 308 10 14 0.025422482 
30 267 10 14 0.025378987 
888 38 7 9 0.02504747 
926 2 9 10 0.024706278 
690 33 8 10 0.024456857 
982 12 9 10 0.024277791 
704 16 8 11 0.0238197 
625 45 8 11 0.023724478 
16 268 8 11 0.023463346 
944 15 9 11 0.023369152 
657 54 9 12 0.023356382 
742 22 8 11 0.023282949 
672 47 10 13 0.022499803 
624 61 9 12 0.022428533 
901 33 9 12 0.022398707 
689 42 10 13 0.022153785 
720 63 9 11 0.022059672 
761 37 10 11 0.021952482 
789 1 12 11 0.021844657 
776 0 11 10 0.021743111 
629 42 9 12 0.021685706 
757 62 10 13 0.021628605 
676 54 11 13 0.02155308 
686 0 8 9 0.021026822 
720 75 10 13 0.020970505 
741 80 10 13 0.020862883 
983 0 10 10 0.020573916 
1010 60 10 13 0.02020485 
792 33 8 10 0.020116262 
