38_Tennis_Tennis_38_371
32
764 282 30 40 0.9988526 
476 368 31 39 0.99776924 
786 197 27 34 0.9974146 
438 301 31 36 0.99705964 
172 191 27 33 0.9968238 
379 211 26 33 0.99663687 
344 298 28 33 0.99634343 
443 215 26 32 0.9963407 
695 191 27 32 0.9961746 
568 288 30 36 0.99608624 
277 201 27 33 0.9952434 
665 278 29 37 0.9947141 
129 201 25 29 0.9947113 
567 196 24 28 0.9946743 
611 219 26 30 0.9946267 
527 213 23 30 0.993869 
232 199 25 31 0.99383104 
324 206 23 26 0.9937796 
654 199 23 26 0.9933652 
549 372 32 41 0.99308807 
491 202 24 29 0.99216545 
878 189 26 30 0.9911712 
413 206 23 28 0.99105257 
816 191 21 27 0.98734426 
730 189 22 26 0.9845633 
615 316 19 20 0.13044977 
800 190 26 33 0.059272595 
414 300 13 16 0.037048962 
571 243 23 26 0.030965764 
781 263 26 34 0.026741693 
605 305 28 30 0.02545777 
668 471 23 22 0.024919998 
