38_Tennis_Tennis_38_535
94
505 471 24 29 0.9900305 
514 422 21 29 0.9891403 
431 447 24 30 0.9884849 
461 422 23 30 0.98847544 
579 306 23 28 0.9825822 
46 449 22 28 0.9800219 
146 305 22 28 0.9791008 
134 455 23 27 0.97778153 
206 432 21 27 0.9775843 
369 406 23 28 0.9768331 
863 324 20 26 0.9747151 
321 383 22 27 0.97330916 
762 427 21 27 0.9697158 
242 286 19 24 0.9694979 
466 265 21 26 0.968417 
192 340 20 25 0.9659327 
508 316 23 26 0.9659246 
778 307 21 26 0.9622414 
714 317 20 27 0.9604243 
480 316 20 24 0.9578532 
376 451 22 25 0.95140076 
232 318 20 27 0.9494577 
655 464 21 27 0.9472658 
641 313 21 25 0.94586647 
141 413 21 26 0.94435763 
172 276 21 25 0.9243418 
357 312 21 26 0.9118921 
897 489 22 24 0.90702903 
290 461 19 25 0.90128756 
397 321 19 22 0.8974101 
815 473 22 26 0.89103585 
419 316 21 26 0.8850838 
551 470 20 24 0.87398934 
435 414 21 25 0.86917603 
597 425 19 23 0.86045855 
709 421 15 19 0.82089984 
363 512 23 29 0.65575117 
330 449 22 26 0.6553042 
290 292 15 19 0.6417639 
648 427 18 22 0.5900527 
170 454 16 18 0.37628692 
674 405 14 19 0.35181394 
357 297 15 19 0.29612103 
362 294 12 14 0.20295207 
299 292 12 16 0.14952052 
614 396 12 14 0.12920895 
230 274 10 14 0.12258844 
365 314 21 28 0.122130975 
904 267 12 17 0.11800911 
683 276 12 13 0.11581308 
300 298 14 17 0.11575891 
198 283 12 18 0.108371064 
165 251 12 15 0.10017544 
160 247 10 14 0.09682166 
901 263 11 16 0.08848953 
452 416 21 27 0.080107875 
548 238 15 19 0.07617415 
335 358 13 18 0.07521925 
627 245 14 19 0.07013462 
342 431 15 18 0.06385449 
250 317 18 26 0.06262372 
837 260 13 19 0.060648218 
455 413 14 19 0.05252649 
613 403 15 18 0.04754447 
893 252 12 16 0.04504814 
302 305 15 19 0.044726964 
376 290 13 16 0.04410067 
622 251 15 21 0.044070583 
286 449 23 29 0.04373923 
433 428 23 30 0.041255314 
927 248 10 12 0.037418988 
582 425 12 18 0.03559622 
679 364 14 20 0.034582835 
743 264 12 18 0.034195725 
791 253 12 13 0.033380937 
136 279 17 21 0.03268166 
184 310 12 16 0.03260164 
449 284 12 14 0.031507775 
249 415 19 24 0.031006467 
196 322 14 16 0.030861162 
774 408 14 17 0.028946713 
604 297 16 22 0.028118767 
814 461 17 19 0.027848907 
105 225 12 18 0.026245877 
377 320 17 22 0.02556251 
591 427 15 19 0.0254633 
602 286 13 15 0.024505457 
598 290 15 18 0.023782045 
183 409 14 17 0.022864416 
646 419 18 22 0.022796325 
646 387 15 18 0.022034355 
837 247 9 11 0.02123407 
343 587 15 18 0.020811407 
547 366 13 19 0.02054981 
