0_Parade_marchingband_1_188
123
253 501 11 14 0.9627576 
919 486 11 14 0.9336776 
575 566 11 14 0.9183586 
549 516 12 14 0.911434 
441 546 12 16 0.8721321 
521 366 8 11 0.8167153 
241 325 8 10 0.7643657 
159 369 7 9 0.7277092 
687 349 9 11 0.6392459 
504 278 7 10 0.5840271 
296 247 8 10 0.5763507 
610 279 8 10 0.5033129 
50 430 9 12 0.43298942 
589 324 8 11 0.4029133 
302 375 8 10 0.39424652 
344 320 7 9 0.3655657 
119 334 7 9 0.3569189 
439 272 8 10 0.35483423 
360 253 8 10 0.35097986 
664 391 8 11 0.3134438 
602 407 10 13 0.30439806 
556 263 9 11 0.30278632 
210 416 10 13 0.3021371 
64 321 8 11 0.27334356 
463 444 8 11 0.2613726 
334 269 7 9 0.25364333 
783 383 9 11 0.24402744 
798 360 7 10 0.22647195 
453 321 8 10 0.1944419 
694 280 7 10 0.18609677 
710 407 9 11 0.18062502 
506 396 8 11 0.1701252 
680 304 8 11 0.16848123 
590 355 11 15 0.1598025 
310 395 9 12 0.1525219 
614 433 8 11 0.13802199 
616 368 10 12 0.118197724 
169 387 9 12 0.11640305 
128 587 10 14 0.09027947 
453 351 8 12 0.08960036 
244 358 9 11 0.08832568 
116 588 11 14 0.07780323 
252 294 9 11 0.07402957 
864 382 11 13 0.07222323 
294 389 7 10 0.07169687 
154 373 7 10 0.070201755 
248 263 8 9 0.06913777 
336 350 7 10 0.06536087 
606 342 8 10 0.06307046 
617 384 9 12 0.05887807 
671 414 8 11 0.05869266 
504 422 8 10 0.054910846 
224 317 9 11 0.05317422 
670 390 9 11 0.053093296 
775 198 11 14 0.053006474 
360 271 10 12 0.050668996 
509 393 9 11 0.049921915 
701 368 9 12 0.049303964 
997 247 8 11 0.049203996 
487 205 12 17 0.047739618 
435 271 8 11 0.047479928 
150 382 8 10 0.046350714 
510 421 8 10 0.04532323 
153 350 8 10 0.044577524 
284 471 9 12 0.042999893 
245 321 9 12 0.042870987 
487 187 12 18 0.039553016 
629 392 9 12 0.038533855 
862 424 9 12 0.038468152 
781 184 8 9 0.037802752 
684 303 10 13 0.03735673 
607 336 9 11 0.037090365 
46 454 13 17 0.03602872 
473 247 9 12 0.0354375 
330 265 8 11 0.035137895 
597 309 8 10 0.034877423 
717 414 8 10 0.034613583 
608 324 9 12 0.034590926 
510 251 9 12 0.034377232 
863 372 11 15 0.033808302 
129 352 7 9 0.033199016 
622 303 7 10 0.032050095 
158 349 7 9 0.03119982 
596 355 10 14 0.029845549 
767 229 7 11 0.029461643 
480 454 8 10 0.02933183 
503 415 8 11 0.029258387 
917 509 11 13 0.028641013 
856 425 9 11 0.028368756 
777 190 11 14 0.028196242 
678 387 9 12 0.028152099 
581 341 11 14 0.027720278 
413 325 9 11 0.026782887 
316 324 9 11 0.026024261 
351 319 7 9 0.02589291 
624 391 10 12 0.025274593 
296 384 9 10 0.025176618 
433 239 7 10 0.024998803 
248 144 8 10 0.02441589 
424 324 10 11 0.024210246 
165 367 7 9 0.023872012 
794 365 9 11 0.023644961 
230 318 9 11 0.023427371 
788 383 8 11 0.023188703 
429 255 8 10 0.02312917 
712 410 10 12 0.022710456 
105 591 9 11 0.022689974 
217 175 6 9 0.02262831 
54 488 9 12 0.022310333 
503 247 9 11 0.021798959 
771 198 8 13 0.021758804 
496 400 8 10 0.021671826 
497 333 8 10 0.021578616 
776 447 7 9 0.021357328 
343 269 7 10 0.020956881 
680 343 11 14 0.020845404 
231 342 8 11 0.020723667 
601 341 9 12 0.020636303 
297 428 9 12 0.020607073 
469 429 8 11 0.02047551 
616 303 9 11 0.020391554 
598 319 9 12 0.020209553 
484 189 19 27 0.020196106 
