0_Parade_marchingband_1_759
32
629 119 59 75 0.99940467 
368 22 50 63 0.9989229 
493 137 49 65 0.99888915 
138 148 49 60 0.9986092 
136 46 49 62 0.9985769 
570 135 55 69 0.9983747 
7 35 36 45 0.99826765 
171 3 48 60 0.9978667 
304 19 46 60 0.99694103 
340 124 46 57 0.99645597 
409 130 46 57 0.99094254 
53 42 37 45 0.9894782 
88 18 37 50 0.98676515 
228 12 27 53 0.8823959 
68 28 36 49 0.32293975 
-2 25 23 38 0.08131117 
286 122 31 41 0.052809205 
322 349 16 20 0.04711175 
206 101 15 22 0.04169554 
110 24 45 56 0.039073065 
0 16 12 20 0.037700497 
473 136 35 56 0.035100427 
44 63 30 38 0.032011054 
501 214 46 59 0.03184472 
447 123 42 59 0.031027239 
297 122 17 20 0.029978598 
269 116 38 57 0.029408779 
210 98 26 31 0.025319647 
-2 14 20 33 0.024512803 
118 66 26 37 0.023836926 
468 115 41 54 0.02337599 
317 372 10 12 0.021339888 
