0_Parade_marchingband_1_329
169
135 313 23 28 0.9862562 
660 334 18 21 0.9811158 
896 335 22 27 0.978905 
191 311 21 27 0.97535694 
632 428 19 24 0.9709627 
570 304 17 20 0.97033924 
757 394 16 18 0.9689313 
448 415 20 26 0.96644753 
566 337 17 20 0.9642459 
572 423 18 24 0.96422243 
836 327 19 23 0.96357274 
523 317 17 20 0.9586081 
79 296 22 25 0.9463018 
291 319 17 20 0.94329506 
542 323 14 17 0.9386838 
372 323 16 21 0.93449265 
413 320 15 18 0.92867994 
684 330 15 20 0.92360204 
714 372 21 25 0.91847366 
609 314 20 22 0.91255856 
707 332 16 20 0.91108465 
798 402 16 19 0.90229 
479 315 17 20 0.90010935 
212 339 21 25 0.8928998 
510 426 19 25 0.8861979 
330 388 16 20 0.8769181 
253 385 19 22 0.86743927 
334 325 13 16 0.83849096 
638 308 17 20 0.8359532 
785 352 15 18 0.8138012 
157 325 21 25 0.8095161 
180 395 21 20 0.79149324 
590 313 16 21 0.751533 
746 341 17 20 0.72025377 
302 448 15 19 0.71936226 
506 333 15 17 0.70942086 
391 382 18 20 0.6826583 
338 358 13 15 0.64923155 
398 430 15 19 0.58849776 
366 429 17 22 0.58092076 
468 333 12 15 0.4068479 
355 356 14 16 0.27426255 
293 358 12 14 0.2736998 
768 337 14 17 0.2503887 
678 304 15 19 0.25004143 
751 314 13 15 0.24523757 
660 388 12 16 0.24278899 
565 322 12 14 0.21521379 
282 384 14 18 0.20560132 
720 428 14 17 0.18753123 
695 308 14 17 0.18705627 
672 364 16 19 0.18680531 
442 323 15 16 0.1842067 
669 390 12 16 0.1812585 
651 405 13 16 0.17152521 
654 379 14 18 0.169703 
400 331 12 14 0.16738436 
313 341 10 12 0.1561048 
645 346 14 18 0.15526842 
785 308 18 20 0.15132718 
759 436 12 15 0.14039315 
334 437 16 18 0.13647604 
652 372 15 16 0.11514206 
626 290 16 19 0.10259895 
803 447 13 15 0.099986136 
354 362 16 20 0.09885685 
678 391 14 16 0.09147519 
264 431 15 19 0.09021616 
838 419 12 14 0.08695067 
326 330 12 15 0.08432268 
187 448 17 20 0.08102193 
212 388 17 20 0.080757126 
622 405 13 17 0.07941853 
743 307 14 17 0.07434568 
736 340 14 18 0.07157928 
581 121 20 20 0.07068634 
218 332 18 24 0.06520847 
319 335 12 14 0.06392404 
800 333 12 14 0.06292137 
578 275 15 19 0.06280032 
487 395 14 15 0.06273374 
638 347 15 19 0.062332865 
718 474 11 13 0.062188186 
743 315 12 15 0.054998793 
412 310 15 19 0.05056345 
477 349 10 14 0.04792215 
191 351 18 20 0.047914244 
293 309 16 22 0.047266655 
206 288 15 17 0.046432115 
791 394 18 24 0.045785416 
524 349 14 18 0.041419204 
438 327 14 17 0.04120352 
747 301 14 16 0.041095182 
440 364 11 14 0.041049305 
743 442 13 15 0.040412225 
629 348 15 20 0.039436758 
476 341 12 16 0.038167328 
276 346 14 18 0.038094614 
738 384 14 20 0.03789185 
407 323 14 17 0.037571218 
412 290 12 13 0.037215367 
783 394 14 19 0.036371198 
427 367 12 15 0.036179263 
577 271 12 14 0.035519876 
757 382 16 23 0.035482924 
690 324 15 20 0.03518911 
782 301 17 19 0.033412956 
607 342 14 17 0.03334188 
570 320 14 18 0.032633055 
797 97 20 20 0.032372117 
702 324 16 21 0.03235923 
67 298 17 21 0.032318696 
543 439 13 16 0.03223786 
288 364 14 16 0.03180639 
627 400 14 17 0.0316097 
462 310 10 12 0.030967567 
397 339 13 16 0.030587932 
236 459 16 18 0.030026142 
798 293 14 17 0.029711489 
429 353 11 14 0.028977912 
302 301 10 12 0.028756525 
709 341 15 18 0.02860994 
748 367 16 19 0.028550187 
514 339 14 16 0.028516417 
333 373 15 19 0.028243605 
432 325 12 15 0.028086644 
656 369 19 23 0.028012076 
636 287 11 14 0.027650025 
390 342 13 15 0.027566262 
276 309 13 18 0.027306102 
787 293 17 19 0.027096901 
770 343 14 19 0.026821172 
716 310 10 13 0.02676157 
690 300 17 20 0.026402822 
587 340 16 19 0.026273835 
789 388 14 20 0.025733568 
509 355 11 14 0.025575751 
748 437 13 17 0.025464473 
531 321 13 17 0.025282465 
526 343 12 15 0.024827765 
654 393 14 19 0.024482822 
438 356 13 16 0.024370538 
330 468 19 21 0.024231872 
220 405 15 19 0.02409678 
772 452 10 12 0.023934672 
433 270 7 9 0.023717785 
547 338 14 19 0.023639105 
326 311 10 13 0.023225 
195 363 17 20 0.023070715 
340 352 14 15 0.02304948 
270 341 13 15 0.02303038 
612 344 14 18 0.022560285 
328 317 12 15 0.022527684 
446 340 13 14 0.021793123 
177 486 12 13 0.02177861 
169 324 15 19 0.021413546 
564 310 20 23 0.021328539 
352 352 12 14 0.021307075 
455 354 14 16 0.021139348 
617 309 17 21 0.021055164 
532 341 13 15 0.021009246 
660 405 13 14 0.02097669 
508 346 13 17 0.020958742 
470 356 13 17 0.020868387 
529 353 17 19 0.020863637 
549 346 13 18 0.020653103 
62 303 15 19 0.020355 
794 355 12 14 0.02035197 
521 409 16 20 0.020168392 
