0_Parade_Parade_0_125
41
520 340 26 35 0.9962715 
13 412 13 18 0.93964285 
1005 342 19 32 0.90591305 
476 271 19 24 0.89766043 
584 275 18 26 0.8737915 
54 432 10 13 0.6692591 
39 427 10 13 0.59303296 
15 477 15 20 0.30058244 
592 258 19 21 0.1590279 
96 461 9 12 0.123868965 
110 453 8 10 0.11743941 
559 259 13 17 0.11024459 
61 450 14 18 0.09806814 
589 251 17 22 0.08253814 
141 460 10 13 0.07217238 
47 428 11 14 0.06801538 
118 468 9 11 0.06672362 
572 240 10 12 0.065691516 
158 468 9 12 0.051247165 
54 441 23 31 0.041591443 
567 241 11 15 0.04044903 
1 491 8 13 0.035321906 
938 445 6 9 0.033552703 
380 284 21 26 0.031094072 
461 512 8 10 0.029836548 
871 439 7 8 0.028114473 
424 251 11 16 0.02798781 
936 442 7 9 0.02605512 
382 503 9 10 0.025910757 
561 251 16 23 0.025540048 
105 453 9 12 0.025538826 
105 476 10 13 0.02506262 
48 431 21 26 0.024809798 
41 479 9 12 0.024608534 
897 447 6 8 0.024086624 
504 533 8 11 0.022338467 
491 280 13 20 0.022304427 
945 430 7 8 0.022026604 
48 434 13 15 0.021711983 
588 267 17 23 0.021694563 
45 479 10 12 0.020292385 
