0_Parade_marchingband_1_620
135
911 326 32 37 0.99696857 
659 337 30 34 0.9889486 
799 411 31 40 0.9838372 
842 351 27 31 0.969978 
764 339 29 34 0.9692542 
194 177 16 19 0.9537103 
439 242 22 25 0.95169455 
819 251 23 26 0.9447307 
955 234 16 19 0.9383098 
258 201 15 18 0.930008 
612 242 16 18 0.92650175 
905 217 17 20 0.91708845 
858 204 17 19 0.9166504 
117 273 21 25 0.90062225 
469 194 13 16 0.8894589 
291 237 14 18 0.8847671 
585 178 15 19 0.8508642 
85 191 14 18 0.8477824 
761 211 16 17 0.7752757 
397 194 11 14 0.7446156 
324 243 17 20 0.60411733 
964 268 23 29 0.58936757 
408 175 10 12 0.5373409 
717 163 11 15 0.5206866 
111 187 12 15 0.5183213 
623 164 9 12 0.44857278 
311 186 12 15 0.44317412 
939 178 14 18 0.39553568 
414 191 10 13 0.37374654 
338 246 14 19 0.30815145 
973 216 15 18 0.23215719 
201 179 14 17 0.21670875 
919 260 14 18 0.20556825 
840 233 14 17 0.1727045 
437 213 15 18 0.16376004 
512 175 10 12 0.1630814 
61 189 13 15 0.15700135 
328 179 10 13 0.1557623 
316 165 9 11 0.153882 
625 188 11 14 0.14561285 
596 189 10 13 0.14458007 
517 175 9 12 0.14390498 
1009 331 15 25 0.12941341 
405 194 11 14 0.12738536 
634 288 19 24 0.12402592 
963 167 12 15 0.107891396 
528 188 10 14 0.107077636 
139 236 15 18 0.105939604 
168 189 13 16 0.10355751 
658 309 19 22 0.098990425 
115 190 13 18 0.093032576 
117 219 15 20 0.08754266 
211 203 13 15 0.08461158 
48 250 11 15 0.07711347 
627 167 9 11 0.077054575 
128 231 24 28 0.07702899 
105 187 12 15 0.07679571 
774 403 26 35 0.07633587 
911 190 11 15 0.07328059 
852 177 16 19 0.07183564 
0 133 11 18 0.06485015 
823 187 9 12 0.06224018 
487 172 10 13 0.058965135 
332 182 9 11 0.057338595 
619 163 9 13 0.056977578 
313 161 10 13 0.056304537 
883 196 12 16 0.05584915 
421 188 10 14 0.05492677 
505 172 8 10 0.0531975 
208 207 12 16 0.050785087 
108 219 19 24 0.050570916 
97 220 19 25 0.046115533 
630 172 8 12 0.0434935 
718 189 10 12 0.04309839 
147 241 12 16 0.04114479 
269 175 9 13 0.038470566 
413 180 10 12 0.03819937 
404 231 10 13 0.037316002 
763 312 21 27 0.03598023 
493 173 9 10 0.035568893 
757 174 9 10 0.0354176 
139 306 17 19 0.035342615 
870 179 10 13 0.035281815 
643 283 14 21 0.035211183 
316 182 11 15 0.034544226 
901 193 14 18 0.03433683 
181 157 12 14 0.033187762 
262 177 13 18 0.032809164 
476 203 10 14 0.032668162 
617 280 15 24 0.032338392 
69 248 15 18 0.031784385 
979 225 13 16 0.030591857 
407 205 10 14 0.030570222 
604 244 18 21 0.030118799 
656 314 25 31 0.029907802 
124 224 21 26 0.029349469 
290 156 9 12 0.029117178 
321 173 9 12 0.029100005 
478 212 10 15 0.028723946 
629 183 10 13 0.027963482 
332 254 16 21 0.027636427 
767 283 20 29 0.027527831 
948 171 12 17 0.027349798 
342 191 8 11 0.027259933 
920 171 10 14 0.02693254 
308 191 15 18 0.026876867 
361 174 8 9 0.026159918 
72 201 12 16 0.025505347 
510 198 10 12 0.024867313 
352 197 10 13 0.0247933 
775 186 10 15 0.024317708 
984 195 9 12 0.023783593 
260 186 14 18 0.023572633 
593 156 9 13 0.023403611 
264 247 10 13 0.023184406 
41 268 11 14 0.023002036 
855 265 13 16 0.02238859 
430 218 17 19 0.02235109 
77 199 13 17 0.022195071 
423 184 9 13 0.022178674 
924 172 11 15 0.02165412 
769 217 13 16 0.021258451 
-2 224 36 62 0.021219537 
430 190 8 11 0.021198103 
933 181 16 20 0.021080242 
561 164 12 16 0.021065565 
306 188 12 14 0.020998504 
543 166 8 11 0.020991504 
311 149 8 10 0.020916026 
913 225 13 18 0.020495335 
893 194 15 19 0.02038242 
934 566 65 62 0.020379793 
222 171 11 14 0.02036216 
694 180 9 11 0.020198075 
575 143 8 9 0.02014516 
