0_Parade_marchingband_1_172
430
244 167 32 41 0.9959824 
569 239 39 48 0.9948272 
375 108 23 28 0.99256516 
747 124 24 31 0.9922544 
853 181 29 33 0.98943627 
112 83 25 30 0.98806816 
696 136 27 30 0.988059 
510 141 24 31 0.98689485 
869 100 22 27 0.98490554 
492 110 22 26 0.9842128 
649 103 22 27 0.9821275 
779 100 22 28 0.98129016 
441 104 23 27 0.9801502 
561 131 23 29 0.973436 
672 179 28 34 0.97161263 
279 93 22 26 0.9710821 
253 94 20 26 0.96948224 
405 64 16 19 0.96937203 
907 97 18 23 0.9650606 
840 98 22 26 0.9648882 
943 126 24 27 0.96371645 
170 80 22 27 0.9616633 
69 32 14 18 0.957112 
250 47 18 21 0.9494691 
594 111 22 26 0.94913584 
303 76 20 26 0.94751745 
523 93 21 26 0.9466799 
879 167 24 31 0.9430608 
68 81 22 25 0.9408469 
694 73 17 21 0.93797743 
438 68 22 27 0.92724085 
228 85 20 23 0.9230983 
984 129 21 26 0.9198108 
541 69 14 17 0.91749346 
786 44 13 16 0.90656507 
805 75 22 25 0.90280163 
371 83 20 23 0.8954367 
586 78 21 22 0.89366806 
712 100 20 22 0.8919082 
644 77 18 21 0.89107 
674 54 15 17 0.8892792 
1007 75 15 19 0.8878319 
558 48 17 21 0.8838238 
929 87 16 20 0.8831497 
469 39 13 16 0.87660825 
607 47 14 17 0.87466085 
114 27 13 16 0.871828 
954 85 16 20 0.8582034 
887 139 22 26 0.8473933 
488 68 17 20 0.8155972 
968 117 17 23 0.79925925 
567 22 9 12 0.7985601 
839 23 12 15 0.7884144 
201 36 15 17 0.78405577 
997 33 13 17 0.78118634 
926 36 13 16 0.7771105 
194 95 19 22 0.7688229 
50 73 15 17 0.7593671 
289 65 15 18 0.7495705 
650 41 15 17 0.7468988 
0 31 12 20 0.73621154 
398 101 18 26 0.7355841 
743 48 12 14 0.7279833 
506 50 12 15 0.68770003 
330 122 19 23 0.67225355 
900 35 13 15 0.6364496 
512 66 16 18 0.6124816 
729 37 11 13 0.6038866 
823 20 10 14 0.6007403 
376 42 12 15 0.5938275 
524 44 12 15 0.54649997 
0 4 11 16 0.5464917 
953 54 15 17 0.54165566 
337 4 12 15 0.5315268 
487 3 11 13 0.5240546 
287 40 12 14 0.5104479 
811 33 11 14 0.50803816 
519 20 13 16 0.49177286 
630 49 13 16 0.47355822 
48 7 13 16 0.4678404 
203 116 20 22 0.4584681 
409 28 11 14 0.4579825 
914 73 12 15 0.4569686 
873 76 12 14 0.45593446 
87 14 10 13 0.42601323 
877 26 11 13 0.41578192 
128 20 12 14 0.40866256 
750 28 10 13 0.3974447 
147 0 16 18 0.3959676 
332 91 16 19 0.38767824 
320 4 13 15 0.38539395 
552 107 18 21 0.38334906 
17 4 12 15 0.3773632 
452 138 20 29 0.36062428 
283 6 13 15 0.35569724 
167 48 16 18 0.3478998 
923 13 11 14 0.3467568 
391 152 23 30 0.33294997 
694 33 11 14 0.31727892 
797 21 10 13 0.30959812 
72 1 10 11 0.30954006 
429 12 12 16 0.30376938 
579 6 11 13 0.30326113 
487 31 12 14 0.2942664 
817 162 25 28 0.29214954 
773 26 12 15 0.28603205 
580 35 12 15 0.28351244 
520 13 12 14 0.27440485 
547 28 11 13 0.26534635 
333 13 11 14 0.26436722 
711 68 13 16 0.26375768 
138 65 14 17 0.257214 
315 19 13 15 0.23760939 
857 28 10 13 0.2277747 
216 35 12 14 0.22607806 
209 65 15 18 0.22586408 
381 13 12 14 0.21930341 
605 22 12 15 0.21468991 
444 41 13 16 0.21228652 
300 4 11 13 0.208745 
633 23 11 15 0.20606641 
192 0 12 12 0.20272057 
463 41 14 17 0.19984092 
737 17 9 10 0.1978334 
445 23 10 12 0.19654916 
369 68 16 16 0.19272189 
967 152 21 28 0.19143873 
767 26 13 16 0.18903568 
774 82 16 18 0.1781729 
647 12 11 13 0.17073989 
349 1 11 10 0.17006236 
213 8 12 13 0.16365072 
309 60 14 17 0.16301778 
89 65 19 21 0.16086727 
920 18 13 16 0.16065024 
674 13 13 15 0.15953732 
671 17 12 15 0.15806805 
318 12 12 15 0.15146837 
997 173 19 29 0.14495713 
461 6 14 18 0.1435167 
871 19 11 14 0.13464512 
967 65 13 16 0.13442436 
628 11 10 12 0.13186984 
222 3 12 13 0.12884709 
300 18 11 15 0.12660043 
131 5 11 11 0.12491876 
693 14 11 14 0.12383781 
268 5 12 15 0.121598125 
102 4 15 17 0.117571324 
863 18 11 14 0.11651333 
103 0 12 12 0.11538757 
439 161 19 21 0.11415061 
220 32 11 13 0.11354275 
550 22 10 13 0.11313328 
600 19 12 14 0.1103052 
658 43 11 14 0.10398239 
240 2 10 10 0.10394528 
269 26 13 16 0.10335612 
654 22 10 12 0.10106616 
341 30 10 12 0.09580094 
867 16 11 12 0.0939996 
717 13 10 12 0.09358728 
245 2 11 13 0.09335962 
544 42 11 14 0.09206038 
492 28 12 15 0.09200377 
15 44 14 17 0.091179036 
-1 77 9 16 0.09081507 
35 0 13 12 0.08842877 
866 175 27 32 0.08633529 
400 11 14 16 0.08614989 
198 101 22 25 0.08580379 
898 174 22 30 0.08556447 
831 83 14 18 0.08550559 
667 146 22 25 0.08396686 
364 2 13 15 0.0834419 
947 184 17 19 0.08324324 
481 69 19 24 0.08272884 
666 82 15 18 0.082157366 
229 1 10 12 0.08089845 
163 25 16 18 0.08038051 
833 77 16 17 0.0795073 
0 110 17 25 0.076915935 
798 16 10 12 0.07680388 
884 29 11 13 0.0759165 
856 22 10 13 0.07577821 
356 18 11 14 0.071892716 
238 88 20 26 0.07153237 
483 20 15 17 0.07138283 
598 14 12 14 0.0694125 
817 1 9 10 0.069196284 
959 157 22 28 0.06871577 
850 47 14 19 0.067754865 
323 94 18 19 0.06699606 
803 57 16 18 0.06604175 
716 26 10 13 0.0650287 
612 28 10 13 0.064803794 
499 22 12 16 0.06389665 
189 20 12 14 0.06266492 
272 0 11 11 0.062631994 
180 2 12 15 0.062439535 
452 43 13 16 0.062136266 
742 21 9 12 0.06141227 
688 29 12 15 0.060862493 
489 35 13 15 0.05932778 
756 28 10 13 0.059165224 
441 150 23 27 0.059161834 
500 13 11 14 0.058869906 
124 58 18 23 0.05790898 
452 27 11 14 0.057591267 
699 19 12 15 0.057354927 
977 153 18 25 0.057206757 
887 35 10 14 0.05700543 
513 22 10 14 0.056756258 
764 14 10 11 0.05617071 
97 60 14 18 0.05574782 
760 22 10 13 0.0551112 
496 67 14 19 0.0549967 
1014 33 10 15 0.05458257 
115 62 18 20 0.054409698 
328 19 11 13 0.053838007 
900 70 11 14 0.05309203 
817 80 14 18 0.051866632 
207 6 12 14 0.05122804 
676 6 10 12 0.051155362 
523 6 11 14 0.05103678 
821 0 10 10 0.0509746 
669 26 13 15 0.050863575 
727 21 9 11 0.050837852 
75 1 12 15 0.050705593 
576 11 11 14 0.050273523 
552 16 10 12 0.04973722 
296 12 13 17 0.049716666 
264 69 13 17 0.049713876 
17 49 16 19 0.046422515 
387 61 12 15 0.046257913 
693 7 10 12 0.04608718 
587 35 12 16 0.045961086 
310 106 15 19 0.045663763 
560 20 10 13 0.045192026 
781 23 9 12 0.045119926 
591 20 10 14 0.044814046 
554 115 23 29 0.044808477 
534 21 9 12 0.04463489 
358 3 13 14 0.044425644 
414 0 11 10 0.04418519 
319 126 22 26 0.044172548 
-1 70 9 16 0.04413447 
285 21 12 14 0.043730445 
213 0 11 11 0.042692877 
614 3 13 13 0.042597428 
307 68 17 21 0.04184605 
277 52 12 14 0.041751567 
677 29 12 14 0.041707695 
593 13 10 12 0.041368153 
689 19 12 15 0.041305754 
372 0 12 11 0.041098654 
950 191 24 32 0.040988635 
891 7 12 15 0.040528484 
895 30 14 17 0.040050484 
982 251 15 17 0.04002719 
646 46 14 17 0.040006954 
720 38 10 12 0.03998794 
597 5 12 13 0.039987165 
759 46 10 13 0.039742198 
447 72 16 20 0.03947024 
848 7 9 10 0.039455004 
708 194 17 21 0.039444823 
372 5 15 17 0.039301123 
352 13 13 15 0.038728543 
918 27 13 15 0.038506612 
806 15 9 12 0.03848563 
648 18 12 15 0.038122658 
767 34 11 14 0.038072072 
538 138 16 20 0.037447996 
344 1 12 12 0.037271578 
810 165 19 23 0.036763556 
914 94 15 19 0.0367369 
460 15 14 16 0.03663413 
1006 114 14 18 0.036278024 
663 27 11 14 0.036263112 
838 14 11 12 0.0362488 
624 50 12 15 0.035873238 
310 14 11 14 0.035828706 
547 34 12 15 0.035671283 
938 88 13 18 0.03553393 
335 1 10 12 0.03528567 
624 6 12 14 0.034840386 
279 44 14 15 0.034823723 
123 24 13 16 0.03448983 
743 38 12 14 0.03435168 
573 85 13 19 0.034300096 
219 11 10 13 0.033841427 
407 0 12 10 0.033532973 
433 128 16 19 0.03345638 
130 13 14 17 0.033177216 
325 1 11 11 0.0331524 
676 37 14 16 0.032790136 
206 123 23 28 0.03271336 
484 8 14 18 0.032712936 
847 12 10 12 0.032703515 
733 31 10 14 0.032696147 
838 7 9 11 0.032681786 
603 14 12 15 0.032661017 
797 53 12 17 0.032618817 
386 10 13 17 0.032571696 
253 2 11 14 0.032521307 
366 10 12 15 0.03247403 
592 5 11 14 0.032346923 
126 1 11 11 0.03221426 
492 42 12 15 0.0321044 
860 68 11 15 0.032067876 
422 78 13 16 0.032042243 
314 85 20 27 0.031731557 
18 38 17 19 0.031555828 
733 42 12 15 0.031104267 
671 47 15 18 0.030984549 
0 127 12 18 0.030929461 
959 0 13 11 0.030915176 
952 179 17 19 0.030907707 
285 28 13 15 0.03080019 
120 0 10 11 0.030726058 
406 23 12 15 0.030596219 
16 57 17 19 0.030452978 
862 34 11 14 0.030223278 
636 46 11 15 0.030086821 
908 80 16 18 0.03005097 
803 69 18 22 0.029849788 
28 70 15 20 0.02966503 
533 0 9 10 0.029606419 
910 28 11 15 0.029400002 
992 66 13 17 0.029302748 
583 24 11 13 0.029212607 
164 67 16 19 0.029155971 
421 0 12 11 0.029142361 
647 29 12 13 0.029137162 
444 46 16 19 0.029079717 
684 142 24 27 0.02877984 
165 57 17 20 0.028719882 
365 63 15 17 0.028410524 
309 6 12 13 0.02823892 
621 152 16 22 0.027880484 
778 45 10 14 0.027783835 
1005 30 12 16 0.027723787 
860 147 15 18 0.027615812 
69 11 13 15 0.027599942 
84 7 13 15 0.027578313 
84 69 20 27 0.02731016 
963 75 14 18 0.027291551 
597 0 11 11 0.02718696 
605 4 13 14 0.027128724 
580 55 12 16 0.027114311 
829 12 11 14 0.027037283 
589 109 18 22 0.02677346 
988 50 11 14 0.02675626 
315 111 14 18 0.026731938 
220 41 13 17 0.026636437 
702 48 10 14 0.026598193 
525 139 23 29 0.026518477 
931 77 17 21 0.026440863 
545 23 10 15 0.026104655 
574 29 12 15 0.026102498 
327 100 22 25 0.026012609 
80 12 11 14 0.025624692 
440 26 13 15 0.025571082 
855 34 11 13 0.025079956 
817 20 11 13 0.025056167 
893 0 12 11 0.024990223 
1015 24 9 14 0.024975367 
661 21 11 14 0.024943518 
663 51 11 16 0.02490622 
454 22 12 14 0.024630666 
854 14 9 12 0.024581416 
777 0 10 11 0.024549028 
973 83 16 20 0.024479086 
414 43 13 17 0.024448488 
997 190 14 19 0.024304554 
1001 233 22 31 0.02422922 
37 10 13 16 0.024228988 
990 205 14 18 0.024034508 
325 118 18 21 0.023960015 
13 63 14 20 0.023902033 
518 50 13 16 0.023820344 
491 19 19 24 0.02381284 
777 91 18 21 0.023597965 
812 53 13 17 0.023595246 
792 26 11 14 0.023588836 
264 9 13 15 0.023428693 
311 24 13 16 0.023341065 
961 56 19 21 0.02322141 
87 27 12 15 0.023180556 
477 76 15 21 0.023162631 
854 5 9 11 0.023098707 
558 27 11 14 0.023027886 
276 140 24 27 0.023026599 
558 15 11 13 0.022929376 
520 39 11 13 0.022804217 
302 60 14 17 0.022725347 
539 76 17 22 0.022675226 
1010 174 14 24 0.022561425 
895 97 13 19 0.022512732 
570 117 16 19 0.022451915 
728 15 9 11 0.022419907 
206 53 15 17 0.022419808 
574 41 12 18 0.022385992 
502 56 14 19 0.022367084 
971 54 13 16 0.021988437 
571 51 12 17 0.021977056 
324 27 13 15 0.021954376 
576 0 11 13 0.021930901 
411 33 14 17 0.021505788 
379 68 15 17 0.021442149 
322 42 16 18 0.02137873 
861 5 10 11 0.02115991 
230 15 12 14 0.02094882 
168 71 22 25 0.020855939 
207 0 11 11 0.02080043 
478 14 13 16 0.020763637 
475 118 15 20 0.020756837 
978 166 16 23 0.020698434 
582 113 22 30 0.020669064 
204 90 20 25 0.020551477 
836 91 17 21 0.020548815 
601 45 12 16 0.020525554 
134 1 11 12 0.020474385 
800 76 16 20 0.020417584 
1000 75 14 17 0.020408468 
794 45 11 15 0.020168228 
85 0 13 11 0.020122506 
949 76 15 19 0.020078458 
758 52 11 13 0.020053152 
