0_Parade_marchingband_1_881
81
141 257 13 16 0.95903957 
52 235 11 14 0.9378844 
719 178 21 36 0.91694677 
332 156 22 36 0.77412426 
96 239 11 15 0.7723931 
227 215 9 11 0.7332631 
638 160 19 31 0.67069757 
238 263 12 15 0.6140629 
185 213 10 12 0.5763924 
78 215 9 12 0.4882883 
279 207 9 12 0.45999888 
225 300 9 12 0.42178762 
568 206 9 11 0.41674957 
539 285 8 11 0.41651374 
883 194 21 31 0.415463 
196 300 12 15 0.34889087 
6 216 14 16 0.30959508 
1001 261 9 11 0.30447957 
892 196 16 25 0.29133886 
179 314 13 16 0.2817806 
869 195 24 33 0.25455555 
935 271 9 11 0.18548082 
222 312 15 18 0.14705555 
797 215 9 12 0.12277379 
964 261 9 11 0.116044246 
247 295 8 11 0.090620995 
24 217 8 10 0.085710794 
180 291 11 14 0.07540456 
853 195 29 32 0.06708959 
24 247 11 14 0.06278322 
224 236 12 14 0.057842236 
562 207 9 10 0.052448116 
148 320 11 14 0.05158796 
255 294 8 10 0.050255775 
23 235 11 14 0.04972365 
962 257 9 11 0.046648134 
190 304 14 20 0.046541598 
936 222 8 11 0.044342782 
983 263 7 9 0.03988498 
366 216 32 39 0.03821458 
772 209 10 15 0.037919626 
565 210 10 12 0.0369863 
941 223 9 12 0.03665073 
256 229 9 11 0.036511257 
242 295 8 11 0.036340404 
216 230 9 11 0.033540502 
205 251 9 13 0.03234501 
104 301 10 15 0.031614915 
968 271 8 9 0.030383913 
191 295 13 16 0.030272445 
986 276 7 10 0.029466148 
917 230 11 13 0.029134369 
234 261 11 13 0.02849313 
74 220 9 12 0.02743745 
159 207 10 13 0.026700407 
202 307 11 15 0.026166623 
201 247 10 13 0.025877832 
161 212 9 12 0.025866343 
262 272 9 11 0.025803449 
197 311 12 16 0.025043407 
166 214 8 11 0.025042068 
180 299 13 16 0.025030805 
103 338 13 17 0.024843026 
978 254 7 9 0.024351977 
58 236 11 14 0.024192605 
85 214 9 13 0.024072299 
90 238 11 14 0.024031164 
845 205 14 21 0.023283664 
174 253 12 15 0.022473715 
177 212 9 12 0.022087578 
982 255 7 9 0.021991959 
952 271 7 10 0.02196645 
56 274 10 13 0.021788085 
219 298 22 29 0.021534042 
559 225 9 11 0.021380676 
976 248 8 10 0.02108748 
88 221 8 11 0.020916153 
185 312 15 18 0.020826854 
648 162 22 35 0.020298084 
899 206 12 19 0.02017433 
127 255 10 13 0.02011556 
