0_Parade_marchingband_1_445
134
479 141 41 53 0.9841632 
821 115 34 41 0.9427605 
661 114 40 47 0.9339115 
266 109 27 37 0.89104664 
154 103 31 35 0.877619 
858 131 16 21 0.83622843 
411 124 21 26 0.7800256 
343 95 31 41 0.51186717 
405 82 21 29 0.49174297 
900 237 16 21 0.44186765 
723 137 22 31 0.37799484 
869 109 13 17 0.2923516 
72 43 9 13 0.18235755 
242 1 14 16 0.17461519 
47 82 14 17 0.16053532 
786 70 23 28 0.15885672 
13 24 14 17 0.15214181 
1005 2 14 16 0.14923628 
253 115 27 37 0.14674924 
757 82 11 14 0.1460944 
238 85 12 15 0.12800595 
270 2 13 12 0.12729025 
736 85 10 11 0.11746914 
576 142 10 13 0.10544622 
773 109 10 13 0.10433683 
700 91 24 36 0.099203356 
917 283 15 18 0.09821806 
241 116 28 38 0.09703539 
146 13 9 11 0.08665335 
752 13 10 11 0.085234724 
244 8 13 17 0.0791997 
982 13 11 13 0.07660105 
582 2 10 9 0.07096356 
468 1 14 17 0.06842236 
901 112 10 11 0.061419684 
246 67 21 30 0.05855551 
332 93 27 34 0.058229946 
877 64 9 12 0.056535766 
361 150 33 37 0.056355357 
981 147 13 19 0.05558331 
935 110 10 12 0.055216245 
147 80 14 19 0.054558385 
151 55 9 12 0.05336357 
743 69 8 11 0.051820066 
522 5 8 10 0.05136124 
863 95 9 13 0.050716426 
439 1 15 14 0.050404325 
82 176 29 37 0.049885858 
756 16 11 13 0.04889298 
7 137 11 15 0.04886569 
840 128 17 23 0.048856318 
471 18 12 16 0.047821403 
401 125 24 29 0.04781112 
494 2 19 19 0.04536597 
591 120 10 12 0.045327224 
689 100 26 36 0.042819 
469 87 18 24 0.041331578 
368 299 19 19 0.04125386 
699 108 15 22 0.040779203 
495 26 12 14 0.038709164 
890 37 9 11 0.0382751 
709 134 23 32 0.03812148 
185 3 19 18 0.037044566 
790 218 19 20 0.03622472 
987 152 13 16 0.035738513 
52 35 10 14 0.035697203 
744 100 13 15 0.03532704 
894 134 11 14 0.035293426 
776 85 10 14 0.03523852 
425 120 25 31 0.034077693 
894 197 9 13 0.03334808 
549 23 9 11 0.032254063 
863 113 12 16 0.03201146 
989 93 10 12 0.031172533 
973 85 10 12 0.031025136 
352 114 33 37 0.030811857 
223 0 11 11 0.030629946 
790 5 11 13 0.030585475 
356 32 23 28 0.030398048 
775 2 11 14 0.03006579 
354 0 18 18 0.029800061 
780 73 16 21 0.029619755 
316 119 10 14 0.02958088 
776 76 11 15 0.029382944 
241 80 16 21 0.029232573 
11 137 15 17 0.029131284 
309 0 12 13 0.028710349 
214 15 12 14 0.028189264 
747 195 14 21 0.027853034 
169 11 10 12 0.027744615 
874 112 14 17 0.027673777 
560 3 10 12 0.027363956 
45 83 21 28 0.026810644 
356 128 33 39 0.026708655 
415 86 17 23 0.026396615 
582 23 13 15 0.025835847 
96 174 27 36 0.025178816 
61 107 12 17 0.024913156 
220 16 12 15 0.024887418 
780 1 13 14 0.02468446 
238 97 28 38 0.024578363 
614 153 17 19 0.02418561 
161 94 41 47 0.023929425 
805 7 15 16 0.023764137 
54 69 12 15 0.023697259 
379 6 27 29 0.023599338 
851 3 13 14 0.02356449 
183 12 15 17 0.023383884 
127 69 11 12 0.02326523 
12 133 26 29 0.023184184 
85 115 16 19 0.022819929 
434 125 15 19 0.022763478 
943 300 11 15 0.022740604 
55 59 15 16 0.02268366 
999 144 13 18 0.022518408 
930 227 10 13 0.022247445 
728 99 12 16 0.022186872 
348 174 42 50 0.022093356 
176 62 10 15 0.02186222 
752 75 21 25 0.021765674 
922 157 9 12 0.02153153 
390 80 30 36 0.02147336 
876 105 11 14 0.021454448 
794 184 17 20 0.02145158 
1 134 10 16 0.021337995 
222 110 13 17 0.021118367 
883 110 10 14 0.021109924 
400 70 38 52 0.021005424 
749 133 22 29 0.020996852 
287 1 11 10 0.020905897 
98 144 14 17 0.020773057 
739 78 12 15 0.020697884 
226 114 29 36 0.020626964 
738 184 17 21 0.020101614 
