0_Parade_marchingband_1_104
87
316 253 33 37 0.9982533 
451 263 25 30 0.98977774 
126 253 14 17 0.96512234 
35 252 12 16 0.92985564 
238 245 15 19 0.9252301 
737 230 16 21 0.8696052 
834 227 14 17 0.83778167 
967 231 9 10 0.76579064 
408 242 12 15 0.61401683 
1005 220 15 21 0.6073421 
284 235 11 13 0.5672702 
150 243 11 14 0.52408594 
578 251 15 23 0.5145651 
84 279 11 13 0.49303335 
102 240 10 13 0.48907825 
601 229 10 12 0.48572907 
69 245 9 13 0.4794375 
912 236 12 14 0.4047069 
23 239 9 12 0.3781886 
354 236 10 13 0.37431216 
340 228 10 12 0.29327577 
56 260 9 12 0.25806263 
502 227 9 11 0.23107862 
265 237 8 12 0.19142309 
8 269 10 12 0.10473113 
545 246 8 11 0.09796796 
717 232 15 19 0.09141237 
857 237 10 12 0.08603811 
942 235 10 12 0.08265308 
177 240 8 11 0.08124811 
949 231 8 11 0.07449949 
233 246 13 15 0.07390228 
906 221 9 11 0.07036795 
215 246 8 11 0.06742429 
53 280 9 11 0.06557276 
549 243 9 13 0.062047236 
182 240 8 9 0.053620394 
459 246 12 14 0.050471187 
415 253 11 13 0.04906784 
420 254 10 13 0.047486626 
61 254 10 13 0.047485486 
960 246 9 12 0.046506982 
888 232 8 11 0.043927744 
193 244 9 12 0.04262289 
605 225 9 12 0.042006426 
931 247 25 34 0.040310256 
724 230 19 24 0.04011034 
37 294 8 11 0.039997194 
824 228 12 15 0.03822876 
351 241 13 17 0.037655562 
587 306 14 23 0.036873475 
914 240 13 15 0.03682578 
941 245 12 16 0.032798424 
836 275 15 18 0.03256205 
936 232 9 12 0.03244015 
872 237 11 12 0.031715803 
813 223 9 15 0.031087844 
618 230 8 10 0.030595608 
240 286 8 11 0.030299501 
758 202 15 16 0.02990842 
378 378 20 22 0.029856073 
895 236 8 11 0.028329901 
383 269 10 12 0.028227042 
139 279 12 15 0.027316155 
254 233 8 11 0.027009545 
98 242 10 14 0.026989583 
249 233 10 12 0.026621846 
862 231 9 11 0.02646102 
229 268 9 12 0.026117804 
50 284 9 11 0.025420196 
271 233 8 11 0.025184518 
828 208 10 12 0.024860563 
750 196 13 15 0.024819179 
223 245 9 12 0.024647119 
179 243 11 13 0.023725042 
110 254 9 11 0.023441695 
450 253 23 26 0.022897573 
107 244 10 13 0.02248393 
871 232 9 10 0.022167271 
1010 214 14 21 0.021917643 
880 232 9 12 0.021871319 
915 232 12 14 0.021856105 
975 246 11 13 0.021688664 
701 246 13 16 0.021497637 
642 430 78 58 0.021390587 
845 244 11 13 0.020897305 
224 240 9 11 0.020253677 
