0_Parade_Parade_0_353
91
494 239 25 34 0.9892511 
390 260 20 26 0.9502404 
885 248 15 19 0.9430326 
836 264 21 25 0.92756945 
327 294 30 37 0.8931914 
604 237 38 41 0.8534546 
693 248 13 16 0.8486827 
289 288 12 16 0.7291965 
253 287 13 15 0.69666696 
34 339 14 20 0.6812361 
260 302 13 17 0.6148708 
203 301 14 19 0.5235099 
780 270 13 16 0.45496437 
455 283 10 12 0.43116862 
103 247 11 13 0.28718382 
315 266 13 14 0.28674063 
184 299 13 14 0.2710539 
430 281 8 10 0.24267061 
156 373 10 13 0.24057683 
798 257 10 13 0.2150457 
148 306 13 16 0.18579374 
187 316 13 15 0.14832109 
853 250 16 18 0.14299887 
136 275 10 13 0.135269 
0 365 8 12 0.13393673 
81 313 17 21 0.12310882 
742 253 19 28 0.111586004 
377 285 14 17 0.10828259 
925 245 9 11 0.106743135 
257 290 16 18 0.100713566 
302 307 15 17 0.097331986 
719 251 13 17 0.09559196 
6 374 8 10 0.088952936 
314 272 17 23 0.08448887 
152 389 10 12 0.07099636 
661 219 18 20 0.0683231 
935 249 10 11 0.06678474 
79 320 12 16 0.06362789 
70 367 10 13 0.06311963 
41 339 14 18 0.05645701 
207 300 18 23 0.055362094 
30 334 13 19 0.054745253 
986 258 7 9 0.052928634 
809 260 10 13 0.05285084 
6 367 9 11 0.052333657 
29 312 9 11 0.050248828 
984 260 7 10 0.049252708 
175 299 11 13 0.048111115 
204 310 14 18 0.04621422 
739 263 22 33 0.044409044 
133 318 9 11 0.04199047 
260 309 17 22 0.041891385 
730 252 20 27 0.04101746 
721 251 20 26 0.04000377 
243 306 12 16 0.039254896 
834 290 13 15 0.038956713 
157 388 11 14 0.03811506 
927 238 10 13 0.036975298 
218 304 15 18 0.036417536 
990 257 6 9 0.03413259 
664 247 12 15 0.03373378 
324 296 21 25 0.031381615 
904 238 12 16 0.030231893 
70 322 13 15 0.03013512 
942 248 8 10 0.029875774 
229 306 12 15 0.029371973 
830 284 13 16 0.028928183 
829 274 15 18 0.028732583 
711 250 12 17 0.02849348 
846 255 21 25 0.028316999 
790 256 18 22 0.027417924 
748 263 24 27 0.027181458 
760 263 24 28 0.026740018 
446 269 9 11 0.026649749 
733 279 22 29 0.02509745 
440 324 11 13 0.02507625 
266 300 13 16 0.024928624 
15 385 7 10 0.024911975 
288 337 25 30 0.024858903 
321 306 28 34 0.024649665 
183 309 12 15 0.024077721 
666 260 15 19 0.023522396 
932 231 12 15 0.023373902 
372 279 14 18 0.023022415 
788 275 13 17 0.021882175 
54 333 13 16 0.02143475 
668 268 15 17 0.02130289 
682 267 12 14 0.02077336 
165 390 10 12 0.020594442 
902 244 12 15 0.020279754 
196 314 14 17 0.02009737 
