0_Parade_marchingband_1_20
94
542 359 36 41 0.9969291 
254 370 30 36 0.9942188 
29 403 27 34 0.9929865 
81 391 23 27 0.9892051 
627 393 21 23 0.9673109 
465 355 25 29 0.96117383 
386 368 15 18 0.93511194 
587 369 19 21 0.9240786 
729 346 17 20 0.9234593 
853 264 45 58 0.8309175 
334 379 17 21 0.8298105 
128 377 12 15 0.8108972 
679 357 14 18 0.7887272 
233 375 18 22 0.78094375 
448 349 16 20 0.68578 
803 357 14 17 0.6755116 
777 362 10 13 0.4759023 
302 268 12 15 0.30996016 
708 381 12 14 0.25898427 
617 371 16 20 0.23515001 
366 394 15 19 0.20065708 
84 368 15 19 0.18271679 
370 388 15 20 0.14738452 
309 275 10 13 0.14537676 
782 391 11 13 0.12302381 
777 344 10 13 0.1228542 
820 314 10 14 0.11179328 
813 407 10 13 0.09782459 
661 387 14 15 0.07595984 
725 417 13 16 0.07312885 
284 268 9 11 0.072266065 
90 370 16 19 0.06976826 
697 366 10 14 0.06939259 
659 371 13 17 0.06848627 
492 372 17 21 0.0670646 
417 396 18 20 0.0592135 
389 355 14 17 0.058539093 
227 312 10 12 0.058516823 
619 352 16 19 0.057877276 
794 374 8 11 0.057299342 
647 434 15 19 0.055467326 
454 347 25 27 0.04830204 
459 330 11 14 0.046035554 
407 379 14 15 0.045476917 
237 355 16 19 0.043935534 
628 348 15 18 0.04341039 
365 331 10 12 0.04281484 
683 350 13 16 0.041726995 
641 375 15 18 0.04100197 
758 352 8 11 0.04065788 
44 375 18 22 0.038651858 
478 363 27 31 0.037881132 
228 345 13 16 0.037764445 
624 379 20 26 0.037610203 
655 367 10 14 0.03549146 
236 346 15 19 0.031703647 
260 310 9 11 0.030943166 
610 374 20 27 0.03069834 
777 407 9 12 0.030500015 
733 361 14 16 0.030459322 
236 300 9 11 0.029573288 
734 330 12 15 0.029554918 
740 333 11 14 0.028313523 
767 360 9 12 0.028281432 
738 341 13 17 0.028266346 
281 265 8 11 0.027161267 
628 373 15 18 0.02521148 
674 429 13 16 0.024855126 
281 284 11 15 0.024488743 
717 362 10 13 0.024409028 
636 348 11 15 0.024182113 
379 393 11 16 0.023919636 
719 414 14 16 0.023439988 
393 363 13 17 0.023049448 
667 374 12 16 0.022685384 
366 382 15 19 0.022493264 
374 348 13 15 0.022179345 
326 369 19 26 0.022154542 
603 332 16 20 0.022026071 
799 343 24 29 0.021694422 
767 382 10 13 0.021550246 
431 221 15 18 0.02143221 
775 372 10 13 0.021417229 
631 376 21 25 0.021391524 
237 332 10 12 0.021356376 
380 350 13 16 0.021174587 
555 323 28 33 0.021037916 
660 394 13 16 0.020913685 
606 331 25 30 0.020876404 
782 373 9 11 0.020834357 
799 349 15 18 0.020806024 
821 384 10 12 0.020778026 
792 368 9 11 0.020624228 
694 356 10 13 0.020499552 
