0_Parade_marchingband_1_768
104
821 617 35 44 0.9869921 
676 637 32 38 0.97188187 
462 612 20 27 0.9643303 
982 638 35 41 0.89763683 
910 651 32 33 0.875025 
532 614 20 22 0.85801405 
500 635 11 14 0.854633 
783 621 13 17 0.7445833 
641 638 11 14 0.6550044 
278 211 40 42 0.6341722 
404 627 10 13 0.56824523 
608 629 11 15 0.5232023 
711 620 13 16 0.23186138 
299 649 12 15 0.19732945 
60 633 17 20 0.15310952 
548 617 14 21 0.10544331 
679 550 7 10 0.09257322 
554 626 13 19 0.085484 
623 543 9 11 0.08517654 
500 582 10 13 0.07987924 
559 528 7 9 0.073065646 
374 637 10 12 0.07138192 
30 519 9 11 0.06303637 
4 626 13 20 0.057671674 
669 573 8 11 0.054753136 
674 551 7 9 0.05329193 
849 519 7 9 0.0485528 
661 595 9 13 0.048385665 
56 540 9 11 0.048200343 
478 535 7 8 0.04803097 
368 542 9 12 0.04628685 
367 626 12 14 0.0457424 
73 559 9 11 0.04433865 
381 652 12 15 0.042817034 
491 544 7 9 0.04182252 
570 544 8 9 0.041250467 
678 510 7 9 0.04117447 
574 542 7 10 0.04116911 
502 565 8 10 0.04021719 
631 581 9 11 0.03857344 
608 576 8 9 0.038128022 
608 550 7 9 0.037658084 
393 628 9 12 0.03762358 
607 565 8 10 0.03751876 
896 548 10 12 0.03719929 
649 533 7 9 0.036974836 
589 574 8 10 0.036672782 
409 533 7 9 0.033720203 
372 619 11 14 0.03362304 
368 636 12 14 0.032135513 
310 552 9 12 0.030285632 
598 584 8 10 0.029791543 
706 566 8 10 0.028071366 
22 622 11 14 0.027911438 
400 542 7 8 0.027842563 
544 545 8 10 0.027557744 
863 517 7 10 0.0274557 
830 529 9 11 0.027191503 
553 565 9 11 0.026562974 
110 605 10 12 0.02613704 
366 519 7 10 0.025972698 
656 596 11 14 0.025437212 
806 541 7 10 0.025287988 
607 525 8 9 0.024574013 
2 605 7 11 0.024282886 
6 605 8 11 0.024048325 
518 566 8 10 0.023746016 
793 536 7 9 0.023712808 
518 510 7 9 0.02364489 
535 534 7 9 0.023619628 
306 582 9 12 0.023591427 
607 559 8 12 0.023554156 
705 534 7 9 0.023539836 
135 559 12 14 0.023365738 
408 526 10 12 0.02328069 
782 510 6 9 0.022945046 
514 511 7 8 0.022736385 
487 566 8 10 0.022720318 
513 565 8 10 0.022593033 
474 533 6 9 0.022546874 
496 603 11 14 0.022506787 
570 536 6 9 0.022414478 
371 629 13 15 0.022329396 
905 526 8 10 0.022130761 
618 543 8 10 0.022101583 
769 561 8 10 0.022063786 
615 576 8 9 0.022048853 
437 521 7 9 0.021897683 
759 503 7 9 0.021511706 
609 520 8 10 0.021420412 
680 545 8 11 0.021364441 
514 519 7 9 0.021360219 
397 580 8 11 0.021207081 
553 661 26 25 0.02115193 
640 528 7 9 0.02106144 
554 527 8 10 0.020857506 
488 517 7 10 0.02084967 
609 544 7 9 0.020764397 
529 543 7 10 0.020606188 
585 598 12 16 0.020539528 
566 528 7 9 0.020433811 
529 496 7 9 0.020400653 
552 488 6 8 0.0202719 
703 599 9 12 0.020035459 
