0_Parade_Parade_0_266
285
954 338 25 31 0.99269426 
29 419 13 17 0.93675655 
865 573 21 36 0.6675577 
164 335 12 15 0.63065577 
907 440 25 26 0.5164488 
994 324 17 21 0.42516556 
72 362 11 15 0.4086725 
636 397 89 86 0.39151144 
128 406 10 14 0.38805684 
209 327 10 12 0.38055077 
68 331 12 14 0.3063081 
451 411 16 19 0.30014545 
675 382 63 77 0.2865049 
702 370 49 76 0.28309914 
765 318 8 10 0.2817286 
28 334 10 13 0.2747579 
902 358 8 11 0.27412271 
895 372 8 11 0.24831317 
781 311 8 11 0.23741718 
934 342 12 15 0.22999804 
79 435 12 14 0.22334756 
152 399 9 12 0.21849354 
7 331 9 12 0.21317291 
460 292 13 18 0.2037512 
125 328 12 14 0.20183168 
93 342 10 14 0.20129718 
874 344 7 9 0.18188483 
88 324 8 11 0.18152922 
47 335 13 16 0.17336702 
29 450 13 16 0.16257519 
914 486 16 24 0.15502979 
953 308 8 11 0.15227424 
841 320 7 9 0.14736101 
863 320 8 9 0.14623952 
793 352 6 9 0.14576808 
263 436 10 12 0.14483161 
14 333 8 11 0.14365858 
922 521 14 16 0.13918737 
231 439 9 12 0.13580243 
152 317 8 11 0.13383648 
856 573 20 32 0.13186193 
839 360 7 8 0.12604533 
225 339 11 13 0.12569135 
491 371 22 27 0.12147876 
228 336 10 12 0.12097357 
141 339 11 14 0.12066305 
902 329 8 10 0.11794307 
957 308 8 11 0.10817731 
777 326 7 9 0.10795544 
2 326 10 15 0.10713505 
145 418 12 14 0.10473167 
24 449 12 15 0.10224582 
244 436 10 12 0.10117459 
225 317 10 12 0.098079 
70 446 8 11 0.096732184 
216 384 8 11 0.09546412 
158 316 8 11 0.08775612 
838 367 7 9 0.08716354 
799 326 7 9 0.08627317 
1004 421 16 25 0.08084041 
814 318 7 9 0.08064499 
809 318 7 9 0.080476485 
110 317 9 11 0.076759495 
180 327 10 13 0.07333293 
116 344 12 16 0.07291101 
898 331 8 10 0.0727275 
92 335 11 14 0.070919186 
904 311 7 9 0.07032263 
896 311 7 10 0.0697912 
793 326 8 9 0.06931002 
217 462 9 11 0.06842541 
6 439 9 14 0.06842403 
176 332 11 14 0.06809278 
232 422 8 10 0.066708736 
78 342 9 13 0.066355936 
968 308 9 11 0.0658354 
191 348 9 11 0.06478074 
872 319 7 9 0.064046934 
877 343 8 10 0.0637124 
120 330 13 16 0.063181706 
918 303 7 9 0.061737068 
134 327 11 14 0.06018003 
885 390 9 12 0.05918696 
901 365 9 12 0.0581645 
277 337 7 10 0.057214726 
781 315 9 12 0.057012994 
858 318 7 9 0.05674408 
880 375 8 11 0.05671918 
31 317 9 11 0.056635734 
45 421 10 13 0.05651184 
13 427 9 12 0.055878907 
932 336 11 13 0.05567484 
367 356 19 24 0.055606782 
776 359 6 8 0.054282904 
798 341 7 9 0.052031636 
174 418 10 13 0.05181869 
890 366 8 11 0.05175588 
192 343 10 12 0.051198497 
263 352 9 13 0.050784264 
198 342 10 12 0.050613105 
877 360 8 10 0.050413907 
888 319 7 9 0.05039497 
1 485 8 11 0.049866263 
304 334 10 11 0.048832186 
857 312 6 8 0.0487369 
95 459 11 14 0.04870769 
857 359 7 11 0.0477111 
566 326 8 9 0.04719036 
7 428 9 13 0.04634491 
32 311 9 12 0.046132047 
80 476 10 14 0.045788024 
824 318 7 8 0.04574069 
831 328 8 10 0.0457297 
912 310 7 10 0.044160713 
846 319 7 9 0.0439048 
167 419 11 13 0.043426886 
119 437 11 14 0.042696565 
865 305 6 8 0.042347617 
944 319 9 12 0.042118013 
938 346 11 15 0.041881412 
205 286 8 12 0.04184459 
864 325 7 8 0.041660544 
848 352 6 9 0.040924944 
934 301 7 10 0.04066688 
72 339 11 14 0.04066118 
830 334 8 9 0.04054773 
223 311 9 12 0.04007815 
141 327 10 13 0.03993668 
76 333 9 13 0.039841183 
826 329 7 9 0.039762918 
100 452 11 13 0.039427385 
889 373 9 12 0.039068766 
205 453 9 12 0.03886736 
502 316 8 11 0.038832135 
279 358 9 10 0.03789326 
38 414 11 15 0.037861466 
867 534 15 20 0.037032075 
777 377 7 9 0.036675617 
91 326 10 11 0.036593553 
865 350 6 9 0.036409874 
997 334 14 18 0.036164254 
929 301 8 10 0.036108494 
879 319 7 9 0.036097758 
784 360 6 8 0.03591534 
890 312 7 9 0.035297137 
525 350 9 13 0.035131395 
0 317 9 15 0.03505496 
904 444 15 19 0.03498375 
503 311 9 12 0.034956817 
217 447 8 11 0.034852486 
873 312 7 9 0.03474254 
909 357 9 11 0.03466001 
201 440 7 10 0.03464499 
47 427 10 14 0.034537006 
993 309 10 13 0.034492914 
509 407 19 22 0.03445619 
182 446 11 13 0.03431955 
72 438 10 15 0.034313202 
15 446 9 13 0.03426937 
839 325 8 9 0.033920113 
982 316 11 13 0.0337204 
0 426 9 14 0.033684596 
467 292 12 17 0.033391032 
912 319 7 9 0.03317234 
145 399 10 13 0.032949295 
816 343 6 8 0.032939028 
112 423 9 12 0.032697134 
878 365 8 10 0.03251505 
760 367 8 10 0.032198142 
794 336 7 9 0.032133512 
854 579 13 23 0.031889755 
777 381 8 10 0.031213816 
101 446 13 14 0.031203007 
815 365 8 11 0.031130185 
229 350 12 15 0.030901946 
823 366 7 9 0.030619241 
217 309 8 11 0.030517159 
794 343 7 10 0.030033136 
225 429 7 9 0.029986907 
831 305 6 9 0.02977414 
919 309 7 9 0.029721593 
782 326 7 9 0.029674064 
116 430 10 13 0.02913524 
761 358 8 10 0.028583024 
889 344 7 10 0.02811773 
96 396 9 12 0.027954884 
921 442 16 19 0.027822198 
450 322 16 19 0.027709965 
792 320 7 10 0.027619787 
77 440 12 15 0.027615445 
189 356 10 12 0.027523123 
792 356 7 9 0.027511217 
191 208 11 15 0.027465748 
112 433 10 16 0.027296066 
419 289 20 26 0.027285947 
809 366 8 10 0.027240062 
124 339 12 16 0.027110714 
189 446 9 11 0.026987005 
205 338 11 14 0.026846137 
561 326 8 10 0.02676407 
864 310 7 9 0.026652852 
825 312 7 9 0.026652697 
1004 342 12 13 0.026505882 
230 229 9 11 0.026346436 
208 270 8 10 0.026294693 
117 403 12 16 0.026272848 
198 213 8 11 0.026108852 
246 453 9 11 0.026056679 
887 326 7 9 0.026054392 
895 316 8 11 0.025887486 
24 316 9 11 0.025788842 
33 350 10 13 0.025740843 
832 344 6 8 0.025706414 
257 424 8 10 0.025421895 
123 373 11 13 0.025231568 
90 346 10 14 0.025138436 
861 359 8 11 0.025071658 
103 437 11 13 0.024878718 
145 316 10 13 0.024844581 
944 309 8 11 0.024761643 
954 520 17 23 0.024621263 
91 406 11 14 0.024359336 
258 355 9 12 0.024325319 
522 313 7 9 0.024089545 
0 459 10 14 0.024073534 
73 348 10 11 0.023823714 
64 328 12 15 0.02378739 
277 325 8 10 0.023771843 
768 358 7 9 0.023742465 
81 325 8 12 0.023493908 
94 318 8 11 0.02348046 
166 328 11 14 0.023417871 
880 327 7 8 0.02337932 
105 326 9 12 0.023266379 
832 320 7 8 0.023060767 
838 373 7 9 0.023030752 
167 428 11 15 0.022898844 
901 371 10 13 0.022874549 
97 311 8 11 0.022809489 
46 285 9 11 0.022744015 
208 221 10 12 0.02263363 
110 324 10 12 0.022617621 
105 317 9 11 0.022481441 
36 356 10 14 0.022476176 
101 341 10 14 0.022421781 
878 336 7 10 0.022377564 
958 526 24 27 0.022375448 
831 310 6 9 0.022349622 
217 452 9 13 0.022164773 
285 365 9 12 0.02189958 
230 323 10 12 0.021865979 
117 424 10 12 0.021864269 
841 343 6 8 0.021814965 
30 326 9 12 0.021700548 
914 303 8 9 0.021693593 
238 389 8 11 0.021668872 
817 336 6 8 0.02164968 
281 447 9 11 0.02162665 
783 305 7 9 0.021558039 
148 333 11 15 0.021534374 
933 319 9 11 0.021480575 
46 345 13 16 0.021247273 
217 302 9 12 0.021168608 
844 605 11 12 0.021161588 
467 345 15 19 0.021038258 
874 364 8 10 0.02100378 
497 333 9 13 0.020975636 
826 304 7 9 0.02095244 
230 430 8 10 0.020912765 
224 322 10 12 0.020893121 
897 351 8 10 0.020884197 
871 349 7 9 0.020814894 
933 324 9 12 0.02081447 
930 366 9 11 0.020789292 
807 326 7 9 0.020750035 
895 344 7 10 0.020722322 
238 399 8 10 0.020641893 
910 326 7 10 0.020522967 
241 454 9 11 0.020480193 
204 470 10 13 0.020478131 
1009 311 10 13 0.02041227 
249 318 9 12 0.02023445 
822 361 8 9 0.02022019 
82 320 8 10 0.020198258 
874 336 7 10 0.02009062 
