0_Parade_marchingband_1_267
111
165 247 33 37 0.99824643 
466 223 32 36 0.99815243 
354 236 26 33 0.9974541 
315 223 25 33 0.99566585 
424 203 25 31 0.9937734 
584 226 26 32 0.9937185 
509 235 27 30 0.9924043 
-1 218 28 47 0.9887683 
564 138 16 19 0.9863217 
926 146 14 18 0.9860563 
505 195 22 26 0.9697104 
549 179 21 26 0.9600812 
582 180 20 25 0.9594033 
647 156 14 17 0.95638436 
804 139 16 19 0.9484048 
713 164 16 21 0.89641386 
736 146 12 16 0.880039 
709 188 16 23 0.85710573 
675 199 16 21 0.8393079 
624 174 16 21 0.8347961 
846 132 10 13 0.8317058 
680 145 14 16 0.78830594 
763 155 13 14 0.7744168 
589 142 13 16 0.7668704 
654 195 18 23 0.7555035 
832 146 13 15 0.7345168 
703 149 12 15 0.63525856 
476 197 21 26 0.6161257 
633 148 11 14 0.46931368 
898 123 8 11 0.37173402 
509 112 8 11 0.33218822 
664 151 10 14 0.25244153 
406 117 8 11 0.22505632 
690 163 13 15 0.21788645 
978 87 7 9 0.20809445 
935 103 7 9 0.20637499 
877 125 9 11 0.19600284 
970 108 8 11 0.18479669 
775 151 11 13 0.1721802 
985 144 9 12 0.11457578 
991 143 9 12 0.113154136 
789 139 9 13 0.11129423 
880 120 9 11 0.10268932 
614 107 11 13 0.09889061 
964 133 12 14 0.094409086 
772 154 11 13 0.09009925 
622 109 9 11 0.08897499 
853 134 9 12 0.07904032 
974 151 11 15 0.07586425 
549 150 13 15 0.07056104 
666 195 18 25 0.070383996 
605 209 20 27 0.0679122 
437 110 9 12 0.06551229 
607 205 14 18 0.06200299 
710 179 15 20 0.060135413 
912 123 10 13 0.059072062 
999 108 8 11 0.058789022 
798 173 11 12 0.057658467 
916 118 10 13 0.05665542 
597 162 14 15 0.055634975 
651 151 15 18 0.053035546 
951 97 8 10 0.051047456 
604 158 12 15 0.05051484 
583 94 9 11 0.049834713 
616 157 11 13 0.048217278 
380 247 20 28 0.045414235 
693 158 12 15 0.045116227 
984 103 8 10 0.041986283 
489 103 8 10 0.04189874 
637 110 9 10 0.039460428 
785 136 10 14 0.037800632 
668 149 10 13 0.037463084 
695 148 11 13 0.03738215 
983 109 8 11 0.03680074 
722 164 14 18 0.036094695 
752 141 8 11 0.03418844 
605 194 14 17 0.033559956 
632 111 9 10 0.033288646 
953 101 7 10 0.032535624 
996 140 8 12 0.032104857 
558 112 9 12 0.03184649 
486 94 7 10 0.03160728 
494 108 8 11 0.031240707 
862 135 8 11 0.029583897 
527 141 10 12 0.02957734 
446 139 12 17 0.028848603 
790 157 12 14 0.028667524 
496 118 9 12 0.027731935 
670 102 8 9 0.027499545 
729 146 13 17 0.027254116 
961 23 8 10 0.026914831 
885 119 8 9 0.026777942 
491 227 34 43 0.026440365 
973 105 8 11 0.026170518 
1012 148 11 15 0.025876906 
922 76 8 10 0.025540365 
931 102 8 10 0.024812888 
940 134 11 14 0.024692545 
1013 142 10 13 0.023701264 
521 104 7 10 0.022905469 
616 133 10 13 0.022391314 
695 103 8 10 0.022356384 
881 81 9 10 0.022294 
708 156 14 17 0.022127595 
610 108 9 11 0.022053717 
615 127 9 13 0.021990392 
687 156 12 15 0.020813935 
480 222 24 31 0.020509336 
296 222 20 28 0.020332323 
975 142 10 13 0.020258853 
732 164 13 18 0.0202539 
