0_Parade_marchingband_1_78
1116
752 596 9 13 0.84666145 
679 251 9 12 0.8117234 
855 496 8 11 0.7798003 
860 595 10 13 0.77224886 
976 568 7 10 0.7701717 
656 359 7 10 0.69513696 
697 468 11 14 0.67934304 
425 174 7 9 0.6435506 
710 484 9 12 0.56672937 
993 311 8 11 0.55336833 
640 10 7 8 0.5408284 
465 143 6 8 0.5332689 
626 112 7 9 0.5265506 
908 571 9 12 0.5211058 
804 613 8 11 0.50594133 
647 479 9 11 0.4778304 
588 342 7 10 0.4770818 
525 37 7 10 0.47463316 
272 62 6 9 0.46153274 
913 30 11 12 0.43933558 
241 145 7 8 0.42277017 
967 90 7 9 0.41901928 
496 160 7 9 0.38380104 
664 14 7 9 0.36049166 
510 129 7 8 0.35123116 
698 592 12 17 0.34213823 
976 110 7 9 0.34152117 
567 254 8 10 0.32814285 
749 14 8 10 0.32657972 
831 231 8 10 0.32227445 
573 122 7 8 0.32165673 
329 293 10 13 0.317209 
724 134 7 10 0.3102665 
783 69 8 11 0.30927455 
442 125 7 10 0.30589625 
741 94 8 10 0.2841368 
809 151 7 8 0.27910155 
1003 142 6 9 0.27861744 
488 134 7 9 0.27715513 
13 243 9 12 0.2769231 
974 153 7 10 0.27284837 
720 12 7 9 0.26970908 
641 153 7 8 0.26752138 
940 104 8 9 0.26638398 
847 120 8 10 0.25419778 
829 584 9 12 0.25263888 
864 96 8 11 0.2506982 
392 160 8 9 0.2479688 
293 166 8 11 0.24688758 
903 598 12 15 0.24529749 
680 92 7 10 0.24446261 
590 464 9 11 0.2432939 
248 268 10 13 0.24320112 
783 31 10 12 0.23844317 
263 136 7 9 0.23164813 
128 342 11 14 0.22502558 
327 151 7 9 0.22340539 
168 119 7 10 0.22208318 
538 470 8 10 0.2215022 
918 303 10 13 0.22036286 
825 588 9 14 0.21898143 
399 192 8 10 0.21655916 
896 202 7 8 0.21445155 
962 189 7 9 0.2127108 
813 120 7 9 0.21248569 
162 206 9 11 0.2120263 
410 213 7 9 0.21069899 
264 170 7 8 0.2083035 
872 332 8 10 0.2072122 
583 201 6 8 0.2061366 
190 192 7 9 0.20399979 
903 103 8 9 0.19980551 
344 150 7 9 0.19974108 
434 149 6 9 0.19544746 
910 125 8 9 0.19219083 
383 106 8 9 0.19200513 
849 76 9 12 0.19107106 
562 38 7 10 0.19051263 
368 52 8 11 0.19017486 
531 127 7 9 0.18903857 
1010 168 7 10 0.18876666 
743 112 9 11 0.18808095 
561 94 7 9 0.18750572 
1012 528 9 12 0.18562232 
880 157 7 10 0.18320873 
451 142 7 9 0.18061283 
914 305 9 11 0.17989856 
490 111 6 8 0.17867899 
716 29 9 11 0.17813016 
671 479 9 11 0.17279743 
327 119 6 8 0.1688362 
503 319 7 9 0.16547325 
370 374 8 10 0.16507061 
199 261 8 10 0.16343069 
605 9 7 9 0.16333495 
862 44 10 12 0.16004486 
615 111 8 11 0.15862034 
402 134 7 9 0.15792742 
464 447 8 10 0.1578213 
432 413 8 10 0.15777175 
925 308 9 11 0.15444513 
111 236 9 11 0.15255915 
978 629 13 19 0.14520971 
253 92 8 10 0.14499687 
765 380 8 11 0.14353204 
559 134 6 9 0.14287928 
433 56 6 8 0.14199266 
547 206 7 9 0.14195631 
517 325 7 10 0.1388942 
944 303 7 9 0.13861473 
721 284 8 11 0.1364962 
786 93 8 10 0.1363939 
879 134 8 10 0.13465555 
602 112 6 8 0.1346047 
513 214 6 9 0.13341562 
466 190 7 9 0.13278335 
841 152 6 8 0.13238372 
270 207 7 9 0.13214593 
269 77 8 11 0.13193223 
692 9 6 8 0.12957488 
909 54 7 10 0.12611857 
848 151 7 9 0.12560399 
789 31 9 11 0.12530123 
265 173 8 10 0.12492084 
200 161 8 10 0.12457593 
391 135 7 9 0.12412433 
43 438 13 17 0.1230681 
544 154 6 9 0.120302394 
286 198 7 9 0.12019391 
818 398 7 9 0.1186639 
463 110 7 9 0.11825005 
322 184 8 9 0.11781669 
694 489 8 11 0.11708473 
766 142 7 9 0.116717085 
454 142 7 10 0.11654684 
585 23 6 8 0.116490796 
705 265 8 10 0.11547732 
801 198 7 9 0.1151666 
654 191 7 9 0.11500773 
600 207 7 8 0.11425051 
670 109 8 10 0.11392972 
138 245 7 10 0.113349885 
944 151 7 9 0.11241639 
810 183 6 8 0.11226303 
191 199 7 8 0.11190858 
406 134 6 9 0.11163298 
822 398 7 9 0.111326404 
594 145 8 10 0.11131807 
367 169 7 8 0.111189134 
745 30 9 12 0.109514855 
158 304 9 11 0.108993225 
602 167 7 8 0.10591956 
206 193 7 9 0.10567047 
853 400 8 10 0.105351396 
927 126 6 8 0.10513851 
778 176 6 8 0.10474785 
885 312 8 10 0.10471077 
839 232 8 10 0.10421448 
391 190 7 10 0.103624575 
313 167 7 9 0.10299981 
463 222 7 9 0.10285605 
822 106 8 9 0.10055376 
62 397 11 14 0.099797376 
176 94 9 12 0.09878861 
374 134 7 8 0.09866971 
575 206 7 9 0.09750336 
712 264 8 11 0.09749046 
1007 288 7 10 0.09687049 
717 264 9 11 0.095894955 
570 208 7 8 0.09525211 
321 325 9 12 0.09414903 
361 167 8 9 0.093782485 
472 197 6 9 0.093014434 
620 559 9 11 0.09173568 
470 80 7 9 0.091284856 
289 127 7 9 0.09124797 
667 316 9 11 0.09073844 
557 343 8 10 0.09007135 
898 325 8 10 0.08909736 
481 214 7 9 0.08763424 
507 127 7 9 0.08752016 
504 182 6 9 0.08742868 
303 161 7 9 0.08734886 
202 191 7 10 0.087155394 
962 88 7 9 0.08661289 
888 125 7 9 0.086371705 
313 160 7 9 0.08621934 
512 207 7 10 0.084961064 
574 124 7 10 0.084637344 
730 158 6 9 0.08379411 
302 259 11 14 0.08356268 
224 208 7 9 0.08322885 
1011 109 8 11 0.08279017 
518 53 7 10 0.08242888 
614 38 9 10 0.082398355 
887 423 7 10 0.08168804 
392 165 8 9 0.08165281 
458 169 7 9 0.08138515 
561 151 7 8 0.08138338 
186 190 7 9 0.08130578 
553 120 6 8 0.08123769 
970 152 8 10 0.0783009 
512 134 7 8 0.07829669 
296 161 8 11 0.077817865 
745 37 9 11 0.077571884 
200 213 7 9 0.076749526 
440 96 7 9 0.07660588 
239 149 7 9 0.076492555 
327 245 8 12 0.076414466 
681 110 8 11 0.076304905 
507 97 6 9 0.076068476 
601 118 6 8 0.07532965 
997 574 9 12 0.07502841 
963 271 7 9 0.07489975 
679 181 7 9 0.074553736 
874 193 7 10 0.07412046 
901 321 8 10 0.07408444 
370 136 7 8 0.07360841 
223 189 6 9 0.07351143 
424 128 7 9 0.07332867 
614 32 9 11 0.072866574 
168 287 9 11 0.07218977 
469 192 8 10 0.07201612 
183 241 7 9 0.07133577 
902 589 11 15 0.07075413 
472 86 6 9 0.070546426 
721 168 6 9 0.070209116 
552 217 7 9 0.070023045 
337 215 7 10 0.069996186 
989 604 16 20 0.06975927 
999 362 7 10 0.06968427 
1014 90 9 15 0.06939976 
466 79 7 9 0.06903165 
622 365 7 10 0.068686165 
457 223 7 8 0.06849735 
456 204 7 10 0.0672355 
912 85 7 10 0.066946745 
471 112 7 9 0.066826746 
218 200 6 8 0.06636831 
894 125 8 10 0.06613801 
449 89 7 8 0.066082105 
678 24 6 8 0.065609254 
386 136 6 8 0.065497436 
505 102 7 8 0.06548157 
942 170 7 9 0.065208726 
20 475 15 20 0.06495723 
936 343 7 9 0.06440121 
857 45 9 11 0.064308375 
384 144 7 8 0.064248 
725 281 8 10 0.06359513 
656 159 6 8 0.063526206 
616 152 7 9 0.06316911 
938 174 7 9 0.06302183 
246 181 8 10 0.062497724 
184 207 7 9 0.062073257 
496 164 7 9 0.061940216 
185 166 7 10 0.061692316 
838 34 9 13 0.061586015 
506 481 7 10 0.06135777 
845 186 8 10 0.061348997 
852 60 10 13 0.060991608 
207 197 6 9 0.06084508 
165 260 9 12 0.060764827 
881 209 8 10 0.060742702 
792 209 7 9 0.059812054 
690 14 6 9 0.059809197 
571 176 6 8 0.059638675 
367 143 7 8 0.05951263 
269 71 9 12 0.059446104 
874 158 7 10 0.05900328 
674 25 7 8 0.058804568 
400 225 7 9 0.058776714 
232 160 7 9 0.05873445 
542 353 8 9 0.058391366 
574 175 6 8 0.05831213 
494 111 7 9 0.057713807 
993 194 7 9 0.057462975 
842 262 7 9 0.057421695 
425 135 6 8 0.0568872 
583 205 7 9 0.05650348 
294 128 7 9 0.05633477 
841 255 8 10 0.056246735 
373 229 7 9 0.05572689 
455 94 7 8 0.05566817 
993 158 7 9 0.055480547 
215 154 7 8 0.05524917 
1003 126 7 9 0.055240363 
317 294 10 12 0.055173576 
605 229 7 9 0.05517205 
94 247 8 10 0.055043194 
519 48 8 10 0.05495532 
607 190 7 9 0.05495511 
903 151 8 9 0.05488547 
655 380 10 13 0.054711495 
617 365 8 10 0.054689113 
432 146 7 9 0.05461584 
641 206 7 9 0.05460398 
768 176 7 9 0.05445613 
387 189 7 10 0.054412402 
780 596 9 12 0.054377407 
753 215 7 9 0.054376993 
808 134 6 9 0.054289054 
418 161 6 8 0.05424732 
887 121 7 10 0.05422946 
721 174 7 9 0.053965475 
886 173 8 10 0.05383538 
463 168 7 9 0.053612098 
841 184 8 9 0.05350754 
650 191 7 9 0.053391155 
402 130 8 9 0.053151283 
258 168 7 8 0.052858226 
582 110 7 9 0.05282145 
881 128 7 9 0.052791152 
975 115 8 11 0.05252621 
345 177 7 9 0.05231602 
128 311 8 11 0.05222526 
776 47 8 10 0.0522102 
217 158 6 8 0.052097466 
737 173 7 9 0.052057207 
770 165 7 9 0.051803783 
218 191 7 9 0.051792774 
488 143 7 8 0.051520173 
429 173 7 10 0.051491346 
911 48 8 10 0.051220506 
913 35 10 13 0.05121575 
597 148 7 10 0.05117446 
449 223 7 9 0.050994307 
471 158 7 10 0.050935514 
633 159 6 8 0.05075006 
479 223 7 9 0.05013719 
346 87 7 10 0.050084867 
814 183 6 8 0.049917508 
416 151 6 8 0.049879562 
553 175 6 9 0.049786493 
842 189 7 10 0.049644597 
12 476 14 19 0.049627837 
953 127 7 9 0.04956208 
206 237 9 12 0.049468953 
999 212 9 12 0.049404435 
767 399 10 12 0.049323395 
135 36 9 11 0.04925749 
87 252 8 10 0.0492424 
592 176 7 9 0.048983328 
737 128 6 9 0.048846006 
650 199 6 9 0.048818152 
595 621 10 12 0.048779458 
175 237 7 9 0.048758622 
354 118 7 8 0.048662096 
858 39 9 11 0.048634477 
809 223 7 9 0.048512965 
463 231 7 9 0.04842597 
968 206 7 9 0.048327606 
989 128 8 11 0.0482977 
132 312 9 11 0.04829724 
801 392 8 10 0.048240002 
615 117 8 10 0.048216604 
313 45 8 10 0.04818062 
909 590 12 15 0.04779293 
843 120 7 10 0.04774784 
977 336 7 10 0.04773691 
326 114 7 9 0.047685932 
814 151 6 8 0.047666557 
570 214 6 9 0.047661513 
180 92 10 13 0.04747553 
567 93 6 9 0.047442053 
647 137 6 9 0.047209095 
646 152 6 9 0.047014143 
273 144 7 9 0.046957545 
512 79 7 9 0.046813626 
833 198 7 9 0.045957062 
625 17 7 8 0.045742314 
369 225 8 10 0.04552381 
902 71 8 11 0.04544534 
841 282 7 9 0.045332324 
566 259 10 11 0.04516647 
806 393 7 10 0.045159053 
172 288 9 11 0.045061007 
745 23 8 10 0.044996224 
760 198 7 9 0.044950474 
647 257 7 10 0.0448687 
690 37 7 10 0.04476681 
270 200 8 10 0.04469595 
249 159 7 9 0.044671133 
563 254 8 10 0.04462879 
952 345 8 9 0.044599503 
561 160 6 8 0.0445978 
194 255 8 10 0.044557404 
234 151 7 8 0.04455006 
462 174 7 8 0.044372495 
474 223 7 8 0.044332925 
689 375 7 9 0.04430218 
738 112 9 11 0.0442951 
554 127 6 8 0.044229098 
778 37 9 13 0.0441862 
606 167 6 9 0.04415109 
264 141 7 9 0.04406894 
585 230 8 10 0.043976776 
134 317 8 11 0.04397188 
898 217 7 9 0.043939315 
261 269 9 11 0.0439277 
729 120 7 9 0.043918606 
711 128 7 10 0.043725144 
361 136 7 9 0.04329877 
898 102 8 11 0.043286804 
936 263 6 8 0.043231964 
807 398 7 9 0.04320437 
664 22 7 9 0.043188453 
469 141 7 10 0.043083318 
703 120 7 9 0.043062594 
802 398 7 9 0.042837385 
911 207 7 9 0.04280709 
650 31 7 10 0.04272959 
176 100 8 11 0.04262149 
375 130 7 9 0.042581506 
579 201 7 9 0.04255416 
788 35 9 12 0.042521164 
239 192 6 8 0.042377714 
969 169 7 9 0.04237391 
564 550 9 12 0.042238474 
935 151 8 10 0.04219349 
634 500 10 14 0.04206299 
400 175 6 8 0.041977417 
603 13 7 10 0.041966848 
590 230 7 10 0.041960184 
578 110 7 9 0.04190452 
295 134 6 9 0.0417425 
352 261 8 10 0.041707642 
546 201 7 9 0.04161882 
282 198 8 10 0.0415705 
185 159 7 10 0.04148887 
432 191 7 9 0.041484337 
154 240 7 9 0.041445073 
720 215 7 8 0.04137732 
937 143 7 9 0.041290253 
878 193 7 10 0.04122922 
959 118 7 9 0.041181527 
544 182 6 8 0.041146528 
406 129 8 10 0.04108976 
234 184 6 9 0.040981185 
584 215 7 8 0.040972553 
390 185 8 9 0.04059978 
881 422 8 10 0.040574968 
344 181 7 9 0.04044953 
847 173 7 9 0.04043443 
369 37 8 10 0.04041188 
206 166 7 9 0.040271785 
510 481 7 10 0.04023928 
759 214 6 9 0.040177945 
486 216 7 8 0.03995992 
112 161 9 11 0.039945398 
759 209 7 8 0.039637376 
626 144 7 10 0.039510503 
334 334 10 12 0.039434887 
571 588 14 24 0.03922142 
561 556 11 14 0.039075725 
632 167 6 9 0.038984723 
244 143 7 9 0.038978625 
168 199 7 10 0.0389783 
874 166 8 9 0.038898353 
680 270 10 12 0.038817074 
982 103 8 11 0.03878357 
647 207 7 9 0.038703717 
852 56 9 11 0.03869233 
953 167 7 9 0.038631808 
323 118 7 9 0.038531985 
602 162 7 9 0.038523197 
977 106 8 10 0.038334787 
399 168 6 9 0.038329408 
831 120 7 9 0.03826784 
705 61 9 13 0.038257144 
806 304 8 9 0.038237438 
488 222 7 9 0.03823385 
322 151 8 9 0.038211003 
359 120 7 8 0.03816252 
464 207 8 9 0.03812389 
954 120 8 10 0.037909452 
561 234 8 10 0.03783256 
626 168 6 8 0.03779828 
945 135 7 9 0.037780583 
266 201 8 9 0.037770875 
408 104 7 8 0.03762926 
712 285 9 12 0.037520025 
529 55 8 10 0.03745158 
793 125 6 9 0.037435487 
247 305 12 17 0.037243582 
438 150 6 9 0.037213992 
602 23 6 9 0.03721303 
234 190 7 8 0.03719895 
549 200 7 9 0.037127584 
618 190 6 8 0.03712168 
673 30 7 9 0.03710888 
886 319 7 10 0.037012212 
497 153 7 9 0.03700322 
424 239 8 10 0.036990315 
734 185 7 8 0.036951836 
409 151 6 8 0.036864895 
309 254 10 14 0.036849055 
480 209 6 9 0.036818568 
674 169 6 7 0.03657833 
617 89 7 9 0.03644164 
711 490 10 12 0.03639484 
466 186 7 9 0.03639072 
852 71 10 13 0.03630818 
833 624 8 11 0.036305748 
439 175 7 9 0.036290016 
825 216 7 9 0.036266763 
962 151 6 9 0.036249314 
536 150 7 9 0.036236312 
704 134 8 9 0.03607113 
489 192 7 9 0.036062554 
830 224 8 11 0.036030732 
449 94 6 9 0.035919692 
537 166 6 9 0.035911717 
943 144 7 9 0.035905235 
623 89 7 9 0.035887387 
352 183 7 8 0.035825163 
217 255 8 10 0.035774115 
414 209 7 10 0.035732172 
905 49 8 10 0.035600357 
176 77 7 9 0.035553765 
56 389 10 12 0.035457794 
654 199 7 9 0.035440203 
680 168 5 8 0.035342988 
67 394 12 16 0.035338312 
832 192 7 9 0.035263382 
726 390 8 9 0.035235442 
167 143 8 12 0.035219144 
601 191 7 9 0.03519107 
71 225 9 11 0.035100948 
337 207 8 10 0.035091594 
685 109 8 11 0.03505948 
657 167 7 9 0.035058964 
351 79 7 9 0.035020344 
722 391 7 9 0.035011426 
458 232 7 9 0.034889042 
751 222 6 9 0.03488164 
566 150 7 9 0.034820165 
694 37 7 10 0.034809396 
902 216 7 10 0.03480065 
192 159 7 9 0.034753565 
408 168 7 8 0.034707364 
783 231 7 8 0.034689713 
789 89 9 12 0.03467158 
632 21 7 10 0.03463409 
834 176 6 8 0.03449877 
270 215 8 9 0.03448397 
513 143 7 9 0.03446683 
354 113 7 9 0.034375302 
725 299 10 13 0.03421799 
273 190 8 11 0.034190923 
664 80 7 9 0.03418353 
577 157 8 10 0.03416221 
368 119 7 8 0.0341614 
679 39 7 9 0.034089983 
288 193 7 10 0.033970423 
390 110 7 9 0.033965822 
560 143 7 9 0.03390947 
344 158 7 9 0.033845127 
131 344 12 15 0.033817153 
617 55 7 9 0.03381505 
376 159 6 9 0.03373985 
703 23 6 9 0.033727616 
897 221 6 9 0.03371261 
695 32 7 10 0.03371253 
697 184 6 8 0.033711426 
416 230 7 9 0.0336343 
710 55 8 9 0.033567827 
984 317 9 11 0.03355204 
295 173 7 10 0.033521175 
863 176 7 9 0.033451263 
714 24 9 12 0.033405133 
369 173 7 9 0.033390384 
488 231 8 9 0.033378053 
226 166 7 9 0.03337317 
362 142 7 8 0.033332538 
655 37 8 10 0.033294026 
224 160 6 9 0.033177815 
26 469 14 19 0.033176016 
654 32 7 10 0.033046354 
256 151 7 9 0.032929294 
352 176 7 9 0.03289477 
447 137 7 9 0.032835368 
415 127 7 9 0.032830633 
887 326 7 9 0.03281632 
215 262 8 10 0.032788713 
489 175 7 9 0.03277689 
537 216 7 9 0.03276924 
353 159 6 8 0.032767642 
49 441 13 18 0.032760005 
328 174 7 10 0.03258758 
735 40 8 10 0.03250304 
977 137 7 9 0.032399863 
584 39 7 10 0.032392666 
462 304 8 10 0.032360964 
335 167 7 9 0.03234072 
922 120 6 9 0.032317437 
846 264 8 9 0.032258365 
479 229 7 10 0.032228503 
802 174 7 9 0.032203082 
218 206 7 9 0.032192778 
704 47 7 9 0.03217463 
742 130 7 9 0.03210982 
638 261 9 11 0.032042284 
463 105 7 9 0.032041084 
440 215 7 10 0.03198737 
999 158 7 9 0.03195267 
848 200 7 9 0.031933155 
575 215 7 9 0.031914257 
235 146 7 9 0.031873453 
337 230 7 10 0.031803716 
914 173 7 10 0.031755287 
650 24 7 9 0.03171318 
665 184 5 7 0.03170934 
762 175 7 9 0.03162821 
481 79 7 9 0.031555694 
512 200 7 9 0.031513304 
872 118 6 9 0.031493504 
271 127 7 8 0.03146893 
717 37 8 11 0.03144328 
918 78 7 10 0.031421848 
767 193 6 9 0.031415127 
289 134 8 9 0.031407535 
888 170 7 9 0.031394027 
690 168 6 8 0.03136455 
782 43 10 12 0.03133135 
535 144 8 10 0.03130185 
681 177 6 9 0.031275906 
799 209 7 9 0.031172909 
731 184 6 8 0.031136451 
801 286 8 11 0.031085253 
690 487 8 11 0.031082094 
498 318 8 10 0.030975958 
880 213 7 9 0.0309144 
327 189 7 10 0.030912286 
738 201 6 8 0.0308372 
674 252 10 13 0.030792102 
479 174 6 9 0.030787695 
991 153 7 10 0.03076591 
660 359 8 11 0.030765392 
473 232 8 9 0.030731615 
674 183 6 8 0.0307085 
882 320 7 9 0.030697491 
459 110 6 9 0.030691046 
969 174 6 9 0.030687967 
742 134 7 8 0.030679643 
281 71 7 10 0.030666877 
859 494 9 12 0.03065383 
308 259 11 15 0.030634187 
129 316 9 12 0.030587254 
321 175 7 9 0.030553684 
608 112 7 9 0.030526007 
951 134 7 9 0.030465739 
546 178 5 7 0.030440355 
938 47 7 8 0.030432193 
511 190 6 8 0.030322302 
601 360 8 10 0.030279804 
544 215 7 8 0.030277638 
561 183 6 8 0.030127801 
874 223 7 10 0.03007887 
929 200 7 8 0.030071476 
991 133 7 9 0.029919788 
432 127 6 9 0.029906953 
640 156 6 9 0.029904278 
643 479 8 12 0.029887233 
570 127 7 9 0.029878948 
120 309 9 11 0.029816018 
416 225 7 9 0.02979794 
322 318 9 14 0.029783426 
535 47 8 9 0.029675087 
327 268 10 13 0.029659597 
906 121 8 11 0.029654596 
830 595 9 12 0.029598564 
296 206 9 10 0.029566746 
322 113 7 8 0.029541079 
832 544 9 11 0.029540518 
561 112 7 8 0.029535905 
654 501 9 12 0.029533548 
361 127 7 8 0.029489655 
727 128 7 10 0.029473132 
423 207 8 10 0.029388428 
576 184 6 9 0.029377168 
496 177 7 8 0.029356636 
826 223 8 9 0.02931382 
288 63 6 9 0.029304188 
417 102 7 9 0.029262833 
781 175 7 9 0.029260937 
677 486 8 11 0.029218867 
784 111 8 11 0.02920817 
640 245 9 12 0.029163655 
259 135 7 9 0.029162535 
807 176 8 9 0.029119415 
456 237 7 10 0.029111734 
201 79 9 10 0.029103652 
904 311 7 9 0.029101895 
633 190 6 8 0.029090313 
655 23 8 9 0.0290512 
936 157 7 9 0.029018035 
368 112 7 9 0.028984245 
422 103 7 9 0.02896657 
914 81 8 10 0.028911231 
815 239 7 9 0.028910534 
696 191 6 8 0.028908903 
591 160 7 9 0.028885536 
855 151 6 9 0.028836032 
510 73 7 9 0.028797058 
449 151 7 8 0.0287891 
559 129 7 8 0.028783878 
406 190 7 10 0.028759224 
59 392 12 14 0.028619032 
384 150 6 9 0.028616548 
1013 100 9 15 0.028581526 
749 20 9 11 0.028555619 
582 30 8 9 0.028537145 
705 55 8 11 0.028529108 
639 255 9 11 0.028514788 
618 185 7 8 0.028478187 
456 151 7 9 0.028470106 
545 47 6 9 0.028196448 
370 151 6 9 0.02819608 
778 232 6 9 0.028144306 
623 190 6 8 0.028129254 
441 101 7 10 0.028123986 
239 182 7 10 0.028083742 
1015 142 7 11 0.028071068 
903 200 7 10 0.02807029 
201 237 9 12 0.028063778 
169 193 7 8 0.028062431 
624 115 8 10 0.02805544 
270 169 7 9 0.028039405 
890 223 6 8 0.028014455 
735 117 8 10 0.027958421 
810 146 7 10 0.027878907 
321 310 9 13 0.027856454 
497 119 6 9 0.027793638 
879 326 8 11 0.027781015 
624 229 7 10 0.027778469 
170 237 7 9 0.027746443 
206 160 7 10 0.027744275 
918 73 7 9 0.027688203 
625 21 8 10 0.027662003 
754 209 7 9 0.027650269 
854 404 9 11 0.027616404 
240 176 8 9 0.027599126 
945 256 8 10 0.027589198 
281 215 7 10 0.027539922 
863 207 7 9 0.027517354 
464 217 7 9 0.02749349 
511 185 6 8 0.027487153 
496 192 6 9 0.027479062 
928 216 7 9 0.027459579 
918 169 7 9 0.027442768 
593 119 7 8 0.027425129 
623 185 6 9 0.027402783 
498 182 7 9 0.02734153 
905 137 7 8 0.027336992 
938 109 7 10 0.027327636 
834 182 6 9 0.027323771 
848 110 8 11 0.027313918 
545 104 7 9 0.02729058 
555 135 7 8 0.027240846 
904 142 7 9 0.02722918 
360 160 7 9 0.027203597 
328 157 8 10 0.027131863 
279 135 7 9 0.027090445 
690 159 6 8 0.027083434 
520 128 7 8 0.027031295 
473 215 7 9 0.027014904 
465 138 7 9 0.026981857 
430 239 7 9 0.026973084 
279 144 7 9 0.02695568 
665 105 9 11 0.02695478 
192 225 8 9 0.026816834 
937 296 7 9 0.026813658 
424 213 8 10 0.026774513 
311 173 7 9 0.026732234 
600 201 7 8 0.02669897 
545 40 7 9 0.026682613 
984 85 9 10 0.026628036 
633 15 7 10 0.026626132 
793 591 8 11 0.026546175 
1014 276 8 11 0.02653789 
904 97 7 10 0.026528614 
910 104 7 9 0.026516156 
655 206 8 9 0.026512304 
641 144 7 9 0.026494803 
713 47 7 10 0.026493961 
953 317 8 11 0.026491238 
227 212 7 10 0.026403839 
834 248 7 9 0.026399828 
776 103 6 9 0.026384246 
446 217 7 9 0.026304482 
434 93 7 9 0.026239507 
593 112 6 9 0.02622831 
606 143 7 9 0.02621044 
589 338 9 11 0.026148317 
685 268 9 12 0.026125586 
897 247 8 10 0.026118008 
456 159 7 9 0.026097588 
911 137 7 9 0.026079275 
882 175 8 10 0.026059536 
718 503 8 10 0.026049687 
442 134 7 9 0.025893217 
303 128 7 8 0.02587061 
761 223 6 9 0.025805727 
431 169 7 9 0.025795452 
806 198 6 10 0.025765834 
833 134 7 9 0.025733532 
328 125 7 9 0.025732283 
458 105 7 9 0.025694242 
840 175 7 9 0.025655212 
553 151 6 9 0.025589077 
865 151 6 8 0.025583655 
487 336 8 9 0.025575383 
535 134 7 8 0.025570843 
554 95 7 9 0.025533019 
896 603 10 13 0.0255307 
302 267 12 14 0.025480367 
22 364 8 10 0.025469469 
920 113 7 9 0.02546704 
913 71 8 10 0.025464566 
936 336 8 10 0.025460953 
471 238 7 9 0.025401833 
848 104 8 9 0.025392212 
182 88 9 12 0.025378857 
808 126 9 10 0.025378704 
873 152 8 10 0.025342314 
222 201 7 9 0.025338719 
633 496 9 12 0.02532977 
54 203 9 14 0.02524653 
359 175 7 8 0.025216402 
423 190 7 9 0.02518124 
269 175 7 9 0.025179649 
986 311 10 12 0.025145011 
921 231 8 10 0.025143946 
439 167 8 9 0.025117181 
923 126 6 9 0.025111513 
417 189 7 10 0.025102597 
329 168 7 9 0.025060728 
337 144 6 9 0.025048468 
581 237 9 12 0.02503142 
615 46 8 10 0.025018862 
304 166 7 9 0.025013527 
386 185 7 9 0.025011523 
495 128 6 9 0.025002565 
471 136 8 10 0.024994846 
977 222 8 10 0.024988415 
278 270 8 10 0.02494557 
591 38 6 10 0.024921104 
464 149 7 9 0.024882825 
919 317 7 10 0.024879185 
702 476 8 11 0.024877707 
336 175 6 9 0.024867842 
943 336 8 10 0.02485677 
529 144 8 10 0.02482188 
800 511 9 11 0.02469287 
647 142 7 9 0.024629107 
400 152 7 9 0.024621833 
776 199 7 9 0.024619272 
984 367 6 9 0.024615044 
693 316 8 11 0.024609711 
594 182 7 9 0.024603672 
472 167 6 9 0.024585193 
338 151 7 9 0.024583735 
559 64 7 9 0.024581837 
711 183 7 10 0.024568537 
807 248 7 9 0.024562454 
417 166 7 9 0.024547063 
871 114 7 9 0.024535181 
489 167 6 9 0.024529962 
554 169 6 9 0.024513701 
319 168 6 9 0.024488594 
375 168 6 9 0.024454104 
569 183 6 9 0.02444921 
490 160 7 9 0.02440846 
281 126 8 10 0.024396496 
687 137 7 10 0.024355456 
163 119 7 10 0.024331719 
209 175 7 9 0.02432831 
441 238 8 11 0.024321804 
438 221 8 10 0.024314355 
814 223 7 9 0.024313927 
954 88 7 9 0.024312766 
896 121 8 11 0.024288088 
185 186 6 8 0.02428068 
974 376 7 10 0.024245776 
606 225 7 9 0.02423661 
208 262 7 10 0.024187062 
681 152 7 9 0.024103852 
209 214 6 10 0.024065094 
336 221 9 11 0.024063937 
722 109 7 10 0.024056125 
298 261 10 13 0.02402584 
887 206 7 10 0.024023335 
480 169 7 8 0.0239811 
279 63 7 9 0.023972673 
472 208 7 9 0.023964321 
912 111 7 9 0.023904169 
362 71 7 9 0.023895647 
194 261 8 10 0.023889473 
983 79 8 10 0.023871569 
775 53 8 11 0.023867445 
738 134 7 9 0.023846269 
1008 191 7 9 0.023844581 
942 108 8 11 0.023840321 
624 150 7 10 0.02377426 
658 175 6 8 0.023747444 
519 86 7 8 0.023707675 
592 191 6 8 0.02369203 
682 231 7 9 0.023627216 
575 169 7 8 0.023615394 
782 153 7 9 0.023611916 
810 240 6 9 0.023588555 
688 198 7 9 0.023568679 
847 146 7 9 0.023559738 
783 142 7 8 0.023521392 
728 191 6 8 0.023470692 
538 183 6 8 0.02342769 
519 207 7 9 0.023391861 
327 251 10 13 0.023363136 
1001 152 6 8 0.02329912 
559 71 7 9 0.023295015 
601 175 7 8 0.023288535 
303 182 7 9 0.023274276 
776 191 7 9 0.023194136 
471 184 7 9 0.023183696 
564 274 11 14 0.023168895 
504 144 7 8 0.023153832 
589 22 7 8 0.02309291 
106 237 9 11 0.023087597 
918 173 6 9 0.023083951 
702 492 9 11 0.023012228 
827 230 7 10 0.022996072 
505 224 7 9 0.022975037 
640 169 6 8 0.022952273 
185 174 7 9 0.022932282 
806 629 9 13 0.022870976 
304 176 8 9 0.022870066 
335 277 9 11 0.022829682 
874 256 7 9 0.022819895 
792 225 7 9 0.02281423 
905 88 8 9 0.022806864 
551 193 6 9 0.02280054 
206 271 9 11 0.02279932 
641 185 7 9 0.02275697 
839 248 8 10 0.022750191 
663 125 7 10 0.0227455 
971 568 8 10 0.022736989 
945 190 6 9 0.02273601 
578 31 7 9 0.022725243 
674 38 7 9 0.022718625 
681 142 7 9 0.0227132 
519 81 7 9 0.02270659 
166 213 8 9 0.022655644 
472 153 7 9 0.022617716 
417 136 6 8 0.022579176 
228 277 11 13 0.022577675 
642 136 7 9 0.0225466 
696 600 11 16 0.022546465 
160 296 9 11 0.022510933 
944 246 7 10 0.022492094 
818 110 8 11 0.022480503 
186 200 8 9 0.022448 
254 275 10 12 0.022440251 
705 183 7 10 0.022422701 
406 397 8 10 0.022381298 
710 200 6 8 0.022365777 
81 248 8 10 0.022318467 
328 71 7 9 0.022305904 
943 45 7 10 0.022219103 
944 261 7 9 0.022206193 
558 168 7 8 0.022205489 
775 208 8 9 0.022200484 
359 183 7 9 0.022168288 
878 224 7 9 0.02213229 
624 32 8 10 0.022121394 
349 86 8 10 0.02209111 
266 128 7 10 0.022065751 
441 208 6 8 0.022053193 
558 175 7 9 0.021999165 
529 149 8 10 0.021958364 
567 145 7 9 0.021944687 
697 23 7 9 0.021924915 
465 160 8 10 0.021875512 
199 295 8 11 0.021855677 
610 30 8 10 0.021841196 
1000 193 7 9 0.021834308 
951 103 8 9 0.021807512 
986 350 7 9 0.021794027 
183 214 7 9 0.021779476 
808 208 6 9 0.02175121 
602 225 7 10 0.021737872 
443 69 7 9 0.021709407 
695 159 6 9 0.02170895 
377 240 6 9 0.02170769 
434 221 7 10 0.021702053 
937 302 8 10 0.021687666 
728 215 7 9 0.021669904 
67 377 39 52 0.021668978 
886 157 6 9 0.021648685 
640 190 7 8 0.021647269 
312 127 7 9 0.021592312 
228 285 10 12 0.021591814 
264 110 7 9 0.021577004 
191 152 7 8 0.021570232 
728 200 6 8 0.021562614 
375 174 6 8 0.021559302 
521 105 6 8 0.021554932 
446 230 8 10 0.02153148 
474 176 7 8 0.021528898 
830 271 7 10 0.021495366 
992 215 8 9 0.021484371 
937 232 7 8 0.021483783 
519 143 7 9 0.021471001 
635 9 7 9 0.02143378 
190 80 9 10 0.021414686 
415 120 8 10 0.021384237 
359 113 7 8 0.021349372 
257 185 7 9 0.021323415 
854 413 10 12 0.021306299 
210 153 7 8 0.021299075 
544 137 7 8 0.02129656 
576 135 7 9 0.0212827 
706 200 7 9 0.021251654 
626 160 6 8 0.021230264 
838 223 9 12 0.021214787 
998 197 7 9 0.021185756 
882 120 7 9 0.021150649 
614 277 9 12 0.021146124 
875 135 7 9 0.021124935 
585 95 6 8 0.02110477 
487 63 6 9 0.021076255 
736 217 7 9 0.02104999 
722 208 6 9 0.021006042 
397 158 8 10 0.020999482 
865 145 6 8 0.020977514 
488 118 7 9 0.020965619 
767 198 7 8 0.02096204 
609 118 7 8 0.020954486 
694 13 7 10 0.020887874 
911 200 7 10 0.020882647 
572 253 9 11 0.020873219 
296 199 9 12 0.020850973 
538 160 7 9 0.020811597 
776 181 7 9 0.020806188 
337 191 7 9 0.020799506 
696 208 6 8 0.0207858 
710 190 7 9 0.020784693 
645 245 8 11 0.02078213 
801 278 8 10 0.02078118 
185 78 8 10 0.020777531 
970 376 8 10 0.020758417 
201 72 7 10 0.020758176 
368 159 7 9 0.02075802 
672 293 8 9 0.020757971 
652 479 8 11 0.020753173 
762 377 9 11 0.020740183 
746 222 7 9 0.02072413 
902 108 8 10 0.020723106 
623 38 7 9 0.020703113 
784 239 7 10 0.02068357 
914 168 8 10 0.020665668 
698 176 6 7 0.020656316 
607 135 7 10 0.020644188 
633 185 6 9 0.02059144 
913 248 7 9 0.020587023 
384 239 6 9 0.020581095 
338 184 6 9 0.02057359 
185 152 8 10 0.020570938 
559 216 7 9 0.020520687 
375 33 6 8 0.020518642 
446 121 7 9 0.020513259 
729 40 8 10 0.020512827 
632 224 7 10 0.020491458 
617 158 6 8 0.020486487 
863 555 10 12 0.020477235 
267 62 7 9 0.020474568 
230 165 7 9 0.020443061 
778 68 10 12 0.020434955 
766 389 9 13 0.020428294 
775 213 7 10 0.02039694 
479 199 7 8 0.020382438 
575 63 7 8 0.020382198 
506 207 7 9 0.020357015 
223 87 9 11 0.020346815 
6 475 14 17 0.020345692 
280 176 7 8 0.02034514 
432 110 7 9 0.020319747 
832 294 7 9 0.020305073 
546 120 6 8 0.020297538 
422 160 7 9 0.02028017 
649 37 8 10 0.020279186 
386 161 7 9 0.0202653 
530 134 7 8 0.020262472 
793 647 8 11 0.02025576 
464 119 7 9 0.020243438 
815 167 7 9 0.020225547 
681 159 7 8 0.020197578 
977 361 8 10 0.020192409 
808 253 7 9 0.020169891 
936 96 8 11 0.02016291 
301 203 10 12 0.020160891 
569 134 7 8 0.020154791 
264 182 7 10 0.020135503 
322 188 8 10 0.020116283 
336 199 8 10 0.020093147 
704 68 10 12 0.02009186 
768 231 6 9 0.020087423 
465 238 8 10 0.020085905 
783 137 7 8 0.020084538 
704 127 8 10 0.020080464 
774 167 7 9 0.020076014 
89 103 8 11 0.020055171 
576 152 9 11 0.020048693 
576 190 6 8 0.020038834 
481 144 6 8 0.020037426 
431 61 6 9 0.020011991 
