0_Parade_Parade_0_53
90
793 181 47 58 0.9988576 
271 169 43 52 0.99491185 
467 218 13 16 0.9149875 
600 262 9 11 0.22782496 
536 189 9 11 0.20489296 
665 230 7 8 0.17543532 
653 237 8 10 0.11579613 
362 222 7 10 0.10157867 
531 153 13 15 0.085722916 
489 208 9 11 0.08383258 
560 246 7 9 0.08330579 
366 225 7 9 0.08312775 
650 271 9 12 0.07469136 
622 215 9 11 0.07011844 
601 224 8 10 0.06014366 
577 223 7 9 0.059524223 
601 230 7 10 0.058794733 
861 228 10 14 0.05599166 
487 213 9 12 0.054930214 
406 232 9 11 0.05172713 
521 224 9 11 0.0501946 
647 248 8 11 0.049015433 
1012 231 9 12 0.048752062 
599 238 7 9 0.04843166 
423 213 7 10 0.048323177 
415 232 8 11 0.047298912 
244 212 9 11 0.043976564 
367 228 8 10 0.042664453 
697 234 7 8 0.042480204 
665 199 8 9 0.037858352 
988 244 8 11 0.03582715 
662 248 8 9 0.035491325 
713 233 6 8 0.035289377 
381 231 8 10 0.034690976 
604 199 10 13 0.034016546 
672 240 7 8 0.03372665 
844 229 14 18 0.033172175 
673 262 9 11 0.033120334 
704 247 7 9 0.032576352 
730 239 7 10 0.0316399 
711 237 7 9 0.03145563 
870 210 11 15 0.030998912 
526 229 7 9 0.030881017 
951 279 8 10 0.030087948 
503 269 8 12 0.02920927 
599 256 10 12 0.029183788 
605 223 8 12 0.028157007 
401 233 8 10 0.028118877 
372 253 9 12 0.027877789 
392 200 7 9 0.027790058 
678 217 7 8 0.027273126 
383 216 7 9 0.027116466 
848 198 12 14 0.026918834 
650 233 8 11 0.026889857 
538 239 7 9 0.026808996 
617 216 10 11 0.02680175 
488 220 9 11 0.02630958 
606 278 8 11 0.026279412 
766 229 9 12 0.026224693 
553 241 7 9 0.02596064 
615 229 9 10 0.025907043 
461 205 8 12 0.025860805 
553 224 8 10 0.025720892 
465 238 11 14 0.025245098 
674 216 7 9 0.025158413 
494 270 11 14 0.024717217 
471 253 10 13 0.024256144 
536 264 7 11 0.024079772 
733 239 8 9 0.02397403 
993 232 6 8 0.023758322 
944 284 8 11 0.023519337 
593 238 8 10 0.023339223 
694 190 7 9 0.022456132 
600 267 9 12 0.022290995 
583 239 7 9 0.022245608 
1003 246 7 9 0.02194595 
608 239 8 10 0.021842385 
543 240 6 9 0.02157022 
690 189 7 10 0.021504331 
728 223 6 9 0.02132719 
753 247 7 9 0.021306293 
620 219 10 13 0.021223549 
377 224 8 11 0.021124875 
855 228 11 15 0.021085644 
527 247 8 9 0.021048063 
681 191 7 9 0.020636525 
688 249 6 8 0.020494727 
506 245 8 11 0.020456227 
614 239 9 11 0.020217564 
986 263 7 10 0.020191172 
