0_Parade_Parade_0_377
241
258 507 65 90 0.9964302 
572 305 30 36 0.9958532 
729 308 25 27 0.983748 
853 361 69 79 0.9604532 
977 339 20 26 0.95298266 
19 268 40 61 0.89888734 
944 320 17 20 0.8892477 
152 315 39 49 0.88412166 
246 341 28 31 0.8811385 
93 363 56 66 0.8803736 
428 308 16 24 0.837999 
243 398 32 40 0.8250279 
547 295 20 26 0.7696441 
764 314 19 20 0.6312299 
844 310 12 16 0.6142082 
811 311 12 16 0.55104905 
346 336 23 34 0.38814852 
635 313 12 15 0.3655459 
156 425 59 73 0.3095733 
66 363 54 64 0.30330157 
109 447 50 62 0.26346025 
718 287 12 15 0.25792515 
574 258 10 14 0.2518739 
832 317 11 15 0.23755151 
354 273 20 27 0.21365815 
400 270 13 17 0.20672196 
613 302 17 21 0.20283346 
393 352 20 32 0.20220874 
516 318 13 17 0.19808811 
485 295 13 15 0.17126389 
453 279 17 19 0.1688881 
77 280 25 33 0.16241512 
468 315 15 18 0.1608567 
184 284 22 28 0.1568183 
214 245 10 14 0.15271258 
596 331 15 20 0.1524735 
535 292 13 19 0.14524822 
54 345 45 57 0.1372973 
898 309 12 15 0.13181753 
199 232 12 17 0.1306777 
711 316 12 16 0.13048752 
583 278 12 14 0.12758237 
537 255 9 13 0.12481634 
585 321 25 30 0.12292295 
837 315 12 16 0.1185739 
996 296 13 16 0.11853214 
0 240 35 38 0.11809576 
469 306 25 31 0.11742042 
791 305 15 19 0.11086365 
332 321 16 19 0.107111976 
407 416 14 17 0.105409876 
471 337 26 32 0.105352975 
397 225 9 12 0.103385605 
71 387 36 46 0.10216265 
681 287 9 12 0.09927979 
682 269 8 11 0.09818504 
559 322 14 20 0.09757491 
327 340 14 18 0.09520902 
189 382 49 50 0.09436048 
264 251 13 14 0.093763806 
317 492 28 38 0.09305275 
928 314 21 28 0.092023656 
533 307 13 19 0.09190106 
219 269 13 18 0.090594865 
588 277 15 17 0.090147786 
288 345 25 39 0.08868273 
230 452 24 35 0.08647329 
648 307 14 17 0.08460448 
218 300 25 34 0.084077366 
652 331 12 14 0.08391526 
228 274 18 26 0.08367329 
292 294 23 29 0.08346312 
375 230 12 15 0.08270603 
311 279 22 30 0.08214281 
524 316 14 17 0.07967632 
541 255 10 14 0.079611465 
422 259 15 18 0.079127 
234 216 23 29 0.078634396 
364 406 13 15 0.076253295 
692 316 14 17 0.07335724 
918 308 25 32 0.07199775 
317 384 23 30 0.07080334 
661 272 10 12 0.069747806 
374 590 9 11 0.069647476 
1013 306 9 14 0.06957461 
60 230 10 14 0.06930943 
699 298 11 14 0.068354316 
515 281 16 19 0.06525343 
530 329 15 17 0.06514916 
987 320 17 20 0.06498387 
380 357 29 36 0.06415438 
446 236 13 15 0.061308425 
509 277 13 17 0.061188705 
455 426 13 17 0.061066054 
392 227 11 14 0.06102491 
467 255 13 16 0.06102368 
355 265 16 21 0.06061689 
364 377 24 28 0.059604794 
520 293 21 26 0.059503675 
379 234 12 15 0.05840696 
777 316 13 18 0.05779886 
82 263 30 41 0.056975298 
437 233 14 17 0.05429164 
157 220 8 11 0.052983675 
390 237 10 13 0.05256224 
301 309 16 20 0.0514853 
306 287 17 23 0.051353056 
256 410 31 34 0.05074332 
371 281 14 19 0.05061697 
384 291 15 18 0.050320182 
813 352 15 17 0.050250098 
348 270 14 20 0.048478957 
565 313 24 30 0.04666676 
370 591 8 11 0.046404023 
478 293 15 19 0.04579219 
121 215 12 17 0.045519307 
337 329 23 30 0.04475491 
349 386 13 18 0.044574015 
800 323 10 13 0.04370494 
328 326 21 26 0.043549348 
174 414 50 54 0.042152397 
820 303 11 13 0.042098906 
208 388 50 56 0.04199307 
268 287 15 19 0.041740134 
343 272 23 30 0.040566035 
447 278 14 17 0.040346034 
19 362 26 38 0.03914553 
998 316 12 16 0.03910597 
853 323 13 16 0.038968015 
329 308 24 29 0.0388048 
326 344 22 31 0.038417727 
558 314 13 19 0.038134225 
540 292 19 24 0.038044773 
343 341 16 24 0.03799188 
685 291 10 13 0.037718557 
40 351 37 52 0.037205823 
388 295 15 19 0.037046622 
190 227 13 17 0.036791954 
360 337 28 32 0.036551047 
470 319 28 35 0.036359526 
208 297 24 32 0.03602303 
336 420 11 14 0.035622273 
265 271 26 28 0.03538048 
657 278 9 13 0.03530953 
357 370 23 29 0.035205062 
109 433 81 99 0.034996334 
301 292 15 20 0.034649562 
184 226 10 14 0.034547772 
516 292 16 20 0.034547515 
274 336 26 37 0.03390961 
366 234 13 16 0.033699814 
795 313 13 17 0.033510022 
479 244 9 13 0.03320674 
714 286 11 14 0.032799438 
189 223 11 13 0.03270183 
483 335 22 29 0.032323092 
21 350 41 57 0.03227458 
432 237 11 14 0.031816304 
270 282 26 30 0.031796306 
656 284 9 12 0.03164176 
616 247 6 9 0.031520076 
699 315 14 17 0.031471267 
-1 279 46 73 0.031233381 
527 247 9 11 0.03118394 
510 504 24 26 0.031098729 
932 301 11 15 0.031092519 
448 241 13 17 0.030872528 
524 304 17 22 0.030655477 
955 247 21 21 0.030618545 
326 372 13 14 0.030497828 
355 350 31 36 0.030006414 
681 237 8 10 0.029764106 
360 277 23 28 0.029726552 
229 219 15 18 0.029568445 
168 430 36 40 0.029492944 
28 399 13 17 0.029382095 
853 317 11 15 0.029355286 
997 306 13 16 0.028873513 
482 305 18 22 0.02887211 
618 311 15 19 0.028781278 
379 374 27 31 0.028738046 
403 278 15 19 0.02781453 
430 244 11 14 0.02778019 
175 213 10 13 0.027624967 
177 272 27 31 0.027602466 
301 320 23 30 0.027576508 
998 268 14 15 0.027312057 
374 224 11 13 0.027093694 
348 334 16 21 0.027090108 
153 216 9 12 0.026979567 
413 267 13 15 0.026932126 
862 317 13 15 0.02686154 
95 251 27 36 0.026391106 
159 295 42 51 0.02625378 
379 284 16 20 0.026134731 
626 271 8 12 0.026048396 
250 215 16 22 0.025935486 
104 188 11 14 0.025791846 
315 366 28 30 0.025778743 
461 312 23 29 0.02577687 
295 326 25 40 0.025635116 
627 307 19 23 0.02542489 
207 213 9 11 0.025341798 
138 237 16 20 0.025137477 
1006 301 12 16 0.025021192 
320 302 23 29 0.024597717 
608 306 13 17 0.024570115 
647 324 14 18 0.02437662 
629 275 9 11 0.024094302 
356 382 15 21 0.023885697 
221 309 27 44 0.023515258 
236 275 19 27 0.023212476 
376 342 24 31 0.023103368 
151 447 68 109 0.023011133 
565 286 11 15 0.02279825 
676 323 15 18 0.022797823 
359 230 11 13 0.02279152 
630 322 14 18 0.022545582 
630 288 10 12 0.02246541 
430 392 25 28 0.022450034 
310 298 22 30 0.02233453 
322 277 25 30 0.022290306 
425 251 15 20 0.022288347 
0 254 47 63 0.022270989 
375 384 19 21 0.022218492 
516 304 17 23 0.022152226 
315 290 24 32 0.022021525 
505 372 16 24 0.021973582 
758 284 11 14 0.021936135 
853 374 41 51 0.021887397 
46 370 51 63 0.021567049 
612 295 12 16 0.021476896 
814 303 12 15 0.021455921 
683 326 16 19 0.021439448 
354 307 15 18 0.0209983 
175 219 9 13 0.020876437 
766 285 8 11 0.02087357 
351 208 9 11 0.020643378 
143 212 10 12 0.020535216 
670 277 9 12 0.020475278 
149 260 25 31 0.020035926 
