0_Parade_Parade_0_120
193
526 334 32 34 0.9949816 
951 307 40 48 0.9924716 
46 324 24 32 0.9861546 
108 306 42 46 0.98341125 
442 325 18 21 0.97701 
327 314 17 21 0.9428583 
628 318 14 17 0.9417444 
491 316 18 21 0.92669326 
665 327 16 19 0.9143846 
288 342 13 16 0.86258864 
565 317 13 17 0.77864826 
392 332 14 16 0.7402179 
698 321 13 16 0.7271007 
261 356 10 14 0.5421039 
745 311 11 15 0.5262007 
765 317 10 13 0.47967193 
367 332 10 13 0.4742397 
236 325 14 16 0.42437667 
916 319 21 29 0.41993454 
861 300 13 18 0.3941449 
269 340 10 12 0.36817938 
853 305 16 17 0.31973657 
17 364 27 37 0.31253472 
814 299 11 14 0.2836353 
556 324 14 17 0.28006545 
228 358 13 18 0.2710964 
229 338 16 25 0.25983986 
795 316 10 13 0.25591817 
203 353 20 20 0.24962749 
723 366 10 12 0.23914331 
780 358 9 12 0.22328368 
831 338 22 29 0.20843679 
222 344 19 27 0.1971068 
907 307 15 20 0.19394152 
8 354 23 32 0.18087563 
824 321 13 15 0.17072894 
987 328 29 43 0.1247833 
901 213 11 13 0.11675074 
989 238 14 21 0.11340936 
719 317 9 12 0.111914635 
728 319 9 12 0.109398395 
602 327 10 13 0.10691075 
800 346 11 15 0.0976969 
317 343 12 14 0.096392095 
428 331 13 17 0.09271175 
805 342 13 18 0.09024839 
212 349 21 24 0.08319626 
16 298 23 33 0.0824387 
280 340 10 14 0.07921533 
733 324 9 12 0.07884177 
366 399 8 11 0.07806358 
318 358 10 11 0.07658816 
825 330 21 28 0.075868316 
851 312 18 21 0.07573309 
909 320 16 24 0.07348807 
351 334 9 12 0.073443756 
366 360 9 11 0.073429435 
523 323 15 19 0.069424555 
902 313 14 20 0.06881157 
256 349 13 18 0.06758067 
802 261 8 10 0.06608337 
18 341 22 27 0.06569583 
302 334 11 13 0.06530021 
543 324 23 29 0.065129325 
364 336 12 15 0.06083794 
422 308 10 13 0.05962638 
171 334 11 14 0.059350707 
311 366 9 12 0.058488786 
822 321 21 26 0.058322527 
721 301 9 10 0.057573892 
130 304 28 36 0.0557933 
570 322 12 16 0.055401478 
492 356 18 18 0.05251868 
783 326 8 11 0.052115962 
640 296 8 11 0.051995058 
165 338 16 19 0.05169606 
709 333 8 11 0.05159735 
365 404 9 10 0.049786687 
865 221 8 11 0.048036724 
813 305 11 15 0.047990922 
681 355 11 14 0.047724698 
243 349 13 19 0.046896677 
841 334 21 29 0.04618243 
913 306 18 22 0.045223773 
407 342 10 13 0.045022815 
551 393 13 15 0.04466333 
329 296 10 12 0.044483956 
711 317 9 12 0.0439681 
147 308 13 20 0.04357607 
494 291 20 28 0.043159045 
400 356 10 12 0.042589903 
412 315 13 16 0.04217488 
38 330 23 29 0.042078618 
592 317 9 11 0.04190886 
847 3 16 17 0.04118513 
536 311 9 12 0.041124597 
623 285 8 10 0.039536484 
808 333 13 15 0.038932174 
694 358 10 12 0.03875902 
704 333 10 13 0.038208272 
391 350 10 14 0.0378396 
438 303 10 12 0.03703147 
299 340 12 15 0.036833465 
423 323 13 18 0.036743384 
928 315 22 31 0.036329467 
769 372 10 12 0.036177285 
361 332 11 14 0.036154296 
278 335 10 13 0.035666514 
236 351 13 19 0.034901243 
381 317 10 14 0.03486278 
822 342 15 22 0.034527678 
541 323 14 17 0.034484845 
271 319 11 13 0.0340619 
837 357 16 20 0.033436492 
904 304 12 15 0.032052856 
267 357 10 13 0.032034308 
776 310 9 11 0.03192034 
406 348 11 14 0.031381253 
412 323 12 17 0.031019742 
16 351 26 33 0.030608596 
848 303 12 14 0.030599302 
599 318 9 12 0.030470582 
810 343 15 20 0.030270945 
696 292 9 12 0.030068822 
542 293 9 12 0.029973082 
407 318 12 14 0.029549899 
761 311 11 13 0.029462866 
961 157 8 11 0.029209306 
594 499 15 18 0.028994193 
761 323 10 13 0.028800853 
894 323 12 16 0.02811781 
677 279 8 11 0.027850347 
880 208 9 12 0.02729546 
831 271 9 11 0.027072579 
846 322 22 30 0.026935183 
621 332 12 13 0.026660735 
312 291 10 12 0.026634762 
791 321 11 15 0.026416374 
341 350 11 14 0.026396662 
973 323 34 42 0.026004756 
507 291 12 17 0.02540959 
772 318 10 13 0.025291309 
666 317 18 22 0.025089694 
935 226 11 15 0.024941111 
304 365 10 12 0.02456443 
775 325 9 12 0.024414884 
279 346 12 16 0.024077311 
265 336 10 13 0.024051808 
369 420 9 11 0.02389937 
888 196 8 10 0.023803927 
374 327 9 13 0.02377216 
3 300 15 18 0.023557872 
23 373 31 36 0.023550684 
385 333 11 15 0.023480024 
256 358 12 17 0.023345117 
600 310 8 12 0.02319423 
853 361 18 20 0.02309062 
992 234 24 32 0.023037931 
23 331 22 29 0.02273891 
790 357 9 11 0.022696562 
709 356 9 12 0.02264255 
381 324 11 13 0.022584876 
385 351 10 12 0.022386817 
728 340 9 12 0.02224651 
401 391 11 13 0.022212917 
612 402 18 19 0.021740507 
781 309 8 11 0.02160853 
3 348 16 23 0.02155011 
412 342 10 13 0.02142382 
384 293 8 11 0.021349799 
750 323 10 12 0.021313176 
814 315 11 14 0.021156866 
403 332 12 16 0.021152869 
1 331 15 19 0.021082489 
331 299 11 14 0.021050332 
575 311 9 11 0.021017238 
720 360 11 14 0.021016784 
820 295 10 13 0.021012029 
792 350 9 12 0.02098932 
889 191 9 11 0.020936614 
414 309 14 16 0.02085996 
429 318 12 16 0.020798847 
866 304 13 17 0.020763671 
869 181 9 12 0.020629603 
856 296 12 17 0.020406466 
712 351 9 12 0.020342536 
372 359 9 11 0.020324755 
537 287 8 11 0.020302018 
268 346 12 17 0.020294158 
752 295 8 11 0.020275397 
996 316 26 41 0.020102546 
72 306 13 17 0.020057688 
893 189 8 11 0.020001639 
