0_Parade_marchingband_1_695
90
570 91 64 72 0.9993919 
311 170 52 60 0.9978823 
844 197 42 45 0.9959708 
752 269 26 29 0.98378074 
142 248 28 36 0.9670648 
183 209 40 51 0.96567297 
77 270 23 30 0.9426805 
517 242 23 27 0.7516383 
258 176 17 21 0.5857559 
429 171 15 18 0.5237632 
22 293 23 25 0.47325882 
277 165 20 26 0.45471898 
968 86 8 10 0.2807765 
992 73 9 11 0.27460286 
505 166 10 13 0.24142963 
940 95 10 13 0.23334832 
422 173 14 15 0.21530664 
518 224 9 11 0.17869323 
953 231 27 36 0.1747976 
30 261 9 12 0.17216142 
265 172 21 25 0.14765081 
517 169 12 16 0.14184687 
556 149 10 13 0.12773035 
418 173 9 14 0.12040322 
880 113 7 9 0.114710815 
910 109 7 10 0.1114481 
48 268 9 14 0.104669474 
478 180 11 13 0.09617282 
746 153 6 9 0.07948401 
128 262 11 15 0.076864436 
88 276 17 24 0.074487045 
805 342 21 27 0.06973844 
971 263 28 32 0.06792473 
927 101 7 9 0.06712964 
936 98 10 13 0.06506066 
922 338 17 19 0.06478999 
270 172 31 36 0.06203462 
502 334 31 33 0.061006926 
1000 77 9 10 0.059709765 
1014 62 7 11 0.059646677 
1006 77 8 11 0.058512654 
943 113 9 12 0.056266457 
1 341 9 15 0.055480126 
477 366 12 16 0.054869916 
485 182 10 14 0.053620372 
927 341 20 21 0.053550888 
525 188 10 12 0.052931435 
894 108 8 10 0.051264763 
487 187 10 13 0.05054524 
511 169 13 16 0.049165994 
785 269 26 33 0.047205105 
1015 69 7 11 0.046390396 
406 183 9 12 0.044791225 
15 254 8 10 0.042121325 
259 181 24 31 0.04120918 
384 170 15 21 0.04069768 
997 71 8 11 0.040486246 
188 187 10 12 0.04002064 
506 304 27 28 0.040004887 
473 175 9 11 0.038078856 
972 85 8 11 0.036602266 
1 260 9 14 0.033084985 
951 94 8 10 0.032568485 
704 153 8 10 0.032044426 
108 235 13 18 0.03191189 
534 175 11 14 0.031297516 
312 143 12 20 0.031051707 
827 146 7 10 0.031017948 
14 236 9 10 0.030929873 
103 250 11 14 0.0302085 
550 146 22 27 0.02743387 
754 254 14 16 0.026913535 
905 105 9 11 0.026883692 
928 125 8 11 0.02618246 
846 149 8 10 0.025767377 
973 260 18 20 0.02573932 
890 142 8 9 0.025334017 
0 276 10 14 0.024723053 
434 174 16 20 0.024454854 
961 226 28 33 0.023614585 
3 297 13 17 0.023580128 
962 87 8 10 0.023467718 
506 317 29 32 0.023433506 
986 69 8 12 0.023241157 
21 286 15 18 0.023209179 
941 87 9 10 0.021845056 
1015 77 7 11 0.02172816 
1001 115 9 12 0.021714982 
922 102 7 9 0.021328626 
664 299 13 15 0.020399475 
