0_Parade_marchingband_1_476
146
742 173 52 68 0.99907553 
856 103 34 40 0.9966968 
674 160 34 39 0.9949817 
282 256 23 36 0.99295056 
454 222 27 33 0.9921631 
591 168 25 34 0.99211544 
518 174 24 31 0.9896073 
797 129 43 51 0.98848444 
384 221 22 30 0.9882591 
610 200 40 52 0.9860525 
206 249 22 31 0.9834362 
421 275 40 52 0.9709935 
431 189 21 26 0.9581387 
242 257 19 32 0.95569205 
353 225 19 26 0.9526734 
314 217 17 26 0.94187796 
199 176 14 19 0.92836297 
326 143 11 18 0.9001853 
174 185 13 17 0.89884657 
333 266 29 44 0.898043 
73 254 19 24 0.8896889 
574 161 17 23 0.87132543 
400 201 19 22 0.76211154 
393 133 9 12 0.6791578 
264 179 10 12 0.65978676 
222 190 14 17 0.6500766 
583 93 12 16 0.6498539 
477 118 12 15 0.6379828 
313 166 11 15 0.62469023 
303 165 8 11 0.6021023 
155 199 14 18 0.53573734 
641 57 13 16 0.5138107 
248 179 10 12 0.47900692 
527 100 8 12 0.42711017 
353 152 9 12 0.4222075 
711 51 13 17 0.4182204 
483 193 24 31 0.36251858 
737 37 11 15 0.35951585 
408 139 10 14 0.31430078 
58 232 14 18 0.29204574 
611 20 8 12 0.29164502 
543 69 9 11 0.26241207 
584 68 9 12 0.23848543 
897 38 17 23 0.23204127 
688 109 13 18 0.18673545 
877 37 21 27 0.1860591 
369 142 10 13 0.15647462 
754 38 13 15 0.14356583 
572 220 28 33 0.1423454 
621 75 11 12 0.1314486 
68 235 11 14 0.13012132 
635 97 16 27 0.12503915 
164 319 17 19 0.11991492 
538 89 6 9 0.117455505 
606 76 9 12 0.10762872 
787 34 16 19 0.10645269 
562 85 8 12 0.10221656 
576 131 11 16 0.0883407 
761 15 10 12 0.08118028 
502 117 10 13 0.07984558 
424 119 8 10 0.07962798 
512 86 8 11 0.07751664 
565 108 12 15 0.076050885 
716 55 12 17 0.073919706 
695 68 11 14 0.07185412 
592 76 9 11 0.07122087 
695 43 8 12 0.06876026 
674 139 23 27 0.06862522 
600 77 8 11 0.06612037 
678 42 13 15 0.0634712 
860 57 12 15 0.06262768 
538 69 9 11 0.061265558 
550 95 9 11 0.061052933 
484 191 15 19 0.06105217 
497 101 8 10 0.06007634 
608 71 9 13 0.057858795 
588 71 9 11 0.05319667 
617 76 9 12 0.052305654 
495 118 9 12 0.05199684 
581 162 24 29 0.05175572 
542 88 8 9 0.050196126 
79 228 11 15 0.04783066 
548 69 8 11 0.046413478 
383 141 9 11 0.045749974 
783 31 12 14 0.045371886 
504 87 9 11 0.044799272 
187 235 13 19 0.044227865 
436 230 14 21 0.043029655 
566 80 8 11 0.041693345 
54 237 14 18 0.040269397 
390 137 11 14 0.03956556 
694 134 13 17 0.038142372 
884 88 18 24 0.03653178 
165 315 27 32 0.036478546 
562 230 33 39 0.03541402 
94 213 8 11 0.03399828 
854 48 24 27 0.03344063 
601 38 9 11 0.033367768 
746 6 8 11 0.031052973 
445 226 24 28 0.030587742 
814 36 14 16 0.030319324 
614 71 11 13 0.028673923 
239 191 11 13 0.028324744 
782 1 11 11 0.028216645 
560 114 12 15 0.027987285 
578 93 12 15 0.027270049 
516 86 8 10 0.02721964 
617 56 8 12 0.027128048 
398 140 10 13 0.026663208 
832 114 23 28 0.026322296 
497 193 18 22 0.026309287 
244 188 12 14 0.026297318 
239 180 11 13 0.025847547 
653 62 9 12 0.02576701 
4 272 45 56 0.025390364 
510 90 9 12 0.024888096 
542 75 9 12 0.024872473 
410 197 15 19 0.024820158 
382 148 11 12 0.0248181 
326 265 21 35 0.024624776 
623 43 8 10 0.024396801 
717 37 10 12 0.024328355 
698 22 9 13 0.0241561 
312 262 22 34 0.023958927 
683 37 12 16 0.023732426 
560 92 9 12 0.02365871 
711 38 10 11 0.023308448 
588 87 11 15 0.023136742 
585 74 9 12 0.022714349 
510 113 8 10 0.022679593 
609 63 9 11 0.022676252 
511 81 9 11 0.02199423 
565 92 9 12 0.02198729 
656 38 9 12 0.021814022 
280 165 9 12 0.0217002 
287 165 7 11 0.021627659 
534 91 8 12 0.0214019 
628 68 10 13 0.021391738 
729 43 10 15 0.020964436 
139 226 11 14 0.020667747 
396 129 9 12 0.02066426 
504 93 8 10 0.020568613 
614 61 9 12 0.02045459 
278 174 9 11 0.020368362 
776 30 12 15 0.020365935 
820 28 11 13 0.02035131 
