0_Parade_marchingband_1_355
24
561 88 32 41 0.9966223 
455 111 25 33 0.9943672 
887 108 27 34 0.9937034 
815 177 30 37 0.9924684 
690 103 41 50 0.9812366 
356 104 22 30 0.9335177 
906 83 24 28 0.7172929 
538 111 15 20 0.13399366 
960 108 14 18 0.11852911 
868 135 15 19 0.07566116 
333 127 13 15 0.047597684 
894 98 29 38 0.041436967 
694 56 10 16 0.039461855 
210 60 12 18 0.038203303 
661 109 12 18 0.03703701 
664 106 21 30 0.035006955 
996 111 15 22 0.034451924 
429 124 9 12 0.03373374 
921 123 27 34 0.030236946 
994 108 26 35 0.026031148 
906 75 38 47 0.025791626 
811 121 24 29 0.022947665 
551 100 28 35 0.021216674 
588 167 38 46 0.02110955 
