0_Parade_marchingband_1_379
137
425 308 28 35 0.92339146 
766 323 11 14 0.9085759 
537 320 18 25 0.8731827 
813 321 13 17 0.832815 
600 322 12 16 0.77899754 
659 330 13 16 0.7625653 
956 315 10 13 0.7394574 
702 307 13 15 0.7245953 
189 322 22 26 0.7139241 
850 318 12 15 0.6837766 
280 306 25 32 0.62880665 
508 308 9 13 0.54173064 
987 327 11 14 0.5318601 
787 317 14 17 0.49644908 
271 316 22 28 0.3865938 
91 330 15 19 0.37255657 
262 319 21 26 0.33893323 
900 316 11 13 0.33184004 
86 321 17 21 0.31937647 
702 293 12 15 0.31058884 
383 305 14 18 0.3063461 
685 310 10 13 0.2741419 
540 312 13 16 0.20346828 
375 320 12 18 0.19725977 
933 324 8 12 0.19321583 
696 307 12 15 0.17878433 
754 311 9 12 0.15975583 
873 325 9 11 0.14184672 
556 325 15 19 0.13424146 
379 315 15 19 0.12137152 
581 300 8 11 0.11652504 
224 333 12 16 0.116057605 
62 1 15 19 0.11405235 
901 325 9 11 0.107615024 
697 292 22 26 0.10198385 
97 332 15 18 0.09777074 
879 319 8 11 0.09296142 
107 314 16 23 0.08822471 
793 395 10 13 0.087695934 
887 361 9 10 0.08446293 
1014 323 8 11 0.07914983 
617 318 10 13 0.074529134 
666 331 13 18 0.074304804 
680 313 11 15 0.07409821 
640 395 11 16 0.07070114 
897 310 12 15 0.07040792 
671 339 13 15 0.07015356 
952 365 8 10 0.069306105 
984 376 10 12 0.06813401 
563 330 12 16 0.06642306 
921 343 10 13 0.0627273 
764 366 9 12 0.06058975 
756 315 11 14 0.05932131 
388 322 13 16 0.05902864 
706 302 15 19 0.054969907 
930 321 9 11 0.05455922 
516 337 16 18 0.053253666 
33 405 9 11 0.052828286 
637 408 12 19 0.050738674 
775 340 10 13 0.047609117 
911 344 9 11 0.046099585 
673 347 11 13 0.04588871 
1010 320 9 11 0.045877628 
97 320 19 24 0.04558065 
147 345 16 24 0.045307226 
953 361 8 10 0.045245778 
593 322 11 15 0.045029536 
886 337 9 11 0.044710156 
924 347 9 11 0.04366887 
818 332 13 15 0.043159667 
106 328 15 19 0.041982375 
946 342 7 10 0.040448565 
999 348 9 11 0.040347636 
817 316 16 18 0.039585434 
1008 341 9 10 0.0394558 
961 293 9 11 0.03805133 
546 326 16 21 0.037716117 
783 332 11 13 0.037204463 
791 351 10 13 0.036827464 
830 366 8 10 0.03491488 
742 365 14 15 0.034911383 
829 315 11 14 0.033880744 
974 341 9 11 0.031012705 
950 342 7 10 0.030706216 
148 407 13 16 0.030533852 
1000 359 9 10 0.030406745 
47 348 12 17 0.030373098 
578 298 8 10 0.029899303 
796 350 10 14 0.02934504 
856 344 9 11 0.029001676 
920 360 7 10 0.028374324 
370 318 10 15 0.02819656 
881 313 8 11 0.028101912 
801 375 9 13 0.02795627 
395 301 13 17 0.027563427 
968 336 9 11 0.027442845 
296 304 28 37 0.02726154 
620 320 11 16 0.026618127 
509 337 16 21 0.026268719 
943 351 7 10 0.026070138 
749 321 12 15 0.026033292 
129 340 15 21 0.02579713 
743 310 9 12 0.025319833 
236 329 14 18 0.024993319 
1012 250 11 17 0.024775038 
231 326 11 18 0.024611657 
865 327 8 11 0.024332058 
509 348 12 14 0.024166282 
677 375 12 14 0.023554442 
765 371 11 15 0.023306042 
965 288 10 12 0.023213917 
288 319 28 32 0.023030547 
694 285 14 18 0.023023378 
885 316 9 12 0.022888267 
773 347 9 12 0.022783227 
614 321 11 15 0.022678113 
787 328 12 16 0.022580126 
408 316 12 16 0.02242565 
386 301 20 25 0.022417905 
199 335 18 20 0.022357395 
785 351 10 12 0.022262963 
950 373 9 12 0.022091739 
589 338 11 15 0.021925144 
861 343 10 12 0.02175942 
525 334 12 15 0.021667251 
927 333 9 11 0.021440746 
143 351 13 20 0.021001428 
675 332 13 19 0.020962792 
682 304 21 25 0.020899167 
787 405 11 15 0.020775307 
928 391 7 9 0.020716004 
412 321 14 20 0.020622805 
1014 341 7 10 0.020333076 
849 301 9 11 0.020290177 
880 334 9 11 0.02018193 
974 335 9 12 0.020167973 
693 313 11 15 0.020034017 
