0_Parade_Parade_0_12
73
728 131 47 64 0.99848396 
324 154 34 41 0.9983278 
395 174 33 42 0.9978967 
830 117 35 41 0.9965983 
575 179 24 28 0.9944376 
640 143 28 32 0.9921818 
252 169 23 29 0.99059075 
483 163 40 54 0.99042016 
912 150 24 29 0.9861085 
278 192 24 29 0.96268564 
1004 135 19 29 0.9514311 
187 208 19 25 0.945507 
127 195 22 26 0.82125443 
373 198 17 21 0.42882547 
424 178 16 21 0.27109322 
536 202 14 18 0.2351733 
156 209 17 24 0.1987467 
411 177 26 33 0.16090867 
156 202 16 20 0.14484143 
438 177 14 19 0.11705085 
167 276 13 16 0.11150667 
942 163 15 20 0.10245401 
943 156 15 18 0.08854813 
16 222 8 10 0.0742922 
101 268 9 12 0.06676195 
74 230 9 12 0.06609188 
175 204 12 17 0.057758916 
208 264 11 16 0.056896172 
58 221 9 11 0.051942337 
103 239 8 10 0.04349736 
118 200 12 17 0.04308099 
0 197 6 11 0.040968984 
31 223 8 11 0.040899143 
150 201 15 20 0.03887548 
73 261 8 11 0.03874868 
24 223 8 11 0.03671138 
150 211 15 21 0.036261756 
61 230 9 12 0.035349775 
242 287 9 13 0.0346557 
110 202 11 16 0.034598637 
795 155 15 19 0.033176403 
597 193 15 19 0.03295642 
173 193 15 19 0.032515556 
924 150 22 29 0.032027714 
25 239 8 10 0.030568298 
55 207 8 10 0.029192304 
72 316 9 12 0.029160311 
94 219 9 12 0.028240977 
221 334 9 12 0.028143894 
49 262 7 9 0.028100459 
93 199 10 14 0.027765563 
163 195 15 19 0.02750512 
0 193 7 10 0.025806671 
14 229 8 10 0.025509132 
173 205 21 27 0.025377821 
443 165 12 17 0.024986481 
78 261 7 11 0.024277419 
811 36 12 15 0.023559814 
442 184 14 19 0.023534086 
174 218 12 17 0.023339309 
23 185 7 9 0.02325285 
103 213 11 13 0.02311604 
639 106 12 16 0.022970779 
346 332 9 13 0.022600006 
157 48 473 508 0.022554306 
169 294 10 13 0.022332868 
64 186 9 13 0.022242403 
108 211 10 14 0.021788538 
164 223 13 16 0.020706976 
25 270 7 9 0.020626336 
101 232 9 11 0.020407142 
13 125 9 11 0.02011704 
62 286 7 9 0.020099783 
