0_Parade_Parade_0_286
107
957 556 58 80 0.98838484 
615 607 111 91 0.9813012 
587 565 18 24 0.9613604 
532 544 18 24 0.9354441 
902 527 18 22 0.8018357 
584 525 11 15 0.7986026 
945 502 11 15 0.4790918 
451 525 15 20 0.44098184 
351 509 14 18 0.36481738 
82 522 18 19 0.3140532 
459 529 13 18 0.27838883 
520 510 9 12 0.2685924 
612 516 9 13 0.25526407 
936 468 12 16 0.18761717 
624 504 9 13 0.18069491 
230 552 22 28 0.16943417 
652 510 9 12 0.16748309 
13 557 21 34 0.1642913 
78 551 24 31 0.16277649 
245 522 12 16 0.1517069 
291 584 23 29 0.1477033 
563 518 11 14 0.11748791 
973 508 13 16 0.106428616 
960 497 12 16 0.10120515 
470 504 11 15 0.08702883 
3 555 36 74 0.07289753 
469 533 10 15 0.07104527 
473 558 12 16 0.068966344 
884 418 24 24 0.06835177 
8 528 24 30 0.06668739 
604 543 11 14 0.06621426 
804 513 23 34 0.059999734 
599 526 9 12 0.058155503 
685 493 14 20 0.056568976 
932 529 15 20 0.05646135 
708 383 10 12 0.05534582 
468 509 13 19 0.053218074 
614 495 8 11 0.053170428 
692 488 21 30 0.05162807 
503 486 10 12 0.050773367 
510 540 13 14 0.048377346 
273 545 28 36 0.046795554 
85 502 13 15 0.04608668 
910 439 11 14 0.045314956 
537 516 9 12 0.04520143 
551 538 14 18 0.044501044 
308 465 37 35 0.0441502 
525 470 8 11 0.043139666 
610 496 7 10 0.042871397 
940 556 25 30 0.042074963 
980 541 14 15 0.041739702 
12 535 26 38 0.03970124 
597 518 9 11 0.038364787 
496 335 10 12 0.038271427 
543 526 11 15 0.037875842 
703 438 24 30 0.037361078 
212 540 47 52 0.037300833 
616 500 9 12 0.03717826 
591 517 10 12 0.035412733 
255 529 24 35 0.03476484 
362 545 13 17 0.034546923 
583 521 10 13 0.034171 
953 470 10 13 0.033740938 
5 520 38 69 0.03306489 
327 499 10 12 0.032784384 
575 540 11 13 0.032303993 
627 509 10 11 0.03225519 
345 501 23 28 0.031350918 
902 518 15 20 0.030912193 
598 512 8 11 0.03083129 
605 525 10 12 0.029948069 
464 515 13 17 0.029505227 
587 333 7 9 0.029147794 
329 480 49 55 0.029114755 
575 343 7 9 0.02862325 
765 478 10 14 0.027488148 
90 551 26 33 0.027423734 
853 168 9 11 0.026893388 
541 516 10 14 0.026166404 
344 508 14 18 0.02581301 
80 524 24 29 0.025520232 
631 558 12 16 0.02466969 
938 523 14 18 0.02419138 
516 534 12 17 0.024058377 
948 429 10 12 0.024044704 
314 480 17 18 0.023738675 
445 469 9 12 0.023483675 
440 477 11 14 0.023432096 
511 470 7 9 0.023041418 
632 525 11 14 0.022942293 
281 634 43 59 0.022883516 
550 517 12 16 0.022730568 
315 465 53 51 0.022123655 
246 519 21 27 0.022031607 
445 530 16 23 0.021929828 
895 529 15 19 0.021822266 
609 513 10 12 0.021426441 
448 464 9 12 0.021385206 
630 519 10 11 0.021323882 
453 533 14 20 0.020950506 
960 495 21 25 0.020782681 
271 552 41 52 0.020696195 
612 557 11 15 0.020685846 
549 555 13 17 0.020548167 
946 534 22 26 0.020540772 
621 495 11 14 0.020243848 
854 513 19 22 0.020210128 
