0_Parade_marchingband_1_746
59
745 86 29 41 0.99806017 
372 90 30 38 0.99805945 
424 82 28 35 0.997027 
815 93 31 42 0.99546117 
300 76 25 33 0.9952319 
141 81 34 43 0.9951807 
545 87 33 46 0.99513394 
626 109 30 37 0.99498403 
764 46 28 38 0.9936498 
597 87 31 41 0.99125224 
169 66 25 39 0.9766842 
964 183 14 16 0.9632877 
927 183 13 15 0.9277265 
452 99 23 28 0.9129328 
950 179 10 13 0.79856133 
1001 136 11 15 0.7686107 
941 133 13 17 0.72676134 
17 107 22 28 0.611032 
1003 180 12 15 0.6042927 
958 157 11 14 0.559252 
1005 161 13 18 0.41727835 
859 202 14 19 0.23757607 
923 164 10 13 0.20394102 
570 99 25 36 0.19956398 
881 180 10 13 0.09285461 
966 175 13 16 0.08629154 
772 107 22 30 0.072158925 
581 95 27 37 0.06696414 
437 91 25 32 0.058532387 
995 208 14 19 0.057031684 
865 203 15 18 0.053502414 
885 232 11 13 0.049416803 
936 207 11 14 0.047989964 
965 164 12 16 0.04486511 
577 99 16 21 0.041274287 
880 175 9 13 0.040631164 
886 175 9 12 0.03842939 
27 101 15 21 0.03595298 
888 206 10 13 0.035762217 
893 206 9 13 0.034526654 
919 169 11 14 0.034371953 
954 163 11 14 0.032391123 
971 166 12 16 0.031573873 
962 157 12 15 0.02984234 
855 199 12 18 0.029819738 
892 212 9 13 0.026094276 
889 152 8 10 0.025720784 
893 237 11 13 0.025544869 
988 173 13 15 0.02482922 
876 205 13 15 0.02402471 
936 136 12 15 0.023807375 
936 126 9 11 0.022763018 
176 302 17 20 0.021470295 
1011 180 11 15 0.021431357 
894 152 8 11 0.02142511 
900 164 12 15 0.021256184 
874 173 9 12 0.020737125 
928 134 8 12 0.020634951 
957 169 12 16 0.020000545 
