0_Parade_Parade_0_317
420
605 105 15 18 0.95449686 
223 99 12 15 0.9286612 
565 125 15 18 0.8517058 
330 74 14 17 0.844764 
172 201 23 28 0.84261644 
390 122 11 15 0.7900983 
309 80 13 15 0.77801716 
382 84 11 14 0.75905347 
960 109 13 15 0.74809307 
179 105 13 15 0.7366777 
303 102 11 14 0.7321442 
430 86 12 15 0.7127417 
275 103 11 14 0.7019839 
697 100 11 15 0.6746713 
245 89 14 18 0.6427459 
542 93 13 16 0.6354044 
645 131 13 17 0.6261442 
488 92 12 14 0.5857611 
838 122 12 15 0.5745018 
904 91 13 17 0.56993294 
567 85 11 13 0.5578749 
262 103 11 14 0.5527441 
102 68 13 15 0.532774 
162 91 12 15 0.5236056 
660 78 10 13 0.51404387 
32 93 12 15 0.4979758 
872 91 12 14 0.4926393 
468 338 58 62 0.49016163 
1000 85 22 31 0.46720138 
658 155 15 17 0.46100476 
930 72 10 13 0.42646047 
783 101 10 13 0.42641926 
388 321 14 17 0.4155307 
523 106 12 16 0.39477822 
643 78 11 15 0.3781993 
948 92 13 15 0.37044528 
686 81 12 15 0.33076355 
385 104 11 13 0.31629303 
812 92 11 14 0.31086862 
551 66 10 12 0.3076276 
8 76 12 14 0.30229017 
626 86 13 16 0.28081137 
644 107 11 13 0.27991977 
358 125 11 13 0.26477277 
479 86 10 14 0.24333704 
271 70 9 11 0.22665536 
744 115 11 13 0.22308432 
229 78 12 15 0.21729194 
819 101 13 14 0.20754066 
923 107 13 16 0.20480902 
489 67 10 12 0.20375206 
124 82 16 20 0.19705574 
699 149 10 14 0.1918394 
203 104 12 14 0.19009931 
853 92 11 13 0.18488581 
744 99 12 13 0.18127233 
412 92 9 11 0.17726122 
49 93 12 14 0.16274415 
511 90 13 15 0.16077575 
862 151 12 14 0.1567304 
712 117 12 14 0.15553963 
723 82 12 14 0.15373665 
837 71 11 12 0.15219726 
351 84 11 12 0.15184142 
182 68 11 13 0.15181735 
471 69 10 12 0.15085772 
655 102 12 14 0.14520733 
126 75 16 17 0.14244586 
800 112 9 11 0.13994984 
574 69 12 13 0.13866736 
14 91 11 13 0.13458122 
409 88 10 13 0.1286652 
57 69 11 13 0.12568188 
141 117 18 23 0.12449338 
4 108 11 14 0.12102475 
660 109 12 14 0.11846265 
788 101 11 13 0.11302346 
543 78 10 12 0.112458095 
957 66 13 15 0.10791053 
834 124 10 13 0.10620083 
482 117 13 16 0.10553555 
605 131 11 13 0.10447768 
776 84 11 14 0.103953674 
905 99 14 16 0.09961401 
705 73 9 9 0.09689475 
352 100 10 12 0.09614907 
214 160 12 16 0.09509527 
292 87 11 13 0.093599856 
237 69 10 11 0.093551524 
1006 101 14 19 0.09208125 
967 91 13 14 0.089093916 
537 98 11 14 0.086158775 
311 73 11 14 0.084858276 
297 101 11 14 0.08419395 
704 87 10 11 0.08417307 
363 126 10 12 0.082687214 
838 100 10 13 0.079730764 
741 78 9 11 0.07854428 
345 63 12 14 0.07588285 
452 70 11 13 0.073776096 
663 113 12 14 0.07206914 
548 98 13 16 0.07037582 
689 77 13 15 0.07028475 
976 108 13 13 0.07021377 
571 77 14 16 0.06946159 
357 111 11 13 0.06944748 
290 74 14 15 0.06703165 
608 69 10 12 0.06577935 
555 107 13 15 0.064878166 
372 64 11 13 0.06424554 
447 94 10 12 0.06398362 
54 78 13 14 0.06397481 
791 77 10 12 0.062432457 
287 102 11 14 0.062376093 
396 151 13 14 0.062356375 
52 85 12 13 0.06232906 
918 90 11 14 0.062257364 
46 77 13 15 0.06192663 
199 82 10 13 0.061771303 
680 84 11 13 0.060859878 
542 86 13 15 0.060391977 
187 70 11 13 0.06024805 
935 90 11 14 0.05926552 
96 93 11 13 0.059090383 
806 69 8 11 0.058535803 
307 106 10 13 0.057821196 
799 69 10 11 0.05779782 
626 77 12 14 0.05719552 
693 71 10 11 0.056469247 
884 212 13 15 0.056281015 
672 100 11 13 0.056100495 
797 102 9 11 0.055640783 
477 68 9 11 0.055579755 
12 148 14 16 0.05546843 
234 76 12 15 0.055317946 
862 64 9 11 0.055252526 
415 75 10 13 0.055116262 
758 164 12 13 0.054462273 
447 122 12 14 0.054447237 
737 77 9 11 0.05401143 
603 185 15 17 0.053705633 
614 83 12 15 0.053485297 
562 85 10 13 0.053395424 
1002 126 18 20 0.05317326 
822 119 9 12 0.05229765 
515 87 12 14 0.05195347 
975 100 13 14 0.051608883 
338 76 12 16 0.051516395 
75 70 11 13 0.050593246 
735 71 8 10 0.050256502 
263 94 11 13 0.049803004 
473 84 12 15 0.049658455 
400 87 10 12 0.049581595 
264 85 9 12 0.049546517 
817 119 9 12 0.049513318 
665 159 15 17 0.049508728 
599 129 12 14 0.04889952 
145 77 10 14 0.04873222 
417 103 9 12 0.04855214 
688 70 11 11 0.04853954 
385 118 13 15 0.048515875 
555 67 11 13 0.048499987 
476 79 12 15 0.04845694 
41 226 11 14 0.04779551 
218 100 12 15 0.04756836 
239 84 13 15 0.047346182 
349 109 12 14 0.04718296 
909 70 9 12 0.047156468 
363 323 12 15 0.047107384 
902 71 11 13 0.04706874 
470 74 12 15 0.046840686 
424 117 10 14 0.046739254 
521 76 9 12 0.046568092 
548 77 11 14 0.046279654 
271 75 11 14 0.046272498 
595 240 15 17 0.046241168 
349 115 13 15 0.045921665 
178 68 10 12 0.045755114 
118 81 15 18 0.045640558 
525 78 9 11 0.045236826 
224 82 12 14 0.045114357 
760 126 9 11 0.044962406 
952 110 11 14 0.044240247 
185 87 11 13 0.04377661 
660 72 12 13 0.043522023 
847 70 9 10 0.04347361 
855 70 9 11 0.04284047 
735 150 10 14 0.04258349 
508 123 10 13 0.042456932 
303 126 9 12 0.04244693 
4 116 11 14 0.04198971 
0 102 11 15 0.041824125 
809 88 11 14 0.041412365 
708 76 11 12 0.041293524 
608 86 10 13 0.040966682 
777 100 10 13 0.04095173 
717 122 11 14 0.040822145 
400 111 10 12 0.04069098 
288 92 11 12 0.04062406 
432 67 11 13 0.040613946 
545 70 9 12 0.04053282 
188 126 13 15 0.04051841 
392 69 9 11 0.040382694 
655 69 12 13 0.04031926 
902 210 13 16 0.04021138 
571 91 12 14 0.039979827 
257 101 11 14 0.03995189 
776 64 9 11 0.039880417 
165 202 20 23 0.03971123 
535 155 11 13 0.03948525 
397 118 10 13 0.039374854 
590 97 12 15 0.03915629 
678 78 12 14 0.038935315 
183 206 17 25 0.03888489 
709 71 9 10 0.038687665 
318 70 10 14 0.038422 
623 71 12 13 0.038057815 
759 119 9 11 0.03793503 
205 93 13 15 0.037604928 
703 116 12 15 0.03717076 
520 70 9 12 0.037104543 
119 89 13 17 0.03704674 
172 83 10 13 0.03673719 
312 361 27 30 0.036353387 
144 155 11 14 0.03622878 
354 95 12 14 0.036189873 
369 68 11 12 0.036175154 
502 86 11 15 0.03553931 
183 92 12 14 0.035411227 
756 69 11 12 0.035309173 
214 91 12 15 0.034940276 
107 75 12 15 0.034845524 
700 94 12 15 0.034694057 
808 99 10 13 0.034621242 
456 100 10 13 0.03452183 
422 102 9 11 0.034519617 
279 84 10 12 0.034341753 
791 70 11 12 0.034124617 
737 110 11 14 0.034046806 
711 94 9 12 0.034005325 
37 71 11 13 0.033925038 
853 77 12 15 0.03384724 
655 64 11 12 0.03376589 
12 71 11 14 0.03368202 
861 92 11 14 0.03358342 
189 75 12 14 0.033423472 
612 132 12 14 0.033105817 
180 163 17 20 0.032910425 
941 87 13 16 0.032826114 
644 116 15 17 0.03252604 
1005 78 15 18 0.032361805 
886 87 9 13 0.03223577 
759 86 10 12 0.03219459 
821 86 10 11 0.03211692 
22 91 11 15 0.032052487 
383 139 10 14 0.032013617 
493 76 12 15 0.031967543 
6 90 13 16 0.03186484 
453 64 10 12 0.031841733 
552 118 12 16 0.03174035 
792 84 9 12 0.031696934 
503 65 9 11 0.031514965 
629 70 10 11 0.03118804 
761 92 10 12 0.031167988 
612 69 11 12 0.030994778 
576 109 13 15 0.030673623 
856 64 9 11 0.030575784 
408 127 11 14 0.03038439 
781 64 10 12 0.030063475 
684 89 13 15 0.030000843 
580 82 12 14 0.02994257 
996 75 15 17 0.029814728 
972 67 12 14 0.029785201 
340 126 13 16 0.029571537 
160 96 11 15 0.029537825 
344 115 12 14 0.02935755 
679 63 10 11 0.02919764 
596 93 12 14 0.029140778 
4 153 15 16 0.029111067 
306 83 11 14 0.028929656 
548 84 12 14 0.02886001 
181 123 14 17 0.028827166 
399 247 11 12 0.028545672 
944 96 12 16 0.028461233 
14 99 13 17 0.02841004 
364 118 10 14 0.028295662 
464 70 10 12 0.02828676 
963 101 14 17 0.028154163 
6 246 8 10 0.028067933 
639 70 10 11 0.027940245 
639 93 12 14 0.027917042 
511 97 12 15 0.027900796 
833 74 11 13 0.027896527 
255 153 11 14 0.027810678 
375 116 11 13 0.02754346 
100 81 13 17 0.027522154 
214 86 10 13 0.027518082 
251 86 12 15 0.027420785 
639 138 14 15 0.027388578 
638 151 14 17 0.02735082 
944 111 11 13 0.027346896 
765 92 11 14 0.027342971 
112 101 11 12 0.027233178 
962 65 17 18 0.02696783 
140 111 16 20 0.026810491 
798 94 9 13 0.02635239 
63 135 9 11 0.026332323 
766 117 10 12 0.026285052 
865 187 14 17 0.026006306 
0 93 10 14 0.025976332 
568 70 12 14 0.025963819 
590 126 12 16 0.025941141 
726 91 13 16 0.025812224 
374 102 10 13 0.025797809 
688 100 13 14 0.025669646 
932 100 11 14 0.025595972 
797 75 10 12 0.02559081 
592 71 10 13 0.02558217 
343 83 11 13 0.025560206 
460 94 12 13 0.025506917 
838 85 10 14 0.02550114 
803 117 11 16 0.025435936 
728 71 10 11 0.025354005 
645 93 11 14 0.025353687 
767 100 10 12 0.025332548 
757 74 11 14 0.025331907 
189 91 10 13 0.025231462 
978 93 12 15 0.025182629 
50 247 9 11 0.025161723 
753 64 9 11 0.025148291 
302 116 11 14 0.025074642 
1000 105 22 26 0.024722842 
518 64 10 11 0.024643522 
269 83 10 13 0.024634589 
461 75 13 15 0.02461579 
830 100 11 14 0.024614748 
511 68 9 11 0.0245621 
660 94 12 16 0.024461612 
463 63 10 11 0.024459973 
725 165 10 12 0.024432689 
930 107 12 15 0.024400314 
169 79 10 12 0.0243356 
428 116 11 14 0.024251482 
767 70 9 10 0.024187587 
671 71 9 10 0.023968885 
733 100 13 14 0.023896107 
366 83 11 13 0.023842372 
901 217 13 17 0.023814011 
176 121 12 15 0.023742214 
925 91 11 14 0.023678899 
187 101 12 15 0.02364968 
742 72 9 10 0.023638198 
695 143 13 16 0.023554353 
526 95 11 14 0.023548653 
72 132 11 13 0.023520872 
454 82 11 14 0.023488276 
434 89 12 15 0.023432532 
804 123 11 16 0.023347965 
842 119 12 15 0.023336424 
735 83 10 13 0.023169637 
774 90 13 15 0.02296455 
399 91 9 12 0.022963785 
451 117 13 16 0.02291071 
187 108 11 13 0.022874393 
63 141 9 10 0.022838533 
454 94 11 14 0.02281719 
678 93 11 14 0.022695504 
31 71 13 14 0.022542814 
911 312 9 12 0.022463974 
447 85 11 14 0.022256417 
0 120 12 17 0.022220936 
34 87 15 16 0.022198811 
199 93 13 16 0.022178626 
446 100 10 13 0.022153435 
918 114 12 14 0.022126222 
23 76 10 13 0.022122663 
119 70 12 14 0.022104027 
46 90 21 22 0.02207621 
519 126 11 13 0.021990322 
715 111 12 15 0.02186214 
184 129 14 18 0.021589238 
831 88 10 12 0.021564486 
926 82 12 15 0.02155672 
400 102 9 12 0.021532826 
623 98 12 17 0.021517219 
349 164 10 12 0.021455327 
668 109 11 14 0.021454064 
204 85 11 13 0.021417398 
791 95 10 13 0.02139457 
607 149 11 13 0.021285394 
832 93 11 14 0.021269018 
56 150 12 15 0.021264236 
368 102 10 13 0.021210589 
392 64 8 11 0.021206217 
673 85 9 12 0.021055678 
177 114 14 17 0.020985419 
839 107 11 13 0.02094906 
728 99 11 14 0.02091579 
573 115 14 15 0.020821935 
111 82 11 15 0.02074383 
830 159 13 14 0.020639317 
266 69 9 11 0.02062133 
907 253 14 15 0.02060762 
119 108 12 14 0.020605167 
312 364 14 18 0.020602819 
688 108 12 14 0.0205589 
1011 113 12 19 0.02054303 
424 92 10 13 0.020507682 
615 80 21 24 0.02033793 
1 69 10 12 0.020329455 
438 117 12 15 0.020288678 
449 75 12 15 0.020288358 
397 68 9 11 0.020286564 
646 71 11 13 0.020252846 
566 191 11 13 0.020248815 
405 116 10 14 0.020226872 
816 105 12 15 0.020165049 
694 112 13 17 0.020125939 
622 130 12 15 0.020116959 
255 78 9 12 0.020005288 
