0_Parade_marchingband_1_556
32
969 256 29 36 0.9960977 
347 254 29 33 0.9941533 
148 287 32 45 0.9932854 
640 257 29 38 0.9909378 
497 283 29 35 0.9901866 
450 278 22 29 0.9870934 
746 240 30 32 0.9854047 
83 263 25 31 0.9717444 
565 303 38 52 0.9715646 
720 235 23 27 0.9528649 
557 254 20 24 0.93206763 
282 263 20 26 0.74741375 
284 251 21 29 0.38092875 
206 299 16 21 0.24939613 
180 317 16 21 0.1424176 
212 294 13 17 0.12987405 
171 303 24 35 0.07465092 
84 309 24 32 0.06560975 
530 254 16 21 0.056319244 
757 245 27 34 0.046909276 
428 288 16 22 0.030679794 
585 415 38 38 0.03056367 
96 307 22 32 0.026804322 
1008 265 14 20 0.026709592 
136 278 30 43 0.025568217 
234 283 17 20 0.025397465 
218 292 12 18 0.024986539 
180 328 15 20 0.022672366 
182 306 21 27 0.021641709 
0 569 9 14 0.020335851 
51 388 14 21 0.020047901 
199 304 17 21 0.020020083 
