0_Parade_Parade_0_288
90
507 210 13 16 0.8160084 
591 340 14 18 0.6400709 
749 329 15 18 0.53079504 
461 199 11 14 0.52160954 
298 389 10 13 0.41448572 
425 217 10 12 0.406123 
374 216 9 11 0.40559953 
498 171 12 14 0.32726732 
703 407 10 12 0.32709166 
411 211 11 14 0.21119171 
784 384 10 13 0.14940093 
352 250 11 13 0.12801078 
697 348 9 11 0.12635083 
659 360 10 13 0.12427425 
714 396 8 11 0.11663712 
701 349 9 10 0.11428778 
875 420 11 14 0.1139064 
468 198 11 14 0.09628246 
628 358 11 15 0.09432638 
476 219 11 14 0.08092236 
713 337 9 11 0.077969015 
647 366 10 12 0.07651447 
226 408 8 10 0.07267798 
157 337 13 16 0.06945758 
649 358 9 11 0.064781435 
338 345 14 18 0.06362877 
349 196 9 12 0.063589826 
574 331 10 12 0.05687492 
777 414 9 12 0.056706987 
662 344 8 11 0.053716186 
729 381 9 11 0.05318121 
593 366 10 13 0.048849132 
702 328 7 9 0.048184853 
504 342 10 12 0.04765386 
524 228 10 15 0.045558006 
421 200 9 12 0.037288688 
559 202 11 14 0.037188347 
536 393 13 17 0.037135325 
636 325 10 13 0.036967415 
649 351 9 11 0.036716186 
656 343 8 10 0.036272112 
131 314 12 15 0.03614263 
633 332 11 15 0.03540835 
865 461 12 13 0.035237227 
582 422 11 15 0.035193242 
689 428 8 11 0.03507312 
514 211 14 16 0.034354422 
488 221 10 13 0.03432679 
133 308 13 16 0.03393571 
655 351 8 10 0.033541586 
575 319 9 13 0.033440746 
264 429 10 12 0.033240438 
796 405 9 12 0.033195376 
165 311 9 10 0.03266504 
689 389 8 11 0.031038567 
534 326 10 12 0.030246992 
78 337 13 17 0.026888398 
183 353 9 12 0.026264044 
463 211 11 15 0.02625831 
649 341 9 12 0.02610175 
403 186 16 18 0.025728803 
152 333 13 18 0.025695847 
574 223 14 17 0.02487977 
830 416 8 10 0.0246336 
672 348 9 11 0.024624715 
141 307 12 16 0.024428243 
697 370 10 13 0.024250042 
566 405 13 13 0.024164988 
232 424 10 14 0.023867235 
686 404 10 12 0.02366024 
414 198 13 14 0.023617428 
326 228 10 13 0.02352556 
641 395 16 18 0.023235241 
186 335 10 13 0.022650385 
763 394 13 15 0.022406297 
412 228 9 12 0.02236292 
758 383 10 13 0.0221304 
436 213 10 11 0.022090739 
405 205 19 24 0.022019148 
679 360 11 13 0.02197103 
597 429 9 12 0.0215185 
702 381 8 11 0.021235079 
292 404 12 16 0.021092031 
463 219 9 13 0.021029707 
516 195 15 18 0.020806314 
649 335 9 12 0.020596767 
743 323 15 21 0.02052767 
135 352 10 12 0.020299524 
341 440 10 12 0.02018078 
509 245 11 14 0.02014196 
