0_Parade_Parade_0_850
79
623 289 31 37 0.9967648 
941 284 28 36 0.9944693 
484 299 24 29 0.99206597 
835 294 28 40 0.99102706 
189 317 15 18 0.9880314 
748 303 26 31 0.9851714 
364 312 22 26 0.9805783 
250 315 19 24 0.97530806 
74 319 14 19 0.9445913 
153 315 17 20 0.9417134 
126 317 14 19 0.8982409 
990 328 13 19 0.88668203 
34 320 14 16 0.86540914 
542 334 13 16 0.72921616 
758 253 23 28 0.7042428 
52 326 10 13 0.7039399 
850 234 28 33 0.39152864 
946 233 26 32 0.38528857 
196 290 15 18 0.36775854 
640 241 24 26 0.3474312 
260 274 22 25 0.32104877 
857 334 16 20 0.26857096 
82 292 17 20 0.2536522 
4 327 11 13 0.1938505 
662 258 25 30 0.16792382 
226 325 13 16 0.16151127 
372 269 17 20 0.139179 
11 341 14 15 0.11897556 
271 313 14 19 0.11666585 
0 313 11 17 0.10624654 
407 326 8 10 0.10253232 
378 296 12 16 0.088929445 
1009 299 15 23 0.087166935 
377 235 11 14 0.07988751 
162 277 16 18 0.077925734 
42 289 14 16 0.07015184 
121 296 16 17 0.068438806 
6 299 14 17 0.067077115 
90 293 15 19 0.06460581 
863 328 18 25 0.05757252 
907 305 18 21 0.054927383 
877 328 15 19 0.05329898 
83 305 13 16 0.04972539 
62 323 12 15 0.04676312 
163 309 15 18 0.045298126 
320 67 88 115 0.045125287 
44 309 11 13 0.044830985 
38 310 14 17 0.04262766 
492 251 22 26 0.04235468 
52 320 12 15 0.040799104 
354 272 9 13 0.040679246 
78 310 15 19 0.040042922 
172 316 11 16 0.038856417 
95 316 14 19 0.03728863 
370 296 20 29 0.03483516 
46 318 12 16 0.03473858 
272 185 13 17 0.033797167 
400 327 10 12 0.032189704 
263 297 12 16 0.031478528 
381 69 53 62 0.030996906 
81 321 13 18 0.030436555 
68 346 13 15 0.029034223 
647 249 26 30 0.027103243 
881 202 28 35 0.025230225 
135 273 13 16 0.025070807 
0 305 16 19 0.025064794 
35 292 20 25 0.0246756 
525 371 11 15 0.024023542 
781 289 25 31 0.023695968 
901 157 12 17 0.023445226 
866 242 16 21 0.022776894 
191 296 15 17 0.02137111 
166 304 11 13 0.021278923 
914 314 16 21 0.021176035 
854 284 24 31 0.021058392 
201 285 14 17 0.020954506 
648 235 18 23 0.02024158 
685 115 445 485 0.02020926 
126 269 10 13 0.020153886 
