0_Parade_Parade_0_443
65
687 303 70 81 0.9992623 
522 212 71 83 0.9980155 
371 235 51 67 0.99795806 
215 274 28 45 0.9837372 
302 176 38 55 0.9801732 
214 236 23 29 0.9571004 
64 256 10 13 0.75967556 
791 210 18 31 0.7063852 
128 260 10 12 0.58294266 
152 267 10 13 0.52104837 
111 330 15 20 0.3207843 
118 276 9 11 0.18496476 
135 317 11 14 0.17664768 
812 178 11 14 0.17137258 
462 266 14 16 0.16257685 
119 291 10 13 0.12118284 
69 283 9 12 0.10578794 
842 393 67 87 0.090816446 
809 142 8 10 0.09053689 
1 254 9 14 0.08924567 
49 329 13 18 0.0841557 
111 257 8 10 0.0750049 
78 271 9 11 0.06343407 
35 283 26 34 0.062810674 
86 255 7 10 0.060074773 
64 317 13 16 0.05970201 
105 256 8 10 0.05689293 
468 262 12 16 0.053486623 
119 259 10 13 0.049704853 
161 254 8 11 0.048909813 
807 173 12 18 0.043757793 
156 263 10 14 0.041934215 
456 265 13 18 0.039076302 
125 286 9 14 0.03895052 
45 286 14 19 0.03789163 
400 439 12 12 0.03695359 
165 254 8 11 0.036789365 
88 262 8 11 0.036263857 
102 261 8 11 0.03422114 
153 256 8 11 0.03340008 
39 295 15 20 0.03333899 
53 278 9 11 0.032640476 
57 253 10 15 0.032385953 
95 263 9 11 0.031047262 
417 245 24 36 0.03001268 
78 276 10 14 0.029355412 
113 259 9 11 0.029147707 
134 268 8 11 0.029074788 
86 336 13 17 0.02863537 
104 316 8 11 0.028075514 
5 381 13 18 0.027628101 
667 618 30 44 0.02761054 
65 279 10 14 0.025204573 
145 267 10 13 0.024674335 
634 310 9 13 0.023556376 
126 278 9 12 0.023325298 
504 286 13 17 0.023002116 
94 313 9 11 0.022599256 
428 248 14 19 0.021993225 
80 284 10 13 0.021991637 
129 317 11 15 0.021773117 
54 247 21 26 0.020929458 
807 166 10 14 0.020714873 
68 322 11 15 0.020701043 
86 279 9 12 0.020146875 
