0_Parade_Parade_0_239
33
902 280 33 41 0.9978752 
395 285 32 39 0.9974464 
506 292 30 34 0.99572587 
274 303 24 30 0.9953382 
501 375 32 41 0.9947907 
227 319 34 38 0.99474597 
352 293 32 42 0.99247324 
708 292 22 29 0.9914586 
879 326 35 41 0.9911576 
747 289 33 39 0.9842129 
609 295 27 33 0.9816144 
832 308 14 17 0.737156 
854 309 14 18 0.560158 
6 299 11 13 0.3362946 
65 431 16 23 0.1529084 
484 278 20 28 0.14403641 
38 297 29 35 0.09353269 
52 299 14 17 0.06414761 
705 256 9 12 0.056145657 
374 325 25 32 0.055795398 
846 306 19 24 0.05331419 
57 378 17 21 0.052997395 
60 293 12 17 0.04587577 
616 244 12 14 0.038409688 
677 275 14 17 0.038004328 
63 282 13 18 0.033502493 
962 314 16 20 0.030600064 
488 319 16 24 0.027308403 
821 305 13 18 0.025607126 
2 294 18 24 0.022411825 
192 300 24 31 0.022360701 
900 244 18 23 0.021181336 
258 0 43 28 0.020053651 
