0_Parade_Parade_0_102
145
525 538 20 27 0.9813116 
184 535 20 25 0.97616655 
267 530 17 23 0.9716475 
82 539 17 21 0.9703734 
661 526 22 25 0.9647514 
741 536 18 22 0.9564218 
423 538 19 22 0.9535202 
933 438 24 29 0.9428526 
58 541 18 24 0.93868405 
222 531 11 14 0.9375046 
379 543 14 17 0.9158421 
593 523 21 25 0.9151019 
492 519 20 23 0.9025348 
806 446 26 29 0.8364947 
329 542 17 22 0.83306164 
865 540 18 21 0.80512226 
375 524 10 12 0.6723084 
47 529 11 14 0.6222571 
636 541 12 16 0.6222285 
293 526 11 14 0.5497705 
326 530 16 18 0.4104179 
549 539 18 21 0.38958117 
136 529 9 10 0.3349642 
515 525 13 17 0.25483072 
745 513 16 18 0.2480681 
292 501 13 14 0.23893142 
365 540 9 12 0.22190155 
304 536 10 12 0.21848981 
843 566 20 24 0.19419746 
31 526 8 11 0.18993074 
301 539 10 13 0.17670359 
65 522 10 13 0.16429545 
613 525 12 17 0.15987906 
113 551 10 13 0.152746 
111 555 9 13 0.15009594 
716 531 10 14 0.14285362 
419 523 12 14 0.14256564 
95 641 10 15 0.135712 
405 508 8 11 0.13306403 
10 533 8 11 0.12755759 
29 649 9 12 0.124072894 
297 542 10 14 0.122333474 
132 550 10 13 0.10971462 
710 652 13 16 0.10917643 
962 496 26 32 0.10719466 
362 487 7 9 0.09876232 
126 532 9 12 0.08190128 
797 507 23 30 0.081740335 
389 471 8 10 0.07674769 
534 536 20 28 0.075098835 
151 394 12 14 0.07379547 
643 541 12 16 0.06943343 
557 534 14 18 0.06902072 
503 520 20 24 0.06854273 
11 528 7 10 0.06680055 
93 523 13 17 0.06390839 
30 533 9 10 0.06363438 
26 528 7 10 0.06209103 
743 498 22 26 0.061964538 
415 425 8 9 0.06089065 
394 637 11 15 0.05875671 
321 531 11 14 0.058561195 
425 421 7 10 0.055267736 
415 429 7 10 0.054536443 
631 523 12 15 0.053080622 
186 509 9 13 0.05278709 
33 521 9 11 0.051351618 
740 518 22 25 0.050042912 
765 502 24 32 0.049295872 
478 525 10 14 0.0482727 
105 391 9 11 0.046188638 
473 480 7 9 0.044809617 
975 543 17 21 0.043612514 
117 556 9 12 0.042892545 
701 550 14 16 0.04149862 
351 496 8 9 0.041497745 
105 556 11 14 0.040175118 
495 652 9 12 0.03867301 
25 533 8 10 0.03742056 
337 539 16 21 0.03712499 
151 542 9 12 0.036749396 
142 548 9 12 0.03668201 
289 529 12 15 0.03664513 
753 497 15 18 0.03613699 
128 555 10 13 0.03510677 
964 517 28 37 0.034554206 
565 524 8 12 0.03388274 
87 517 11 14 0.033505928 
361 536 10 13 0.032414824 
479 448 7 9 0.03226482 
863 523 13 16 0.03185822 
78 517 9 12 0.031063732 
969 491 16 18 0.030217143 
479 478 7 9 0.029491857 
692 528 13 17 0.029457437 
459 647 11 13 0.02924665 
321 539 11 15 0.028598996 
1 516 6 10 0.028455675 
804 518 17 24 0.02815784 
718 536 12 16 0.02809857 
566 654 11 13 0.028094117 
237 632 11 14 0.028042413 
286 505 15 16 0.027753567 
68 531 13 15 0.027459623 
186 502 8 11 0.027313005 
128 542 11 13 0.027311979 
373 528 13 16 0.026736192 
686 530 12 17 0.026471363 
748 508 23 26 0.026413666 
87 522 13 16 0.026053919 
713 527 11 15 0.025995124 
376 494 8 9 0.025692577 
209 516 9 13 0.025611594 
734 512 37 45 0.025216836 
248 524 10 13 0.025209166 
809 437 20 24 0.024825906 
868 519 12 14 0.024809618 
834 522 16 20 0.02477355 
560 526 12 14 0.024642754 
524 523 12 16 0.024616497 
101 397 9 11 0.024608245 
206 524 10 14 0.024100836 
213 514 9 13 0.024100544 
39 524 8 12 0.023974638 
860 533 17 21 0.023854086 
41 534 9 12 0.023803873 
312 527 9 12 0.023342289 
31 567 9 10 0.02327543 
122 528 8 11 0.022031022 
822 549 25 30 0.02195362 
456 481 8 10 0.021881266 
526 518 10 13 0.02165763 
853 537 17 23 0.021645673 
30 583 9 11 0.021599142 
320 545 12 17 0.021150716 
839 523 21 30 0.021033417 
308 540 10 13 0.021008227 
299 526 10 13 0.020989632 
347 538 12 17 0.020896193 
393 495 6 9 0.0208125 
391 510 8 10 0.020191038 
685 558 14 19 0.0201796 
481 471 7 10 0.020166574 
207 531 11 14 0.020090198 
161 640 9 12 0.020062726 
