0_Parade_marchingband_1_156
27
568 250 62 67 0.99927944 
168 249 63 73 0.99632925 
870 186 82 104 0.9943619 
708 353 13 16 0.15309012 
352 335 21 27 0.1385167 
42 312 14 17 0.13025835 
660 91 12 16 0.107782826 
687 10 12 14 0.103810094 
705 91 11 15 0.0897105 
5 241 13 15 0.08095347 
405 191 13 15 0.055955935 
89 217 15 16 0.044417385 
4 331 15 18 0.041455906 
361 331 16 20 0.037140142 
315 344 18 22 0.036537167 
1009 210 13 17 0.03456085 
384 175 10 13 0.030873798 
566 76 10 14 0.029730292 
889 2 16 16 0.025535889 
671 173 12 14 0.025529992 
280 248 28 43 0.023267582 
465 380 53 60 0.022824034 
948 253 17 19 0.02280339 
29 246 17 21 0.022555398 
564 128 14 18 0.022527589 
509 111 14 19 0.021008331 
595 11 12 15 0.020187229 
