0_Parade_Parade_0_137
55
751 450 15 22 0.8950879 
715 447 14 20 0.8855992 
953 460 15 23 0.68051136 
705 350 23 28 0.6048274 
662 486 15 20 0.52268857 
660 450 14 16 0.20060983 
0 434 10 15 0.19960228 
546 325 61 52 0.09834555 
101 277 28 36 0.09186594 
900 367 15 18 0.08424024 
580 391 32 41 0.08370301 
303 340 39 36 0.07839183 
133 309 47 38 0.074799754 
247 423 15 19 0.06781073 
661 463 15 19 0.056592353 
63 343 11 13 0.05572029 
1006 335 11 15 0.05315266 
865 353 18 23 0.04773652 
964 486 21 24 0.043210912 
237 470 14 16 0.04210275 
382 481 13 18 0.04100559 
506 351 17 20 0.040030554 
1014 315 9 14 0.03916953 
1002 381 17 22 0.038744453 
356 350 11 13 0.03776204 
56 262 18 22 0.036728088 
884 340 11 13 0.036581587 
379 347 12 14 0.033981238 
998 513 14 18 0.031639993 
658 475 22 27 0.0302367 
903 340 15 16 0.030208271 
748 522 13 15 0.030194221 
0 453 10 18 0.02843455 
1000 334 11 14 0.028338274 
649 460 10 14 0.026809791 
102 408 12 13 0.026434045 
444 324 36 35 0.026010945 
397 344 10 11 0.025854368 
875 383 18 20 0.025751172 
946 315 16 19 0.025564095 
654 460 13 16 0.025428299 
349 350 13 15 0.0247137 
665 446 16 18 0.023968263 
443 363 28 30 0.023460362 
87 437 11 13 0.022570485 
932 373 17 22 0.022568269 
988 389 26 31 0.022063108 
1011 443 13 18 0.021807969 
4 329 14 19 0.021446276 
926 307 10 13 0.02134541 
900 341 21 25 0.021162914 
372 376 15 18 0.02086713 
55 350 8 12 0.020377269 
68 374 12 13 0.020251062 
702 357 16 21 0.02013571 
