0_Parade_Parade_0_29
78
542 163 61 75 0.9986481 
979 186 34 41 0.995777 
315 233 32 38 0.99538934 
239 233 23 29 0.99033386 
802 163 39 52 0.98854864 
193 240 21 24 0.9771732 
706 244 17 22 0.9702073 
161 250 16 18 0.9615483 
487 235 16 18 0.91709197 
421 248 21 21 0.8698466 
121 244 11 15 0.81796634 
746 243 18 24 0.81766766 
141 251 13 16 0.8138521 
294 242 13 17 0.7772269 
357 241 15 18 0.7700758 
510 244 14 16 0.47441798 
586 239 27 29 0.4605771 
670 240 8 11 0.31873733 
647 240 8 10 0.29487386 
859 232 25 29 0.27366728 
103 252 9 12 0.24978547 
56 237 9 11 0.22167055 
421 225 12 14 0.2176813 
689 248 12 16 0.1826197 
93 228 12 15 0.16746779 
615 253 14 17 0.16544178 
130 228 10 13 0.16161816 
406 241 12 16 0.14896277 
677 238 9 11 0.13719724 
461 252 10 12 0.11890204 
653 248 9 11 0.092783265 
62 238 8 11 0.08871837 
351 246 23 30 0.077250205 
376 252 10 13 0.076354 
220 253 13 16 0.07592737 
78 227 9 12 0.075852394 
867 235 34 39 0.07006216 
415 241 20 24 0.06858769 
45 253 9 11 0.065899506 
28 222 16 20 0.0512913 
666 243 8 12 0.05012632 
457 247 10 12 0.047653332 
417 224 10 11 0.04608146 
33 246 12 14 0.042173896 
149 229 10 13 0.041457914 
76 254 10 12 0.04132416 
470 247 11 13 0.040344063 
77 263 9 10 0.03909494 
62 254 8 9 0.03795257 
599 244 15 17 0.037669744 
48 231 8 12 0.03438834 
447 235 8 12 0.033854604 
89 262 8 11 0.033326566 
112 245 11 13 0.032734934 
454 237 10 13 0.032678425 
519 228 12 14 0.032482613 
728 220 11 13 0.031706106 
716 224 12 16 0.030975958 
407 222 8 10 0.030924074 
61 245 9 11 0.030435063 
68 238 9 11 0.02965817 
73 269 9 12 0.02898768 
57 254 8 10 0.02491842 
39 268 10 13 0.024778116 
72 247 9 10 0.02463986 
0 274 8 12 0.024536686 
180 259 13 16 0.024434296 
441 231 9 14 0.022984797 
49 236 9 11 0.022771524 
97 253 9 11 0.022466607 
109 253 10 12 0.022445569 
25 221 12 17 0.02133232 
79 246 8 11 0.021199727 
733 260 11 17 0.021198425 
80 238 10 12 0.020863809 
381 252 10 12 0.020590652 
125 239 12 15 0.020031787 
98 247 9 12 0.020002827 
