0_Parade_marchingband_1_525
133
764 437 16 20 0.98194516 
676 380 22 27 0.9767909 
38 426 15 17 0.97423947 
400 385 23 26 0.9613528 
538 396 18 22 0.9610895 
290 394 21 25 0.95038354 
193 375 23 27 0.9440335 
899 422 19 24 0.9422751 
837 420 12 16 0.8762345 
133 414 19 21 0.8491876 
859 484 14 18 0.838137 
120 410 12 15 0.7383007 
983 462 12 16 0.72465366 
781 422 11 14 0.6277666 
956 467 13 18 0.44491664 
483 485 13 15 0.44063878 
813 429 12 14 0.38479412 
814 421 12 14 0.37073338 
456 475 12 15 0.32869402 
624 414 11 14 0.29969096 
9 424 9 11 0.29737705 
260 396 14 19 0.28743097 
708 466 13 14 0.26096016 
733 399 14 18 0.24977656 
330 394 13 18 0.2388562 
156 418 10 14 0.22751832 
797 431 10 13 0.21871394 
950 473 15 20 0.21270517 
97 456 8 11 0.19840597 
944 435 12 15 0.19581613 
796 421 11 13 0.1695377 
976 461 13 16 0.14975177 
1013 526 10 14 0.13375637 
240 389 12 16 0.12282563 
77 424 9 12 0.12055848 
332 387 14 18 0.11542045 
90 420 9 12 0.10292994 
317 535 11 14 0.10135855 
553 551 8 11 0.09706097 
582 423 10 12 0.09620171 
348 401 14 21 0.09505047 
926 429 12 16 0.08991479 
62 424 8 12 0.084147856 
375 490 11 14 0.081222706 
168 397 11 14 0.08034996 
831 416 12 18 0.08034282 
728 397 13 18 0.07736279 
88 435 10 13 0.07718485 
25 429 9 12 0.076765664 
939 495 14 17 0.07520232 
813 454 10 13 0.07245562 
23 424 10 13 0.069686405 
883 407 11 13 0.06071064 
546 376 12 17 0.05917384 
511 416 9 11 0.059015643 
530 566 7 9 0.059011616 
157 324 11 13 0.05885955 
511 502 10 13 0.057976864 
450 460 12 14 0.056328304 
428 419 12 14 0.05597471 
222 325 11 13 0.052819453 
394 505 12 15 0.052773975 
573 411 9 12 0.052315235 
353 396 15 19 0.05074975 
342 406 14 21 0.050180852 
790 421 10 13 0.04915281 
428 489 13 15 0.048119534 
144 414 19 23 0.046070334 
710 502 14 20 0.04592952 
625 549 8 10 0.045016546 
917 412 10 14 0.044036474 
774 426 15 18 0.0436076 
429 556 9 11 0.042578027 
583 549 9 11 0.04251779 
371 411 12 14 0.042415272 
366 404 15 17 0.039874356 
11 427 10 12 0.039740596 
736 435 12 16 0.03903597 
618 412 12 16 0.038661942 
265 399 14 20 0.037778243 
932 433 12 15 0.03773907 
70 476 9 13 0.03755882 
0 424 7 9 0.036801722 
54 430 8 12 0.035935517 
776 414 12 16 0.035843287 
805 434 12 14 0.03489351 
820 435 11 13 0.03437236 
33 427 13 15 0.033951286 
924 444 13 15 0.033895276 
585 414 10 14 0.033736475 
920 427 12 17 0.03285568 
69 410 10 12 0.03245575 
174 368 15 20 0.03239287 
524 504 10 13 0.031773876 
738 519 25 28 0.03065563 
577 427 11 13 0.030105155 
334 407 14 20 0.029945394 
568 541 11 12 0.029265203 
975 475 14 17 0.028968167 
809 421 11 13 0.028684117 
494 503 9 12 0.0286819 
519 503 11 13 0.028481994 
567 402 14 18 0.028136183 
448 468 11 14 0.027757457 
558 426 9 13 0.027705232 
340 395 14 19 0.027641451 
950 463 15 19 0.027232835 
900 524 12 16 0.026831903 
293 361 10 13 0.02642731 
327 462 12 14 0.02632808 
238 404 11 15 0.02587693 
0 429 8 12 0.025552666 
734 419 13 14 0.025435409 
547 531 11 13 0.024851006 
294 543 8 10 0.024265865 
256 391 12 17 0.023843205 
211 386 13 18 0.023809897 
742 440 12 16 0.023501625 
52 462 9 11 0.023414023 
733 409 14 18 0.023281882 
474 534 9 12 0.023248568 
271 410 13 17 0.022304978 
330 380 13 16 0.021887586 
557 394 14 20 0.021858418 
73 426 9 13 0.021537453 
815 418 18 22 0.021180281 
24 534 10 16 0.021015214 
22 476 10 13 0.020880364 
0 408 8 12 0.020841556 
479 519 8 10 0.020403387 
461 471 11 16 0.020353394 
957 503 11 13 0.020226166 
993 459 13 16 0.02006242 
