0_Parade_marchingband_1_465
170
520 261 8 10 0.38566202 
128 238 7 9 0.33527702 
169 226 7 9 0.263227 
483 509 18 20 0.25773254 
82 305 7 9 0.2055753 
1008 257 8 10 0.17153703 
874 166 7 9 0.1524026 
102 236 9 11 0.13514835 
108 606 14 14 0.1297337 
597 233 8 10 0.11489928 
734 240 8 9 0.11105634 
7 263 8 11 0.10765317 
348 220 10 12 0.106495366 
911 239 8 11 0.10516943 
45 302 8 11 0.104963176 
626 237 7 10 0.101211116 
975 157 8 10 0.09834667 
793 167 7 8 0.09712349 
608 224 7 9 0.09594402 
984 137 7 8 0.09547584 
655 253 7 10 0.088914484 
519 205 8 11 0.08723191 
801 205 7 9 0.086836405 
769 159 6 8 0.07759909 
817 208 8 11 0.076912515 
721 201 8 9 0.071158946 
85 303 7 10 0.07101383 
595 237 8 10 0.06685676 
128 167 7 9 0.06309156 
390 210 9 12 0.06260981 
705 199 7 9 0.062403522 
679 187 10 12 0.059363488 
89 236 8 10 0.058336306 
662 240 7 10 0.05343448 
901 143 7 9 0.052128587 
662 244 8 11 0.051606186 
619 262 6 9 0.05108456 
946 158 6 8 0.050941814 
918 152 6 8 0.05056272 
877 167 6 9 0.04976014 
117 302 10 12 0.04942988 
294 261 9 12 0.0477078 
114 604 13 15 0.047378436 
765 199 8 12 0.046881888 
838 141 7 9 0.045892365 
238 259 9 13 0.04579043 
983 245 9 10 0.04521874 
90 223 6 8 0.04486894 
3 269 9 14 0.04453624 
784 205 7 9 0.044423636 
665 256 8 11 0.044391386 
330 218 13 16 0.044312444 
928 280 8 11 0.043142498 
160 263 7 9 0.042523816 
815 168 7 8 0.042493686 
697 233 8 9 0.042424433 
30 238 9 12 0.04239974 
430 217 8 10 0.042230975 
832 175 7 9 0.041637897 
176 238 9 11 0.04056959 
697 237 7 10 0.040324356 
40 239 7 10 0.039559465 
730 240 8 10 0.039447423 
623 255 7 9 0.03936911 
479 246 8 10 0.039102558 
0 332 8 12 0.038784824 
226 254 8 10 0.037378967 
972 295 8 10 0.037280254 
670 260 7 9 0.03722622 
486 237 8 11 0.036170322 
346 166 7 8 0.03553135 
190 191 7 9 0.034776535 
933 268 8 10 0.034419317 
534 166 7 9 0.034402817 
98 246 8 9 0.03438509 
922 226 7 9 0.03433873 
785 201 7 9 0.03411299 
792 216 7 9 0.03392834 
608 228 7 10 0.033178285 
871 161 8 11 0.032677867 
945 175 6 8 0.03255451 
922 182 7 10 0.031718735 
105 597 18 19 0.03156281 
465 257 8 10 0.03110045 
382 161 10 12 0.030965948 
878 130 7 8 0.030850174 
703 189 8 11 0.030768206 
519 166 7 9 0.030736629 
96 256 8 10 0.030436473 
506 71 7 9 0.030246692 
49 278 7 10 0.03015639 
426 221 8 10 0.030100202 
744 198 7 10 0.029987214 
317 210 9 13 0.02983289 
78 232 6 9 0.029810898 
848 161 7 9 0.02898828 
321 165 9 12 0.028804574 
230 249 7 9 0.028703421 
350 215 9 12 0.028346326 
502 182 8 11 0.02807466 
879 150 7 8 0.027488345 
632 254 6 9 0.027468499 
921 280 7 9 0.02723381 
73 238 6 9 0.027091932 
54 277 7 10 0.02695705 
711 200 6 9 0.026954904 
550 175 8 11 0.026766734 
858 222 7 10 0.026266739 
877 225 9 11 0.026170377 
806 207 8 10 0.026140913 
709 264 7 8 0.02593241 
729 160 6 7 0.025744684 
94 232 8 10 0.02564529 
128 246 7 9 0.025515499 
792 161 7 9 0.025487553 
921 144 7 9 0.025387388 
366 248 7 9 0.025372965 
960 193 7 9 0.025328398 
152 281 8 10 0.025196157 
658 248 7 9 0.025149807 
663 232 8 10 0.025073627 
663 277 9 11 0.025040051 
253 113 8 10 0.02495959 
26 224 7 10 0.024837697 
927 237 8 11 0.02483751 
649 255 8 9 0.024791416 
497 214 16 18 0.024687113 
487 232 9 13 0.02448272 
624 246 8 11 0.02442509 
607 254 7 9 0.024258733 
725 200 8 10 0.024228938 
271 292 9 11 0.024118831 
295 253 8 13 0.024101727 
80 256 8 11 0.023799362 
831 158 7 8 0.023705093 
559 233 7 8 0.023681512 
358 209 8 10 0.023633853 
874 150 7 9 0.023453524 
463 179 9 11 0.023281764 
881 213 8 10 0.02325908 
703 254 8 10 0.023211202 
25 191 7 9 0.023124795 
21 320 9 10 0.02300547 
854 129 7 8 0.022836598 
848 165 7 10 0.022550365 
791 200 7 9 0.022166643 
958 198 7 9 0.022097168 
146 287 6 9 0.022056198 
512 255 7 9 0.021784293 
96 302 7 9 0.02168904 
0 245 7 12 0.021677304 
701 231 8 10 0.02161869 
175 244 8 10 0.021588383 
86 257 8 11 0.021516442 
300 259 9 13 0.021235514 
662 197 9 11 0.020931095 
608 215 9 11 0.02088257 
826 221 8 10 0.020859336 
285 135 9 11 0.020833498 
831 181 7 10 0.02070236 
74 233 7 9 0.020598017 
230 259 12 14 0.020578887 
902 174 7 9 0.0203155 
959 135 6 9 0.020297812 
824 189 7 10 0.020215165 
185 279 7 9 0.020201506 
927 142 6 9 0.020148538 
847 207 7 9 0.020050481 
974 210 8 10 0.02004725 
391 182 8 9 0.020026434 
