0_Parade_Parade_0_490
221
770 556 109 141 0.999401 
176 200 48 62 0.9987771 
767 319 63 81 0.9987607 
473 332 50 64 0.99868006 
384 352 58 73 0.9984719 
594 283 50 61 0.99841213 
716 89 32 37 0.99834716 
102 183 44 55 0.9983365 
503 154 31 39 0.99795663 
240 318 56 70 0.9973972 
121 443 83 90 0.9971903 
759 85 33 40 0.99552995 
173 131 32 39 0.9951761 
13 490 70 82 0.9951035 
73 159 34 37 0.9950847 
350 126 29 33 0.9940568 
745 153 36 45 0.99384767 
667 132 42 55 0.9921652 
910 84 28 32 0.9920896 
16 296 41 46 0.99193746 
595 170 40 52 0.9915991 
524 223 37 43 0.99132884 
547 116 25 33 0.9912254 
876 51 22 30 0.990945 
729 239 42 48 0.99034405 
969 53 24 34 0.99022406 
491 664 54 80 0.9900502 
899 367 78 100 0.99002564 
929 6 22 29 0.98928493 
938 194 44 41 0.98502594 
636 78 25 30 0.98480487 
571 58 24 30 0.9842904 
29 168 25 31 0.983526 
278 179 36 43 0.983085 
434 112 23 30 0.98012084 
667 641 41 61 0.9760976 
242 163 29 35 0.97566956 
597 111 26 35 0.9720185 
672 79 26 32 0.9716985 
275 80 20 27 0.9706332 
824 153 41 44 0.9702008 
229 456 53 60 0.96597064 
537 77 21 29 0.96502244 
954 23 22 29 0.95773035 
448 70 20 25 0.94999856 
60 112 17 20 0.9408904 
384 98 21 26 0.93546546 
5 92 14 18 0.9340059 
400 283 38 48 0.92848504 
381 187 39 46 0.9272132 
438 216 38 46 0.9264651 
441 41 16 19 0.92404 
16 383 31 45 0.9007978 
357 59 18 23 0.90006 
134 75 17 22 0.89637834 
537 21 16 21 0.8903671 
723 44 19 25 0.888461 
374 243 35 47 0.885399 
852 33 19 24 0.8775237 
903 14 20 26 0.869719 
474 67 17 24 0.8146653 
644 24 12 15 0.81047255 
9 140 20 23 0.8054664 
232 92 19 24 0.80165374 
698 19 19 22 0.80010325 
788 48 16 24 0.787514 
676 11 12 16 0.78390586 
614 6 14 16 0.772793 
114 148 19 23 0.74557865 
247 58 12 15 0.7308063 
502 91 16 25 0.70829993 
63 199 33 48 0.7015347 
993 28 17 23 0.68690383 
86 62 16 21 0.6526189 
335 117 21 27 0.632694 
771 246 31 55 0.62724864 
470 278 42 51 0.6163521 
619 149 29 38 0.58266294 
817 31 18 21 0.5040622 
869 213 30 54 0.49534464 
781 15 17 20 0.43394512 
208 18 11 13 0.42776507 
991 167 32 48 0.39526314 
-1 222 17 38 0.32296544 
923 292 53 53 0.2942233 
820 95 33 36 0.2802709 
964 283 44 61 0.2761096 
883 0 17 18 0.25870445 
517 21 14 18 0.25810543 
753 243 39 54 0.24599434 
242 129 21 26 0.24526653 
809 5 18 20 0.23531428 
842 1 17 18 0.2269118 
415 602 13 18 0.21251518 
721 150 23 35 0.19402143 
185 45 11 14 0.1888721 
315 152 27 35 0.18702269 
271 146 24 32 0.18372749 
607 156 35 46 0.18203612 
605 30 12 16 0.15965068 
367 293 26 43 0.15119348 
723 9 15 19 0.14748478 
7 396 29 44 0.14461273 
63 94 14 17 0.13986115 
793 46 22 27 0.13443221 
424 227 42 53 0.12863854 
379 36 13 18 0.12713543 
609 597 24 36 0.11947514 
587 110 23 33 0.11179559 
382 126 15 21 0.10709625 
-1 116 9 17 0.104201235 
812 20 15 20 0.10243444 
660 78 25 33 0.1018619 
509 33 12 15 0.09955319 
762 31 18 21 0.09387036 
383 145 20 28 0.091627195 
285 10 12 15 0.08548464 
399 -1 11 10 0.082061015 
854 19 18 19 0.08153113 
134 31 13 15 0.08028744 
378 286 38 50 0.070963435 
772 8 18 22 0.0703906 
404 70 13 16 0.06743226 
391 237 40 49 0.066989675 
769 20 21 25 0.0663726 
269 58 11 15 0.06608906 
916 66 20 21 0.0659458 
473 298 46 57 0.061194267 
572 110 23 31 0.05988454 
606 55 12 16 0.058553226 
319 346 54 62 0.05790361 
394 259 46 55 0.0576414 
805 35 22 28 0.053591672 
881 33 18 21 0.0521752 
758 42 16 20 0.052100684 
609 4 12 15 0.05199049 
374 271 29 50 0.0519025 
-4 557 40 64 0.05137183 
18 92 12 19 0.051116988 
466 123 26 29 0.049172834 
738 43 15 22 0.04883669 
262 44 12 16 0.04722252 
-1 531 49 60 0.046173915 
408 18 10 14 0.045533713 
264 50 13 17 0.044411574 
382 137 15 24 0.043756615 
988 18 20 25 0.042873643 
360 233 36 51 0.04169613 
1 409 39 59 0.040505424 
818 84 26 34 0.0404423 
281 5 11 15 0.03971391 
352 64 16 19 0.03834278 
749 48 15 20 0.037502017 
718 15 16 19 0.036794133 
523 23 13 20 0.0363371 
300 75 13 19 0.03572987 
773 47 22 25 0.034772858 
447 797 66 63 0.034481797 
766 40 22 26 0.03436472 
312 296 43 56 0.034069072 
313 66 17 19 0.034067724 
827 1 15 16 0.033805262 
777 4 19 21 0.03307659 
482 272 18 23 0.032802172 
405 228 40 53 0.032076463 
270 6 10 12 0.030816322 
93 68 13 21 0.030278994 
414 98 15 20 0.030115973 
641 59 16 17 0.029933 
312 7 12 14 0.029831523 
731 1 18 19 0.028890826 
849 8 20 23 0.028540311 
350 0 14 13 0.02828269 
491 778 17 21 0.028183088 
664 50 18 19 0.028009098 
225 13 9 12 0.027384255 
397 72 16 18 0.02718447 
573 0 11 9 0.027020674 
445 799 36 33 0.026998037 
424 59 11 14 0.026839573 
481 59 19 22 0.026579522 
808 27 16 21 0.026538 
292 67 13 19 0.025944013 
293 61 12 16 0.025430897 
295 37 11 12 0.025323223 
599 32 14 18 0.025026195 
761 47 18 21 0.024991082 
816 3 18 19 0.024983354 
413 19 11 14 0.024850432 
296 54 11 14 0.024786584 
339 123 26 34 0.024734301 
421 20 11 14 0.02463812 
653 654 30 48 0.024384608 
-2 575 43 92 0.024110561 
502 21 11 14 0.023749348 
788 0 14 13 0.023701439 
544 24 15 20 0.023668695 
612 595 16 22 0.023629457 
293 74 13 18 0.023322772 
436 793 107 106 0.023319926 
811 1 15 14 0.023219956 
300 52 11 14 0.023217604 
401 15 10 13 0.022765774 
449 43 14 17 0.022691565 
540 0 17 18 0.022505285 
300 283 42 55 0.022251593 
1000 26 17 23 0.022054972 
287 183 45 55 0.021983484 
729 37 19 22 0.021805141 
204 34 15 18 0.021613779 
940 18 25 31 0.021329595 
410 74 12 15 0.021301074 
419 647 19 23 0.02115736 
629 34 13 16 0.021147253 
870 3 14 17 0.02094962 
306 72 16 20 0.020825153 
195 112 14 21 0.020716181 
983 10 22 25 0.020630876 
21 179 25 32 0.020117328 
492 625 52 73 0.020045493 
379 293 18 31 0.020033816 
