0_Parade_marchingband_1_360
91
472 102 54 65 0.9993094 
857 130 49 59 0.9952107 
91 156 46 51 0.9907266 
933 297 17 20 0.9553393 
578 226 24 26 0.9378064 
764 317 11 15 0.75659776 
1001 325 7 10 0.40720007 
243 261 17 18 0.24805991 
678 309 8 10 0.23234494 
326 324 8 10 0.1958092 
375 246 10 13 0.14553441 
224 261 9 11 0.12721203 
8 335 9 10 0.10794267 
363 237 7 11 0.0987562 
967 292 9 11 0.08549413 
305 301 8 10 0.0734081 
194 344 8 9 0.0662491 
960 291 10 13 0.06414453 
311 262 7 10 0.063649006 
1001 278 9 11 0.062389173 
421 154 11 14 0.0604355 
30 202 25 28 0.057940442 
750 326 8 10 0.05746318 
728 328 10 12 0.056704972 
351 342 6 9 0.051653545 
791 356 8 10 0.047958165 
568 244 11 15 0.047472637 
337 263 6 9 0.046682455 
718 334 7 9 0.0459748 
745 323 8 11 0.045828715 
640 325 8 10 0.045584116 
11 216 42 63 0.04520077 
755 300 10 12 0.043977506 
737 317 9 11 0.043446206 
237 264 16 20 0.043416854 
735 312 8 10 0.043368805 
295 301 7 11 0.041560225 
806 318 9 12 0.04003809 
396 246 12 14 0.03982189 
230 275 11 14 0.038741577 
625 309 8 10 0.037414197 
724 316 10 12 0.037006788 
572 231 18 22 0.03679886 
323 320 10 12 0.03494923 
741 320 9 12 0.03487806 
41 197 15 17 0.034563012 
727 312 8 11 0.033875234 
712 312 7 9 0.0322955 
809 94 10 13 0.03123154 
777 303 9 11 0.030324284 
793 319 8 11 0.030236755 
694 318 7 10 0.029701166 
714 335 7 9 0.029314835 
897 71 6 8 0.029138925 
335 285 8 10 0.029035924 
952 286 11 15 0.02901164 
780 287 10 14 0.028811092 
694 313 8 9 0.028467866 
732 332 8 10 0.027114447 
306 262 7 9 0.027069101 
777 292 10 12 0.026717778 
799 319 10 12 0.026524726 
184 335 7 9 0.025877064 
294 296 8 10 0.02568359 
750 357 8 10 0.02566668 
351 262 8 10 0.02560317 
336 301 8 10 0.025460556 
347 341 7 10 0.02505222 
712 318 7 9 0.024709431 
725 124 8 10 0.024638828 
722 77 7 9 0.024610383 
719 327 11 12 0.024470964 
309 303 8 10 0.023971863 
646 327 7 8 0.023693155 
674 305 9 11 0.02292646 
688 311 7 9 0.022844972 
235 273 13 16 0.022805605 
710 129 9 11 0.022756107 
379 253 10 12 0.022546038 
26 369 8 11 0.022398528 
649 265 7 9 0.022307295 
782 307 8 11 0.02205815 
343 264 8 9 0.02194408 
721 312 8 11 0.02172292 
177 343 6 8 0.021637045 
707 94 7 10 0.021113465 
791 334 8 9 0.02085661 
279 269 8 11 0.020491764 
805 310 10 13 0.020475851 
722 255 7 9 0.020439057 
244 270 14 18 0.020329295 
