0_Parade_marchingband_1_149
33
281 387 25 33 0.99696046 
442 374 29 38 0.9965906 
664 237 23 30 0.9957159 
712 389 27 35 0.9956463 
371 381 27 36 0.9946471 
536 300 24 31 0.9939277 
309 313 24 31 0.99366105 
390 311 24 29 0.9936575 
672 317 24 32 0.9934516 
602 323 24 30 0.9932916 
212 234 23 30 0.9926974 
280 231 24 29 0.9923954 
463 304 24 30 0.9921704 
808 239 24 33 0.99197793 
352 238 23 29 0.9918684 
226 314 23 29 0.9915554 
729 241 24 28 0.98935497 
473 232 23 29 0.98685896 
600 241 22 28 0.98646367 
631 377 27 34 0.9859832 
535 223 21 30 0.9855003 
527 384 25 35 0.98433244 
405 225 22 27 0.9767829 
782 314 26 30 0.97153455 
701 268 24 27 0.81435996 
244 264 20 20 0.48213685 
309 262 27 29 0.108194284 
565 415 15 16 0.05094649 
439 354 26 31 0.03643422 
438 267 22 25 0.03495979 
578 218 13 17 0.023837645 
425 241 14 20 0.023527011 
734 406 22 30 0.022601465 
