0_Parade_Parade_0_664
341
13 338 38 39 0.9943785 
938 336 26 30 0.9922512 
463 339 24 32 0.98111814 
658 319 17 23 0.9752901 
211 314 22 27 0.9682037 
122 323 22 26 0.9678173 
581 328 18 22 0.95715547 
617 339 21 28 0.95544976 
197 294 12 15 0.9509689 
489 325 18 23 0.9442073 
515 313 14 18 0.93832475 
841 322 21 28 0.91922224 
542 350 25 27 0.9043579 
975 344 18 21 0.90319085 
361 323 15 19 0.8932588 
413 336 18 23 0.87893236 
576 308 12 16 0.7777494 
133 304 11 13 0.7554944 
809 349 16 24 0.73470235 
35 308 15 18 0.72246116 
463 301 14 18 0.6859723 
425 308 10 13 0.6504067 
980 307 11 14 0.6340534 
246 308 14 17 0.63048905 
342 308 11 13 0.6256062 
109 306 13 17 0.57573915 
784 326 12 15 0.53340936 
174 353 18 20 0.5189428 
61 309 14 18 0.4980094 
863 342 13 16 0.48972973 
70 285 9 11 0.46418023 
61 301 11 13 0.46211988 
535 308 11 14 0.42716506 
492 302 12 15 0.424616 
230 297 12 15 0.40654013 
159 309 14 17 0.40404814 
872 326 11 14 0.37931004 
89 288 9 11 0.35923812 
261 355 28 24 0.35362622 
658 301 8 11 0.35143158 
892 319 10 13 0.32163787 
357 302 11 14 0.2924927 
977 320 10 13 0.28929698 
999 302 9 11 0.28040504 
638 314 11 13 0.2643316 
738 334 13 16 0.25820047 
677 316 10 14 0.24740335 
500 301 11 14 0.24589697 
286 299 10 14 0.23263107 
15 286 7 10 0.22411896 
700 309 10 12 0.21699068 
879 355 21 20 0.20466356 
346 358 20 19 0.20456274 
163 322 14 16 0.201477 
312 284 9 11 0.19637772 
340 311 14 19 0.18067655 
259 316 14 17 0.17838193 
178 287 8 10 0.17427431 
1012 341 11 16 0.1707547 
1013 324 9 13 0.1705793 
922 307 8 11 0.16251908 
632 310 11 14 0.14745887 
390 295 9 12 0.14506856 
40 288 9 11 0.14477547 
766 341 14 19 0.14336859 
700 316 9 12 0.1393457 
553 293 9 11 0.13830768 
621 293 9 11 0.13086542 
251 311 15 20 0.12872028 
764 324 10 12 0.12823282 
29 301 13 15 0.12774071 
212 296 10 12 0.11868787 
701 304 9 11 0.11763305 
81 304 9 12 0.11632348 
936 316 12 14 0.11456867 
957 316 11 13 0.11426547 
439 302 9 12 0.11375862 
576 289 8 9 0.11254019 
328 290 11 14 0.107212715 
749 301 8 12 0.106280684 
0 326 11 18 0.10568899 
522 336 17 21 0.10566497 
723 355 18 20 0.10561136 
767 351 14 21 0.10514579 
726 295 9 12 0.10454841 
348 307 11 14 0.09936639 
164 354 17 20 0.09869549 
57 314 12 15 0.09505244 
306 332 13 19 0.09437141 
357 296 9 11 0.09278579 
384 291 11 14 0.091838054 
131 278 8 10 0.09126533 
940 309 11 12 0.090823814 
502 296 9 10 0.08066589 
25 302 10 13 0.08063479 
138 318 14 18 0.08025204 
753 309 10 13 0.07782786 
729 285 8 11 0.07711439 
66 333 15 17 0.076882996 
621 287 9 10 0.07459991 
271 277 8 10 0.07453322 
151 288 7 10 0.070202775 
167 301 10 13 0.069246404 
791 317 11 13 0.068205364 
1012 332 11 17 0.067527756 
41 271 7 9 0.06743014 
336 278 7 9 0.06714376 
65 313 15 18 0.06698712 
935 295 8 10 0.06505312 
292 301 10 15 0.06417027 
759 318 10 13 0.06338416 
320 308 12 15 0.062721856 
995 339 11 15 0.06236895 
709 332 12 15 0.0614857 
174 299 10 13 0.06107718 
13 317 11 15 0.060907476 
181 292 10 13 0.06017288 
600 295 9 11 0.05997929 
206 316 16 20 0.05939161 
205 294 11 14 0.05934049 
896 339 12 15 0.05908858 
368 302 10 12 0.058826458 
158 304 11 14 0.058421545 
62 318 14 19 0.05752723 
61 338 17 20 0.057248585 
575 292 8 10 0.056879386 
414 287 10 12 0.05679875 
735 285 9 11 0.056698978 
902 302 8 11 0.05666508 
895 310 9 11 0.056487888 
429 322 12 16 0.055866558 
293 295 9 11 0.05452626 
153 293 8 11 0.053577878 
913 330 15 17 0.05335343 
953 294 8 10 0.053315822 
222 277 7 10 0.0528724 
687 287 7 10 0.05276998 
176 293 10 14 0.05174264 
767 336 11 14 0.0515844 
82 271 7 9 0.051416066 
318 279 7 10 0.05051996 
269 315 10 14 0.050483532 
8 299 10 13 0.04994187 
50 349 25 27 0.04964524 
382 286 10 12 0.049271297 
877 318 9 11 0.048853304 
870 303 8 11 0.04859443 
841 294 8 11 0.04844637 
769 304 8 11 0.048044764 
579 313 13 16 0.04753519 
777 294 8 10 0.04711072 
825 295 8 11 0.046874784 
669 315 14 19 0.046369966 
371 271 7 8 0.046187785 
471 279 7 9 0.046181846 
286 303 14 20 0.045619633 
29 345 32 33 0.0454553 
902 320 8 11 0.04504033 
597 315 13 18 0.04442329 
556 319 11 13 0.04372217 
732 352 27 23 0.043543942 
252 303 11 13 0.043459155 
455 344 15 20 0.043287184 
482 302 9 13 0.042753275 
875 329 12 15 0.04262181 
632 280 7 8 0.041634575 
369 285 8 10 0.041621484 
235 299 12 15 0.041607577 
139 301 11 15 0.041317765 
38 277 8 11 0.041000444 
840 301 8 10 0.04072865 
137 307 13 17 0.040685896 
752 296 8 10 0.040482175 
773 304 8 11 0.04047376 
684 327 11 13 0.040319804 
106 300 11 13 0.040116508 
297 287 8 10 0.039834104 
16 280 7 10 0.039167617 
346 313 14 19 0.039062634 
239 314 14 18 0.038928043 
373 303 10 13 0.038798355 
106 336 16 21 0.038738735 
377 285 9 12 0.038604684 
593 311 9 12 0.038594313 
13 310 11 13 0.038006674 
977 303 11 14 0.03798263 
925 304 9 11 0.03786509 
304 300 9 12 0.03778211 
24 272 7 8 0.037715226 
975 295 7 9 0.037521318 
115 302 12 15 0.037249632 
710 288 7 9 0.037209593 
741 285 7 10 0.03689727 
670 296 8 10 0.03673704 
1014 304 8 12 0.036586598 
994 301 9 12 0.036207207 
605 301 10 13 0.035689935 
733 323 16 19 0.03492972 
230 304 13 17 0.034817964 
900 324 10 13 0.034664303 
794 293 8 9 0.034581315 
409 287 9 12 0.034464765 
527 302 10 11 0.034257125 
201 317 11 15 0.033904947 
407 332 16 21 0.033760045 
771 286 7 9 0.03353806 
151 307 13 16 0.033507347 
1006 302 9 12 0.0332853 
349 321 14 18 0.03288308 
332 287 9 13 0.032600798 
871 350 22 24 0.0325449 
441 280 7 9 0.031220544 
915 340 16 19 0.031160485 
41 312 13 16 0.031057294 
958 294 7 9 0.030958481 
681 303 8 11 0.03078081 
631 285 8 9 0.030664872 
967 303 8 12 0.030567124 
539 316 11 15 0.03040012 
84 306 10 13 0.030326363 
1001 296 9 12 0.030293068 
598 309 12 16 0.030237 
552 306 11 14 0.030138405 
900 332 12 18 0.029960012 
342 331 15 17 0.029832615 
47 271 6 9 0.02966624 
533 285 9 10 0.029446866 
427 315 12 16 0.029295323 
664 297 9 11 0.029271265 
814 309 11 16 0.029202806 
383 323 12 15 0.029156582 
376 293 9 12 0.028953675 
686 301 8 10 0.028789973 
593 287 7 9 0.028676486 
316 285 9 11 0.028662015 
816 301 10 13 0.028594928 
30 233 7 8 0.028473534 
679 322 12 16 0.028455416 
262 285 9 11 0.02827942 
868 321 18 23 0.028164372 
552 323 12 15 0.02808363 
525 309 13 16 0.028018631 
755 348 22 25 0.02782927 
518 333 14 18 0.027754571 
744 345 24 27 0.027682735 
215 287 9 11 0.027508035 
508 331 14 18 0.027505584 
782 293 8 10 0.027403409 
861 347 17 22 0.02739749 
152 301 10 14 0.027175354 
111 270 7 9 0.026915763 
821 299 10 12 0.02687377 
989 310 10 12 0.026750933 
541 303 10 14 0.026629755 
799 352 16 21 0.02660246 
330 278 7 10 0.026369821 
186 329 14 18 0.026303278 
928 287 8 9 0.02626103 
845 293 8 11 0.026172506 
865 302 8 10 0.026032863 
256 279 7 9 0.025935255 
593 295 8 10 0.02590887 
55 298 21 26 0.025884649 
887 286 7 9 0.025774833 
45 288 9 11 0.025566554 
591 315 13 16 0.025274577 
368 307 10 13 0.025078557 
941 303 10 12 0.025002925 
1005 294 8 11 0.02497814 
758 294 7 10 0.024946893 
863 310 9 12 0.024880221 
675 339 13 18 0.02482838 
794 289 6 9 0.024750223 
10 279 7 9 0.024741076 
686 294 8 10 0.024697337 
78 278 7 10 0.024692332 
569 278 7 10 0.024387216 
747 340 15 19 0.02436375 
67 322 15 19 0.024301523 
384 281 8 9 0.023944989 
556 309 10 12 0.023482943 
256 285 9 11 0.023471218 
930 295 8 10 0.023430098 
942 295 8 9 0.023295125 
109 264 8 10 0.023281153 
863 315 10 13 0.023172539 
858 296 7 9 0.023085164 
371 330 12 17 0.023064978 
530 286 8 10 0.023045806 
205 310 12 16 0.022974854 
19 316 13 17 0.022928532 
640 295 8 9 0.022893552 
632 303 9 11 0.022719009 
670 300 8 11 0.022617893 
449 270 9 11 0.022578886 
534 319 14 18 0.022571046 
22 278 7 9 0.022371022 
644 310 10 14 0.022316024 
68 303 10 12 0.02224983 
739 317 13 15 0.02218815 
25 295 8 10 0.02217698 
956 319 14 18 0.0220409 
991 335 13 15 0.021968009 
881 287 6 8 0.02194587 
798 294 7 9 0.021939633 
481 273 6 8 0.021856958 
384 317 12 14 0.021830073 
326 301 11 15 0.021815753 
129 284 9 11 0.021704556 
225 294 11 13 0.021604488 
71 291 9 11 0.02153478 
759 303 8 12 0.021491576 
682 293 8 10 0.02148567 
774 333 11 14 0.021464035 
1008 342 16 26 0.021349045 
252 295 10 12 0.021281775 
55 257 6 8 0.021198835 
582 287 8 10 0.021196831 
733 292 10 12 0.021186551 
157 294 8 10 0.02116586 
311 292 9 12 0.021091314 
694 286 7 9 0.021070153 
336 319 13 17 0.021057198 
604 307 12 15 0.020954924 
602 321 14 20 0.020807557 
706 287 7 9 0.020708688 
923 345 13 18 0.020704515 
381 332 13 17 0.020687308 
897 303 9 12 0.02057825 
492 317 16 21 0.020565271 
480 295 8 10 0.020560458 
615 301 10 13 0.020550204 
679 330 13 19 0.020455392 
531 303 19 24 0.020404894 
261 304 10 13 0.020400692 
527 296 8 10 0.020399176 
683 288 7 9 0.020211993 
862 297 7 9 0.020078711 
795 324 12 15 0.020048063 
787 335 16 20 0.020036057 
936 300 9 11 0.020035576 
