0_Parade_Parade_0_68
396
501 418 12 16 0.86313635 
712 388 8 10 0.71383876 
153 357 8 10 0.47294977 
456 396 8 10 0.34134388 
525 368 8 11 0.29873925 
426 289 7 10 0.28577918 
617 270 6 9 0.28369945 
515 295 7 9 0.27290508 
290 368 8 10 0.2674005 
503 308 8 11 0.24624333 
637 388 9 11 0.24587362 
450 360 7 10 0.23483965 
225 359 8 10 0.20958883 
115 373 13 14 0.20510359 
729 367 8 11 0.20003463 
757 304 8 11 0.18394244 
312 413 8 10 0.18257406 
324 340 8 11 0.18177857 
169 360 8 10 0.17802726 
216 405 8 11 0.17525959 
412 302 9 11 0.17463112 
216 236 8 10 0.16855304 
714 421 13 17 0.16731237 
257 214 7 10 0.16638558 
290 344 9 12 0.16113272 
796 288 8 11 0.15652336 
752 280 7 9 0.15450627 
463 273 7 10 0.15327619 
408 392 8 11 0.14881495 
393 326 6 9 0.14853378 
577 294 6 8 0.14503443 
513 271 7 9 0.1425768 
506 373 7 10 0.14040637 
153 334 8 10 0.1399555 
322 356 9 13 0.13957235 
462 276 7 10 0.138611 
119 340 9 11 0.13278963 
85 357 9 12 0.131531 
416 271 8 10 0.13015462 
276 397 10 12 0.12726891 
279 377 8 10 0.12626949 
408 423 10 12 0.12535879 
353 406 9 11 0.123990476 
240 368 9 11 0.121724896 
166 365 8 11 0.11243729 
361 265 8 10 0.11193977 
752 286 7 10 0.11106652 
317 422 9 11 0.10951646 
415 378 7 9 0.10517629 
800 385 9 10 0.10287342 
200 232 8 9 0.10072471 
393 377 8 10 0.10057551 
357 407 8 11 0.09994733 
799 316 10 12 0.09741055 
842 288 9 11 0.09594997 
416 444 12 15 0.09256326 
654 378 9 12 0.09233654 
574 389 7 10 0.091103435 
414 276 7 11 0.09095094 
572 427 12 16 0.08755077 
424 292 7 10 0.0873548 
585 343 7 9 0.086767204 
229 230 7 9 0.086180456 
312 451 12 14 0.08603575 
480 397 10 12 0.08458991 
669 342 8 11 0.08154464 
253 355 9 11 0.08060238 
726 310 9 11 0.080265276 
499 460 13 16 0.079645656 
297 383 8 10 0.07672424 
418 265 6 8 0.07665278 
318 245 9 11 0.07654189 
585 366 7 10 0.07615483 
658 287 7 10 0.075973384 
870 417 13 16 0.075161666 
181 372 9 11 0.073472984 
806 248 8 11 0.07342481 
302 381 7 10 0.07224701 
336 368 8 10 0.070572846 
506 280 7 9 0.06890016 
717 280 8 10 0.06709618 
570 389 8 10 0.067037754 
865 364 8 12 0.06698531 
271 447 9 11 0.06698139 
249 357 9 11 0.06638694 
66 399 9 12 0.065149665 
191 232 7 8 0.064544745 
226 231 7 10 0.06442054 
247 255 7 9 0.06380929 
422 272 7 10 0.06380327 
626 286 6 10 0.06327601 
664 392 9 11 0.06287399 
375 409 8 10 0.06281545 
392 390 8 10 0.062060647 
263 368 8 11 0.061801266 
791 231 6 8 0.060903005 
411 279 7 10 0.060688823 
750 326 8 10 0.06031565 
510 277 7 11 0.06023099 
485 431 9 12 0.059829835 
16 309 8 10 0.059595957 
399 432 8 10 0.05942374 
409 412 9 12 0.05887759 
653 448 9 11 0.058243617 
415 296 8 11 0.057967097 
817 428 9 11 0.057740606 
334 413 9 11 0.056941904 
536 384 7 9 0.056635357 
381 428 9 12 0.056519035 
313 440 11 13 0.056071844 
200 237 7 9 0.05497969 
318 414 8 11 0.0545648 
375 444 10 12 0.05456441 
663 287 7 9 0.054274235 
789 399 10 12 0.054231267 
173 358 8 10 0.053737804 
547 272 6 9 0.05319975 
223 336 8 11 0.05319474 
119 317 10 13 0.052810267 
480 390 9 11 0.052713193 
378 430 8 11 0.052098155 
186 232 7 8 0.051073372 
344 367 7 9 0.0501232 
360 269 7 10 0.049741227 
329 413 7 10 0.04960098 
807 391 9 10 0.04957298 
384 391 7 9 0.049414426 
190 389 9 12 0.04909614 
626 311 7 10 0.04867604 
719 296 7 9 0.04849875 
368 296 8 10 0.04846276 
150 397 11 15 0.048028167 
454 384 10 12 0.047973797 
334 373 7 10 0.04752324 
584 350 7 9 0.0474089 
591 408 8 10 0.04739261 
262 215 7 10 0.04737931 
189 398 9 12 0.047357004 
576 366 7 9 0.047299914 
503 479 13 17 0.046733703 
420 439 11 14 0.046270322 
504 286 7 8 0.045934916 
704 293 7 10 0.045489065 
643 429 11 13 0.045295045 
105 303 8 11 0.045230746 
553 375 8 10 0.04519969 
395 476 11 14 0.045113537 
640 405 9 12 0.044932738 
345 345 7 9 0.044912413 
663 311 8 10 0.044727806 
577 290 7 8 0.044692453 
367 271 7 9 0.04462473 
546 279 7 8 0.044472717 
358 301 8 10 0.044281855 
382 360 7 10 0.044065088 
717 445 9 11 0.043862388 
646 404 10 13 0.04322273 
94 341 8 11 0.043120842 
367 375 7 9 0.043082934 
423 277 8 10 0.042880584 
861 387 10 12 0.0426319 
441 391 6 9 0.04255389 
705 288 7 10 0.04219047 
509 368 8 11 0.041471027 
287 372 8 10 0.041424386 
736 389 8 11 0.041295126 
798 451 10 12 0.04104922 
365 264 8 10 0.04094093 
193 365 7 10 0.040758748 
744 294 7 10 0.040659256 
528 419 9 13 0.040523067 
226 250 6 9 0.04032877 
575 406 9 12 0.040193476 
584 390 8 10 0.0396236 
513 392 8 10 0.039602526 
471 406 8 9 0.039525844 
236 398 9 12 0.039356664 
324 351 9 13 0.03927393 
520 385 8 10 0.038961507 
431 393 7 10 0.03873055 
351 286 8 9 0.03870496 
150 388 12 15 0.038575377 
103 358 9 12 0.038319014 
529 477 8 11 0.038202472 
425 393 7 9 0.03819188 
872 438 11 15 0.037859444 
498 310 8 10 0.03782885 
662 414 9 12 0.037390955 
506 350 8 10 0.037363812 
271 223 6 7 0.037293028 
23 367 10 12 0.03714392 
368 369 7 9 0.036950257 
87 337 8 11 0.03685259 
573 411 10 12 0.036848295 
713 284 9 12 0.03671491 
550 317 8 9 0.036532868 
472 399 8 11 0.036428936 
589 367 7 10 0.036286574 
447 168 8 11 0.036052093 
703 318 8 10 0.03598954 
222 237 7 9 0.035936326 
610 404 9 13 0.03583057 
672 304 7 9 0.03570969 
465 374 7 9 0.035499636 
110 349 8 10 0.03547878 
450 390 8 11 0.03512789 
280 238 6 9 0.035078097 
513 265 7 9 0.035071492 
345 397 8 10 0.03480433 
872 428 12 14 0.03465542 
182 350 8 10 0.03459179 
617 267 7 8 0.034188412 
251 352 8 12 0.03418107 
462 296 8 10 0.03416731 
553 289 6 8 0.03385012 
251 383 11 14 0.033793055 
465 263 7 9 0.0333792 
495 390 8 10 0.03332095 
648 379 10 12 0.032960497 
168 393 9 11 0.03255924 
519 389 8 10 0.03249708 
537 405 7 10 0.032434233 
552 391 8 9 0.032401346 
215 221 7 8 0.03230058 
223 374 9 13 0.032250352 
306 246 6 8 0.032229003 
511 397 8 10 0.03216093 
111 280 6 9 0.032143246 
167 430 7 10 0.032097243 
546 287 6 9 0.031997625 
550 312 7 9 0.031829577 
599 390 8 10 0.031788744 
383 425 8 10 0.031403452 
119 324 10 14 0.0314034 
105 308 9 13 0.031356983 
391 295 9 10 0.031329196 
433 374 8 10 0.031171108 
184 389 8 12 0.031136898 
396 376 8 10 0.031125464 
473 295 7 9 0.031027267 
546 311 7 9 0.030981718 
247 399 9 11 0.030893782 
568 310 7 9 0.030867435 
583 271 6 8 0.030726643 
550 278 6 9 0.030515403 
224 363 9 12 0.030510165 
665 281 7 9 0.030349908 
351 280 8 10 0.030260084 
299 463 11 14 0.03017327 
528 385 7 10 0.030130161 
719 404 9 11 0.029980237 
352 412 9 11 0.029791411 
557 375 8 9 0.029745447 
471 271 7 9 0.029570555 
233 190 7 9 0.029516444 
113 344 8 10 0.029419959 
495 384 7 10 0.029251292 
506 397 8 10 0.029101666 
22 309 7 10 0.028934957 
625 398 8 11 0.028928263 
857 390 9 11 0.028868286 
424 470 10 12 0.028837828 
472 302 7 9 0.028685788 
455 419 9 12 0.028650459 
728 390 8 11 0.028608935 
460 391 9 12 0.028552549 
463 301 8 10 0.028463017 
715 438 12 14 0.028394159 
641 365 8 11 0.028292935 
662 317 8 10 0.028256651 
321 364 8 12 0.028192857 
294 361 8 11 0.02812362 
472 445 10 14 0.028096987 
495 295 6 9 0.027952015 
249 231 6 9 0.027812595 
689 427 9 12 0.027772745 
330 374 8 11 0.027650686 
311 367 8 11 0.027501337 
461 397 8 10 0.02739483 
591 390 8 10 0.027387068 
513 288 8 10 0.02722297 
77 364 9 12 0.027211377 
490 296 7 10 0.027056634 
629 286 7 9 0.027054474 
352 401 8 10 0.026893154 
184 238 7 9 0.026854908 
247 191 6 8 0.026803762 
274 376 8 10 0.026736032 
545 304 7 9 0.026707944 
630 311 7 10 0.026661607 
787 231 6 8 0.026577707 
254 331 8 11 0.02612245 
73 366 9 11 0.026027 
192 385 8 10 0.025988882 
156 352 9 12 0.025988782 
182 343 8 11 0.025955273 
792 390 9 10 0.025906831 
497 414 13 16 0.025886273 
712 293 8 11 0.02586027 
422 432 9 10 0.025736406 
583 279 6 9 0.025508061 
715 389 9 11 0.02547336 
122 285 6 9 0.025435923 
209 221 7 9 0.025433937 
711 310 7 10 0.025386266 
462 312 7 10 0.025386242 
176 389 9 12 0.02535973 
553 295 6 8 0.025350306 
569 327 6 8 0.025285685 
486 448 10 12 0.025228597 
442 295 7 9 0.025173564 
815 223 7 9 0.025162812 
78 385 12 15 0.025066866 
535 280 7 9 0.024795886 
479 270 7 10 0.024542602 
184 198 6 9 0.024536815 
511 301 7 10 0.024424588 
741 428 9 11 0.024359008 
511 439 9 11 0.024334056 
657 292 8 10 0.024328867 
433 304 8 10 0.024326783 
224 353 9 12 0.02414956 
304 423 9 11 0.024087735 
519 399 8 10 0.024052557 
450 441 13 15 0.024034545 
327 366 8 10 0.024021761 
532 419 10 13 0.023887392 
130 351 8 10 0.02379007 
618 296 7 9 0.023785967 
119 310 11 14 0.023657963 
559 412 8 11 0.023636462 
474 287 7 9 0.023632135 
351 382 8 10 0.02356475 
537 319 7 8 0.023415267 
351 295 8 10 0.02333107 
343 334 7 9 0.02326457 
218 359 8 11 0.023249552 
421 263 7 10 0.023194002 
479 385 9 11 0.023030182 
247 261 7 10 0.023001531 
344 391 10 11 0.02279159 
134 397 9 12 0.022780184 
111 285 7 10 0.022773508 
518 290 7 9 0.022733152 
177 351 8 10 0.022611352 
759 403 10 12 0.022583116 
550 426 9 12 0.022572601 
584 407 8 11 0.022511696 
586 303 6 8 0.022463785 
105 350 9 11 0.022462904 
575 312 7 9 0.02246103 
459 272 8 10 0.022373443 
133 381 9 11 0.022300018 
669 285 7 10 0.022288881 
231 248 7 9 0.022160491 
519 318 7 10 0.02211031 
729 414 9 11 0.022098938 
318 427 9 11 0.022018094 
330 262 7 9 0.02200238 
354 358 8 10 0.021796605 
833 304 8 10 0.021788295 
410 296 8 11 0.021772334 
287 384 9 10 0.021675847 
256 255 7 8 0.021575436 
585 361 7 10 0.02147527 
506 357 8 10 0.021463854 
630 406 10 13 0.021442523 
134 414 9 11 0.021398148 
433 430 9 11 0.021380853 
420 450 9 12 0.021354526 
722 310 8 11 0.021327762 
897 150 6 9 0.02130841 
378 390 7 9 0.02130327 
368 407 8 11 0.02113903 
379 359 7 10 0.021081854 
84 387 11 15 0.02106317 
415 408 8 11 0.020975342 
464 438 9 11 0.02081493 
178 328 8 10 0.020792501 
517 270 7 10 0.020787755 
746 287 7 10 0.020726267 
182 327 7 10 0.02065873 
662 291 8 10 0.020652344 
613 430 11 14 0.020646062 
448 185 7 9 0.020637121 
777 414 9 12 0.02043446 
446 295 7 8 0.020391745 
129 357 9 12 0.020375624 
429 470 8 10 0.020324897 
359 280 7 10 0.020305073 
727 406 9 10 0.020212097 
626 281 7 9 0.02014408 
776 421 8 10 0.020133143 
602 368 8 10 0.020091705 
559 391 7 9 0.020041233 
8 310 8 11 0.020018473 
