0_Parade_marchingband_1_227
166
460 135 30 40 0.9895487 
597 131 23 30 0.9882831 
288 138 25 34 0.98555136 
175 107 24 31 0.9854441 
915 139 39 51 0.9824218 
414 113 24 29 0.9730407 
291 101 22 27 0.9667556 
512 107 22 29 0.95691013 
559 84 19 26 0.9217861 
635 99 16 21 0.8781377 
348 104 17 22 0.87285227 
843 123 30 38 0.86937654 
488 95 20 28 0.85512084 
713 96 42 43 0.8105863 
36 92 14 17 0.79116786 
68 95 18 22 0.77214456 
247 85 20 27 0.7246578 
327 90 15 21 0.7194819 
380 96 14 18 0.70358306 
151 104 15 21 0.67096 
132 90 12 15 0.59581333 
786 85 25 30 0.48719546 
3 106 16 21 0.47777215 
587 92 10 15 0.4706954 
505 83 16 20 0.4105365 
212 74 13 16 0.4099175 
59 72 12 16 0.39530027 
42 116 18 24 0.3140894 
519 84 14 16 0.310221 
309 91 15 20 0.2425883 
364 91 12 16 0.23745477 
599 83 10 14 0.21477102 
387 97 15 18 0.21471918 
151 93 13 15 0.21251804 
394 105 17 24 0.20454988 
0 84 10 15 0.19560692 
125 109 13 17 0.19514118 
24 61 11 14 0.18953432 
432 102 12 15 0.18568219 
524 88 13 16 0.17681025 
29 113 13 17 0.16936411 
405 110 22 28 0.15736356 
730 97 44 49 0.15318489 
101 99 15 19 0.1514468 
190 84 14 17 0.14603011 
317 91 18 24 0.14557943 
938 104 29 38 0.14241578 
165 75 13 16 0.1335038 
610 107 15 18 0.13289958 
103 89 13 17 0.12784362 
171 77 13 16 0.11555554 
270 75 15 19 0.11005607 
71 75 11 13 0.10889917 
393 99 15 19 0.106453866 
619 92 12 15 0.105878115 
583 96 12 17 0.10366538 
767 110 27 39 0.103630185 
604 111 19 22 0.087193705 
139 92 12 15 0.086956 
653 98 15 20 0.085009046 
773 132 15 20 0.07966751 
198 70 9 12 0.07722733 
106 107 13 16 0.0761017 
808 100 30 37 0.07503149 
380 82 13 16 0.07358753 
126 101 14 18 0.07176364 
250 96 19 24 0.06894299 
661 94 13 16 0.062762916 
476 91 14 18 0.06204674 
181 77 10 13 0.061145935 
374 92 14 20 0.058991604 
549 116 16 24 0.058562055 
5 68 10 12 0.05708626 
766 76 40 50 0.05650172 
422 89 13 17 0.055656068 
628 135 16 23 0.05364471 
223 113 25 35 0.05337564 
668 102 15 21 0.053059448 
590 87 11 15 0.05284428 
164 104 20 26 0.052255306 
891 31 32 52 0.051150594 
245 79 18 22 0.05073176 
94 80 15 20 0.048221342 
530 97 14 18 0.047162123 
660 101 16 20 0.046994925 
196 75 11 15 0.045733944 
184 82 13 16 0.045523018 
740 58 51 59 0.04542975 
720 67 53 58 0.044712935 
446 94 10 12 0.04438499 
475 106 14 19 0.04416824 
100 109 16 20 0.04386187 
44 109 15 18 0.043174457 
776 92 36 49 0.04117167 
258 82 15 21 0.041071005 
631 94 15 19 0.04105205 
648 86 10 13 0.040801417 
619 107 13 17 0.04062503 
455 94 11 13 0.03968043 
30 118 15 20 0.03928208 
422 107 21 27 0.037749514 
130 96 15 19 0.037613243 
354 73 13 16 0.036704227 
428 92 13 16 0.03569161 
96 72 9 11 0.035520207 
478 97 13 19 0.034741677 
504 95 21 29 0.034593366 
86 60 8 10 0.034334727 
145 78 9 13 0.03396937 
477 147 23 32 0.03345322 
619 98 14 18 0.03210599 
-28 69 185 232 0.031797554 
150 88 11 15 0.031247351 
437 95 13 16 0.031197282 
15 67 10 12 0.03037477 
544 99 12 16 0.0300438 
103 70 9 11 0.029654931 
286 77 11 15 0.029278588 
128 114 14 18 0.028229637 
135 70 8 10 0.027882311 
376 54 12 14 0.027756259 
239 98 13 18 0.02678745 
471 112 15 18 0.026620401 
62 63 10 11 0.025740223 
515 101 17 21 0.025333801 
521 99 20 25 0.025212009 
778 115 27 38 0.02495523 
442 99 13 17 0.02432677 
413 84 14 17 0.02432458 
772 105 16 22 0.024087816 
961 147 30 36 0.02404273 
460 92 11 15 0.02400333 
230 105 23 30 0.02383962 
31 95 15 19 0.023644263 
794 89 26 32 0.023301141 
40 69 10 13 0.023298888 
127 53 8 10 0.02326197 
675 99 13 21 0.023167405 
313 69 8 11 0.023139285 
70 86 12 14 0.022425659 
30 141 16 18 0.022422092 
760 94 31 39 0.022380449 
19 24 11 13 0.022024335 
193 61 8 11 0.021851478 
160 61 8 11 0.021825122 
780 94 18 22 0.021804636 
951 87 44 58 0.021740451 
645 92 12 19 0.021660354 
85 98 11 17 0.021533716 
110 69 9 12 0.021210603 
314 103 16 22 0.02101035 
753 32 53 76 0.020990936 
41 97 14 18 0.020946953 
10 102 15 20 0.020900356 
262 77 15 19 0.020647053 
372 80 21 25 0.020591257 
40 63 9 11 0.020503374 
25 85 10 13 0.02040937 
605 102 15 19 0.020350752 
23 113 14 17 0.020295134 
409 85 11 14 0.020285197 
36 105 15 21 0.02021878 
26 67 12 15 0.020207196 
30 129 14 18 0.020130375 
6 23 9 11 0.02006483 
261 123 15 19 0.020051135 
