0_Parade_marchingband_1_309
182
500 73 33 38 0.99678886 
388 93 30 34 0.9910659 
45 85 27 29 0.9682897 
441 92 24 29 0.94803554 
272 94 23 27 0.9437674 
127 114 25 28 0.94008046 
846 97 26 28 0.92890966 
730 90 25 30 0.92521584 
301 91 26 30 0.8988761 
818 109 24 29 0.8722495 
710 104 21 27 0.79223096 
210 88 25 33 0.73987895 
907 33 14 17 0.6883398 
955 85 23 26 0.6405522 
615 102 27 33 0.57187647 
797 66 23 25 0.5490034 
31 18 15 19 0.49310738 
894 92 30 35 0.47380203 
923 105 22 28 0.4611514 
642 0 23 20 0.37820217 
757 101 24 31 0.36278278 
70 57 21 25 0.3432158 
192 105 18 24 0.34237394 
115 -1 14 12 0.3222549 
315 12 13 17 0.30359006 
89 88 18 19 0.30160177 
173 56 21 25 0.2726329 
53 14 14 17 0.27145028 
79 6 14 18 0.2417915 
469 0 16 15 0.23230095 
708 50 23 27 0.23119658 
140 81 21 26 0.21971117 
140 11 15 20 0.21631663 
714 87 38 45 0.1983211 
669 87 18 21 0.18223208 
981 82 25 34 0.17862602 
743 98 27 34 0.16500285 
51 49 16 20 0.1643865 
340 67 19 22 0.16035563 
598 93 26 29 0.15868498 
340 0 15 12 0.15807885 
220 94 26 33 0.13715369 
586 16 25 27 0.13149132 
306 49 16 19 0.12833568 
29 131 16 20 0.12506223 
297 82 24 29 0.12436865 
0 81 12 19 0.12342382 
363 117 17 20 0.119086966 
851 53 14 17 0.1148792 
902 92 39 47 0.11414555 
613 105 18 23 0.11330187 
296 98 15 20 0.092282005 
409 38 27 29 0.08850255 
311 103 24 33 0.08437774 
136 117 26 31 0.084043466 
958 116 16 20 0.08044924 
297 77 17 19 0.079087704 
800 57 21 24 0.07522225 
194 0 14 13 0.07159633 
26 0 18 17 0.06898404 
108 24 15 19 0.06807151 
673 94 17 20 0.06696528 
654 56 25 30 0.06467664 
981 69 23 31 0.063450426 
495 61 32 38 0.06337736 
9 29 16 19 0.062528834 
489 45 33 33 0.06058554 
146 123 25 30 0.059729237 
2 3 17 22 0.05932324 
229 105 23 29 0.058067746 
532 2 19 18 0.057866428 
665 73 24 29 0.057724334 
553 0 16 17 0.05639851 
374 41 23 29 0.05629051 
892 97 19 22 0.05267032 
589 93 18 23 0.0525277 
162 0 13 11 0.051051058 
607 69 26 31 0.049658015 
360 74 15 18 0.049397785 
981 19 17 22 0.04921272 
954 96 25 31 0.047889132 
622 110 29 37 0.046874244 
27 64 15 18 0.046482436 
644 2 29 32 0.046286292 
420 111 23 30 0.044943538 
895 60 14 16 0.043086592 
835 99 26 31 0.04254144 
18 104 16 19 0.04230388 
1009 136 15 25 0.041502163 
36 0 17 13 0.040876027 
31 128 24 28 0.04085652 
46 16 14 20 0.040631905 
138 75 18 23 0.04056505 
115 132 13 18 0.04055481 
814 107 19 23 0.040252853 
966 86 27 33 0.039901163 
250 23 17 19 0.039653912 
52 20 17 21 0.038748946 
617 63 23 27 0.036848493 
461 2 19 21 0.036315173 
762 91 17 19 0.03533268 
320 116 17 22 0.03510789 
380 0 16 13 0.03509451 
212 59 17 18 0.034891676 
674 78 23 28 0.034575466 
159 153 22 27 0.03442389 
61 53 21 25 0.03440268 
540 107 15 19 0.03423298 
725 91 19 22 0.03407055 
1003 0 18 22 0.03389257 
951 82 18 21 0.03368753 
349 68 22 24 0.033322334 
664 83 16 18 0.03277769 
768 103 17 22 0.032560203 
170 46 20 22 0.03163318 
1007 41 16 23 0.031625733 
702 56 17 22 0.031181391 
704 33 27 31 0.030513898 
227 117 16 22 0.029647125 
0 116 12 17 0.029138485 
205 93 18 24 0.028872134 
797 51 20 21 0.028781652 
859 42 14 19 0.028579837 
3 124 12 17 0.028483748 
986 98 18 24 0.028339144 
200 104 17 24 0.028104793 
546 86 23 30 0.027445447 
914 97 19 23 0.027276842 
719 103 20 25 0.027162174 
154 131 25 30 0.02654273 
917 99 40 51 0.02636064 
48 37 23 25 0.025715576 
541 98 16 21 0.0248266 
704 66 41 53 0.024789898 
219 8 14 18 0.024606021 
167 32 23 26 0.024417171 
650 52 21 24 0.02439476 
187 121 16 21 0.024320422 
0 92 12 22 0.02421598 
334 1 17 17 0.02413612 
701 46 41 50 0.024081564 
765 81 16 21 0.023910364 
955 1 25 28 0.02389096 
86 93 23 31 0.02382218 
668 56 24 29 0.023585673 
844 93 19 22 0.023509892 
258 0 18 16 0.023443613 
766 39 23 28 0.023397783 
716 39 23 29 0.02318231 
324 106 23 31 0.02318068 
714 116 18 22 0.023009082 
183 107 15 21 0.02287644 
0 189 9 14 0.022856668 
975 23 16 21 0.022779621 
252 107 16 22 0.022492671 
139 97 17 18 0.022359157 
876 62 22 28 0.022177165 
629 101 27 34 0.022027744 
974 66 15 18 0.0217667 
333 68 18 23 0.021711797 
582 92 16 21 0.021538343 
724 83 17 20 0.021526802 
101 147 20 25 0.021483462 
411 60 24 27 0.021468231 
241 105 18 23 0.021231659 
121 49 20 24 0.021209503 
96 84 16 18 0.021188026 
857 104 25 31 0.021174574 
387 0 15 13 0.02100297 
205 61 16 21 0.02094749 
587 2 17 18 0.020870578 
42 1 16 19 0.020830872 
377 118 16 21 0.020801108 
685 74 15 22 0.020772997 
891 58 23 27 0.020656994 
260 111 13 19 0.020615881 
132 68 16 19 0.020607112 
96 95 18 21 0.020391392 
633 119 18 22 0.02037866 
795 144 21 28 0.02034316 
377 56 18 23 0.02013842 
426 100 24 31 0.02011572 
