0_Parade_Parade_0_611
38
154 165 31 46 0.9979176 
412 139 38 51 0.9947384 
587 152 38 49 0.98944366 
72 196 23 31 0.98623276 
302 170 40 54 0.9820258 
498 200 22 36 0.9815298 
917 224 14 17 0.9747379 
657 199 16 25 0.9137012 
260 195 25 34 0.9024307 
759 209 12 21 0.8705138 
617 186 20 30 0.6081959 
531 211 16 22 0.53822273 
685 215 11 14 0.53745276 
784 248 8 11 0.41638282 
721 228 13 14 0.25974673 
952 235 10 13 0.22757737 
796 237 11 15 0.09892731 
169 216 23 30 0.082709126 
237 178 17 21 0.07590683 
722 220 14 17 0.05749891 
474 158 30 36 0.054306507 
0 236 9 14 0.051556475 
958 229 10 13 0.044771936 
1 259 9 13 0.042618744 
734 200 15 20 0.041872285 
449 280 17 21 0.039052054 
975 215 9 10 0.034943238 
787 244 11 14 0.034831442 
236 166 22 27 0.032113377 
943 229 8 11 0.0281328 
965 223 9 13 0.021816649 
886 220 10 14 0.02146773 
518 227 12 17 0.02110885 
436 159 26 37 0.02094738 
680 213 19 24 0.02087712 
527 241 14 17 0.020301748 
1014 236 8 12 0.020271478 
764 241 12 14 0.020117145 
