0_Parade_Parade_0_376
29
634 205 29 38 0.99488443 
767 152 41 56 0.9940965 
919 157 28 37 0.9812076 
393 212 40 58 0.9732992 
339 252 27 37 0.90455276 
143 267 25 44 0.89357626 
203 576 50 102 0.8233106 
534 233 27 45 0.6745784 
155 262 27 39 0.31780297 
871 206 18 21 0.28168565 
528 246 26 42 0.09088729 
945 244 17 20 0.065321 
413 145 9 11 0.060109947 
469 137 7 8 0.053617254 
932 265 12 16 0.048617847 
420 165 10 11 0.04206597 
529 157 12 15 0.040237006 
325 248 31 37 0.0397542 
487 137 8 11 0.03732747 
166 271 27 36 0.03011722 
30 205 50 64 0.029572442 
164 254 31 39 0.0270464 
525 265 21 37 0.023701167 
279 230 28 36 0.023629695 
480 153 8 9 0.023559455 
501 212 9 12 0.021791145 
488 141 10 14 0.021576988 
429 144 8 10 0.021287724 
422 157 10 13 0.02057017 
