0_Parade_Parade_0_472
117
58 137 33 35 0.99823296 
322 115 38 48 0.9893891 
514 130 33 40 0.98431814 
562 136 17 27 0.9547764 
644 121 16 23 0.9125693 
749 122 13 21 0.88051045 
603 265 45 51 0.85821086 
932 227 18 24 0.7889191 
834 112 19 28 0.6835228 
400 129 29 34 0.6823796 
814 120 16 22 0.66499305 
629 162 18 20 0.5781991 
975 146 16 18 0.4872678 
950 151 17 19 0.45819739 
714 114 15 17 0.45510846 
657 171 16 19 0.40091628 
216 238 12 17 0.39998558 
174 186 16 18 0.3788503 
733 126 11 16 0.29381865 
798 131 11 15 0.22681487 
922 150 13 15 0.2162305 
683 133 13 20 0.21195485 
867 255 11 14 0.20208754 
988 139 15 21 0.19669983 
979 218 14 17 0.18352062 
691 138 14 22 0.17158875 
223 184 8 10 0.1574466 
967 293 14 17 0.15564738 
804 226 14 18 0.14724095 
786 165 15 25 0.147096 
829 116 15 24 0.12706819 
944 227 14 18 0.1231454 
201 234 11 15 0.10967504 
22 177 14 18 0.102928996 
649 123 23 26 0.10235517 
594 220 22 29 0.10085566 
165 179 13 18 0.09811692 
616 184 21 31 0.09261435 
247 179 9 12 0.09191 
944 155 10 14 0.09151801 
844 173 16 24 0.08537341 
858 236 15 19 0.08476122 
995 147 13 17 0.08352319 
989 219 13 18 0.0772933 
998 216 12 16 0.07644123 
259 294 11 13 0.07572254 
238 281 14 19 0.06783743 
431 181 14 18 0.0639116 
804 186 13 15 0.06373391 
968 243 13 19 0.06251316 
611 155 17 21 0.062376477 
250 202 13 20 0.061725587 
272 370 13 15 0.058900822 
847 119 19 22 0.054762177 
805 139 12 15 0.05298846 
695 136 19 25 0.05201616 
959 147 21 23 0.049019903 
744 119 12 18 0.047553107 
806 121 16 20 0.04754244 
213 222 8 11 0.047428638 
119 269 13 15 0.04612856 
708 118 17 20 0.044815317 
831 244 12 16 0.0424322 
247 229 8 12 0.041323226 
176 404 10 13 0.041224457 
253 156 11 14 0.04005723 
849 170 20 24 0.039728384 
723 114 11 15 0.03965043 
249 198 10 15 0.038733363 
736 118 10 14 0.03848239 
640 162 19 26 0.038101025 
734 111 8 11 0.03760967 
0 298 9 14 0.037514668 
706 137 15 21 0.03702422 
188 186 10 16 0.036759622 
795 126 21 25 0.035960294 
679 127 13 17 0.035282645 
143 365 8 10 0.03510968 
814 157 13 19 0.032409236 
954 156 18 19 0.03189017 
892 473 31 36 0.03125555 
964 213 13 19 0.030530326 
806 191 16 18 0.030485334 
702 133 14 18 0.02994879 
833 75 18 20 0.02900894 
992 152 12 16 0.028468288 
909 254 15 16 0.028307643 
918 143 14 18 0.028293107 
544 246 38 49 0.027807835 
995 221 15 21 0.027563866 
666 136 21 26 0.02688497 
868 242 14 19 0.026795516 
240 189 9 12 0.026717167 
201 233 20 25 0.026435386 
214 284 10 12 0.026327603 
209 300 12 14 0.026095806 
975 183 21 28 0.025724404 
947 221 15 18 0.02567622 
746 201 20 27 0.025639372 
672 108 11 13 0.025219746 
222 269 10 14 0.024901649 
204 245 15 19 0.024630366 
625 168 22 32 0.02458323 
655 130 24 27 0.024323836 
76 348 12 14 0.024288032 
798 182 14 17 0.023696208 
30 286 12 15 0.023633095 
618 155 17 24 0.023196492 
898 203 15 20 0.023002744 
351 276 43 52 0.022595335 
231 199 8 12 0.02187836 
933 150 10 14 0.021563902 
223 263 10 13 0.021465056 
216 191 8 10 0.021105982 
244 288 14 17 0.020767674 
913 241 15 19 0.020228738 
242 182 8 11 0.020179534 
