0_Parade_Parade_0_218
141
739 386 35 39 0.9984175 
928 621 9 14 0.8964088 
918 547 9 12 0.7376089 
944 540 9 12 0.3833788 
854 526 14 18 0.35750216 
1007 600 11 16 0.34640765 
943 611 9 12 0.29364634 
970 547 8 11 0.2597206 
875 628 12 16 0.22880411 
32 574 7 9 0.22874461 
870 542 8 11 0.19335932 
142 562 9 12 0.18868573 
39 560 7 9 0.16289364 
172 596 12 14 0.16040297 
412 169 124 90 0.15094803 
85 589 9 12 0.15058018 
56 577 8 10 0.14761709 
112 573 8 10 0.1445813 
164 650 12 15 0.13461046 
956 552 9 11 0.13338837 
173 658 10 12 0.12783971 
102 527 10 12 0.12088033 
895 553 8 10 0.101102576 
1014 535 8 11 0.09878176 
173 590 11 13 0.09617532 
87 552 7 9 0.096009634 
929 599 9 11 0.09289432 
1 573 8 11 0.08902966 
38 565 7 10 0.08801363 
34 569 7 9 0.08353829 
255 583 7 10 0.081212156 
160 646 12 16 0.0799927 
98 564 8 10 0.07922303 
670 521 8 10 0.07797354 
102 658 11 14 0.07771969 
882 549 8 11 0.07071405 
142 532 8 10 0.06999382 
102 565 8 10 0.06942625 
269 579 9 12 0.063570134 
881 544 7 10 0.060854264 
921 582 7 10 0.06054181 
241 595 9 11 0.058786236 
0 605 8 12 0.057643216 
177 567 8 11 0.056750078 
816 637 10 15 0.05507557 
111 588 9 13 0.055052795 
886 550 8 10 0.05502231 
114 550 8 10 0.054374266 
70 559 7 10 0.054196913 
238 610 12 14 0.05407581 
949 537 8 10 0.053889185 
281 525 7 9 0.053268764 
67 557 7 10 0.05180711 
975 611 9 12 0.051794216 
15 567 7 9 0.04910585 
106 590 9 12 0.04810822 
61 654 14 20 0.047476336 
106 575 9 11 0.043428708 
870 496 8 10 0.04299266 
114 544 8 10 0.04254404 
80 584 8 11 0.042412 
265 536 7 9 0.041952595 
263 600 8 10 0.04177791 
913 582 7 10 0.04122036 
885 545 8 10 0.041113183 
24 604 9 12 0.04108152 
73 565 7 9 0.0398049 
0 613 8 11 0.039788637 
62 612 9 12 0.039006043 
871 534 10 14 0.038422603 
173 602 12 15 0.038352843 
160 628 10 13 0.038172044 
112 557 7 10 0.037699416 
105 580 9 12 0.037089262 
6 573 8 11 0.03666441 
847 526 15 17 0.036625862 
202 663 12 14 0.036530234 
929 575 9 11 0.036159232 
73 582 8 10 0.036100756 
102 519 10 11 0.03608507 
6 552 7 9 0.034974754 
926 581 8 10 0.034222774 
1002 597 11 15 0.034189872 
990 597 9 12 0.032602757 
41 553 7 8 0.031750184 
184 672 9 12 0.031546142 
7 615 8 10 0.0308065 
207 573 8 12 0.030570412 
39 582 7 10 0.029802185 
286 608 13 16 0.029754145 
8 568 7 10 0.029418051 
49 567 7 9 0.029286722 
915 545 9 11 0.029162291 
968 558 9 11 0.0290571 
166 629 10 13 0.028970025 
26 575 7 9 0.028920706 
72 599 8 11 0.028801186 
54 568 8 9 0.028189994 
908 641 10 12 0.028066931 
993 558 9 11 0.027848193 
176 612 10 12 0.027613455 
982 535 7 10 0.027469283 
889 565 10 13 0.027454771 
111 582 10 14 0.026544012 
88 556 8 10 0.026299218 
905 592 8 10 0.026107118 
274 559 7 9 0.025927836 
200 574 10 12 0.02512735 
978 534 8 10 0.024641173 
256 624 10 13 0.02441816 
166 573 9 11 0.024263686 
266 577 9 11 0.024253331 
33 582 8 10 0.024053004 
85 594 9 12 0.023906125 
282 552 7 9 0.023837158 
79 596 9 11 0.023615655 
168 669 10 12 0.02354943 
816 566 9 12 0.023348171 
896 576 8 11 0.023315154 
71 577 8 10 0.023204867 
117 588 9 12 0.02315751 
173 639 10 12 0.023137132 
38 575 7 9 0.022681717 
1006 590 14 21 0.022625657 
117 573 8 11 0.022192188 
79 566 7 10 0.022179883 
270 537 8 9 0.021887846 
103 511 10 12 0.021591274 
95 511 9 11 0.021438401 
105 545 7 8 0.02142686 
973 544 9 11 0.021309018 
946 612 10 13 0.021230595 
2 551 8 11 0.02122951 
272 598 8 10 0.02119294 
129 551 8 10 0.021162191 
847 214 13 16 0.02097848 
57 612 9 12 0.020973219 
983 540 8 11 0.020767443 
83 551 7 9 0.02074862 
161 566 9 12 0.020340892 
272 592 9 10 0.020089988 
