0_Parade_marchingband_1_910
37
76 241 37 39 0.99751496 
568 233 51 58 0.9969092 
373 255 47 50 0.9935168 
138 225 32 35 0.99051636 
520 225 45 57 0.9845806 
207 205 43 46 0.97856677 
37 224 33 41 0.9750837 
283 258 39 40 0.9736361 
483 194 34 43 0.9649855 
768 332 72 97 0.9579467 
439 269 43 46 0.94401467 
945 278 54 84 0.9336423 
339 231 37 49 0.70179933 
114 241 18 23 0.53804713 
352 236 44 53 0.50895685 
590 120 37 35 0.45997822 
415 158 9 11 0.16747537 
22 174 13 18 0.11525721 
810 88 30 35 0.11404822 
848 325 41 64 0.0804763 
408 158 8 11 0.07731272 
399 158 9 11 0.066674925 
502 205 46 58 0.0512773 
577 93 52 65 0.044028904 
27 253 14 21 0.040717945 
581 111 33 35 0.039737303 
479 187 24 33 0.035658494 
262 175 8 11 0.03334088 
0 267 11 17 0.030110262 
986 284 27 40 0.028436035 
827 88 28 33 0.02710475 
289 168 10 12 0.026390089 
331 160 16 23 0.025437206 
402 358 40 50 0.02497814 
859 374 13 17 0.02230387 
969 284 35 56 0.020997807 
616 370 37 46 0.020438543 
