0_Parade_marchingband_1_653
297
324 137 15 18 0.97330225 
45 43 13 16 0.9726671 
875 117 16 20 0.97254837 
604 138 14 18 0.9688364 
871 195 13 16 0.9606964 
961 181 16 19 0.9598181 
373 146 15 19 0.94941217 
510 132 16 19 0.9465151 
979 130 15 18 0.9432465 
679 194 13 17 0.9329274 
69 98 12 15 0.9286418 
600 187 13 17 0.9272632 
765 192 14 18 0.92363924 
654 22 13 16 0.91510826 
227 141 13 18 0.91208696 
125 149 14 18 0.90436435 
649 128 14 18 0.9028966 
538 195 13 18 0.8973309 
556 35 11 14 0.8961974 
828 29 11 15 0.8874194 
739 134 13 17 0.8707651 
99 50 12 15 0.8704733 
188 43 12 14 0.8568942 
510 34 11 14 0.8554291 
418 142 15 18 0.8494683 
320 43 12 14 0.8474873 
45 197 14 19 0.8465322 
462 148 14 17 0.83549774 
176 140 13 17 0.8343031 
396 201 13 16 0.83363307 
826 126 14 17 0.817096 
312 211 11 15 0.8116772 
366 45 11 15 0.8023103 
275 53 11 13 0.80100024 
603 38 12 15 0.7984355 
130 203 13 16 0.7901629 
28 143 14 18 0.7849022 
222 206 13 17 0.77638286 
78 143 14 19 0.7735247 
467 36 12 16 0.77072287 
23 97 13 16 0.7684275 
231 48 11 15 0.76249975 
274 155 13 15 0.761254 
960 39 11 14 0.7574634 
743 42 11 14 0.7563028 
752 62 10 14 0.75193244 
700 28 10 13 0.7305933 
186 157 15 18 0.7223808 
443 93 12 16 0.71999395 
851 92 12 15 0.7197732 
559 129 16 19 0.7193847 
674 92 14 16 0.71732134 
933 94 11 14 0.71728927 
717 84 11 15 0.70973825 
806 91 13 16 0.70903385 
490 83 13 16 0.698052 
980 77 12 16 0.6899292 
323 198 11 14 0.650204 
412 34 11 15 0.6312833 
891 98 11 15 0.62594575 
585 91 14 15 0.62590677 
303 97 12 15 0.62419605 
613 55 12 15 0.6192521 
150 56 11 14 0.61614573 
912 30 12 15 0.615066 
481 206 13 17 0.6036829 
630 92 12 15 0.6016359 
992 150 15 17 0.5985888 
925 115 14 18 0.58733696 
91 162 16 18 0.5727761 
862 107 13 16 0.5687551 
398 87 12 16 0.5654221 
873 60 9 12 0.5385743 
114 90 12 15 0.5357298 
990 96 12 14 0.5089745 
784 34 11 14 0.4886694 
760 88 13 16 0.48053628 
534 95 13 16 0.46971935 
783 136 13 16 0.4685995 
352 97 12 15 0.467293 
210 94 13 16 0.454827 
799 52 11 13 0.44181857 
159 74 11 14 0.40172857 
864 39 11 14 0.3855194 
839 147 13 16 0.36226708 
260 109 12 15 0.34544218 
839 50 10 13 0.34363544 
711 46 11 14 0.3363241 
903 114 11 14 0.30619824 
691 123 14 18 0.29656586 
376 63 13 14 0.27367553 
167 96 12 15 0.25898978 
947 108 12 17 0.2586704 
573 148 15 17 0.2321553 
102 32 8 11 0.21886754 
159 212 9 12 0.21872905 
78 116 14 18 0.21708746 
338 156 13 16 0.20261532 
192 213 9 11 0.19307683 
284 69 10 12 0.19099773 
422 53 10 12 0.18697907 
373 207 11 12 0.1790871 
246 212 9 12 0.17497195 
285 172 13 16 0.16551152 
138 170 14 16 0.16536434 
774 103 12 15 0.16017272 
725 201 9 12 0.15829098 
476 55 12 15 0.14881115 
245 64 10 13 0.14854799 
429 162 15 17 0.14729783 
926 51 11 13 0.14312194 
109 137 12 17 0.13863823 
152 36 8 11 0.13306826 
240 67 11 14 0.12933342 
176 112 11 14 0.115318604 
214 211 10 13 0.11214268 
277 130 12 16 0.11119685 
55 220 14 15 0.11047974 
41 163 16 17 0.10971914 
395 244 17 20 0.109231904 
887 62 10 12 0.10911672 
331 60 12 14 0.10902354 
843 201 10 13 0.10697023 
791 152 13 18 0.103709795 
908 86 9 11 0.10295795 
408 106 13 16 0.09900769 
237 163 13 16 0.098803595 
198 61 10 12 0.098706946 
972 60 9 12 0.09843083 
466 211 10 12 0.09745136 
845 47 10 13 0.09561913 
628 101 15 19 0.095266655 
110 68 9 11 0.09095694 
547 218 12 15 0.0860385 
53 63 9 13 0.08444681 
219 113 13 16 0.08261939 
148 98 12 15 0.08142081 
544 113 13 17 0.08019655 
744 24 8 11 0.077006154 
1014 60 8 11 0.076720275 
523 153 16 18 0.07637307 
821 163 11 13 0.07544341 
755 153 12 15 0.07479099 
667 43 10 13 0.07329533 
624 159 13 16 0.07303203 
510 199 12 15 0.0720374 
289 25 8 10 0.070371 
968 20 7 10 0.06800753 
17 80 8 11 0.067468256 
208 137 12 16 0.06566795 
123 109 13 15 0.062000908 
688 164 13 14 0.06138913 
641 75 10 13 0.060830366 
919 222 8 10 0.06001643 
644 105 12 16 0.057487004 
943 31 9 11 0.05542685 
896 77 8 10 0.055359453 
1009 174 13 17 0.05527969 
148 119 13 16 0.05446369 
932 46 10 13 0.0540861 
217 237 11 14 0.053913843 
27 114 14 17 0.053577926 
80 82 10 14 0.051076543 
420 207 13 15 0.05101108 
751 24 9 12 0.04890135 
319 85 10 13 0.047459844 
472 164 14 17 0.047220163 
985 98 12 14 0.047205064 
688 116 14 17 0.04367502 
264 293 8 12 0.043355037 
959 21 7 10 0.043025646 
1013 87 10 13 0.04214128 
709 140 14 18 0.04212706 
732 101 11 15 0.042049274 
506 77 11 13 0.040978782 
795 52 9 12 0.04081117 
821 110 11 14 0.040418353 
937 22 9 12 0.03989014 
930 119 13 16 0.0398096 
271 131 12 15 0.039695133 
908 179 12 16 0.039481726 
877 91 10 13 0.03918262 
484 55 10 14 0.039048605 
976 81 13 16 0.03897157 
210 212 9 12 0.038661726 
317 204 13 16 0.037894346 
101 138 14 19 0.037868824 
804 102 14 18 0.03739105 
774 46 9 11 0.037353236 
547 84 12 16 0.037211232 
954 22 7 9 0.036777273 
757 28 9 12 0.03663008 
821 54 10 12 0.036404185 
857 40 8 11 0.036135435 
825 222 9 12 0.03598882 
363 111 12 14 0.03491028 
983 23 7 9 0.034221318 
318 112 12 14 0.033460822 
892 141 15 19 0.033365496 
963 98 16 18 0.03319268 
877 57 9 11 0.032839406 
603 236 14 15 0.032651704 
319 1 9 11 0.032593064 
603 226 15 16 0.03192297 
877 158 12 14 0.031898927 
738 215 10 14 0.031699397 
784 16 8 10 0.03160073 
120 261 10 14 0.031338006 
936 28 9 11 0.031043315 
684 220 15 16 0.030822983 
943 102 12 14 0.030786283 
927 29 8 10 0.030777082 
184 93 10 13 0.030535504 
166 139 12 16 0.030488316 
991 64 8 10 0.030456109 
833 52 10 12 0.03031633 
926 158 14 17 0.03017266 
453 110 13 16 0.03008802 
777 22 8 11 0.029848255 
280 247 9 12 0.029450757 
1010 56 8 11 0.028531464 
935 39 9 11 0.028118128 
734 94 11 14 0.027944475 
104 68 10 12 0.02771082 
705 44 11 14 0.027584234 
115 98 14 17 0.027518207 
775 29 9 12 0.027035292 
646 72 10 12 0.0270184 
220 240 14 17 0.026966827 
119 62 8 11 0.026907302 
998 52 8 11 0.026411107 
848 40 8 11 0.026370307 
70 141 14 20 0.026268665 
820 59 11 14 0.026253933 
714 136 16 19 0.026113383 
768 45 10 13 0.025995456 
364 85 11 14 0.025844568 
989 85 13 14 0.025757095 
976 36 8 11 0.025684867 
798 140 14 18 0.025651166 
262 238 12 14 0.025354696 
855 23 8 10 0.02524626 
929 98 12 13 0.025126494 
38 93 12 15 0.025086975 
637 106 12 15 0.024894176 
855 55 9 11 0.024737842 
948 133 14 17 0.024440315 
918 23 10 13 0.024103427 
975 21 7 10 0.024030639 
311 113 13 16 0.023966186 
92 227 10 14 0.023740608 
21 77 9 12 0.023719346 
816 108 11 15 0.023643909 
199 240 8 11 0.023633962 
804 153 12 16 0.023607647 
25 70 9 13 0.023342103 
222 62 8 12 0.023267055 
831 146 15 18 0.023123635 
849 23 9 11 0.022993147 
317 101 12 14 0.022933371 
817 47 8 10 0.022930913 
715 97 14 17 0.022907501 
767 212 13 16 0.022879753 
5 157 10 15 0.022693008 
781 143 15 19 0.02269104 
366 23 9 12 0.02262084 
232 29 8 10 0.022489144 
855 45 8 11 0.022461774 
936 16 8 11 0.022228522 
782 20 9 11 0.022069395 
15 93 13 18 0.021956207 
896 114 12 15 0.021867407 
822 47 9 11 0.02185529 
877 226 14 16 0.021811979 
207 76 9 13 0.02180492 
686 110 12 16 0.021735925 
781 127 14 18 0.021709995 
383 166 14 16 0.021453215 
703 91 10 15 0.021401556 
390 237 13 17 0.021397427 
889 67 10 12 0.021365367 
310 63 9 12 0.021198783 
360 28 9 12 0.02108879 
521 50 11 13 0.021080965 
191 25 8 10 0.021051612 
15 83 9 14 0.020947885 
565 52 11 13 0.020914793 
839 214 10 14 0.020855982 
153 74 12 16 0.020779055 
474 131 13 16 0.020720756 
710 100 14 16 0.020720271 
912 24 11 14 0.020487042 
64 144 12 18 0.020446429 
911 166 10 12 0.020215936 
903 79 8 11 0.020131825 
913 14 7 10 0.0201069 
986 78 12 15 0.020030187 
