0_Parade_Parade_0_72
35
132 334 32 43 0.99056226 
665 347 27 37 0.9855269 
457 387 25 30 0.98341364 
347 466 24 29 0.94486713 
412 381 16 20 0.92350554 
257 386 17 22 0.92060846 
773 343 15 21 0.9069435 
738 365 20 23 0.8924782 
207 368 21 24 0.88671196 
629 366 18 23 0.88314486 
623 344 22 25 0.8566264 
544 378 19 22 0.834049 
494 340 17 19 0.7327226 
347 376 17 21 0.5814383 
789 266 19 22 0.53260225 
4 476 16 17 0.47534445 
23 541 14 18 0.09533203 
23 511 10 12 0.056946304 
834 363 11 14 0.050271496 
578 369 15 19 0.0459248 
495 331 20 22 0.045448262 
547 348 13 15 0.045267064 
388 480 13 17 0.04107701 
67 561 20 18 0.033108987 
561 581 46 52 0.031981315 
315 387 20 23 0.031063346 
37 509 8 12 0.031026516 
265 392 13 18 0.030593783 
830 337 10 13 0.029835653 
537 371 20 27 0.025878085 
501 187 442 487 0.02543278 
560 611 37 39 0.024766756 
582 386 15 18 0.023271454 
69 502 10 13 0.022488456 
623 361 16 23 0.021913506 
