0_Parade_Parade_0_205
51
259 298 84 102 0.9899687 
595 329 21 32 0.9446515 
664 330 39 46 0.8594733 
811 317 27 33 0.71255606 
461 319 18 22 0.24989605 
463 362 26 30 0.22906436 
474 222 9 12 0.21894735 
681 3 16 20 0.14556906 
854 322 11 14 0.11628952 
862 558 8 11 0.1039986 
478 345 11 13 0.10274461 
143 79 54 70 0.085278854 
527 212 11 14 0.073185064 
522 466 12 15 0.06677301 
697 277 10 12 0.060978405 
683 336 35 44 0.05738828 
823 349 12 15 0.05417319 
705 340 29 40 0.053661574 
437 260 11 14 0.052735884 
643 332 25 31 0.04965506 
849 566 8 11 0.047131617 
679 273 8 11 0.046851087 
414 239 10 14 0.04676722 
738 566 15 17 0.037192587 
825 328 15 20 0.034217738 
962 404 14 21 0.03330207 
569 324 27 33 0.0328387 
774 439 9 11 0.032674335 
146 46 57 57 0.032663107 
594 262 13 17 0.031374417 
581 325 28 34 0.031246897 
510 476 8 11 0.030697998 
573 310 25 31 0.030045763 
503 212 9 12 0.029799918 
392 176 9 9 0.028568868 
730 354 13 19 0.027378773 
828 289 12 15 0.02705504 
117 80 55 68 0.026324462 
500 372 24 29 0.02483168 
352 381 12 12 0.024491012 
509 431 14 19 0.02395344 
862 554 7 9 0.023887444 
892 452 11 14 0.023460574 
549 220 10 14 0.02302482 
759 725 12 15 0.022510301 
727 279 12 14 0.0224872 
622 244 13 16 0.022001699 
640 269 12 13 0.021619638 
828 337 13 16 0.021003017 
459 459 13 16 0.020263005 
495 212 9 12 0.02019595 
