0_Parade_marchingband_1_593
426
907 349 11 13 0.90874463 
863 336 9 11 0.8937022 
104 333 8 10 0.84182197 
802 302 7 9 0.82275754 
76 344 8 10 0.78982973 
359 383 9 11 0.7357158 
488 309 7 10 0.7034509 
624 379 7 9 0.68841827 
648 305 8 10 0.67990464 
239 309 8 10 0.65641487 
625 341 7 9 0.6480325 
600 349 7 9 0.64607835 
542 376 8 9 0.63548607 
306 305 7 10 0.63396364 
676 335 7 10 0.62725335 
352 360 7 10 0.606956 
723 293 8 10 0.5783948 
176 304 8 10 0.5739721 
468 380 8 10 0.56891453 
698 349 7 10 0.5549544 
614 302 8 10 0.54651386 
793 318 7 9 0.5276425 
601 319 6 8 0.50213 
273 304 7 10 0.49531257 
562 293 8 10 0.49232888 
801 340 8 11 0.48783597 
392 377 7 10 0.48781672 
210 334 8 10 0.4831871 
531 344 7 10 0.4710924 
752 330 7 9 0.45579296 
474 342 8 10 0.4359573 
253 321 9 12 0.41766867 
346 316 8 10 0.41087404 
310 356 8 11 0.41040885 
762 347 6 7 0.40230083 
533 293 7 10 0.39820877 
154 337 8 10 0.39248306 
138 305 8 11 0.39075777 
437 289 7 10 0.36383474 
504 289 7 9 0.3625517 
228 359 7 10 0.36207172 
110 310 7 9 0.36012912 
503 344 7 9 0.35902566 
726 354 7 8 0.35778782 
585 379 7 10 0.34412843 
269 360 8 9 0.34335718 
447 348 7 10 0.32405275 
696 311 6 8 0.3238463 
653 340 7 10 0.3143208 
457 304 7 9 0.31414995 
372 323 8 11 0.30709785 
438 321 7 9 0.30184767 
631 310 7 10 0.3015259 
319 326 7 8 0.2834185 
593 288 7 9 0.27210608 
183 333 7 10 0.25089398 
773 302 7 9 0.24807508 
659 377 8 11 0.24567513 
288 320 8 10 0.23013124 
359 304 8 10 0.22537121 
762 314 7 9 0.22523935 
431 378 6 8 0.21008779 
360 309 7 9 0.19777943 
582 306 7 10 0.19404072 
681 316 8 10 0.18776782 
724 334 8 10 0.18674631 
779 326 7 9 0.18067059 
520 310 6 9 0.16803165 
224 321 7 9 0.16433136 
802 327 7 8 0.16426007 
853 393 7 9 0.16262831 
375 340 7 10 0.15748215 
156 352 9 12 0.14641427 
711 325 7 9 0.13765745 
152 392 10 12 0.13428035 
207 306 8 9 0.12512349 
704 327 7 9 0.12404574 
402 324 9 11 0.1182502 
360 345 7 9 0.109111704 
509 381 7 9 0.10641191 
397 288 8 11 0.10625787 
472 313 7 9 0.10240436 
273 286 7 9 0.098064184 
439 325 8 9 0.09777288 
183 329 8 11 0.096417844 
601 368 8 11 0.09266866 
230 407 10 13 0.08907795 
358 297 8 10 0.08574384 
454 359 8 9 0.085405044 
631 305 8 10 0.08529731 
349 318 7 10 0.08424777 
394 414 8 9 0.08419748 
360 285 7 9 0.08405915 
405 321 8 11 0.08335402 
456 310 7 9 0.083044715 
695 398 7 9 0.07995505 
633 295 7 8 0.07963655 
64 327 7 9 0.07906281 
127 330 7 9 0.0776754 
568 350 6 8 0.07644593 
120 320 7 9 0.07628639 
507 378 6 9 0.0761526 
314 322 7 9 0.075872794 
179 334 7 10 0.07385505 
571 327 6 8 0.07249218 
529 376 6 8 0.072002575 
394 293 7 9 0.07176739 
503 320 7 9 0.06976508 
337 329 7 9 0.06975953 
698 328 7 9 0.06741623 
777 320 8 11 0.066332266 
776 311 7 9 0.06456076 
108 333 8 11 0.0644672 
146 320 6 8 0.063842036 
512 328 7 8 0.06341569 
456 288 6 8 0.06330118 
122 326 7 10 0.059845865 
264 388 8 11 0.059457704 
87 319 7 9 0.058087815 
600 302 6 8 0.05702061 
892 381 8 11 0.056161255 
169 350 8 11 0.056054734 
141 308 7 10 0.05599159 
277 303 7 10 0.05574103 
488 290 6 8 0.05560339 
814 333 7 9 0.054963265 
504 325 7 9 0.054768816 
728 320 7 9 0.053711236 
499 344 7 9 0.05350524 
337 359 6 8 0.05280201 
442 349 8 10 0.05279008 
297 336 7 9 0.05199557 
447 374 7 9 0.051575236 
542 326 6 9 0.05152871 
627 311 7 9 0.05098277 
31 333 7 9 0.050548524 
566 368 6 9 0.050212972 
631 342 7 9 0.049579494 
736 304 7 9 0.049430523 
207 293 7 9 0.049104188 
592 272 7 8 0.04899692 
282 352 6 8 0.048901852 
727 327 7 10 0.048737377 
543 309 6 9 0.04860372 
575 327 6 8 0.04820508 
736 321 7 9 0.047733247 
329 350 7 9 0.0473961 
606 367 7 11 0.047314744 
626 360 6 9 0.04650477 
761 377 8 10 0.044832524 
511 357 7 10 0.044674955 
287 350 7 9 0.04465543 
563 368 6 9 0.04390263 
307 353 8 10 0.0436345 
312 341 8 10 0.043513767 
529 360 7 9 0.043058664 
295 326 7 10 0.04304679 
249 358 6 9 0.041460264 
631 359 6 9 0.041082256 
579 309 7 9 0.040950425 
322 335 7 9 0.0409449 
354 326 7 10 0.04041181 
568 345 6 8 0.04020017 
239 290 6 8 0.040109307 
169 318 8 11 0.04005744 
225 389 9 12 0.03993883 
596 350 7 9 0.03993204 
792 341 7 9 0.0398588 
552 334 6 9 0.03966466 
600 326 6 9 0.039633375 
656 321 7 8 0.039571095 
90 357 9 12 0.03932468 
225 335 6 9 0.0392674 
687 311 8 11 0.03903731 
249 352 7 10 0.038924217 
577 336 6 8 0.038919456 
498 320 7 9 0.038785525 
87 312 7 9 0.038654577 
617 352 7 8 0.038653426 
511 353 7 9 0.03859787 
614 287 7 8 0.03841317 
383 359 7 9 0.03832839 
297 342 7 9 0.03830386 
593 293 7 9 0.03781411 
401 305 7 9 0.03778286 
457 319 7 8 0.037758764 
736 326 7 8 0.037477575 
713 310 6 9 0.03745485 
336 352 6 8 0.037364807 
669 415 9 11 0.037117973 
703 334 7 8 0.036799204 
137 358 8 10 0.03660941 
561 352 7 8 0.036224052 
546 335 6 9 0.035614084 
280 359 7 9 0.035478976 
638 342 7 9 0.035394423 
417 342 6 9 0.035237387 
232 335 6 8 0.03517841 
150 318 7 9 0.035100665 
473 303 7 9 0.03509585 
765 316 7 10 0.03487039 
535 278 7 9 0.034848668 
432 345 8 9 0.03480252 
650 391 6 9 0.034738287 
488 318 7 9 0.034720287 
535 360 7 9 0.03468469 
202 305 8 9 0.03441608 
615 308 7 10 0.034194335 
542 322 7 9 0.034102324 
464 312 7 9 0.033655968 
481 327 6 8 0.03355691 
797 320 7 9 0.033430886 
745 333 7 9 0.0332973 
377 353 6 8 0.033281155 
832 311 7 9 0.033046883 
136 289 7 9 0.033041187 
483 309 7 10 0.032864925 
514 310 7 9 0.03284524 
293 320 8 10 0.032808695 
140 405 9 12 0.032757785 
480 359 7 8 0.032303233 
743 350 7 9 0.032302983 
538 311 6 8 0.032227293 
610 287 6 8 0.03221123 
765 344 8 10 0.03219783 
287 345 7 9 0.031939298 
464 318 7 9 0.031821903 
214 327 8 11 0.031819575 
349 312 8 11 0.031818055 
498 325 7 10 0.03174286 
538 321 7 9 0.03166235 
608 360 7 9 0.031433083 
649 359 7 9 0.03140346 
338 332 8 11 0.03131479 
665 415 8 10 0.031250194 
447 369 8 9 0.031183437 
434 325 7 9 0.030962493 
664 352 7 9 0.030919079 
722 319 6 9 0.03079401 
193 352 8 10 0.030762637 
326 336 7 9 0.03065377 
355 303 7 10 0.03061926 
691 398 7 9 0.030587416 
606 319 7 9 0.03035564 
824 344 7 9 0.030240696 
695 294 7 9 0.030208034 
696 319 7 9 0.030022921 
685 318 7 9 0.029896827 
673 339 8 11 0.029870339 
134 318 7 9 0.029482696 
347 359 7 10 0.029436043 
793 325 8 9 0.02921316 
305 287 6 8 0.029208861 
343 335 7 10 0.029162383 
455 295 7 9 0.029084422 
402 392 7 9 0.028921967 
648 321 7 9 0.02891356 
401 351 6 9 0.028857127 
480 368 7 9 0.02882578 
530 368 6 8 0.028737785 
462 304 6 8 0.028732968 
236 310 7 9 0.028583733 
647 353 7 9 0.028484765 
344 302 7 9 0.028343488 
816 330 7 9 0.028259343 
263 343 7 9 0.02822601 
280 335 8 9 0.028196387 
417 320 6 8 0.028036552 
497 390 6 9 0.027830118 
702 345 7 10 0.027730882 
720 312 6 9 0.02765381 
545 343 6 9 0.027556572 
82 318 7 9 0.027516149 
584 321 7 9 0.027484708 
176 287 6 9 0.027096894 
282 344 7 9 0.026987104 
638 336 7 9 0.026910959 
826 335 7 9 0.026855245 
434 270 7 9 0.026739493 
185 319 7 10 0.026679697 
383 353 7 8 0.026647614 
672 359 6 8 0.026404515 
520 320 7 9 0.02635742 
202 309 6 9 0.02633912 
458 327 7 9 0.026325097 
706 321 7 9 0.02620613 
368 352 6 9 0.026139714 
782 352 7 9 0.026138008 
689 327 6 9 0.026103757 
281 320 8 9 0.026079753 
478 337 8 10 0.026075263 
184 359 7 9 0.02603781 
81 294 7 9 0.026028305 
520 327 6 8 0.025992718 
530 278 6 8 0.025920635 
438 271 6 9 0.025795585 
335 390 7 9 0.025788229 
778 352 7 9 0.025750782 
905 345 10 13 0.025572842 
62 320 7 9 0.025446432 
392 320 7 9 0.025381882 
479 351 7 9 0.025334666 
93 343 8 10 0.0253032 
641 327 6 8 0.025277384 
209 340 7 10 0.025088307 
576 393 6 8 0.025081672 
402 398 6 9 0.024947453 
466 343 7 9 0.024881238 
367 304 6 9 0.024874207 
446 328 7 9 0.024804167 
432 349 7 9 0.024750095 
648 287 6 8 0.024746219 
223 345 7 8 0.024736892 
217 351 7 9 0.024721097 
694 306 8 9 0.024694566 
473 349 7 10 0.024627237 
328 344 8 10 0.02462541 
463 326 7 9 0.024566468 
597 288 7 9 0.024492478 
688 408 7 10 0.024477504 
417 359 6 9 0.024406133 
218 320 6 8 0.024243083 
406 392 7 8 0.024242213 
438 360 8 10 0.024175193 
512 335 7 8 0.024151636 
237 407 9 12 0.02401032 
769 336 6 8 0.023975648 
531 289 8 11 0.023890987 
884 340 9 12 0.023865717 
599 295 7 9 0.023822244 
361 349 7 10 0.023789527 
320 358 7 9 0.023788342 
296 310 7 9 0.023730177 
584 326 6 8 0.023690926 
673 318 7 9 0.023656188 
849 423 9 11 0.023639375 
554 320 6 8 0.023637041 
450 288 6 9 0.02361455 
608 328 6 9 0.023591397 
230 319 8 10 0.02357753 
431 335 8 10 0.023559837 
545 352 6 8 0.023504429 
422 359 7 9 0.023485437 
792 337 7 9 0.023465922 
257 344 7 9 0.023437869 
199 358 7 9 0.023402179 
392 304 7 9 0.023372903 
198 352 7 10 0.023316864 
814 405 8 10 0.023210643 
616 320 6 9 0.023207849 
344 343 7 9 0.023048898 
816 313 6 8 0.022940658 
234 289 7 9 0.02280713 
504 348 7 9 0.022778345 
396 375 8 11 0.02270703 
296 358 6 9 0.022700524 
497 350 6 9 0.022659894 
776 343 7 8 0.022598846 
784 336 7 9 0.02256565 
576 360 6 8 0.022464443 
664 320 6 8 0.02238782 
753 350 7 9 0.022353826 
142 357 8 11 0.02235037 
88 302 7 10 0.022344403 
376 311 7 8 0.022332558 
473 359 6 9 0.02232411 
626 318 7 9 0.022279494 
358 326 7 10 0.022264833 
100 333 8 11 0.022251086 
234 294 6 8 0.022228057 
785 341 7 10 0.0221237 
510 288 7 9 0.02205489 
528 312 6 8 0.021990232 
631 318 6 9 0.02196731 
214 310 7 9 0.021940554 
70 328 7 9 0.021818891 
746 329 6 9 0.02168739 
672 352 7 9 0.021654343 
270 389 8 10 0.021561187 
359 427 9 12 0.021553554 
58 326 7 10 0.021550115 
264 352 7 10 0.021545613 
158 312 7 9 0.021451429 
742 345 7 9 0.021444743 
482 304 7 10 0.021424519 
255 312 8 9 0.021340217 
738 335 7 9 0.021250509 
738 344 6 9 0.021238262 
528 319 6 8 0.021237215 
585 359 7 8 0.021232247 
569 375 6 9 0.02122947 
282 326 7 10 0.021227265 
224 407 11 14 0.02121579 
296 352 6 9 0.021180984 
408 304 6 9 0.02110222 
450 311 7 9 0.021052971 
256 351 6 8 0.021007689 
271 364 7 10 0.020933736 
824 327 7 9 0.020933619 
399 335 7 9 0.020870237 
489 352 6 8 0.020838803 
704 311 6 9 0.020807127 
592 280 7 8 0.020672621 
474 297 6 8 0.020664409 
591 360 7 9 0.020638442 
400 309 8 10 0.020620061 
117 377 10 14 0.02060789 
225 352 7 9 0.020565942 
642 304 7 10 0.020523898 
585 288 7 9 0.020512875 
704 391 7 9 0.020407813 
225 303 6 8 0.020400262 
121 334 8 9 0.020384058 
58 319 7 10 0.020372387 
480 295 7 8 0.02034808 
360 320 7 9 0.02032094 
428 377 6 8 0.020287203 
577 288 6 9 0.020284588 
632 328 6 8 0.020264536 
482 289 6 8 0.020231321 
553 311 7 9 0.020198205 
535 303 7 9 0.02018689 
529 303 7 9 0.020145813 
407 399 7 9 0.020119581 
776 335 7 9 0.020109765 
216 342 7 9 0.02001404 
