0_Parade_marchingband_1_629
127
109 372 13 16 0.9763375 
463 359 11 14 0.9566913 
326 358 10 12 0.9469593 
509 367 12 15 0.94276047 
954 393 17 22 0.93662494 
234 365 11 14 0.9347261 
610 371 13 15 0.90741086 
636 327 10 13 0.9004872 
54 334 10 13 0.8896164 
429 321 8 10 0.8859735 
2 348 9 12 0.86872596 
562 369 10 14 0.8012401 
392 361 10 12 0.79126686 
35 377 11 15 0.78412527 
496 331 10 12 0.783407 
863 389 11 14 0.7833611 
359 361 9 12 0.7654712 
406 325 8 10 0.721454 
322 357 9 12 0.72125214 
862 355 9 12 0.66582316 
294 353 8 11 0.6332431 
578 322 10 13 0.6282811 
537 335 9 12 0.57657516 
427 361 9 13 0.56573594 
138 361 10 12 0.56573176 
794 352 9 13 0.5324388 
715 397 12 16 0.4927113 
650 374 11 16 0.46432492 
286 388 9 11 0.35817817 
561 327 8 10 0.3393761 
269 384 9 12 0.31471267 
712 336 9 11 0.31033382 
792 378 10 13 0.30681446 
825 341 8 11 0.29813546 
791 407 12 20 0.23081473 
287 382 10 13 0.22985932 
567 397 9 12 0.22413805 
482 334 8 11 0.15881863 
485 355 11 14 0.1490294 
510 392 10 13 0.14869812 
636 358 13 15 0.1372375 
429 341 9 12 0.13065632 
505 392 10 13 0.12394238 
414 342 10 12 0.12154487 
163 389 9 11 0.108335495 
721 353 9 12 0.10750029 
729 343 7 9 0.10481611 
751 381 11 13 0.10303866 
573 347 11 13 0.0910807 
363 363 9 13 0.0892137 
480 340 10 12 0.088060625 
534 321 8 10 0.07642553 
568 349 11 12 0.074821554 
582 339 10 12 0.0740428 
725 351 10 12 0.06921074 
486 333 9 12 0.066422604 
857 381 11 15 0.06630174 
824 360 11 15 0.06368627 
776 336 8 11 0.062077682 
292 381 8 11 0.060200315 
743 334 7 9 0.05930724 
358 382 8 11 0.05685317 
432 384 9 11 0.055873375 
530 324 9 11 0.05548267 
424 342 10 13 0.05471251 
779 407 16 22 0.052394938 
736 357 9 11 0.04831592 
281 382 10 13 0.0480007 
479 349 12 15 0.04637778 
493 351 10 13 0.046284746 
293 375 9 11 0.045913793 
564 332 10 11 0.04480533 
69 383 8 10 0.0435537 
288 376 10 12 0.043436773 
164 399 9 12 0.042213116 
128 368 8 10 0.038388405 
321 397 8 11 0.038308512 
759 397 12 15 0.03707072 
735 352 8 12 0.03656334 
716 340 9 11 0.036553845 
481 329 9 10 0.035560377 
159 366 8 11 0.035003044 
738 335 7 9 0.034835827 
166 368 8 11 0.033673987 
145 383 10 13 0.033498313 
512 343 9 11 0.032937452 
745 379 11 15 0.032918338 
740 357 10 11 0.032623664 
550 356 8 11 0.03243702 
631 350 12 14 0.03185474 
565 416 8 11 0.0315724 
743 350 9 11 0.030775582 
207 340 8 11 0.029844332 
539 338 11 13 0.029717054 
470 405 8 10 0.029021492 
720 396 14 16 0.028940095 
393 384 9 12 0.02889208 
568 342 11 14 0.02821794 
397 387 8 12 0.028068375 
803 403 15 18 0.027877254 
867 392 12 15 0.027798546 
314 358 8 11 0.027672186 
516 391 10 12 0.027246457 
589 364 11 14 0.026856154 
493 365 11 14 0.025526067 
745 342 9 12 0.02544826 
354 382 8 11 0.024875328 
121 399 10 11 0.02471108 
148 387 9 11 0.024681935 
575 367 10 13 0.024490299 
416 336 8 10 0.024057453 
255 408 7 10 0.023928288 
310 372 8 11 0.023464138 
290 355 10 12 0.023033544 
876 388 10 13 0.02300884 
149 406 9 12 0.0224581 
425 404 8 11 0.022332046 
868 384 12 15 0.021604076 
560 322 9 11 0.021288428 
430 337 9 11 0.021166315 
167 372 8 11 0.021099215 
816 350 9 11 0.021060664 
542 319 8 10 0.020657862 
693 400 13 18 0.020643981 
444 358 10 12 0.020432293 
598 405 8 11 0.020378612 
669 356 9 12 0.020169115 
