0_Parade_marchingband_1_552
51
182 378 14 17 0.9234548 
740 381 12 16 0.85103565 
534 372 14 18 0.80190223 
968 384 14 17 0.7349221 
583 379 13 16 0.45236927 
348 372 11 14 0.41250995 
852 396 11 14 0.33208087 
421 381 10 14 0.2079786 
589 375 12 16 0.102625534 
40 361 18 20 0.09398042 
469 357 14 15 0.079712786 
562 323 12 15 0.068572104 
747 382 10 14 0.06061999 
575 380 14 16 0.055016838 
838 399 11 13 0.05062787 
406 382 13 16 0.04888182 
399 386 12 17 0.04679696 
415 376 12 14 0.044987682 
612 363 14 17 0.043882504 
366 364 8 11 0.041335467 
945 412 9 12 0.040968094 
356 375 9 12 0.040446274 
414 384 14 17 0.037715282 
619 362 13 16 0.037470516 
1012 389 10 15 0.034199618 
614 356 12 15 0.033873327 
989 387 10 12 0.033755966 
452 382 13 14 0.03262929 
486 373 13 15 0.0314056 
453 388 14 18 0.030461075 
845 399 15 17 0.029383637 
430 382 10 14 0.028160978 
932 383 12 14 0.027393628 
614 351 11 13 0.02733424 
870 421 11 13 0.026469989 
447 380 13 15 0.02634363 
606 365 13 17 0.025575288 
720 380 9 13 0.024162669 
549 379 10 13 0.023973437 
759 388 10 12 0.023972511 
576 374 12 15 0.023923889 
925 406 10 12 0.02281274 
177 373 14 19 0.022219284 
597 373 10 15 0.022116516 
568 381 11 15 0.02189465 
609 350 10 13 0.02188268 
728 380 10 13 0.021747014 
558 365 11 15 0.021599036 
678 375 8 12 0.0211203 
556 371 12 16 0.020677859 
407 375 12 14 0.020127257 
