0_Parade_marchingband_1_439
280
136 562 35 69 0.9396134 
131 456 14 22 0.83337724 
143 428 10 13 0.828339 
916 487 28 49 0.7629618 
0 429 8 11 0.6997179 
1 466 15 24 0.6555385 
310 471 15 25 0.6069584 
340 429 12 14 0.5595567 
163 445 13 17 0.42634085 
477 449 16 22 0.40440184 
27 430 8 12 0.3785019 
11 429 10 11 0.35027212 
423 521 19 30 0.34340954 
267 450 12 14 0.33160567 
528 421 7 9 0.3198179 
277 416 8 10 0.3083426 
243 429 11 13 0.30398262 
612 431 10 12 0.29485714 
267 430 10 12 0.28806522 
221 423 10 12 0.2831941 
589 456 13 21 0.2618925 
947 410 12 15 0.25443515 
418 477 15 23 0.25442433 
75 466 12 15 0.25426447 
391 424 9 10 0.25264034 
481 452 19 26 0.21668679 
884 461 26 35 0.20425269 
147 444 11 15 0.20246145 
391 441 8 11 0.20070335 
474 422 8 10 0.19517833 
94 433 9 11 0.18859169 
305 417 8 10 0.17813352 
405 421 8 10 0.17673893 
544 540 47 89 0.17582875 
112 438 10 12 0.17385663 
12 443 10 13 0.16250624 
682 399 8 11 0.1610217 
206 423 9 11 0.15749818 
68 421 9 11 0.14518297 
466 413 7 9 0.14506999 
196 496 16 22 0.13809873 
429 442 10 13 0.1362188 
412 447 10 13 0.13466415 
454 416 7 9 0.13105102 
548 423 8 12 0.12786469 
49 526 29 45 0.12301501 
412 436 9 11 0.11852565 
128 432 8 11 0.11845335 
327 431 11 13 0.11566044 
433 425 9 10 0.11538712 
550 461 14 18 0.10916231 
686 444 13 20 0.10495682 
137 430 10 12 0.10314518 
478 422 8 10 0.101957455 
293 427 9 12 0.100278884 
88 431 10 12 0.09846344 
173 446 9 14 0.09699916 
400 421 9 12 0.09671623 
551 463 20 28 0.085035026 
553 412 9 11 0.08463501 
134 436 9 11 0.083892435 
385 445 9 11 0.081998445 
245 465 16 23 0.08018211 
206 427 10 12 0.07972453 
932 404 9 12 0.079333685 
801 434 10 14 0.077876344 
75 446 12 15 0.07773938 
112 429 9 11 0.075727984 
518 455 10 16 0.07281029 
919 400 10 13 0.07252552 
290 425 8 11 0.07062397 
510 417 8 10 0.07056924 
495 412 8 11 0.07013791 
244 436 13 16 0.068315044 
449 416 8 10 0.06818034 
88 436 11 13 0.06773738 
964 422 10 13 0.06745797 
813 412 10 12 0.066487156 
281 438 9 13 0.065830514 
374 431 9 11 0.065746196 
306 456 18 32 0.06566519 
334 434 15 18 0.06359852 
368 423 8 11 0.06276555 
201 424 9 11 0.061683673 
980 433 12 16 0.061215874 
544 428 9 11 0.060905527 
344 455 12 14 0.060419258 
307 452 13 20 0.059992872 
215 426 12 14 0.05995171 
349 502 13 17 0.057883415 
506 419 9 11 0.05768691 
208 417 8 10 0.057475816 
907 436 11 15 0.05686357 
164 530 29 35 0.056449056 
148 449 12 16 0.055214114 
413 403 8 11 0.05517964 
592 428 9 13 0.05515967 
594 422 9 13 0.055148598 
775 397 7 10 0.054842155 
319 430 9 12 0.054732934 
169 422 8 10 0.054579414 
537 416 7 9 0.05429933 
184 424 8 11 0.054140203 
398 440 7 10 0.054027785 
56 444 10 13 0.053939704 
90 462 15 18 0.05337099 
309 416 9 10 0.053204212 
970 455 15 16 0.052130096 
798 415 9 11 0.051391955 
606 451 23 35 0.05138587 
491 451 15 20 0.051104028 
937 373 9 12 0.050934378 
118 429 8 11 0.050849076 
233 430 10 13 0.050366633 
431 526 22 32 0.0490644 
326 406 8 10 0.04841496 
524 456 15 19 0.047835175 
921 321 7 9 0.0475245 
946 417 10 14 0.047401838 
140 450 13 21 0.04733052 
542 462 20 27 0.04662037 
240 423 10 13 0.04655138 
519 414 7 10 0.046194296 
997 382 10 12 0.046004657 
486 423 9 11 0.04587821 
66 416 9 12 0.045606468 
746 417 8 10 0.044819966 
81 421 9 11 0.04436778 
431 335 9 11 0.044209827 
149 439 10 13 0.043934472 
934 327 9 10 0.043818988 
542 416 8 9 0.04365581 
70 428 9 12 0.04333257 
171 541 28 38 0.042913698 
980 398 9 13 0.042753987 
830 430 11 15 0.04229694 
537 430 8 11 0.04187244 
377 416 8 10 0.04150539 
85 421 11 12 0.04135826 
439 414 7 10 0.040172465 
25 435 9 12 0.040131174 
884 423 10 12 0.040043596 
105 423 8 11 0.039436515 
469 414 9 10 0.039068624 
125 422 9 11 0.03891642 
469 454 18 22 0.038847066 
967 426 10 14 0.038661603 
534 420 7 11 0.03865508 
42 475 22 29 0.038321827 
376 447 8 10 0.038306635 
319 415 7 9 0.0381723 
579 428 13 16 0.03815548 
982 416 11 13 0.03800248 
539 480 14 24 0.03775064 
49 422 10 13 0.03765141 
313 430 9 11 0.03751649 
871 447 12 15 0.03731626 
992 382 10 13 0.036833376 
350 414 7 10 0.036047522 
216 443 10 13 0.036008667 
491 460 14 20 0.03593116 
728 406 7 9 0.035868317 
661 441 13 21 0.0356742 
918 325 7 9 0.03476865 
375 437 9 10 0.034739736 
175 428 9 12 0.034690976 
438 428 8 11 0.034609757 
905 499 29 43 0.03450558 
656 406 7 9 0.034494914 
773 366 8 11 0.034414135 
61 453 12 16 0.034111127 
705 372 10 12 0.034023747 
383 422 9 11 0.03397803 
935 429 13 15 0.03388066 
677 449 19 21 0.03378251 
231 420 8 12 0.033462796 
892 459 35 51 0.0332938 
925 400 11 13 0.033263944 
69 449 15 18 0.03264674 
376 422 8 11 0.032517504 
1011 434 12 17 0.03236201 
169 429 9 11 0.032219056 
749 420 8 11 0.031819306 
1012 413 10 16 0.0317291 
801 396 8 11 0.031687513 
1012 400 11 15 0.031633064 
143 435 11 15 0.031611145 
964 371 9 12 0.030671094 
616 407 8 9 0.030593418 
245 423 11 14 0.03033491 
911 400 9 12 0.030112362 
531 459 15 18 0.030088004 
567 456 22 30 0.029577944 
284 443 10 13 0.029568603 
561 463 15 23 0.029286258 
726 629 47 79 0.029218746 
23 475 14 22 0.029199395 
959 444 13 15 0.029101614 
519 431 9 11 0.02903329 
303 428 8 11 0.028996294 
976 431 11 15 0.02891598 
239 433 12 17 0.028837955 
591 453 22 33 0.028532209 
301 447 14 19 0.028471902 
981 462 13 16 0.028152395 
906 479 29 41 0.02813811 
121 423 8 11 0.027743753 
285 389 8 10 0.027066614 
2 549 15 20 0.027002241 
737 401 7 9 0.026711114 
160 440 11 14 0.02646668 
271 423 10 12 0.026392728 
110 425 9 11 0.026248021 
1010 418 9 13 0.026230866 
634 414 8 10 0.025938109 
360 477 9 11 0.025861118 
691 441 12 19 0.02576172 
663 406 8 9 0.025624331 
487 413 9 11 0.02552997 
1014 349 8 12 0.025492195 
888 514 14 21 0.02541429 
958 415 10 13 0.02539711 
481 416 8 10 0.025305789 
377 389 8 11 0.025211902 
361 454 9 11 0.025204167 
909 429 10 12 0.025063341 
915 326 7 9 0.02503788 
425 429 9 12 0.025022794 
521 421 9 11 0.02498977 
3 564 35 66 0.024936624 
1009 351 8 10 0.024778103 
720 447 10 15 0.024693465 
721 400 7 9 0.02467156 
177 407 8 9 0.024154367 
401 417 9 11 0.024143519 
201 491 23 30 0.02391909 
272 382 8 10 0.023875577 
9 425 9 11 0.023833318 
94 441 12 15 0.023507122 
18 407 8 12 0.023307692 
689 414 10 13 0.023109857 
191 423 7 11 0.022807568 
280 430 9 12 0.02272697 
410 433 8 11 0.022695739 
808 392 8 11 0.022668954 
695 422 10 14 0.022656046 
264 424 10 12 0.022566168 
638 416 8 11 0.022539224 
55 451 13 17 0.02247309 
649 405 7 10 0.022444215 
100 437 10 13 0.022433158 
967 641 46 100 0.022423925 
239 441 13 16 0.022337664 
142 497 24 36 0.022324597 
655 443 12 18 0.022058036 
52 427 10 14 0.021888627 
939 436 13 16 0.021732517 
370 428 9 11 0.021682473 
174 424 8 11 0.02156697 
575 432 13 17 0.02147296 
249 301 8 10 0.0212644 
18 413 8 11 0.021230664 
254 422 8 11 0.02109127 
27 475 19 29 0.021065895 
957 425 13 16 0.020935858 
720 452 12 18 0.020932985 
415 416 8 11 0.020845387 
86 442 12 15 0.020777678 
625 429 9 12 0.020655872 
376 479 9 12 0.020649714 
329 424 9 11 0.020608881 
885 474 15 24 0.02051368 
703 424 8 11 0.0204434 
590 433 10 14 0.020413578 
903 424 10 13 0.020349279 
151 517 32 35 0.020268086 
156 499 13 20 0.020225912 
320 434 12 15 0.0200548 
966 436 11 16 0.020049281 
365 477 9 13 0.020022945 
