0_Parade_Parade_0_164
832
250 303 8 11 0.7738715 
142 389 11 14 0.71780515 
998 358 11 14 0.66616005 
911 364 10 12 0.5944287 
848 367 9 11 0.51146203 
831 585 14 17 0.50915295 
195 374 9 12 0.5064212 
649 316 8 11 0.48996013 
636 303 9 12 0.48630792 
947 387 12 15 0.46136564 
282 324 10 13 0.45821935 
285 302 8 11 0.45502892 
903 340 8 11 0.44638845 
943 420 10 12 0.41747728 
657 252 7 10 0.41654706 
135 371 9 11 0.41025382 
301 376 9 12 0.40427044 
999 440 9 12 0.3986581 
108 405 11 14 0.37591532 
1004 325 10 12 0.37154862 
680 272 8 11 0.3676741 
900 502 13 15 0.345371 
181 376 9 11 0.3391315 
276 399 8 11 0.33877057 
986 322 8 10 0.3387177 
990 424 9 12 0.32839075 
916 288 9 10 0.32761252 
396 473 16 20 0.32737166 
238 319 10 13 0.3270471 
44 395 10 12 0.30934843 
694 262 8 10 0.3082298 
446 269 8 10 0.30508864 
944 351 10 12 0.28687683 
88 419 12 15 0.2847774 
296 244 12 16 0.28388378 
313 529 33 35 0.28270778 
336 319 7 9 0.27933413 
538 239 7 8 0.27920833 
914 309 8 11 0.27748916 
918 318 8 9 0.27341536 
947 301 9 12 0.2722498 
623 275 9 12 0.27089128 
721 280 7 9 0.2686588 
567 224 7 8 0.2676763 
314 311 7 9 0.2672481 
692 331 9 12 0.26452836 
928 344 9 11 0.25250643 
646 262 8 10 0.24114741 
877 350 10 13 0.22990322 
389 302 8 11 0.22612816 
894 318 8 11 0.2249937 
973 339 9 11 0.22476879 
471 268 8 10 0.22051603 
228 343 9 12 0.21634793 
656 285 9 13 0.21263254 
886 172 8 10 0.20996678 
111 398 11 13 0.20517613 
360 319 8 11 0.20446464 
866 293 7 10 0.2038279 
924 408 10 12 0.20292252 
510 248 7 9 0.20215538 
417 268 7 10 0.20201932 
397 268 9 11 0.19918975 
961 321 7 10 0.19608948 
80 412 11 13 0.19527239 
88 396 10 12 0.19399098 
591 294 7 10 0.19390339 
866 397 8 10 0.19211361 
680 233 7 9 0.18938875 
973 430 10 12 0.18692687 
933 293 8 10 0.18273334 
20 435 11 15 0.18094392 
943 324 8 11 0.18005976 
493 352 9 10 0.17589124 
714 302 9 11 0.17584834 
327 308 8 10 0.1758015 
973 359 8 10 0.17576827 
937 334 8 10 0.17461744 
643 262 7 9 0.17251723 
243 503 22 28 0.16744868 
997 301 8 10 0.16467479 
286 359 10 14 0.16257805 
354 318 7 9 0.16164793 
965 385 12 15 0.16026321 
842 345 9 11 0.16015457 
311 329 8 9 0.15751526 
803 382 7 9 0.15745994 
430 244 8 11 0.15620065 
125 347 10 13 0.15547985 
873 565 12 14 0.15495574 
941 447 8 10 0.15338203 
933 398 10 12 0.15015136 
408 310 9 11 0.14989942 
864 375 8 11 0.14983876 
881 455 9 13 0.14835644 
1014 340 9 14 0.1478471 
123 412 9 11 0.14322211 
223 358 8 10 0.13867132 
971 294 7 9 0.13825133 
832 438 11 14 0.13660021 
932 540 14 19 0.12998842 
889 334 7 10 0.12992774 
968 311 8 10 0.1292644 
337 294 7 9 0.12784512 
820 376 8 10 0.12740205 
489 262 7 9 0.12679358 
362 297 7 10 0.12666069 
818 381 9 12 0.12585974 
942 279 7 9 0.123518966 
796 426 11 14 0.12128927 
319 332 7 10 0.120010145 
367 302 8 11 0.119904555 
553 308 11 15 0.11917229 
894 453 9 12 0.11762938 
278 359 10 13 0.11739678 
973 522 11 15 0.11638159 
609 329 9 11 0.113887 
903 281 8 9 0.11369549 
248 358 7 9 0.11230556 
673 360 12 16 0.111796215 
966 319 8 10 0.11115687 
839 567 10 12 0.110317506 
83 415 13 15 0.1093985 
833 167 7 9 0.1055203 
284 256 9 11 0.103782326 
886 454 11 13 0.10355331 
657 279 8 11 0.10310379 
857 328 8 10 0.102540486 
512 341 9 11 0.10230318 
319 310 8 10 0.1021223 
672 295 7 10 0.10210156 
895 397 9 11 0.101316005 
691 286 7 9 0.099795796 
901 383 10 12 0.099404536 
408 315 8 11 0.098771736 
973 365 9 11 0.09875684 
62 427 10 13 0.09871432 
887 296 7 9 0.096066415 
926 474 10 14 0.096061714 
665 245 7 11 0.09563604 
361 324 9 11 0.095060825 
865 432 8 11 0.094521195 
365 277 8 10 0.09346729 
953 273 7 9 0.09286162 
180 356 10 14 0.09271297 
792 390 8 10 0.0918059 
495 262 7 9 0.09093463 
863 326 8 11 0.09054376 
719 335 7 10 0.09011168 
793 424 9 13 0.08998446 
952 320 7 9 0.08984789 
919 431 10 12 0.08904675 
336 469 21 24 0.087803386 
984 303 8 10 0.08780236 
512 353 10 14 0.08775463 
899 269 6 9 0.08647692 
842 272 6 9 0.086248405 
571 206 6 8 0.08619364 
714 246 6 9 0.086027786 
426 280 7 9 0.086020656 
871 430 9 10 0.08597473 
958 335 8 10 0.08536386 
279 279 8 11 0.08453105 
732 612 14 22 0.08337654 
730 264 7 9 0.08335766 
989 484 13 16 0.081940256 
670 246 7 9 0.08082124 
368 309 7 9 0.08048327 
918 335 7 9 0.08029057 
440 295 7 9 0.0786006 
497 303 7 9 0.07793253 
667 241 7 9 0.07762495 
705 272 6 8 0.07735091 
266 343 7 9 0.077292666 
856 278 7 9 0.076324545 
233 317 11 12 0.0763133 
456 377 9 11 0.07630992 
409 337 8 10 0.07590317 
938 327 8 10 0.073824964 
897 563 11 14 0.07336567 
46 414 12 15 0.072960265 
521 238 6 9 0.07284135 
731 269 7 9 0.07280806 
868 437 9 12 0.07276558 
941 335 8 10 0.07249696 
1014 301 8 12 0.072239816 
886 630 14 17 0.071406834 
744 261 7 9 0.07088675 
914 334 7 10 0.07077164 
1015 437 8 11 0.0704368 
896 296 7 8 0.06972892 
257 374 9 12 0.06867656 
874 272 7 8 0.068380445 
842 391 8 10 0.06822584 
448 264 8 11 0.06777072 
618 207 5 7 0.06771459 
879 343 8 10 0.067398466 
1003 638 14 20 0.06702715 
457 278 8 10 0.066221856 
937 249 7 9 0.06606847 
983 278 8 10 0.06597298 
882 297 7 9 0.06518823 
233 313 9 10 0.064927384 
874 476 8 11 0.06469245 
921 270 7 9 0.06435734 
414 292 8 10 0.06424496 
926 380 9 12 0.06384047 
743 256 7 10 0.0638339 
968 303 8 10 0.06379135 
838 295 7 9 0.0634835 
887 261 6 9 0.0627051 
690 281 8 10 0.062160835 
365 320 8 11 0.061727293 
378 317 8 10 0.061546665 
988 324 8 11 0.061378572 
481 324 8 11 0.06131191 
934 311 8 9 0.061117828 
183 549 19 23 0.060823455 
690 256 7 9 0.060489293 
132 480 9 12 0.06009338 
306 326 8 9 0.060032576 
334 343 7 9 0.059906118 
294 318 7 9 0.059703894 
861 311 9 11 0.05953593 
397 360 8 11 0.059452187 
887 399 10 12 0.059416674 
430 280 7 9 0.05854739 
887 257 6 9 0.058333226 
937 445 9 10 0.058314543 
214 423 10 13 0.058290824 
585 207 6 8 0.058124673 
273 357 10 13 0.058045533 
950 465 12 16 0.05672739 
856 476 9 12 0.05650504 
424 243 11 13 0.056127287 
754 247 6 8 0.056112695 
828 151 8 9 0.055826813 
125 336 9 12 0.054922286 
489 356 9 12 0.05489706 
950 309 8 10 0.054895326 
737 287 6 8 0.054787997 
873 166 7 10 0.054742757 
1002 590 16 18 0.054662567 
122 343 10 13 0.054608356 
247 388 8 11 0.05404996 
814 352 8 11 0.053766664 
931 289 7 10 0.053760722 
814 388 8 10 0.05374379 
960 387 10 14 0.053614687 
225 337 8 11 0.05318862 
479 238 7 9 0.053116396 
209 414 9 11 0.053037904 
442 271 8 10 0.05260423 
562 287 7 10 0.052424137 
929 391 8 10 0.052389942 
984 511 11 14 0.052343164 
687 319 7 9 0.05211115 
471 239 7 9 0.05151095 
881 400 8 11 0.051450286 
314 332 8 10 0.051383495 
857 272 8 10 0.05135322 
673 256 6 8 0.051297575 
854 333 8 10 0.051140677 
555 314 11 13 0.051039346 
412 342 8 11 0.050749887 
507 247 7 9 0.05049184 
488 388 8 11 0.05032548 
831 523 10 16 0.050307367 
457 260 7 10 0.05017525 
900 388 11 13 0.04996323 
286 320 10 12 0.049870715 
944 438 9 11 0.04982514 
774 228 7 10 0.049307663 
722 257 6 8 0.04916265 
380 530 16 21 0.049039423 
846 271 7 9 0.049038112 
968 373 10 11 0.04864474 
579 217 6 8 0.04855811 
937 319 8 10 0.04837236 
641 368 7 10 0.04795856 
120 391 9 12 0.047821995 
567 228 7 10 0.047746625 
697 239 6 7 0.04761165 
895 325 8 10 0.04760778 
846 565 11 14 0.047442637 
856 257 7 8 0.04742098 
606 303 7 10 0.047268186 
898 341 9 11 0.046517387 
946 297 8 11 0.046516143 
736 325 8 10 0.046428878 
897 374 8 10 0.046331443 
944 452 8 11 0.04631357 
976 451 12 15 0.046265036 
419 554 14 22 0.046153054 
682 396 9 12 0.046063308 
857 342 8 10 0.04597254 
614 328 7 10 0.045853436 
769 231 7 10 0.04559972 
877 428 9 12 0.045218173 
582 216 6 8 0.044917013 
870 174 8 10 0.04491427 
567 325 8 11 0.044861756 
730 311 6 8 0.044693183 
115 396 10 12 0.044611413 
929 335 8 10 0.04457266 
934 391 9 12 0.044538844 
600 262 6 8 0.044058207 
518 190 8 10 0.043989625 
463 262 7 10 0.04397237 
914 246 6 9 0.043684736 
959 277 7 9 0.0436213 
835 406 9 11 0.043371655 
895 313 7 9 0.043143995 
988 500 15 18 0.043113906 
225 350 8 11 0.043105707 
653 168 7 10 0.04309147 
900 559 12 14 0.042450298 
169 328 7 9 0.04227736 
838 302 8 10 0.0421485 
0 419 9 17 0.041920297 
888 278 7 9 0.041903254 
125 389 9 12 0.041716274 
250 488 22 27 0.041621108 
809 389 9 10 0.041501746 
354 515 15 24 0.041373514 
481 248 7 8 0.041339584 
450 255 6 9 0.041237902 
943 425 12 15 0.041015096 
415 546 14 18 0.040985025 
399 253 8 10 0.04095926 
960 351 9 12 0.040945947 
902 320 7 10 0.04089452 
148 439 9 13 0.040857356 
497 199 7 8 0.040830046 
416 248 7 10 0.040106606 
504 390 10 13 0.04008198 
218 358 8 10 0.039951805 
743 286 7 9 0.039907806 
808 407 9 11 0.039845407 
112 393 10 12 0.039785895 
869 392 9 12 0.03975656 
568 320 8 12 0.039640147 
390 297 8 10 0.039368134 
714 308 9 11 0.039354544 
887 340 9 11 0.03935209 
768 157 7 9 0.03935009 
594 206 6 8 0.03925909 
950 453 10 13 0.03908926 
482 304 8 9 0.039021336 
903 194 6 8 0.038978588 
519 328 7 9 0.038939383 
831 279 7 9 0.038868226 
440 278 7 8 0.038787257 
920 454 10 13 0.038782824 
393 502 22 27 0.038724482 
502 214 7 9 0.03868201 
1015 431 9 12 0.03863286 
392 280 8 9 0.03836878 
881 335 8 9 0.03836741 
927 271 8 10 0.0381233 
496 237 7 9 0.038043294 
714 241 6 9 0.038032703 
286 308 9 10 0.037984196 
871 356 8 11 0.037946813 
377 313 8 10 0.037902217 
647 256 8 10 0.037817538 
951 199 7 9 0.037813406 
951 208 7 9 0.03775982 
1005 439 9 11 0.03772575 
527 255 7 9 0.037681986 
935 253 8 9 0.03751574 
958 342 8 10 0.03749918 
848 264 6 8 0.037318304 
825 288 7 8 0.037284523 
805 423 10 13 0.037227716 
869 289 8 10 0.037104435 
966 511 9 12 0.03708129 
825 367 8 9 0.036878582 
895 448 11 13 0.036789738 
272 351 8 11 0.03677688 
337 289 7 9 0.036677588 
922 343 7 9 0.0365848 
528 248 6 9 0.03609597 
725 281 7 9 0.035953913 
933 440 9 12 0.03592457 
448 295 8 10 0.03591474 
904 325 7 9 0.035690416 
295 334 8 9 0.035679404 
828 468 11 15 0.035679214 
862 270 7 9 0.035489842 
833 303 8 10 0.035457507 
246 354 8 10 0.035418775 
661 254 7 9 0.035405435 
340 398 13 16 0.03536621 
920 326 8 10 0.035317164 
448 248 6 8 0.03528579 
895 335 8 10 0.03503161 
296 328 8 9 0.035030168 
728 237 6 9 0.034995615 
895 405 11 13 0.034988694 
384 466 22 29 0.034949288 
45 403 13 16 0.034851555 
888 328 8 10 0.03471155 
912 215 6 8 0.03462123 
882 278 7 9 0.034614965 
720 327 8 9 0.034606043 
943 395 12 15 0.03451905 
897 413 11 14 0.034435675 
857 288 7 9 0.034432884 
377 295 7 9 0.03429601 
711 287 7 9 0.034147605 
954 336 8 9 0.034051888 
879 272 7 9 0.033991076 
53 421 12 14 0.03394115 
934 264 7 8 0.033899494 
950 324 8 11 0.033873 
517 375 9 13 0.033863343 
902 265 7 9 0.033837374 
1 399 9 13 0.033828303 
881 262 7 9 0.03376792 
761 239 6 9 0.033707283 
864 454 10 13 0.033654682 
933 342 9 11 0.033642963 
535 278 8 10 0.0336311 
552 304 9 11 0.03361772 
825 588 11 15 0.03357392 
256 382 8 11 0.033569008 
474 287 7 9 0.033562955 
904 238 7 9 0.03354383 
341 295 7 9 0.033510935 
856 438 9 11 0.033481147 
688 249 5 8 0.033432305 
279 294 9 11 0.03342157 
739 613 15 20 0.033336863 
487 270 7 9 0.033330772 
415 253 7 10 0.0331172 
281 273 7 9 0.033079084 
713 272 6 8 0.033031426 
965 325 8 10 0.032995373 
793 434 10 14 0.032991607 
537 206 7 8 0.03280485 
864 333 9 10 0.032722916 
509 391 10 12 0.032694496 
721 284 8 10 0.032626297 
416 475 11 15 0.032606795 
913 265 6 8 0.032605514 
374 302 7 9 0.032586444 
433 214 7 10 0.0325464 
899 453 10 12 0.032518055 
941 222 7 10 0.03250986 
384 345 7 9 0.032505892 
562 231 6 9 0.032473974 
840 397 8 10 0.032411896 
103 397 10 14 0.03236272 
485 364 10 12 0.03235454 
139 372 9 11 0.032276187 
743 248 6 9 0.032248702 
862 265 7 9 0.032228112 
985 351 8 10 0.03215756 
566 287 7 10 0.032115854 
818 295 7 9 0.032112323 
383 312 8 10 0.032094516 
921 165 7 9 0.03206546 
792 489 8 10 0.032012336 
991 343 8 10 0.03183336 
929 190 7 9 0.031682473 
488 256 7 10 0.031572722 
593 223 7 8 0.031556785 
671 300 8 10 0.03147616 
424 295 8 10 0.031396307 
927 278 7 9 0.031378414 
1011 301 8 11 0.03133734 
985 358 8 11 0.031300794 
604 343 10 13 0.03125828 
543 208 6 8 0.031253036 
106 411 10 12 0.031237027 
911 255 6 8 0.031236827 
432 269 8 10 0.03113288 
913 240 7 9 0.031109104 
241 383 8 11 0.031075357 
814 407 8 10 0.031029405 
961 232 6 8 0.03096082 
351 388 10 12 0.030928748 
193 413 10 12 0.030900333 
917 304 8 11 0.030900225 
704 223 6 8 0.03082929 
993 287 7 8 0.030790484 
813 399 9 11 0.030784823 
1007 189 8 11 0.030771267 
455 311 7 10 0.030746702 
503 311 8 10 0.030663654 
861 537 12 17 0.030628312 
1007 332 10 12 0.03050239 
831 288 7 8 0.030412627 
521 272 7 9 0.03040723 
954 603 31 36 0.030288922 
738 225 7 9 0.030142238 
935 160 6 8 0.030118242 
920 215 7 9 0.03010441 
561 191 7 8 0.0299999 
869 442 10 13 0.029990682 
721 262 6 8 0.029975215 
624 231 6 8 0.0299294 
858 318 8 10 0.02981054 
922 208 7 8 0.029769182 
632 336 8 10 0.029726721 
330 343 8 9 0.029543 
409 253 7 10 0.029463934 
237 311 9 13 0.029459544 
271 219 10 13 0.029385079 
336 350 7 9 0.029347146 
985 297 7 8 0.029209502 
359 313 8 10 0.029033184 
408 388 11 15 0.029016413 
856 389 9 11 0.028996624 
886 301 7 9 0.028976692 
863 470 9 12 0.028962467 
742 229 7 9 0.028892746 
882 256 7 9 0.02887927 
470 246 7 9 0.028834932 
738 248 6 7 0.02879384 
502 286 8 9 0.028785387 
870 334 8 9 0.02876169 
1001 331 9 12 0.02874614 
519 198 9 11 0.028695233 
677 351 10 14 0.028694503 
973 373 10 12 0.028657442 
943 341 9 11 0.028426731 
840 277 7 9 0.028406247 
870 327 7 10 0.028386481 
283 260 8 11 0.028379783 
312 344 8 10 0.028374221 
404 539 17 19 0.028347684 
952 447 8 11 0.028313732 
834 294 7 10 0.028258475 
461 376 8 12 0.02824994 
513 198 8 9 0.02824536 
948 436 10 12 0.028169692 
130 371 9 12 0.02815895 
832 383 8 10 0.028110012 
991 459 10 13 0.028087553 
393 286 7 9 0.028042488 
943 285 8 10 0.02798454 
898 570 16 20 0.02794744 
959 355 8 11 0.027926555 
919 247 6 8 0.027869593 
300 250 10 13 0.02775569 
849 335 8 9 0.027698597 
718 273 7 9 0.02767196 
341 421 13 15 0.027619831 
759 246 7 10 0.02761876 
983 334 9 11 0.027588837 
544 287 7 9 0.027585868 
767 237 7 9 0.027584858 
885 351 9 10 0.027553502 
422 269 7 10 0.027471136 
945 272 7 9 0.02747069 
887 367 8 10 0.027462963 
727 320 7 10 0.02743793 
967 190 7 8 0.027413892 
407 380 11 14 0.027388128 
968 517 12 15 0.027362665 
1016 280 6 9 0.027359897 
520 287 8 10 0.027346171 
848 362 8 11 0.027280943 
752 287 7 10 0.02725665 
486 304 8 10 0.027252998 
593 191 5 8 0.027176103 
991 334 8 10 0.027143067 
802 319 7 10 0.027100401 
192 407 10 12 0.027066838 
257 484 20 23 0.027058605 
642 258 7 9 0.02705455 
193 378 10 12 0.027013486 
410 288 8 9 0.026990434 
432 264 8 10 0.026841069 
126 397 9 12 0.026821233 
641 246 7 8 0.02681017 
28 431 10 14 0.026774984 
734 265 7 9 0.026749883 
520 206 7 9 0.02670678 
912 327 7 9 0.026691338 
159 415 10 13 0.026666092 
581 351 8 11 0.02664621 
941 363 9 12 0.026523728 
962 190 7 9 0.02652089 
849 278 6 9 0.02649476 
646 333 8 10 0.026441185 
904 233 7 9 0.026432833 
998 560 13 18 0.026420046 
390 309 8 10 0.026417054 
855 176 7 9 0.026396945 
327 335 8 11 0.02638731 
14 439 15 16 0.026302164 
464 422 12 14 0.026273146 
160 420 11 15 0.02627302 
852 565 11 13 0.026252892 
914 270 6 8 0.02622895 
921 476 10 13 0.02613624 
914 291 8 10 0.026127856 
600 206 6 8 0.02607147 
559 183 8 10 0.025999237 
866 358 8 11 0.025968112 
425 286 7 9 0.025950424 
713 278 7 9 0.02593803 
642 200 6 9 0.0258777 
93 393 10 13 0.025848625 
625 265 6 9 0.025839023 
561 238 6 9 0.02576814 
706 286 7 10 0.025763754 
307 528 19 24 0.025730897 
822 294 7 10 0.025729055 
881 327 7 9 0.025639405 
432 295 7 10 0.025634332 
497 271 6 8 0.025614053 
905 214 7 9 0.025555462 
502 303 7 9 0.025530487 
919 241 7 8 0.025471259 
561 294 7 9 0.025444042 
922 350 8 10 0.02541615 
439 247 8 9 0.02534682 
399 286 7 9 0.025281055 
928 439 9 11 0.025280962 
681 249 7 9 0.025204029 
343 288 7 8 0.025189757 
684 391 10 13 0.025134604 
564 223 7 10 0.02508199 
538 390 8 10 0.025078837 
286 271 7 9 0.025069548 
903 223 7 9 0.025068063 
466 240 7 9 0.025063809 
898 198 7 9 0.02502871 
584 239 6 9 0.02501541 
654 408 12 16 0.02500648 
587 295 7 10 0.024852369 
967 270 7 9 0.024851946 
954 214 6 9 0.02477338 
953 342 8 9 0.024763957 
947 264 6 8 0.024745999 
522 255 7 9 0.024695972 
575 279 7 9 0.024693113 
466 245 7 10 0.024692466 
885 403 10 12 0.024688967 
705 278 6 9 0.024683543 
965 351 10 12 0.024635158 
871 311 8 10 0.02460679 
929 310 8 10 0.02453121 
392 328 8 9 0.024443423 
952 288 7 8 0.024345204 
999 310 8 10 0.024337294 
599 246 7 9 0.024322424 
714 334 8 11 0.02426763 
658 190 6 9 0.024209177 
994 296 8 9 0.024202151 
727 257 6 8 0.024194095 
680 255 7 8 0.024177952 
639 297 9 11 0.02414668 
894 419 11 13 0.024146305 
520 295 8 10 0.024040805 
639 280 7 9 0.024013834 
553 240 6 8 0.023947457 
870 472 9 12 0.023926642 
937 365 9 11 0.023893267 
615 321 7 9 0.023821518 
857 262 8 10 0.023791078 
880 371 10 12 0.023790041 
899 578 18 20 0.023762258 
249 514 21 24 0.023761172 
768 255 5 8 0.023729673 
862 343 8 10 0.023715468 
862 548 11 14 0.023680573 
938 359 8 11 0.023655595 
229 358 8 10 0.023612432 
457 192 7 8 0.023597796 
586 256 6 8 0.02357385 
935 349 8 10 0.023564573 
585 233 6 8 0.023558905 
160 428 9 12 0.023548653 
672 404 11 15 0.023544703 
897 279 8 10 0.023535825 
592 317 8 10 0.023523469 
630 278 8 11 0.023485152 
401 303 7 9 0.023433728 
903 197 6 9 0.023414318 
920 266 7 9 0.023396147 
260 237 9 12 0.023350082 
1002 191 7 10 0.023337437 
879 319 7 9 0.02333191 
887 273 7 9 0.023326261 
422 265 8 9 0.023300387 
873 263 7 9 0.023297098 
255 506 19 22 0.023297 
836 441 10 14 0.023259332 
696 269 8 9 0.02325781 
374 347 9 11 0.023228368 
855 158 6 8 0.023207981 
399 279 7 9 0.02320506 
648 324 9 13 0.023190876 
770 154 6 9 0.023173383 
410 293 8 10 0.023150712 
568 218 7 9 0.023131732 
927 165 7 9 0.02310154 
240 388 9 11 0.023098208 
642 241 7 8 0.023011692 
649 248 7 9 0.022989199 
505 240 7 9 0.022974983 
543 214 7 9 0.02289904 
312 317 8 10 0.022876618 
687 192 6 9 0.022869293 
296 312 7 9 0.022834064 
891 619 13 15 0.02283243 
901 374 9 11 0.022802297 
945 461 11 15 0.022794524 
994 362 10 13 0.022776578 
672 289 7 9 0.022720922 
199 391 10 12 0.022607539 
233 237 8 10 0.022539759 
897 303 7 9 0.022530641 
329 294 7 9 0.022482216 
896 287 8 9 0.022475533 
291 375 9 11 0.022466183 
608 222 6 9 0.022452794 
233 389 8 10 0.022444587 
568 279 7 9 0.022441676 
384 349 8 10 0.022418346 
695 232 6 9 0.022385888 
616 288 7 9 0.022368006 
221 388 10 13 0.022332832 
903 349 8 11 0.022227757 
807 166 7 8 0.02219995 
344 311 7 9 0.022135273 
906 255 7 8 0.022121204 
392 335 7 9 0.022113692 
857 349 8 11 0.022078259 
519 334 8 10 0.022067804 
899 395 10 12 0.02200648 
961 303 8 10 0.021991538 
622 342 10 15 0.021961903 
768 303 8 10 0.021959858 
806 320 7 9 0.02187854 
1015 414 8 11 0.021877302 
551 255 7 9 0.021859618 
687 160 8 9 0.021842988 
96 327 10 12 0.021837924 
975 353 8 10 0.021827713 
920 223 6 8 0.0218021 
333 337 8 10 0.021786679 
352 341 8 10 0.021736173 
982 534 10 11 0.02172526 
920 280 8 9 0.021705253 
913 197 7 9 0.021641124 
585 201 6 8 0.021600159 
950 355 9 11 0.021569123 
578 239 7 9 0.021538785 
929 183 8 10 0.021531893 
175 350 14 16 0.021519171 
512 252 7 9 0.021505587 
993 308 8 10 0.021500409 
823 303 7 10 0.02148174 
292 358 9 11 0.021420762 
455 239 6 8 0.021408435 
978 255 7 9 0.021408206 
408 279 7 9 0.021401908 
865 367 8 11 0.021398608 
594 247 6 9 0.021365395 
929 254 7 9 0.021353366 
537 246 6 8 0.021345237 
592 290 7 9 0.021344097 
384 326 8 10 0.021288889 
810 398 8 11 0.021286357 
681 264 7 10 0.021281775 
927 359 7 9 0.021272764 
714 296 7 11 0.021249136 
682 318 7 10 0.02124137 
936 382 9 12 0.021225013 
486 248 6 9 0.02120704 
494 233 8 9 0.021202289 
886 372 9 11 0.0211867 
465 270 8 11 0.021151831 
423 254 8 9 0.021128954 
1015 285 7 10 0.021127934 
559 208 6 9 0.021043755 
720 238 7 9 0.021021614 
663 272 7 8 0.020966524 
311 382 9 11 0.020963537 
658 186 7 8 0.020951701 
812 452 12 14 0.020903558 
590 298 8 11 0.020901963 
739 255 7 9 0.020840596 
334 311 8 10 0.02082939 
974 311 7 10 0.020827875 
181 364 10 12 0.020821016 
98 374 9 13 0.020799685 
727 325 8 10 0.020757202 
513 380 11 14 0.02073828 
319 317 8 10 0.020709932 
441 221 7 10 0.02070352 
728 286 7 9 0.020689497 
311 397 12 15 0.020672673 
244 318 10 13 0.020593023 
888 288 8 9 0.020589575 
928 238 6 8 0.020583624 
454 317 8 10 0.020558367 
650 215 7 9 0.020556793 
290 341 8 11 0.02049859 
452 509 14 16 0.02048686 
648 223 7 9 0.020463658 
243 357 7 9 0.020454057 
721 320 8 10 0.020445729 
982 376 9 11 0.020420797 
521 233 7 8 0.020419214 
488 182 8 10 0.020389926 
460 510 12 15 0.020388296 
966 394 11 14 0.02038065 
599 294 8 9 0.020342754 
797 389 8 11 0.020339772 
456 285 8 10 0.020292768 
384 295 8 10 0.02029132 
470 318 8 9 0.020250708 
864 443 11 13 0.02022138 
446 515 16 20 0.020214543 
632 231 6 8 0.020185955 
1016 307 8 12 0.020180542 
792 165 8 10 0.020151485 
503 297 7 9 0.02012901 
840 290 6 8 0.020115653 
330 318 8 10 0.020110918 
1014 326 9 11 0.020066049 
689 224 6 9 0.020059647 
816 470 9 11 0.02004991 
376 324 9 11 0.020047633 
560 333 9 11 0.020013217 
