0_Parade_marchingband_1_765
473
194 373 19 22 0.9881213 
611 382 17 21 0.98621714 
605 243 13 16 0.98548025 
452 342 17 21 0.9853799 
502 234 13 16 0.9824024 
307 371 20 23 0.9811029 
252 268 13 17 0.9810435 
501 313 15 20 0.98008543 
317 305 16 20 0.97794193 
249 370 17 21 0.97731817 
340 265 13 17 0.9769429 
906 383 17 21 0.97650015 
429 373 17 22 0.97470254 
493 367 18 23 0.97466475 
287 290 13 18 0.9743654 
397 244 13 15 0.9738524 
499 264 14 18 0.9734215 
554 378 17 21 0.9730907 
405 309 15 20 0.96900326 
369 369 17 22 0.9686686 
540 348 14 19 0.96859497 
893 267 13 18 0.9680464 
457 290 15 18 0.9660293 
663 210 13 16 0.96170825 
647 267 13 17 0.95774907 
328 171 11 14 0.95628965 
845 372 16 21 0.95562184 
89 323 19 24 0.9536623 
583 314 15 18 0.95077705 
806 323 14 18 0.950655 
599 164 9 12 0.94741005 
312 248 12 17 0.943638 
113 300 16 20 0.9378595 
383 204 11 14 0.9372049 
654 189 10 13 0.935859 
615 295 13 17 0.93026996 
758 190 10 12 0.93006676 
823 181 11 15 0.9296323 
421 269 12 17 0.92821854 
537 252 13 17 0.9214169 
285 234 12 15 0.92007345 
649 316 15 19 0.91947687 
745 251 12 16 0.9193406 
785 273 14 18 0.9172458 
413 213 12 16 0.91691595 
139 273 15 18 0.91614753 
202 221 13 17 0.915696 
225 317 14 18 0.9130549 
784 382 17 21 0.91240394 
397 171 12 14 0.91128856 
802 253 12 16 0.9108933 
511 171 11 14 0.9102815 
727 313 14 17 0.9096306 
448 203 11 13 0.9057265 
331 217 12 15 0.9033707 
914 290 13 17 0.9015801 
858 355 14 18 0.9014128 
441 234 13 16 0.90091664 
704 231 11 14 0.89939505 
152 381 17 19 0.8987868 
466 249 12 17 0.89822966 
663 378 18 21 0.89214355 
368 291 14 18 0.89086723 
766 350 14 19 0.8882513 
768 293 14 18 0.8878759 
362 230 13 16 0.88692206 
351 343 16 21 0.8857378 
640 234 12 15 0.8835398 
658 164 8 12 0.8834287 
872 247 12 15 0.88203067 
727 383 17 21 0.88115907 
256 344 17 19 0.8800178 
310 203 11 13 0.872376 
781 221 10 13 0.87208986 
832 297 15 17 0.87027097 
622 348 15 18 0.86978656 
705 166 8 11 0.86951286 
463 147 9 12 0.8618334 
674 247 13 16 0.85942805 
692 351 15 18 0.8559549 
790 150 9 12 0.854616 
834 202 13 16 0.8516872 
486 190 10 13 0.85046136 
244 185 13 17 0.85005724 
172 258 14 16 0.84486866 
351 184 9 12 0.8428408 
763 231 12 14 0.8407099 
489 163 9 12 0.83943546 
540 208 12 16 0.8383955 
715 272 13 16 0.834917 
456 173 12 14 0.83161396 
569 173 10 13 0.83074045 
688 296 14 17 0.8278473 
420 190 11 14 0.82752615 
731 181 9 12 0.8045188 
549 164 9 12 0.80233765 
630 200 11 13 0.8022148 
232 199 12 16 0.8001528 
567 202 10 14 0.7946974 
803 158 10 12 0.7789408 
476 215 10 13 0.7754486 
542 187 9 12 0.7691645 
600 190 10 12 0.76504135 
577 269 13 16 0.75680536 
436 163 10 13 0.7556314 
505 202 12 15 0.75496405 
542 297 13 16 0.7544833 
848 225 12 15 0.7527177 
745 205 10 12 0.7509013 
568 234 12 14 0.7489054 
723 214 12 15 0.7206605 
344 152 8 10 0.7074469 
284 150 10 13 0.6957362 
260 174 11 14 0.6716171 
717 154 9 12 0.6285949 
781 317 12 15 0.6251296 
299 144 9 11 0.6228955 
629 179 9 12 0.61065507 
682 182 8 10 0.5861448 
369 162 10 12 0.5859223 
678 155 8 11 0.5751203 
780 139 8 12 0.558837 
572 153 8 11 0.5495092 
690 200 12 16 0.53612244 
273 163 11 13 0.47338492 
628 153 10 11 0.47309476 
606 210 11 13 0.43848792 
773 128 8 10 0.43779233 
738 161 9 11 0.3726363 
712 192 9 12 0.31869385 
201 270 15 17 0.29360777 
578 132 15 19 0.28489897 
864 229 11 13 0.26103804 
310 133 8 10 0.2530336 
521 147 9 11 0.24182695 
365 452 14 19 0.24157722 
807 183 10 14 0.24075422 
640 166 8 10 0.20237945 
187 243 11 14 0.1940159 
699 318 12 15 0.19214375 
478 176 10 12 0.19098388 
366 181 9 11 0.18562378 
525 148 9 12 0.16697754 
304 164 10 12 0.16560379 
314 151 9 11 0.16365072 
624 325 12 15 0.14529543 
838 251 14 17 0.14185354 
806 364 14 18 0.1359766 
844 259 14 17 0.13057846 
616 195 9 12 0.1294473 
465 119 9 11 0.12939192 
583 166 8 11 0.12567607 
587 294 11 14 0.12203659 
408 150 9 12 0.11902531 
831 374 13 17 0.11762307 
697 181 9 12 0.1174717 
424 173 9 12 0.11214797 
367 189 10 13 0.09365671 
933 312 15 20 0.08943371 
425 454 13 17 0.08770655 
138 307 16 20 0.08660375 
742 200 11 13 0.083059825 
724 229 10 13 0.08239328 
819 352 12 16 0.08071943 
775 133 10 13 0.079755336 
536 174 9 12 0.07717759 
831 245 11 15 0.076012544 
688 235 11 13 0.07593042 
361 173 8 11 0.074221514 
735 458 13 17 0.073810264 
814 228 12 15 0.07309633 
682 130 13 14 0.07176799 
534 157 9 10 0.06885764 
294 216 10 12 0.06840595 
367 330 14 16 0.0677927 
398 204 10 13 0.06603704 
688 168 8 10 0.06592101 
737 195 8 11 0.064501375 
173 288 17 20 0.06403121 
614 213 10 12 0.063862726 
717 190 9 11 0.063560836 
352 127 9 12 0.06210537 
221 242 11 14 0.061548688 
836 246 12 17 0.06089429 
416 127 10 12 0.060709663 
591 181 8 11 0.060397226 
706 197 9 11 0.059892856 
704 204 9 13 0.059584647 
564 544 44 50 0.059267286 
583 173 10 13 0.058379754 
597 133 9 11 0.057800166 
533 153 9 10 0.05732888 
806 206 10 13 0.056484874 
536 165 9 12 0.056322604 
286 204 10 12 0.05621557 
606 181 9 12 0.05608907 
647 176 8 10 0.055990823 
256 220 10 14 0.055024583 
696 135 10 12 0.05491723 
423 118 8 10 0.054741394 
472 179 10 12 0.05337846 
585 182 9 11 0.05308568 
527 228 10 14 0.052888114 
430 180 9 12 0.052076228 
461 203 10 12 0.05197865 
477 284 14 17 0.051746592 
525 237 11 15 0.04944018 
892 293 12 17 0.049312368 
720 235 11 14 0.049220286 
306 134 9 12 0.049152955 
480 126 10 12 0.04845157 
359 167 9 11 0.04829303 
767 159 9 11 0.048221156 
372 191 10 13 0.04788871 
719 174 9 11 0.04767394 
445 117 8 10 0.047605414 
528 222 10 13 0.04740343 
197 257 13 16 0.047295347 
204 258 13 15 0.04682201 
750 314 15 18 0.045902073 
325 365 15 19 0.045820225 
718 181 10 13 0.045704663 
168 325 10 15 0.045643017 
624 133 13 14 0.0452207 
478 150 8 10 0.045179766 
537 183 11 13 0.04505794 
781 188 11 15 0.04490057 
312 156 9 11 0.04485592 
704 191 9 10 0.043631908 
454 220 11 14 0.04339875 
528 180 10 12 0.0431534 
770 133 9 11 0.04314792 
321 231 10 13 0.043008827 
240 236 11 13 0.04282003 
222 261 11 16 0.042731874 
558 189 9 11 0.042210046 
430 301 13 16 0.042158235 
122 379 11 15 0.042004872 
324 236 10 13 0.041729674 
317 156 8 10 0.041689657 
413 151 11 13 0.04162662 
591 223 10 13 0.0412082 
687 174 8 12 0.041074913 
455 126 8 10 0.04072042 
775 150 9 11 0.040470462 
277 158 11 14 0.040397 
448 139 9 13 0.040316977 
601 211 10 13 0.040277645 
295 172 9 11 0.040177677 
445 275 12 16 0.0399158 
712 213 9 13 0.03959662 
888 298 11 14 0.03951723 
810 316 15 19 0.03949199 
278 198 9 11 0.039279997 
784 182 10 13 0.03900124 
820 229 11 14 0.038918357 
696 176 8 10 0.038800005 
829 237 11 14 0.038792845 
356 182 10 13 0.03875358 
678 199 9 13 0.038639873 
614 175 10 12 0.03857738 
823 235 11 16 0.0382919 
597 293 13 15 0.038190324 
368 140 9 11 0.0380131 
724 207 11 14 0.03796947 
529 191 8 10 0.03764552 
288 215 10 12 0.037609782 
304 170 10 13 0.037463307 
598 128 9 11 0.036943745 
624 120 9 10 0.036784697 
589 227 10 14 0.036465395 
851 260 12 15 0.036381427 
389 187 10 13 0.03634558 
740 347 11 15 0.0362756 
295 166 9 12 0.036070127 
634 197 11 14 0.035916857 
750 230 11 14 0.035513382 
679 187 9 11 0.035343066 
621 215 9 12 0.035189584 
801 188 10 12 0.034944788 
712 182 9 11 0.03487607 
734 347 13 18 0.034735106 
346 183 10 13 0.034561425 
631 235 12 15 0.034260895 
255 244 11 13 0.034250874 
438 190 8 12 0.034229796 
780 205 10 12 0.034174368 
542 174 10 12 0.034087714 
743 182 9 10 0.03402264 
312 142 9 11 0.033951547 
289 166 9 12 0.033889197 
742 190 9 11 0.033808332 
625 198 10 13 0.033785153 
895 386 12 17 0.033546653 
809 175 10 13 0.033162627 
403 228 12 14 0.033057924 
575 126 14 17 0.032844696 
799 198 10 11 0.032706153 
354 166 8 11 0.032668445 
748 235 11 14 0.032624487 
774 330 13 16 0.032586437 
735 220 10 13 0.032529492 
335 199 10 13 0.03235329 
421 157 9 10 0.03231367 
718 196 10 12 0.03221306 
693 277 14 16 0.03202204 
487 220 12 14 0.031940214 
526 205 11 15 0.031892966 
512 158 9 11 0.03184114 
434 306 17 20 0.031828918 
646 220 11 14 0.031687357 
929 333 10 12 0.031638898 
760 144 7 10 0.03161522 
622 126 12 14 0.031581663 
309 172 9 12 0.03131497 
710 205 9 12 0.031232078 
592 205 10 12 0.031199833 
251 188 11 14 0.031092957 
216 300 11 14 0.03102046 
423 182 11 13 0.030626887 
536 297 12 16 0.030596472 
147 446 14 17 0.030236052 
528 197 10 11 0.03011479 
302 187 10 13 0.03007095 
279 205 9 11 0.029758357 
598 194 10 12 0.02966911 
422 168 9 11 0.02956397 
431 213 11 14 0.029540135 
431 197 12 14 0.02948814 
794 460 13 15 0.029434878 
775 167 9 11 0.02939412 
702 170 10 12 0.02935823 
672 198 10 12 0.028797675 
340 301 12 15 0.028737862 
753 150 8 11 0.028711332 
461 229 12 14 0.028704733 
583 190 8 10 0.028480725 
415 112 9 10 0.028379282 
630 291 12 15 0.028293824 
470 149 9 12 0.027883423 
151 339 12 16 0.02760496 
151 349 14 19 0.027514001 
549 206 11 13 0.027482247 
367 213 12 14 0.027434252 
206 281 12 15 0.027424714 
284 270 13 16 0.02691327 
663 181 9 12 0.026790135 
620 190 9 12 0.02658141 
529 157 9 11 0.026515651 
527 165 9 12 0.026437182 
815 211 11 14 0.02628738 
350 157 8 10 0.026272336 
734 214 10 13 0.02617349 
743 235 11 14 0.026147407 
647 181 10 11 0.026107892 
612 206 10 13 0.02601211 
273 206 10 11 0.025994154 
692 268 14 15 0.02595584 
282 333 12 15 0.025922135 
518 223 12 14 0.02590022 
364 269 13 16 0.025853792 
471 165 8 10 0.025849558 
660 161 10 12 0.025817188 
473 159 8 10 0.025810005 
342 173 9 11 0.025782598 
640 173 8 11 0.025724782 
278 190 9 11 0.02568614 
577 190 8 11 0.025633413 
548 211 11 14 0.025557315 
256 179 11 16 0.025506591 
916 341 9 11 0.025484277 
477 333 15 17 0.02526737 
824 242 12 15 0.025222605 
480 109 9 10 0.025196059 
477 207 12 13 0.025023218 
549 170 11 12 0.025013424 
791 242 13 15 0.024949508 
491 189 11 14 0.024901466 
784 165 8 11 0.0247255 
400 157 9 11 0.024664108 
430 205 11 12 0.024533551 
597 139 9 11 0.024464913 
523 123 15 17 0.024381926 
398 210 10 14 0.024345426 
417 173 9 11 0.024333896 
462 213 10 13 0.024266718 
568 134 9 12 0.024224758 
493 215 11 13 0.024182137 
861 324 11 15 0.024149198 
549 227 12 15 0.02414595 
792 176 8 10 0.024128484 
639 161 9 11 0.024116715 
801 205 10 14 0.02405639 
848 214 12 15 0.023980567 
470 112 8 9 0.023844304 
263 253 11 15 0.023822814 
542 329 12 15 0.0238077 
486 252 12 16 0.023712168 
190 251 13 18 0.02365186 
408 217 12 16 0.02345629 
790 181 9 11 0.02335661 
764 273 15 17 0.023236746 
256 198 10 12 0.023205256 
477 236 12 15 0.023177614 
583 160 8 10 0.023143474 
449 127 9 11 0.023103993 
423 113 8 10 0.023052743 
590 236 11 15 0.02300834 
790 163 9 12 0.022950431 
297 158 8 12 0.02294044 
775 172 9 12 0.02293545 
211 278 13 15 0.022865621 
660 349 13 16 0.02284043 
305 453 14 17 0.02273877 
262 168 11 13 0.022672066 
332 245 13 15 0.022663262 
589 132 12 15 0.022606969 
382 173 10 12 0.022589462 
333 167 10 14 0.022583948 
287 184 10 13 0.022574635 
614 228 11 13 0.022407895 
699 140 10 11 0.022321498 
361 119 7 9 0.022301657 
302 301 11 15 0.022185728 
339 150 8 11 0.022071779 
696 188 10 12 0.022017283 
558 166 10 11 0.021966621 
685 141 12 13 0.021949012 
758 148 8 11 0.021921447 
549 189 10 12 0.021849254 
520 118 11 13 0.021788076 
457 144 10 12 0.021783518 
673 446 15 20 0.021740584 
768 150 9 11 0.021732787 
496 181 9 13 0.021618417 
248 221 10 13 0.021570373 
571 198 10 14 0.021568764 
406 357 11 16 0.021529492 
430 190 10 13 0.021491706 
575 118 10 12 0.02136509 
638 189 9 11 0.02135827 
262 237 11 14 0.021318128 
527 294 13 17 0.021269742 
639 221 12 13 0.021264484 
602 365 14 16 0.021228826 
733 274 14 16 0.021215692 
431 134 9 12 0.021183921 
261 204 9 12 0.021166038 
786 156 10 13 0.021148652 
671 173 9 12 0.021038614 
302 291 12 15 0.021029197 
719 253 12 15 0.021012796 
270 134 10 13 0.020963466 
936 351 10 15 0.020876681 
878 270 11 14 0.020819802 
591 151 7 9 0.020819442 
310 182 10 12 0.020800842 
271 169 10 14 0.020784833 
272 220 10 13 0.020700317 
533 196 10 11 0.020683268 
623 231 12 15 0.020591104 
366 118 7 10 0.020509608 
461 167 10 14 0.020502768 
851 266 13 16 0.020474214 
416 118 10 11 0.02044945 
480 103 8 10 0.020448735 
694 230 12 15 0.020322138 
742 209 11 14 0.02031178 
626 328 15 17 0.020291192 
343 112 8 10 0.020235345 
568 126 9 12 0.020170933 
486 228 12 15 0.020166801 
777 190 10 14 0.020018155 
