0_Parade_marchingband_1_311
112
717 342 12 15 0.8799292 
476 299 16 23 0.87905055 
543 336 10 12 0.8697816 
265 301 11 16 0.8033707 
832 328 10 12 0.7348926 
201 294 11 14 0.6351605 
337 321 8 10 0.45956555 
585 319 8 10 0.44800347 
416 311 9 11 0.42689353 
223 310 12 16 0.41184163 
773 336 10 12 0.4043002 
244 310 11 15 0.3431167 
408 335 11 14 0.322794 
217 294 11 15 0.29779175 
575 341 11 15 0.2956553 
612 342 11 14 0.29423574 
420 312 9 11 0.2804422 
729 318 7 9 0.22768664 
666 333 7 10 0.2273685 
709 319 8 10 0.22467731 
609 341 9 13 0.21497878 
374 335 11 15 0.21294376 
412 338 11 13 0.17919023 
623 346 10 12 0.17296803 
551 317 8 10 0.1565818 
219 297 13 17 0.12465973 
97 313 6 9 0.117793426 
657 350 8 10 0.11730096 
620 359 11 14 0.1033376 
629 347 9 12 0.10152262 
384 321 7 9 0.098407134 
392 336 8 11 0.09104756 
340 364 16 21 0.09100991 
301 318 8 11 0.07472567 
391 341 10 12 0.07368846 
584 323 10 13 0.0686332 
158 317 8 10 0.06741176 
669 334 8 10 0.056485467 
401 334 7 11 0.053390883 
608 349 10 12 0.050828483 
471 303 14 21 0.050611798 
400 327 9 12 0.04614149 
212 333 10 14 0.043117292 
779 340 11 13 0.04291511 
710 324 9 11 0.04028157 
87 313 7 8 0.039439313 
409 310 7 11 0.03914869 
607 357 9 11 0.03812356 
143 317 8 10 0.037815817 
217 308 11 14 0.037805375 
318 318 7 10 0.03774424 
664 341 8 10 0.03720728 
128 312 8 10 0.036799006 
189 309 9 11 0.03619686 
732 320 8 10 0.03535698 
823 342 9 11 0.035064474 
433 333 9 14 0.035035737 
771 343 14 18 0.034832094 
656 344 8 10 0.033944555 
135 312 7 10 0.03364774 
455 317 8 11 0.032971274 
535 346 10 13 0.03273025 
392 346 10 14 0.032643188 
309 328 8 12 0.032182187 
144 312 7 10 0.03143747 
588 326 10 14 0.031106226 
591 330 10 14 0.030079782 
792 387 9 14 0.029657125 
728 315 7 9 0.0296269 
176 320 8 9 0.029045807 
153 317 9 12 0.028973736 
646 380 9 11 0.028779507 
249 288 8 11 0.028619802 
399 319 7 10 0.028595379 
729 326 10 13 0.028350942 
818 366 8 11 0.028138809 
461 381 8 11 0.02744023 
152 311 8 11 0.027439816 
864 320 7 9 0.027430464 
662 351 8 10 0.027367204 
314 319 7 9 0.027141217 
831 351 11 14 0.026867535 
186 310 8 11 0.026563536 
825 325 9 11 0.026415363 
103 317 7 10 0.026164452 
159 342 8 11 0.024865407 
670 340 7 10 0.024605304 
81 313 7 9 0.024408124 
252 314 10 14 0.024282908 
145 359 10 13 0.023997273 
477 333 11 15 0.023651639 
167 342 8 11 0.023211898 
381 334 10 13 0.022879424 
392 319 7 9 0.022800606 
599 357 9 12 0.022485545 
372 407 10 12 0.022405984 
545 318 8 10 0.022272449 
184 334 8 12 0.022124644 
176 327 9 11 0.022085939 
830 338 11 13 0.022032691 
148 339 12 14 0.022016294 
617 325 9 12 0.021879608 
826 334 9 12 0.02098592 
118 333 8 10 0.02091515 
151 303 8 10 0.020843508 
175 333 9 11 0.020742383 
484 311 14 20 0.020656731 
121 311 7 10 0.020587817 
822 321 8 10 0.020578325 
601 342 9 11 0.02038323 
680 344 8 10 0.020188577 
537 340 11 13 0.02014506 
