0_Parade_marchingband_1_606
25
257 140 31 37 0.9985965 
841 155 30 33 0.99773717 
46 158 31 37 0.99749136 
616 193 26 31 0.9972662 
784 155 39 45 0.9947889 
704 176 26 32 0.9941882 
486 136 34 40 0.9941409 
131 212 25 28 0.9907776 
432 180 21 29 0.95706713 
13 210 20 25 0.6420438 
420 140 22 27 0.22460593 
799 103 21 33 0.21850844 
193 241 17 22 0.15066269 
850 111 18 23 0.09489726 
563 176 16 20 0.08555464 
945 243 25 24 0.04939735 
955 326 16 20 0.045753755 
459 161 13 16 0.04201704 
786 99 27 35 0.032888383 
570 212 12 15 0.03181288 
808 110 15 24 0.030434046 
632 136 17 21 0.027344473 
6 218 15 18 0.026681133 
406 277 9 12 0.022592232 
-1 204 8 14 0.020529293 
