0_Parade_Parade_0_917
38
650 123 26 35 0.97237486 
150 236 9 12 0.8237951 
0 317 8 15 0.32848576 
137 251 15 19 0.28141516 
157 254 10 13 0.20656934 
686 99 20 28 0.18530838 
24 327 8 11 0.08477137 
116 262 10 12 0.07021951 
116 254 10 12 0.061368175 
0 251 7 11 0.042005844 
767 288 12 16 0.041872613 
17 253 10 11 0.040588297 
653 288 46 60 0.038640957 
541 318 16 21 0.03724471 
118 248 9 12 0.03615428 
639 128 25 28 0.032579344 
81 288 8 10 0.03166998 
556 134 17 20 0.031383082 
137 216 9 12 0.030656792 
861 320 9 11 0.030626452 
84 270 9 11 0.029727137 
58 405 26 30 0.028809885 
134 235 10 12 0.028574247 
31 398 11 12 0.028430881 
157 248 10 13 0.028243605 
195 243 12 17 0.028213285 
544 255 8 11 0.027960101 
112 247 8 11 0.02791165 
66 269 9 11 0.026448948 
152 257 11 14 0.02409663 
151 241 11 14 0.023807723 
635 132 15 19 0.023754163 
121 239 8 11 0.023734974 
500 349 10 13 0.022850098 
590 299 16 19 0.022170931 
126 236 9 12 0.021434426 
180 249 14 17 0.020590628 
175 249 11 16 0.020083262 
