0_Parade_marchingband_1_649
45
859 153 31 38 0.99816835 
489 123 36 43 0.99798656 
969 150 32 41 0.99771667 
408 84 38 45 0.997672 
23 198 38 48 0.99759656 
650 146 29 38 0.99748117 
556 83 34 45 0.99709344 
342 119 31 39 0.99685955 
760 150 27 35 0.99566525 
940 208 40 45 0.9952016 
55 120 30 36 0.99507517 
246 191 37 45 0.9948219 
813 202 36 45 0.9947929 
660 215 39 45 0.9940999 
248 145 29 33 0.9940749 
4 127 28 35 0.99406743 
797 284 38 51 0.9934465 
175 281 42 52 0.99296874 
294 286 41 53 0.9926738 
895 321 37 48 0.99204564 
700 289 38 48 0.9911863 
103 137 26 31 0.9911761 
702 174 23 31 0.98917794 
906 180 24 28 0.9880519 
527 130 30 36 0.9812471 
130 236 35 44 0.9661677 
152 120 19 32 0.83962864 
835 178 22 29 0.79696053 
435 131 31 34 0.62588185 
231 153 21 30 0.51809776 
790 161 20 28 0.20755675 
115 137 23 31 0.08109875 
614 420 32 42 0.07137769 
470 164 13 18 0.0601521 
142 327 14 20 0.050946537 
159 113 25 30 0.04736871 
148 153 14 21 0.045441583 
144 126 19 34 0.044950936 
293 459 37 29 0.043217532 
169 108 26 30 0.039864372 
553 170 25 31 0.037783336 
670 448 18 22 0.035309024 
828 173 23 27 0.026883947 
430 139 39 47 0.024514146 
127 135 21 30 0.021752322 
