0_Parade_marchingband_1_1045
76
87 263 35 42 0.99762887 
661 267 29 41 0.9935522 
943 260 41 53 0.9930443 
280 297 22 30 0.95429176 
505 306 16 20 0.94050777 
179 314 20 26 0.91896915 
696 257 21 28 0.914493 
358 292 19 26 0.8989966 
755 306 16 19 0.84463066 
585 257 28 41 0.8425427 
438 303 16 20 0.8212612 
467 290 14 19 0.80273336 
775 298 12 14 0.8017633 
149 316 15 24 0.7334002 
0 315 12 20 0.7225811 
384 300 15 19 0.6806668 
790 301 14 17 0.5968199 
314 286 11 14 0.5550774 
213 307 11 15 0.5386695 
419 307 10 14 0.41327015 
306 300 13 17 0.40472624 
221 245 8 12 0.34555832 
465 316 10 13 0.32684585 
483 309 12 15 0.26375583 
330 307 13 17 0.20760962 
534 294 13 18 0.16271625 
233 287 9 11 0.1293483 
742 354 10 14 0.11591242 
750 238 15 18 0.10327093 
546 306 20 20 0.08712546 
463 295 13 18 0.07761421 
140 324 19 24 0.071450576 
230 259 8 12 0.07096706 
598 269 23 39 0.070890725 
244 299 12 17 0.06404908 
13 294 9 12 0.06379059 
203 322 12 17 0.06254304 
57 288 18 22 0.06198232 
298 297 19 26 0.047097184 
238 293 12 15 0.043526325 
413 279 9 11 0.03895084 
193 316 20 27 0.037592947 
201 247 10 12 0.037519522 
496 277 9 12 0.035860725 
221 315 12 20 0.035791423 
16 316 10 14 0.034364294 
538 298 15 18 0.033580627 
496 307 14 17 0.03357434 
42 296 14 19 0.032718297 
475 297 14 19 0.0321632 
687 258 21 32 0.03212369 
206 247 9 12 0.031707607 
467 309 12 15 0.03169327 
209 304 18 24 0.031650774 
404 325 14 16 0.03073153 
214 319 13 20 0.029351804 
813 284 9 12 0.029174017 
143 396 11 15 0.028954647 
159 398 11 15 0.028652934 
695 397 10 12 0.027855601 
679 200 10 12 0.027634813 
949 181 25 38 0.027005473 
597 308 14 17 0.026632292 
821 318 8 11 0.026609616 
230 315 13 17 0.02554845 
761 298 19 23 0.024072219 
452 300 13 18 0.02355594 
238 308 13 18 0.023301039 
856 302 9 12 0.02307685 
203 310 19 24 0.022278564 
764 332 11 13 0.021919478 
6 300 11 16 0.021825565 
229 301 14 17 0.021746136 
576 259 26 34 0.020510107 
926 7 10 10 0.02031251 
417 303 18 23 0.020103974 
