0_Parade_Parade_0_628
103
447 200 29 38 0.9971723 
576 237 22 29 0.97910345 
691 265 18 24 0.9735763 
308 240 21 27 0.9725585 
623 223 20 28 0.9329991 
980 259 21 22 0.92557925 
902 277 16 21 0.8976568 
757 293 10 13 0.85065573 
24 301 10 13 0.7846475 
785 338 15 17 0.7305815 
784 290 12 14 0.59067994 
533 227 22 33 0.29869375 
143 296 10 12 0.24033809 
2 319 9 12 0.22882828 
86 342 8 10 0.18745805 
106 334 8 11 0.17214988 
82 343 7 9 0.15324691 
815 275 13 17 0.15309097 
31 335 8 10 0.1461712 
741 312 10 13 0.1457909 
77 330 8 9 0.13972309 
7 294 9 12 0.12438594 
119 341 8 9 0.12201812 
23 327 8 10 0.11270835 
160 344 6 8 0.101196714 
801 294 10 13 0.09653216 
78 366 8 9 0.092407696 
75 333 7 9 0.07610056 
135 342 7 9 0.07032251 
135 337 7 10 0.06817168 
6 286 9 12 0.06175331 
74 366 7 9 0.06080926 
109 336 8 11 0.060615566 
72 382 7 9 0.05645213 
55 342 6 8 0.056452017 
105 339 9 11 0.053562462 
496 239 20 29 0.050530925 
765 402 12 15 0.05031473 
118 352 9 11 0.04972126 
46 327 7 9 0.048885774 
103 383 7 9 0.048312638 
709 296 11 14 0.047127444 
820 272 13 18 0.04471029 
524 232 23 30 0.041504756 
7 393 12 17 0.040979344 
827 277 11 14 0.040979344 
98 382 8 10 0.040550753 
97 328 7 9 0.040050138 
774 307 11 15 0.038204588 
104 329 8 10 0.037901744 
97 318 8 9 0.03727952 
845 294 15 19 0.036882315 
843 279 12 14 0.03566876 
809 313 15 21 0.035523146 
32 319 8 9 0.034186196 
137 351 7 8 0.033900935 
743 291 11 15 0.03361007 
868 332 9 13 0.033204652 
508 237 21 28 0.0330134 
89 337 7 9 0.032261547 
112 382 6 9 0.03211732 
155 343 7 9 0.0318268 
112 339 8 11 0.031628624 
231 200 14 17 0.030671855 
50 362 7 9 0.030203264 
145 353 6 8 0.029391339 
55 338 7 9 0.028995125 
102 318 8 9 0.028247599 
170 309 8 9 0.027894994 
929 352 13 17 0.027844364 
102 295 7 10 0.027454378 
129 294 8 10 0.027385892 
66 317 7 9 0.026963461 
914 277 13 17 0.02696061 
22 369 9 13 0.026893154 
30 328 8 10 0.026534317 
1 343 7 12 0.02614586 
25 331 9 11 0.026108187 
145 381 7 9 0.025962891 
65 345 7 9 0.02539062 
72 343 6 9 0.024889713 
525 217 26 35 0.02474975 
42 328 7 9 0.024737047 
831 260 10 14 0.024721043 
98 294 7 9 0.02463429 
728 325 10 12 0.024277484 
55 365 6 9 0.023477882 
794 365 12 14 0.023041751 
806 284 11 16 0.02248096 
859 298 12 16 0.022345372 
881 363 20 30 0.022274561 
603 233 14 20 0.022115538 
151 353 7 9 0.02180577 
897 279 14 19 0.021732584 
48 384 7 9 0.02167931 
773 404 11 14 0.021671856 
18 326 9 10 0.021525493 
66 383 6 10 0.02150874 
833 255 10 13 0.021200705 
95 333 7 9 0.021126661 
745 326 10 13 0.0210304 
751 288 13 16 0.020481592 
65 351 7 8 0.020101665 
