0_Parade_Parade_0_247
187
312 419 10 14 0.8491798 
68 429 9 12 0.658158 
864 488 10 13 0.31331763 
521 453 8 10 0.28943107 
48 454 9 11 0.26066875 
35 437 9 13 0.24366014 
126 496 9 12 0.24341293 
101 439 10 12 0.24017918 
990 447 17 20 0.23222508 
892 451 10 13 0.22115836 
386 423 8 11 0.21836805 
878 487 11 14 0.21039668 
175 437 9 11 0.19804898 
862 444 10 12 0.1608687 
704 448 9 11 0.15077373 
617 453 6 8 0.14634928 
752 521 9 11 0.109433055 
868 486 12 16 0.09806315 
758 489 8 10 0.09139909 
177 460 10 12 0.089155614 
609 334 7 9 0.088499025 
207 340 28 34 0.08298434 
134 433 8 10 0.07958605 
646 438 8 9 0.07711305 
821 439 10 13 0.07640817 
98 444 9 12 0.07520528 
295 438 9 10 0.06770485 
82 469 9 13 0.06697812 
575 463 7 8 0.066968106 
39 445 9 11 0.06425608 
167 446 9 12 0.06375233 
793 432 8 11 0.063439324 
622 425 7 9 0.06316883 
558 361 8 11 0.060805522 
642 439 8 9 0.056881808 
475 457 6 8 0.056218255 
896 430 8 9 0.055662338 
920 444 9 13 0.05555457 
729 439 7 8 0.054908913 
253 448 9 11 0.054773435 
665 453 7 10 0.054444592 
54 492 10 12 0.052893803 
950 466 14 16 0.05183701 
898 488 14 17 0.05175366 
513 469 8 9 0.051360082 
543 470 7 9 0.05098233 
750 506 7 9 0.04749505 
711 466 8 9 0.047044516 
898 515 11 17 0.04537129 
477 456 7 9 0.04414547 
15 452 10 12 0.042959858 
541 464 7 9 0.042887323 
762 503 7 9 0.042865418 
280 439 8 10 0.04253557 
262 432 7 9 0.042274695 
374 423 9 12 0.042248026 
917 437 10 12 0.042005368 
944 462 10 14 0.0419364 
400 364 9 10 0.041678555 
561 470 6 9 0.041412015 
721 512 7 9 0.041099004 
736 485 6 9 0.040326633 
511 466 8 9 0.04026794 
272 440 7 9 0.040046643 
622 488 7 10 0.040015392 
599 463 6 9 0.03979508 
616 469 7 9 0.03966486 
45 449 8 11 0.03962596 
402 389 9 11 0.038499184 
192 439 8 12 0.038097076 
737 446 7 9 0.037559167 
473 460 7 10 0.03753171 
893 460 11 14 0.03747392 
755 493 7 9 0.03715193 
327 373 11 14 0.03711407 
769 518 8 10 0.037044972 
334 369 12 16 0.036979023 
384 427 8 10 0.036811244 
56 439 7 9 0.036491778 
191 357 11 14 0.03530397 
709 447 8 10 0.03524437 
879 436 10 12 0.034189325 
131 438 7 9 0.034151364 
31 441 12 14 0.034104034 
17 494 8 12 0.033682086 
498 454 7 9 0.033673033 
119 513 8 10 0.033365615 
174 456 10 13 0.03295411 
647 433 8 10 0.032915242 
263 438 7 9 0.03264462 
543 456 7 9 0.032144636 
448 454 7 9 0.03192605 
61 492 9 11 0.03182034 
697 440 8 10 0.031706266 
465 447 6 8 0.031514745 
633 470 6 9 0.031339087 
751 478 7 9 0.031304393 
46 422 10 12 0.031245222 
857 517 10 13 0.03115655 
746 504 7 9 0.030514365 
719 440 7 9 0.03050113 
641 481 7 9 0.030232042 
169 438 10 12 0.029560458 
766 500 7 10 0.02954555 
174 445 10 11 0.029416349 
416 462 6 9 0.029414885 
502 454 7 9 0.029041551 
300 439 11 13 0.028191615 
609 472 6 8 0.028148904 
120 454 10 12 0.02793536 
895 468 11 14 0.027876483 
917 431 9 11 0.027834183 
398 455 7 9 0.02780539 
40 451 10 13 0.02767438 
104 233 44 43 0.027652165 
567 471 7 9 0.027562266 
461 485 8 10 0.027550025 
394 462 7 9 0.027425984 
858 439 9 12 0.02741147 
288 431 7 10 0.027327329 
238 354 12 19 0.027290752 
342 470 7 9 0.027266406 
303 445 9 11 0.027151091 
442 430 6 9 0.02706688 
50 493 8 11 0.026945326 
448 430 6 8 0.026922902 
576 470 7 9 0.02689775 
594 466 6 8 0.026848733 
181 439 9 12 0.02647778 
727 519 8 10 0.026446614 
656 463 7 9 0.026400615 
495 477 8 10 0.02627125 
865 396 9 13 0.026093772 
616 374 7 10 0.026077852 
503 449 8 10 0.025874738 
758 454 7 9 0.025874525 
744 411 9 12 0.025832426 
334 440 7 9 0.025799936 
3 265 93 183 0.025538642 
577 489 6 9 0.02546692 
517 470 7 9 0.024941403 
368 421 10 12 0.024857301 
713 440 8 10 0.0244709 
538 457 7 9 0.024431283 
169 454 9 12 0.024426015 
606 478 7 9 0.024384774 
554 464 7 9 0.024337357 
570 463 7 9 0.024205584 
112 511 9 11 0.024015434 
496 449 7 9 0.023898667 
575 458 7 8 0.023805348 
295 415 9 12 0.02380229 
866 445 10 12 0.023745654 
735 440 8 9 0.023556951 
767 486 7 10 0.023391379 
205 346 18 23 0.022955714 
234 494 10 13 0.022845441 
701 440 9 12 0.022678716 
28 477 10 12 0.022674367 
134 452 9 13 0.022638852 
774 517 8 10 0.022627544 
537 470 8 10 0.022511845 
623 454 7 9 0.022437906 
553 470 6 9 0.02228593 
783 518 8 11 0.02226852 
747 509 7 10 0.021885574 
792 534 10 13 0.021700874 
520 462 8 11 0.0216847 
883 491 10 13 0.021617197 
697 445 8 10 0.021560038 
670 454 7 9 0.021538343 
11 435 11 14 0.021519618 
58 446 9 11 0.021463865 
415 446 6 8 0.02119203 
774 485 7 10 0.021143422 
871 422 12 13 0.02110818 
264 471 7 10 0.020826 
594 447 7 9 0.02081338 
543 447 7 9 0.020800093 
530 472 7 8 0.02077726 
718 497 7 10 0.02057822 
640 446 7 9 0.020555496 
242 412 15 19 0.020554842 
776 512 8 10 0.020368475 
617 465 7 9 0.020149866 
602 480 7 8 0.02006993 
457 440 6 8 0.02000119 
