0_Parade_Parade_0_275
988
928 198 8 10 0.7090406 
777 208 8 10 0.6535106 
859 174 10 13 0.55711764 
47 668 10 14 0.47233683 
760 670 7 9 0.45743746 
799 96 8 9 0.44014448 
705 149 7 9 0.38535476 
703 106 8 10 0.38383597 
641 573 7 10 0.36262643 
529 623 8 9 0.34504396 
928 644 10 12 0.32549602 
754 199 8 10 0.2968382 
872 732 9 11 0.28527412 
764 110 10 11 0.28481373 
59 420 7 10 0.28206947 
167 775 13 15 0.26941845 
746 117 8 10 0.26730102 
652 597 8 10 0.24549864 
109 569 11 14 0.24012089 
585 729 7 8 0.2291723 
38 642 11 15 0.22510555 
670 169 8 10 0.21944432 
978 673 8 10 0.21854842 
920 234 7 9 0.21321234 
789 134 8 9 0.20823151 
893 181 10 12 0.20550618 
938 239 8 11 0.20362337 
766 142 7 10 0.19823767 
775 16 8 10 0.18703309 
189 665 8 10 0.18604231 
1002 422 7 10 0.17732099 
182 790 12 16 0.1769521 
240 695 8 9 0.17559914 
763 141 7 9 0.17103697 
174 686 8 10 0.16872723 
664 257 6 8 0.16495955 
618 45 7 9 0.1607988 
282 664 9 12 0.15873677 
782 103 7 10 0.1561483 
738 22 5 8 0.15552434 
801 168 8 9 0.15457581 
650 782 9 10 0.15306717 
878 209 9 11 0.1510819 
527 64 7 9 0.1502227 
818 190 8 10 0.1496556 
703 126 7 8 0.14929855 
689 175 7 9 0.14848463 
712 184 8 10 0.14709677 
96 580 9 11 0.14623435 
808 70 7 9 0.14555427 
578 666 8 10 0.14439866 
137 679 8 11 0.14153518 
347 724 8 11 0.1402195 
744 150 7 8 0.1377082 
738 96 8 10 0.13685372 
872 88 6 8 0.13605478 
848 109 8 9 0.13439856 
689 10 8 9 0.13357346 
618 756 10 13 0.13302626 
865 22 8 10 0.13219818 
150 693 8 11 0.12874979 
910 190 7 9 0.1240933 
584 103 7 9 0.12068282 
592 90 7 8 0.119691744 
633 161 8 11 0.11923717 
717 134 7 9 0.114576004 
960 264 9 12 0.11355592 
801 174 7 9 0.113316216 
843 78 7 9 0.109662466 
704 321 7 10 0.10888359 
824 271 8 11 0.10876211 
814 102 7 9 0.108513966 
919 182 7 10 0.10821076 
752 168 7 9 0.10800204 
815 182 8 9 0.10542906 
751 150 7 9 0.103417255 
985 240 8 10 0.10320051 
726 150 7 9 0.10299563 
830 70 6 8 0.10282878 
271 721 11 14 0.10277078 
819 87 7 9 0.10263273 
271 782 9 10 0.10232717 
693 279 8 9 0.10200912 
754 94 7 9 0.10174607 
904 137 8 9 0.10154518 
839 242 8 9 0.101123616 
929 222 7 9 0.101103954 
835 95 7 10 0.10065107 
871 125 7 9 0.09985265 
672 48 6 8 0.099326015 
930 384 8 11 0.099056095 
130 646 8 10 0.09684192 
834 118 6 9 0.0966442 
633 102 7 8 0.095764704 
434 88 7 9 0.094324164 
778 318 7 9 0.09365682 
817 221 8 11 0.09279759 
714 64 6 9 0.09254174 
866 110 6 8 0.09235988 
961 71 8 11 0.090846494 
775 166 7 9 0.09053521 
175 655 8 11 0.09047857 
439 682 8 9 0.09028233 
686 138 7 9 0.09024426 
905 240 6 8 0.08989399 
784 46 7 8 0.089512795 
769 190 8 10 0.08864963 
709 286 7 9 0.08762799 
551 37 6 9 0.08758663 
751 174 7 10 0.08696335 
902 220 8 11 0.086176954 
597 118 8 10 0.08569785 
805 159 8 10 0.08520172 
640 149 7 9 0.08512801 
831 225 8 11 0.08413235 
705 94 7 8 0.08384263 
696 71 7 9 0.08314223 
722 149 7 10 0.08232783 
864 150 7 9 0.08155545 
69 408 7 10 0.081428096 
834 47 7 8 0.08119714 
570 605 8 12 0.081007466 
215 662 8 11 0.080302656 
577 142 7 10 0.08027167 
505 601 8 10 0.08006773 
863 79 6 8 0.07912605 
234 740 9 11 0.07853798 
737 71 7 9 0.07847161 
727 95 6 8 0.07738978 
785 253 8 11 0.077199094 
606 152 7 9 0.076584145 
150 784 9 11 0.07637888 
699 37 6 9 0.07613768 
776 88 7 9 0.07592593 
642 71 6 8 0.0757554 
968 48 9 12 0.07565699 
984 246 8 9 0.07533293 
718 184 8 10 0.07523752 
825 134 7 8 0.075088665 
943 191 7 10 0.074917614 
826 31 7 8 0.07482678 
530 757 8 12 0.074621215 
368 603 9 12 0.07427486 
873 122 6 8 0.07423786 
809 135 8 10 0.07360667 
962 244 8 10 0.07287169 
816 152 6 8 0.07284374 
906 192 7 10 0.072242655 
690 102 6 9 0.072032474 
730 129 6 8 0.071575105 
881 143 6 8 0.07075091 
821 221 9 11 0.070589475 
514 71 7 9 0.07047197 
625 55 8 10 0.06986412 
246 645 7 10 0.06961266 
497 109 7 10 0.06934488 
670 145 7 9 0.06925972 
919 177 7 9 0.06775867 
959 523 12 15 0.06769423 
689 248 7 8 0.067536905 
969 178 7 9 0.06666211 
109 500 9 11 0.06592442 
167 744 8 10 0.0656463 
944 174 7 8 0.06542852 
360 478 7 9 0.06515668 
767 9 6 8 0.064972535 
65 741 10 13 0.06487283 
918 86 7 9 0.06481166 
998 156 9 11 0.0647622 
784 111 8 10 0.06403833 
831 150 7 9 0.063867666 
186 476 9 11 0.06354717 
618 128 7 9 0.06280476 
705 122 7 10 0.06247202 
218 767 9 12 0.062346146 
943 197 7 9 0.062335245 
743 1 7 9 0.062229384 
946 218 7 8 0.06207982 
571 264 7 9 0.061897885 
760 62 7 9 0.061808094 
637 39 7 10 0.061766386 
736 116 8 10 0.061289918 
911 112 6 8 0.061257385 
728 15 7 8 0.060554042 
290 622 7 9 0.0600898 
590 39 7 9 0.05994792 
463 150 8 11 0.05992638 
737 78 7 9 0.059693135 
250 607 7 10 0.059444692 
601 630 8 11 0.059401043 
862 178 10 12 0.05930584 
913 184 8 10 0.059050824 
842 167 6 8 0.058862783 
678 366 6 8 0.058846056 
552 637 9 12 0.058774237 
666 144 7 8 0.058647167 
830 127 7 10 0.058617916 
791 182 7 9 0.05852482 
409 117 8 11 0.058518477 
199 721 8 11 0.058033768 
674 87 6 8 0.058009576 
673 311 7 9 0.057740785 
43 599 10 13 0.05741271 
216 670 7 11 0.05707035 
1014 264 7 11 0.057027988 
586 39 7 10 0.05681878 
231 759 8 10 0.05673496 
656 166 7 9 0.056162972 
904 197 8 10 0.055881485 
633 98 7 8 0.055693123 
790 113 7 8 0.05554391 
830 30 7 9 0.055214215 
680 104 6 8 0.054826386 
552 34 6 8 0.054585226 
152 500 8 11 0.054546505 
634 127 7 9 0.054545935 
847 197 8 10 0.05445836 
259 748 10 12 0.0541879 
702 39 6 9 0.054004673 
866 128 7 9 0.05389599 
709 149 7 9 0.053808816 
697 150 7 9 0.053769648 
653 104 8 10 0.053743478 
707 761 8 10 0.053144388 
562 30 7 9 0.053046796 
630 119 7 9 0.052394796 
898 221 8 11 0.052295614 
545 87 7 9 0.052155703 
37 541 10 12 0.05211211 
775 94 7 8 0.051907454 
761 138 8 9 0.051801395 
337 660 10 12 0.051776525 
840 102 7 9 0.051744007 
656 144 7 8 0.051673535 
694 13 7 9 0.05158709 
102 461 8 10 0.051479854 
649 169 7 9 0.051215872 
680 96 6 8 0.051209122 
470 581 9 10 0.051100444 
608 41 7 10 0.051094122 
888 111 6 8 0.05094739 
621 128 8 10 0.050884325 
303 665 9 10 0.050834972 
599 20 8 10 0.050195057 
547 703 8 10 0.050066255 
582 120 7 9 0.049881764 
705 47 6 8 0.049881447 
837 48 8 9 0.049863122 
791 118 7 8 0.049725875 
776 118 7 9 0.049530435 
870 22 7 9 0.04938279 
786 141 6 9 0.049374614 
578 28 8 11 0.04927583 
802 55 7 8 0.04910033 
802 50 6 8 0.04907781 
626 118 7 9 0.048940577 
943 168 7 9 0.048712805 
798 214 7 9 0.0487002 
802 63 7 8 0.048604254 
834 246 7 9 0.04831388 
0 518 8 11 0.048298728 
999 133 7 10 0.04803122 
744 213 8 10 0.047779135 
141 678 8 11 0.04777631 
679 86 7 9 0.047772225 
242 646 7 9 0.047670472 
784 232 8 10 0.047545467 
937 167 7 9 0.047460396 
810 141 7 9 0.047455613 
801 121 7 8 0.04697729 
617 698 8 10 0.046828695 
890 103 6 9 0.046772342 
965 240 7 10 0.046676904 
376 743 10 11 0.046661418 
777 56 7 9 0.04664149 
718 63 7 9 0.046639778 
622 134 7 9 0.04635223 
639 53 7 9 0.04627125 
730 57 5 8 0.04618274 
881 112 7 8 0.046056114 
549 583 9 11 0.0459264 
57 509 9 11 0.045741834 
151 469 8 11 0.045628697 
638 48 7 9 0.045622904 
903 126 7 9 0.045428656 
687 81 6 9 0.04541064 
753 77 6 8 0.04524521 
679 110 7 8 0.045093693 
667 168 7 9 0.045067806 
699 127 6 8 0.044998523 
839 55 8 10 0.044983596 
151 701 9 11 0.04480284 
871 110 7 8 0.04465405 
928 167 6 8 0.04459928 
537 32 9 11 0.044455215 
7 493 9 11 0.044399437 
646 73 7 8 0.044336546 
751 57 6 8 0.044123884 
593 565 8 10 0.044035405 
705 184 7 9 0.043996982 
558 133 7 10 0.043942183 
0 648 8 12 0.04389932 
715 56 6 8 0.043883003 
217 645 7 9 0.04386598 
689 544 9 11 0.043812077 
880 686 9 11 0.04374323 
770 161 8 9 0.04344137 
799 14 7 9 0.043368865 
769 129 7 9 0.04335676 
776 181 7 9 0.043328613 
104 572 11 13 0.043138858 
897 121 7 9 0.043100916 
151 648 7 10 0.043087937 
253 661 9 11 0.04307857 
767 63 6 8 0.04306014 
1000 240 8 10 0.043043163 
720 110 7 9 0.042951122 
617 25 7 8 0.04282764 
1014 239 8 12 0.042637717 
13 503 9 11 0.042611945 
810 181 7 10 0.042457033 
791 71 6 9 0.042338993 
926 696 9 11 0.042317923 
854 133 7 9 0.042286612 
582 141 6 9 0.04186065 
688 628 7 9 0.041853353 
842 151 7 8 0.04179857 
1014 96 7 10 0.041731846 
312 621 7 9 0.041709583 
375 689 8 9 0.041571073 
814 134 8 10 0.041533243 
559 25 7 8 0.041417003 
746 32 6 8 0.041387606 
593 14 8 11 0.04129341 
681 25 7 9 0.041287422 
638 103 7 9 0.041233417 
728 38 6 9 0.041211728 
159 478 7 9 0.04120828 
998 97 8 9 0.041201726 
214 584 8 10 0.041166317 
125 581 11 15 0.04108096 
720 144 9 11 0.040947072 
805 166 8 10 0.04094299 
624 145 8 9 0.040884685 
657 109 6 9 0.040870383 
801 192 8 10 0.040796973 
794 152 7 9 0.040740326 
229 632 8 9 0.04063832 
906 159 6 8 0.040636003 
904 121 7 9 0.040634193 
688 158 6 8 0.040612966 
817 198 8 9 0.040593095 
926 121 7 9 0.040480744 
39 421 8 10 0.0404718 
49 487 9 12 0.04032977 
799 9 7 10 0.040321454 
719 0 7 8 0.040312424 
858 96 6 8 0.04027986 
799 33 8 9 0.04024479 
777 177 7 9 0.040211264 
832 145 7 9 0.040033016 
943 184 7 9 0.03998109 
481 78 6 9 0.039829656 
925 237 7 10 0.039605983 
889 177 9 11 0.039585397 
763 8 6 8 0.039499868 
241 567 8 10 0.039494585 
693 174 8 10 0.039489716 
815 257 8 10 0.039473917 
594 224 6 8 0.039471306 
721 15 7 8 0.039413318 
834 88 7 9 0.03938341 
626 488 8 10 0.039319873 
218 608 8 11 0.03927401 
640 146 6 8 0.03921938 
560 190 7 8 0.0391305 
762 116 8 10 0.039079025 
976 191 8 10 0.0389012 
681 69 7 9 0.038766537 
827 129 7 9 0.038661797 
790 141 7 10 0.038657777 
847 193 7 10 0.038484924 
711 145 7 10 0.03838203 
637 165 8 10 0.03837434 
615 750 10 14 0.038350847 
223 758 8 11 0.038337912 
209 583 8 10 0.03833107 
369 687 7 9 0.038314786 
624 174 8 9 0.038240638 
786 42 6 9 0.038188696 
670 149 8 10 0.03814516 
575 588 8 11 0.03813458 
736 55 7 8 0.038130168 
754 73 7 10 0.038082935 
722 87 6 8 0.03804344 
808 176 7 10 0.038027685 
751 205 8 10 0.037929695 
202 599 7 9 0.037882056 
705 700 10 13 0.03786267 
856 229 8 10 0.0378413 
712 127 7 9 0.037789665 
858 71 7 9 0.037674274 
142 485 8 10 0.03757317 
559 102 6 9 0.03757277 
739 151 6 9 0.03753995 
637 160 8 11 0.037514087 
622 46 7 9 0.03741875 
840 112 7 9 0.037283372 
770 88 7 8 0.037269887 
797 437 9 11 0.037254866 
965 621 9 11 0.0372379 
522 87 5 7 0.037216403 
519 102 6 9 0.037143435 
247 767 8 10 0.03711953 
805 198 8 10 0.037039597 
774 160 8 10 0.03690089 
625 150 7 9 0.036853805 
806 192 7 9 0.036802802 
886 425 8 10 0.036772463 
696 183 8 10 0.036633674 
737 49 6 8 0.036585618 
751 126 7 10 0.03653606 
722 40 7 8 0.03653169 
865 134 7 9 0.03643402 
626 113 6 9 0.036374126 
800 127 7 9 0.03636486 
569 144 7 10 0.036314037 
472 645 8 11 0.03630542 
806 65 7 9 0.036192145 
766 115 8 10 0.03605033 
967 254 8 11 0.03600433 
734 129 7 9 0.03598142 
1001 129 7 9 0.035848036 
73 660 8 10 0.035838626 
697 145 7 9 0.03581023 
867 87 6 8 0.03572014 
545 37 7 10 0.03568769 
720 287 7 9 0.03568428 
283 598 7 11 0.0356732 
647 173 7 9 0.035629235 
941 243 8 11 0.035582226 
271 606 8 9 0.035392735 
670 160 8 9 0.035320055 
152 581 8 9 0.035287607 
47 709 14 18 0.035058487 
169 656 8 11 0.03504936 
934 86 7 9 0.035011612 
704 190 7 9 0.03500383 
698 65 6 8 0.034988176 
134 671 8 11 0.034973294 
688 182 7 9 0.034930974 
851 133 7 9 0.034920655 
771 14 7 9 0.034873303 
846 151 7 9 0.03484915 
694 253 7 9 0.034694076 
651 104 6 9 0.034626767 
514 102 6 8 0.034556117 
749 112 8 10 0.034485903 
640 65 7 9 0.034449235 
534 513 7 9 0.034445032 
687 26 7 9 0.034432 
830 65 8 10 0.034429044 
696 0 8 9 0.03441335 
40 456 8 10 0.034412775 
602 105 6 8 0.034372322 
962 136 7 8 0.034361154 
607 104 6 8 0.03433671 
856 104 7 9 0.03432175 
666 150 6 9 0.034155335 
745 160 7 9 0.03402062 
377 692 8 10 0.033954147 
832 184 6 9 0.033821043 
198 766 9 11 0.03381367 
511 614 7 9 0.033793177 
854 214 7 9 0.03376331 
926 125 9 11 0.033613976 
815 143 7 9 0.033587616 
618 103 6 8 0.033552352 
712 69 6 9 0.033466995 
510 670 8 10 0.033447832 
624 101 7 9 0.033391155 
761 725 9 11 0.03338725 
335 736 9 10 0.0332882 
793 79 7 8 0.033288132 
721 174 6 9 0.033221893 
791 40 7 9 0.033219006 
815 4 7 10 0.03319441 
745 209 7 10 0.033181936 
742 72 6 9 0.033159204 
174 660 8 10 0.033154633 
542 33 9 10 0.033152927 
13 525 9 12 0.03313307 
145 500 8 11 0.033128414 
765 106 9 10 0.033003397 
784 96 7 9 0.032985352 
832 190 7 9 0.032979198 
937 183 7 8 0.032876123 
714 0 7 9 0.032867774 
129 640 8 10 0.032801196 
577 87 7 9 0.03277704 
796 95 7 10 0.032679405 
751 215 7 10 0.032630675 
710 121 7 9 0.0325103 
666 173 7 9 0.03240789 
695 168 7 10 0.03235478 
566 542 8 9 0.032324377 
840 191 7 9 0.032090925 
585 110 7 9 0.031949285 
880 97 7 9 0.03188244 
576 191 7 10 0.031761095 
721 104 7 10 0.031746738 
829 633 9 11 0.03170396 
580 668 8 11 0.031566817 
737 88 7 9 0.03153067 
341 704 7 9 0.031513274 
135 640 7 9 0.031434 
648 79 6 7 0.031431798 
704 64 6 8 0.031395275 
233 694 9 11 0.031351805 
738 302 6 8 0.031330142 
519 187 9 11 0.031296518 
785 182 7 8 0.03117638 
254 657 8 10 0.031167718 
593 166 6 9 0.031136293 
615 437 7 10 0.031124355 
736 65 6 8 0.031118618 
879 253 6 9 0.031101715 
721 262 7 9 0.030959062 
731 343 7 10 0.03089278 
887 142 7 9 0.030844485 
777 112 7 9 0.030821592 
801 37 6 9 0.030784726 
361 94 7 10 0.030740593 
935 78 7 10 0.030719537 
463 462 7 9 0.030714681 
726 255 7 9 0.030653685 
938 114 7 8 0.030651594 
696 77 7 9 0.030613478 
624 159 7 9 0.03054515 
710 94 6 8 0.030544695 
746 166 7 9 0.030540586 
266 724 8 12 0.030500142 
687 66 7 8 0.030496506 
688 48 7 9 0.030432539 
823 229 10 12 0.030403985 
939 117 7 10 0.030402083 
760 206 7 9 0.030371841 
616 112 6 9 0.030299332 
688 97 7 9 0.030264474 
880 102 6 9 0.030250033 
760 78 7 9 0.030232253 
900 301 9 11 0.030217858 
832 206 8 10 0.030205969 
481 56 7 8 0.030184852 
896 160 7 8 0.030182367 
950 216 7 10 0.030143097 
746 175 8 10 0.030125936 
104 496 8 10 0.030099543 
927 133 9 10 0.03007212 
663 260 7 10 0.030059818 
727 9 7 9 0.030053651 
720 434 7 8 0.030049037 
841 160 6 8 0.030012812 
634 250 6 8 0.02985135 
138 486 8 12 0.029781658 
846 73 7 8 0.029778399 
480 37 7 9 0.029775655 
505 61 6 9 0.029741963 
631 112 7 9 0.029679248 
730 133 7 9 0.029668557 
609 111 6 8 0.029632026 
986 173 8 11 0.029618291 
785 117 7 9 0.02958732 
845 167 8 10 0.029571401 
135 663 7 10 0.029568903 
960 143 7 9 0.029495973 
680 303 7 9 0.029476475 
536 104 7 9 0.029427392 
254 704 7 10 0.029372124 
558 647 8 10 0.029361794 
910 239 7 10 0.029349305 
46 544 12 18 0.02934853 
791 46 6 8 0.029319515 
711 89 7 9 0.029241025 
581 79 7 9 0.029213756 
324 700 8 11 0.029146533 
544 118 7 10 0.02913775 
897 328 7 9 0.029024944 
766 136 8 9 0.02901926 
137 536 7 9 0.028967595 
631 498 10 13 0.028964207 
682 127 6 8 0.028947879 
920 16 9 12 0.028938726 
63 414 8 11 0.028901048 
559 129 7 9 0.028888786 
199 621 7 9 0.02888247 
848 86 7 9 0.028876627 
127 664 9 11 0.028871372 
751 160 7 9 0.028856805 
245 695 8 9 0.028836533 
608 622 7 9 0.028763613 
88 390 6 8 0.028739637 
578 304 8 10 0.028728703 
808 111 7 9 0.028701648 
786 72 7 8 0.028666925 
248 710 7 10 0.028653996 
239 700 8 10 0.028630767 
907 111 7 8 0.02862931 
208 590 8 10 0.028628374 
567 111 8 9 0.028569523 
688 121 6 8 0.028471993 
914 175 7 9 0.028414521 
768 184 8 10 0.028388487 
873 214 8 10 0.028325731 
545 198 7 9 0.028296059 
865 106 6 8 0.028286906 
607 685 8 10 0.028285338 
633 134 7 9 0.02826387 
808 206 7 11 0.028138753 
727 317 7 10 0.028136605 
556 638 9 12 0.027999636 
778 536 8 10 0.027986694 
658 127 6 9 0.027896926 
770 165 7 10 0.027890675 
825 112 6 8 0.027886098 
610 119 6 9 0.02787483 
119 690 10 13 0.027868498 
578 78 7 10 0.0277909 
809 79 7 8 0.027778193 
71 494 8 10 0.027725028 
823 94 6 9 0.027645221 
848 246 7 9 0.02762119 
934 224 7 9 0.02757776 
911 208 6 8 0.027576484 
177 568 9 12 0.02739629 
680 184 7 9 0.027378572 
992 86 8 9 0.0273684 
560 534 8 10 0.027296213 
160 25 9 11 0.027216317 
855 110 6 8 0.027208323 
816 156 8 10 0.027198296 
742 101 7 9 0.027168779 
873 198 8 9 0.027166259 
817 80 7 9 0.027159384 
806 272 9 11 0.02713606 
771 94 6 9 0.02712985 
544 143 9 11 0.02711329 
313 617 8 10 0.02706502 
719 24 6 8 0.027051764 
720 404 8 10 0.027008498 
843 74 6 9 0.026939139 
728 88 6 9 0.026919989 
753 90 7 9 0.026898008 
757 192 8 10 0.026865777 
850 129 7 9 0.026850305 
955 199 7 9 0.026827358 
697 191 7 9 0.026789477 
873 93 7 9 0.026636738 
881 24 8 10 0.026541092 
372 599 10 12 0.02652806 
658 405 7 10 0.026508473 
144 687 9 11 0.026495572 
215 676 8 10 0.026482685 
5 433 10 11 0.026475394 
683 136 7 9 0.026426226 
814 228 10 11 0.02639877 
825 277 8 10 0.026382813 
46 372 9 12 0.02635014 
761 215 7 10 0.026287528 
619 134 6 9 0.02628664 
222 733 8 10 0.026281437 
217 760 9 10 0.02624946 
311 724 8 10 0.02622082 
768 223 8 9 0.02621264 
882 80 6 9 0.026204119 
776 152 6 8 0.026198305 
738 298 6 9 0.026196202 
192 589 7 10 0.026194712 
689 423 7 9 0.026162151 
869 182 7 9 0.026160004 
704 33 6 8 0.026096715 
632 150 7 8 0.026077611 
631 53 7 9 0.02606849 
776 39 7 8 0.026049407 
438 65 7 9 0.026002338 
775 129 7 8 0.025999626 
565 32 7 9 0.025978344 
722 256 7 9 0.02594069 
647 359 7 9 0.02593549 
910 134 7 9 0.025925847 
783 79 7 9 0.025908418 
213 625 7 9 0.02590529 
753 104 7 8 0.025898766 
670 680 7 9 0.025884517 
528 68 7 9 0.025860181 
823 167 7 9 0.025844539 
32 638 12 15 0.02583674 
201 655 7 9 0.02576306 
989 263 9 11 0.02574222 
897 231 8 9 0.025661632 
639 647 8 10 0.02566091 
581 30 9 11 0.025583845 
921 432 9 12 0.025531366 
773 191 8 10 0.025524747 
638 128 6 9 0.025494855 
778 79 6 9 0.02545311 
728 174 7 9 0.025426764 
623 60 7 10 0.025425453 
610 169 7 9 0.02541946 
783 87 8 9 0.025372393 
354 695 7 8 0.025355645 
667 38 7 9 0.02530098 
871 654 10 13 0.025266265 
307 606 6 10 0.025263669 
848 240 7 9 0.025168953 
824 238 8 10 0.025091676 
656 161 7 9 0.025086325 
826 145 6 8 0.02505256 
449 77 7 9 0.025044352 
834 114 6 8 0.02503788 
192 584 8 10 0.02497813 
719 130 7 9 0.024942003 
632 145 6 9 0.024933217 
978 246 7 10 0.024929924 
778 48 7 8 0.024919128 
800 446 8 10 0.024890402 
229 708 9 11 0.024856795 
617 271 7 10 0.024856783 
682 81 7 10 0.024852842 
643 574 9 10 0.02484064 
222 655 7 10 0.02481034 
638 249 6 8 0.024780348 
775 72 6 8 0.024746101 
862 73 7 9 0.024706453 
158 502 8 11 0.024702938 
153 566 8 10 0.024677757 
775 0 6 8 0.024666341 
280 606 7 10 0.024659866 
768 149 8 9 0.024655439 
389 727 9 12 0.024614895 
463 54 6 7 0.024603695 
601 112 7 8 0.02458055 
119 588 9 12 0.02454469 
573 653 8 10 0.024510242 
599 136 7 9 0.024475168 
352 688 7 9 0.024467815 
225 701 9 12 0.024451533 
697 104 8 10 0.024448337 
758 72 7 9 0.024447642 
26 496 8 11 0.02439577 
834 159 6 9 0.024376143 
722 169 6 8 0.024368875 
566 77 7 10 0.024355639 
321 671 8 12 0.024335772 
681 174 6 9 0.024334209 
703 135 6 9 0.024326049 
888 86 7 9 0.024321254 
647 777 10 12 0.024238527 
888 158 7 9 0.024222786 
751 38 7 9 0.024138806 
322 698 7 9 0.024111168 
902 184 7 9 0.024083583 
254 724 9 12 0.024083335 
874 254 7 9 0.024053492 
377 390 7 9 0.024047246 
776 236 9 12 0.024043858 
48 368 9 11 0.024043616 
888 127 7 9 0.0239877 
798 152 8 9 0.02398138 
545 192 7 10 0.02396009 
633 71 6 8 0.023942001 
905 208 8 9 0.023923183 
727 111 8 10 0.023904847 
753 61 8 9 0.02387692 
792 129 7 10 0.023875272 
713 31 5 8 0.02386789 
601 40 7 9 0.023865664 
885 25 8 9 0.02382927 
594 127 7 9 0.02378606 
270 712 9 12 0.023774482 
807 39 6 8 0.023753034 
635 48 6 9 0.023719935 
894 187 10 11 0.023668382 
982 192 9 11 0.023650384 
735 134 7 9 0.023617068 
902 233 7 9 0.023592189 
150 632 7 10 0.023573898 
189 608 8 10 0.023563461 
910 215 7 10 0.023547685 
801 182 7 9 0.023542346 
847 63 7 8 0.023510398 
776 431 8 9 0.023466203 
624 97 6 9 0.023454458 
1010 263 8 10 0.023383604 
670 39 7 10 0.023369778 
521 560 7 9 0.023347542 
905 246 7 9 0.023307115 
769 71 7 9 0.023213407 
682 190 6 9 0.023203311 
286 679 8 10 0.023168404 
762 105 8 10 0.023156289 
344 694 7 9 0.023138123 
232 765 8 10 0.023073899 
663 120 6 8 0.023046268 
887 80 7 9 0.023035139 
793 175 7 9 0.023032982 
709 764 10 12 0.023031833 
434 158 6 9 0.023027897 
492 160 8 11 0.023012912 
790 0 8 9 0.022999851 
863 222 8 11 0.022996379 
705 24 7 8 0.022988172 
807 288 7 8 0.022956206 
553 288 6 8 0.022945914 
570 269 7 9 0.022942178 
551 118 6 9 0.02288216 
927 218 7 9 0.022856647 
745 56 7 8 0.022849724 
872 105 7 9 0.022810172 
55 392 8 10 0.022792177 
154 479 8 9 0.02275767 
854 128 7 10 0.022745743 
683 142 7 10 0.02273469 
753 16 5 7 0.022732502 
696 95 6 9 0.022731943 
657 87 6 7 0.022723073 
134 583 9 12 0.022684254 
961 255 8 10 0.022665255 
730 62 6 8 0.022646427 
750 33 7 9 0.022616334 
289 54 7 9 0.02261394 
923 199 7 10 0.022596676 
263 757 12 15 0.022585033 
761 160 6 8 0.022582034 
153 654 8 10 0.022580279 
118 574 9 12 0.022555303 
53 487 10 12 0.022542344 
922 217 7 9 0.022525506 
145 632 8 11 0.022519054 
697 88 7 9 0.022491714 
342 709 8 10 0.02248888 
728 646 7 9 0.022478973 
791 63 7 9 0.022467732 
29 513 8 10 0.022461409 
949 646 10 14 0.022459446 
938 309 9 11 0.022427818 
833 40 7 9 0.022415303 
434 68 8 10 0.022312135 
656 96 6 8 0.022249278 
201 618 7 9 0.022246903 
557 797 10 10 0.022240127 
889 97 7 9 0.022239177 
664 127 6 8 0.022235746 
641 111 6 8 0.022221472 
189 472 10 12 0.022209087 
769 208 7 9 0.022207238 
575 223 6 8 0.022175658 
526 87 6 9 0.02214477 
888 230 7 9 0.022112845 
159 510 8 10 0.022088096 
214 629 7 10 0.022087151 
583 137 6 10 0.022068724 
216 743 8 10 0.02206429 
160 564 7 11 0.022023771 
362 721 7 10 0.022016792 
264 764 10 13 0.021857876 
230 702 9 12 0.02185149 
568 73 7 9 0.021821717 
824 246 7 9 0.02181831 
703 199 8 9 0.021817453 
808 119 6 8 0.021815794 
711 548 10 12 0.02179965 
735 175 6 9 0.02175948 
759 151 7 9 0.021711735 
271 744 9 11 0.021690374 
512 97 7 9 0.021688838 
737 32 6 8 0.02168302 
689 169 7 10 0.02167215 
751 221 8 10 0.021663316 
794 31 7 9 0.021652253 
857 239 7 10 0.021650888 
272 688 8 10 0.021641579 
647 723 10 13 0.02163897 
656 149 7 9 0.021636372 
721 31 6 8 0.021596821 
889 622 11 13 0.02158297 
666 160 7 9 0.021566339 
879 119 7 9 0.021562282 
857 224 7 11 0.021556046 
744 89 6 8 0.021555 
784 30 7 9 0.021537159 
994 216 8 11 0.021527613 
911 158 6 8 0.021516027 
326 677 8 10 0.021432431 
912 153 7 8 0.021384228 
776 200 8 11 0.021351652 
552 646 8 11 0.021338027 
737 433 7 9 0.021336902 
185 613 8 10 0.021326311 
160 693 8 10 0.02130168 
754 309 7 10 0.021267975 
466 31 8 10 0.021262215 
630 494 9 12 0.021260625 
745 126 8 10 0.02125053 
759 89 7 9 0.021250514 
446 561 9 10 0.021249207 
134 590 9 11 0.021248871 
720 159 6 8 0.021211535 
936 232 8 9 0.02120237 
743 6 7 9 0.021176226 
690 253 7 10 0.02115816 
177 549 8 10 0.021150963 
648 150 6 9 0.02114572 
45 456 8 10 0.021137571 
136 567 8 9 0.021124966 
62 487 8 10 0.021120233 
62 519 10 13 0.021117423 
688 0 8 9 0.02110942 
0 607 8 14 0.021065526 
824 46 7 9 0.0210127 
265 663 8 10 0.02100561 
157 788 11 13 0.021000016 
111 605 8 10 0.020993767 
449 88 6 9 0.020918896 
752 305 7 9 0.020916691 
954 206 7 10 0.020880453 
824 39 7 9 0.020855725 
870 135 7 9 0.020842409 
714 160 6 8 0.020834751 
210 623 7 9 0.02082032 
415 760 8 10 0.020790488 
911 198 7 9 0.020789972 
667 46 7 9 0.020776454 
106 479 8 10 0.020775594 
841 60 7 10 0.020766212 
553 567 7 9 0.020763066 
617 159 7 9 0.020733794 
296 69 7 10 0.020723445 
527 628 9 11 0.020718297 
689 153 7 9 0.0207015 
358 703 8 10 0.020698775 
6 489 8 11 0.020682164 
881 71 7 8 0.020666327 
897 165 7 10 0.020647386 
991 102 8 11 0.020628275 
537 110 6 9 0.020557925 
921 62 8 10 0.020556998 
562 294 7 8 0.020544132 
816 96 7 9 0.020511886 
517 71 7 9 0.020508349 
777 61 6 9 0.020503353 
993 221 8 10 0.0205 
614 167 8 10 0.020498546 
871 192 8 9 0.020462897 
713 48 6 9 0.02045572 
967 142 7 9 0.020435011 
511 151 7 10 0.020409727 
793 8 7 9 0.020373033 
825 149 8 10 0.02036325 
15 581 10 12 0.020347895 
831 465 9 11 0.020347513 
895 55 7 9 0.020332694 
159 655 8 12 0.020319419 
183 783 11 15 0.02027013 
290 618 6 8 0.020269277 
967 135 7 9 0.020250753 
172 527 9 12 0.020232674 
143 582 8 10 0.020232495 
618 97 7 8 0.020218156 
366 93 8 10 0.020210555 
937 255 8 9 0.020199914 
896 199 8 10 0.020193135 
659 120 6 9 0.020183854 
766 214 8 10 0.020176187 
927 61 8 10 0.020163972 
389 580 9 12 0.02016312 
649 136 6 8 0.02015706 
94 687 12 14 0.020154905 
745 325 7 9 0.02014708 
742 24 6 8 0.020145848 
495 637 7 10 0.020139446 
838 117 6 9 0.020132065 
880 86 7 9 0.020118605 
704 71 6 8 0.02009632 
861 169 9 11 0.020069329 
937 160 7 9 0.02006907 
874 208 9 11 0.020032266 
175 719 8 10 0.02000619 
