0_Parade_marchingband_1_517
26
452 217 47 57 0.9987025 
48 133 51 58 0.9980609 
203 168 48 56 0.99727315 
914 269 35 42 0.9954348 
700 213 44 50 0.9790285 
398 237 23 31 0.9337981 
376 262 24 29 0.449083 
868 297 15 19 0.3181262 
384 242 25 33 0.3058945 
573 287 16 21 0.21730936 
564 286 16 23 0.16058159 
339 258 15 19 0.10806535 
371 290 29 34 0.10730334 
373 273 29 33 0.10126662 
551 298 13 19 0.10096238 
375 246 25 33 0.077609256 
993 293 27 35 0.055895098 
557 289 15 23 0.03657184 
589 274 15 17 0.034833435 
585 281 18 23 0.026924968 
680 195 11 14 0.026889157 
352 325 25 27 0.026130136 
534 290 11 15 0.023255052 
805 306 14 18 0.022412362 
373 258 18 24 0.020699712 
821 419 9 12 0.020399665 
