0_Parade_marchingband_1_490
538
975 397 13 17 0.97740126 
538 437 17 21 0.97423077 
786 393 15 18 0.97348887 
291 453 16 19 0.9726503 
884 359 16 20 0.9683516 
122 353 15 18 0.9623751 
409 452 17 21 0.9615368 
652 389 14 19 0.961398 
932 388 14 19 0.9593906 
262 393 15 19 0.9574326 
307 388 15 19 0.95662063 
882 333 13 15 0.954404 
217 395 15 19 0.95353514 
87 333 12 16 0.9523906 
483 356 15 19 0.95225483 
662 360 15 18 0.9516325 
170 355 14 17 0.9387938 
719 239 9 12 0.9376691 
244 326 14 17 0.9355565 
32 393 14 18 0.9355487 
406 387 16 20 0.93527126 
670 453 15 20 0.9273131 
357 206 10 12 0.92094094 
80 399 12 15 0.9201926 
668 204 10 13 0.91901 
563 307 13 17 0.9187111 
527 356 14 18 0.9176201 
752 361 14 18 0.91713375 
575 283 13 16 0.9103103 
205 326 13 17 0.90709364 
931 366 14 17 0.9068242 
412 331 13 17 0.90511465 
264 199 10 12 0.9046582 
551 388 15 21 0.9015962 
304 217 8 10 0.9004026 
703 204 9 12 0.8988666 
923 339 13 16 0.89397544 
438 359 15 19 0.8936203 
740 250 11 14 0.89290226 
504 387 16 20 0.8912518 
545 204 9 12 0.8902989 
454 392 16 20 0.88974607 
544 332 13 17 0.8867292 
482 306 13 16 0.8838325 
126 328 11 14 0.8832589 
718 308 13 16 0.88273567 
275 286 12 15 0.88196045 
879 391 15 19 0.88125646 
631 331 12 17 0.8794164 
576 204 9 11 0.8793138 
303 357 13 17 0.87709045 
391 205 9 11 0.87699187 
260 356 13 16 0.87667525 
801 268 11 14 0.87609684 
218 360 14 18 0.87475187 
572 361 14 17 0.8710119 
283 306 12 15 0.867707 
838 330 13 15 0.865085 
525 191 9 11 0.8629435 
390 358 15 19 0.860366 
679 307 13 15 0.85944396 
149 242 11 13 0.85882586 
772 251 10 13 0.85877645 
336 216 9 11 0.85695785 
837 391 15 19 0.8560558 
500 329 14 16 0.84992033 
245 215 9 11 0.8468128 
375 193 8 10 0.8442356 
404 191 9 11 0.8433804 
330 329 12 16 0.8422748 
350 286 12 15 0.8395284 
296 200 8 11 0.8391725 
79 361 13 17 0.8360958 
304 268 12 15 0.8358821 
640 307 12 15 0.8357097 
124 399 14 18 0.83354986 
356 389 16 19 0.8291844 
522 305 13 16 0.8267544 
223 248 10 12 0.8265984 
458 331 13 18 0.82649416 
705 250 11 13 0.82574713 
669 251 12 14 0.82467216 
235 198 8 11 0.82056713 
714 330 14 16 0.8183237 
750 333 13 15 0.81707734 
674 331 14 18 0.81390405 
687 235 10 13 0.8110362 
627 271 12 15 0.80686104 
838 286 11 14 0.80528575 
592 268 12 15 0.8029411 
719 215 8 11 0.80140513 
369 331 14 17 0.80090404 
535 285 13 17 0.7993325 
537 250 11 14 0.7982839 
638 251 11 13 0.79826415 
496 185 9 10 0.796416 
591 188 9 11 0.79376525 
166 285 12 14 0.79110396 
614 286 12 15 0.7905199 
431 246 11 14 0.7833864 
556 192 9 11 0.7808754 
587 331 14 18 0.77967346 
835 360 14 18 0.77694136 
163 305 13 16 0.7744739 
440 301 14 17 0.77417374 
794 360 13 17 0.77207744 
216 212 9 10 0.76559484 
548 234 11 14 0.7624665 
251 230 10 12 0.7606336 
503 251 11 13 0.7571155 
651 286 12 15 0.7489648 
497 212 11 13 0.7406806 
837 311 13 16 0.73823583 
207 304 12 16 0.7356229 
697 391 14 18 0.7282668 
406 265 12 15 0.7279949 
799 310 12 15 0.7245927 
637 203 9 12 0.72170764 
169 397 15 18 0.7203464 
381 232 11 13 0.7195284 
651 236 11 14 0.7193611 
461 285 12 16 0.71762335 
768 272 9 11 0.7167228 
595 220 10 13 0.7145119 
627 221 9 11 0.714445 
794 331 12 15 0.71373445 
734 267 11 14 0.7128064 
729 202 10 13 0.70304716 
520 269 11 14 0.7005311 
346 360 13 16 0.69878286 
372 266 12 14 0.6979821 
606 202 9 13 0.6975308 
746 230 9 12 0.6963343 
287 327 14 17 0.6960403 
443 266 12 15 0.6921499 
453 235 10 12 0.6915519 
493 287 14 17 0.68778926 
294 247 11 14 0.6877441 
400 307 12 15 0.685931 
812 231 9 11 0.6853037 
185 243 9 12 0.68490756 
556 267 12 15 0.68410087 
600 305 13 16 0.6803086 
600 389 14 19 0.67424035 
839 249 10 12 0.67415583 
347 232 10 13 0.6711745 
195 265 12 14 0.66859794 
259 248 10 12 0.66331345 
878 315 10 13 0.65783 
759 310 12 15 0.65096146 
483 231 11 14 0.64691824 
328 247 11 14 0.6463169 
606 248 11 14 0.6445622 
420 203 9 12 0.6356707 
743 391 14 19 0.6342172 
340 188 9 13 0.6306542 
571 248 11 13 0.6304165 
653 189 9 12 0.62905115 
784 215 9 11 0.6288701 
583 236 9 11 0.62867296 
341 266 11 14 0.62634134 
686 287 12 14 0.623563 
385 283 12 16 0.61870146 
466 215 10 12 0.61033523 
616 358 15 17 0.60993415 
482 270 12 15 0.60758585 
311 233 9 12 0.5974797 
452 202 10 13 0.5909841 
620 187 10 13 0.5908015 
692 220 9 12 0.5900982 
511 203 9 12 0.5817199 
314 285 11 14 0.5792009 
396 247 12 14 0.57529217 
237 284 12 16 0.56664616 
231 265 11 14 0.5621551 
699 268 10 14 0.55564666 
467 248 11 14 0.54569876 
529 215 10 13 0.54530954 
283 234 8 10 0.5412326 
360 304 13 16 0.5365063 
201 284 11 15 0.5362932 
468 185 9 11 0.53516483 
707 358 13 17 0.5171237 
311 189 9 11 0.5168612 
363 247 11 14 0.5161003 
873 299 11 14 0.5127217 
517 235 9 12 0.510253 
422 284 13 17 0.509675 
281 189 8 11 0.4972019 
246 303 12 16 0.4907609 
403 215 11 14 0.49053097 
371 216 9 13 0.4898605 
436 193 8 11 0.48673773 
436 215 10 14 0.48651135 
725 287 10 13 0.4662946 
484 203 9 12 0.46612632 
789 211 10 13 0.46551096 
419 233 11 15 0.45666295 
123 288 12 16 0.45418176 
562 215 10 14 0.44654042 
154 259 10 14 0.43807077 
185 209 9 12 0.43449697 
221 227 9 12 0.42798904 
663 268 10 13 0.4269101 
327 200 8 10 0.42653403 
684 187 9 12 0.42614892 
757 201 9 11 0.4187523 
810 249 9 12 0.41780838 
760 287 11 14 0.40726122 
798 287 12 14 0.40072575 
168 326 11 16 0.39218676 
321 304 12 16 0.39081323 
173 232 10 12 0.37802052 
644 221 9 11 0.36907277 
124 308 10 12 0.36832556 
847 267 9 12 0.3495917 
777 232 9 11 0.3442347 
276 215 8 11 0.32309395 
660 220 10 11 0.3209023 
267 263 11 14 0.30779174 
618 233 11 14 0.29723382 
189 226 9 12 0.26911396 
749 269 9 11 0.24744648 
135 272 9 11 0.21194278 
776 287 9 11 0.20182784 
941 413 12 13 0.1768857 
772 270 10 12 0.16497928 
655 463 11 13 0.13981792 
708 285 10 12 0.13797854 
752 218 8 10 0.135995 
861 324 11 14 0.12708037 
742 268 9 13 0.12686588 
293 539 10 12 0.1260715 
1009 420 12 16 0.12551951 
780 269 10 12 0.12063615 
644 268 10 13 0.10477546 
720 260 10 12 0.09842774 
208 229 8 11 0.09315756 
669 286 10 12 0.09204882 
111 316 8 11 0.08792545 
600 236 9 11 0.086995766 
865 341 10 13 0.08587534 
592 246 9 11 0.085432984 
108 341 10 13 0.08525789 
556 251 10 12 0.080573685 
513 222 8 10 0.07843503 
759 245 8 11 0.07816139 
406 237 9 11 0.07808412 
589 253 9 11 0.07776209 
632 236 9 11 0.07737725 
750 221 8 11 0.07715634 
140 287 10 13 0.074027285 
487 252 9 11 0.07314946 
782 277 10 12 0.073111445 
759 239 9 11 0.07303857 
521 253 8 10 0.07233551 
612 221 9 10 0.07224415 
542 271 9 11 0.07217195 
542 308 12 14 0.0715914 
207 350 11 14 0.0707001 
739 308 10 13 0.07019955 
204 355 12 16 0.0695251 
534 232 9 11 0.069179006 
246 349 10 12 0.068782724 
311 462 10 13 0.067364454 
689 255 10 12 0.06390569 
664 237 9 11 0.063504025 
455 254 8 11 0.0633495 
577 267 10 12 0.062238034 
551 222 8 10 0.06116746 
847 350 11 13 0.060097285 
691 325 13 15 0.059769902 
246 218 10 12 0.05934259 
866 278 9 12 0.05905651 
823 283 9 11 0.05896995 
176 248 9 11 0.058875263 
274 219 8 11 0.058271244 
726 255 9 11 0.057537016 
581 222 9 11 0.057389777 
768 330 11 14 0.057194643 
518 221 8 10 0.05708838 
780 236 9 11 0.05640493 
504 230 8 10 0.055707995 
470 232 8 11 0.0556312 
895 382 12 14 0.055056743 
898 270 8 10 0.05493118 
638 228 10 13 0.05385771 
803 286 11 13 0.05284368 
611 325 11 13 0.05263778 
695 262 10 14 0.05186143 
136 290 10 14 0.05055741 
605 237 10 11 0.05044487 
742 286 10 11 0.050199408 
151 268 10 13 0.0501284 
768 237 8 10 0.04983074 
581 268 10 13 0.04974423 
472 270 10 13 0.049684145 
104 319 9 13 0.049671676 
637 236 10 12 0.04869249 
613 268 10 12 0.048366502 
832 270 8 11 0.047169134 
602 246 10 13 0.046445865 
360 229 9 11 0.045511957 
638 286 9 12 0.045318116 
290 251 10 13 0.044938523 
341 195 9 11 0.043950457 
502 206 10 13 0.043553546 
962 381 12 15 0.04331102 
170 235 9 12 0.043274995 
734 287 9 12 0.042916793 
533 325 11 14 0.042207755 
585 253 9 11 0.042157456 
206 253 9 11 0.041025657 
390 210 9 11 0.040864006 
588 237 9 12 0.040789094 
422 220 10 12 0.04049408 
463 308 10 13 0.040256657 
146 223 8 9 0.040172048 
367 229 9 11 0.040164713 
716 268 11 13 0.040096506 
240 306 12 16 0.039983854 
694 308 11 13 0.03982041 
200 248 9 11 0.039730243 
320 213 8 11 0.03926087 
606 231 8 11 0.039000124 
398 239 12 14 0.03899676 
359 223 8 11 0.038992636 
780 285 10 12 0.03886829 
656 254 9 11 0.038652785 
790 256 9 11 0.03821733 
187 224 8 10 0.03809506 
429 268 11 14 0.03761199 
350 252 9 12 0.037320137 
512 231 9 11 0.037286967 
386 206 9 11 0.037259486 
648 264 9 12 0.036736526 
351 382 14 19 0.03666906 
793 240 9 11 0.036505252 
338 263 10 13 0.036254793 
188 240 9 12 0.03620446 
218 224 8 10 0.036029443 
393 308 11 14 0.03584721 
509 349 11 13 0.03578755 
303 292 10 13 0.035449807 
215 268 11 13 0.03518852 
598 285 10 13 0.035074722 
577 222 8 10 0.034994468 
449 232 10 12 0.0349135 
769 232 8 10 0.034721855 
914 287 8 11 0.034642432 
447 326 10 14 0.034445293 
486 223 9 11 0.034413885 
863 331 11 15 0.034245662 
901 272 8 9 0.034017254 
529 237 8 11 0.033781923 
740 303 10 13 0.033753432 
239 230 8 11 0.033715613 
489 285 12 16 0.033667404 
831 263 7 10 0.033289403 
280 195 8 11 0.033160068 
526 253 10 12 0.03303828 
882 317 11 13 0.032974638 
464 356 11 14 0.03283314 
486 331 11 14 0.03279162 
516 205 9 11 0.032775167 
255 270 10 13 0.03220786 
513 269 10 13 0.03216896 
407 231 9 11 0.032158956 
326 269 10 14 0.031680755 
199 237 8 11 0.03155299 
184 251 9 11 0.031507526 
918 288 8 10 0.031150226 
668 237 10 12 0.03111218 
559 287 10 13 0.031106025 
545 222 8 9 0.031020956 
528 209 9 10 0.03099654 
620 309 11 13 0.030862343 
807 332 11 14 0.030842751 
391 223 8 11 0.030783549 
842 268 9 12 0.030760176 
140 270 10 12 0.030721283 
658 216 9 11 0.030700324 
497 237 8 11 0.030626483 
122 303 10 13 0.030511556 
656 308 10 13 0.03008351 
376 286 10 14 0.029829383 
758 253 10 12 0.029798118 
221 239 10 12 0.029213972 
169 248 8 10 0.02911333 
622 254 10 12 0.028736237 
608 268 10 13 0.028617825 
21 403 11 15 0.028547306 
216 236 9 11 0.028511088 
330 214 7 11 0.028500274 
63 358 9 13 0.028483821 
726 488 9 11 0.02847124 
305 236 9 12 0.028274244 
307 189 8 12 0.028268686 
232 214 8 10 0.028144179 
321 206 9 11 0.028115515 
773 275 10 12 0.028100042 
501 238 10 11 0.028003016 
407 208 9 11 0.027708938 
543 209 11 13 0.027559826 
958 321 8 10 0.027461952 
128 380 12 15 0.02745844 
101 322 10 14 0.02741189 
81 422 11 12 0.027358236 
198 231 9 11 0.027234966 
309 306 11 16 0.027227407 
611 412 16 17 0.02721074 
318 254 9 12 0.027138801 
390 229 10 12 0.0270981 
208 236 9 11 0.02699124 
313 252 9 12 0.026958501 
448 253 10 13 0.026926443 
374 292 10 13 0.026899118 
537 271 9 11 0.026821962 
-50 320 196 229 0.026688797 
391 269 11 14 0.026658038 
684 330 12 16 0.02663099 
469 309 10 13 0.02659639 
336 196 9 12 0.0262779 
680 355 11 14 0.026143609 
643 253 10 12 0.026138484 
267 203 10 13 0.026053753 
200 215 7 10 0.02605029 
853 319 12 16 0.025941277 
528 231 8 11 0.025913766 
299 246 10 12 0.025811056 
576 236 11 12 0.025802618 
631 292 11 12 0.025747579 
496 252 10 13 0.025625216 
262 286 11 14 0.025600601 
254 225 8 11 0.025511883 
200 252 10 12 0.025481861 
779 215 9 11 0.02540817 
573 326 10 13 0.025187176 
110 347 10 13 0.025171353 
648 243 10 13 0.025109693 
401 267 11 15 0.02509184 
384 212 9 12 0.02507975 
815 279 10 12 0.02504327 
599 230 10 13 0.025011726 
244 365 12 17 0.024914615 
167 264 9 12 0.024885334 
953 320 8 10 0.024744019 
231 230 8 10 0.024691947 
551 246 11 13 0.024658471 
70 350 9 11 0.02462169 
721 290 11 14 0.024582874 
637 291 10 13 0.024501389 
825 261 8 10 0.024486952 
902 278 8 10 0.024434283 
567 238 9 11 0.024375176 
327 259 10 13 0.024339506 
296 269 10 13 0.024298517 
576 209 10 13 0.024294851 
334 284 11 14 0.02425337 
328 230 8 10 0.024201382 
789 219 9 11 0.024173182 
446 285 11 14 0.024098968 
446 331 12 16 0.02405428 
937 370 13 16 0.024004042 
279 253 9 12 0.023889644 
324 198 7 11 0.023865677 
430 261 11 14 0.02385816 
796 214 8 10 0.023851596 
759 303 11 14 0.023805507 
793 292 10 13 0.023707261 
264 230 9 11 0.023526402 
17 403 9 13 0.023443677 
865 283 8 11 0.023403699 
954 324 9 12 0.023350323 
97 319 10 14 0.023343865 
569 285 11 14 0.023336269 
336 231 8 10 0.023280222 
555 350 12 14 0.023097051 
56 405 11 14 0.023095986 
353 210 10 13 0.023077263 
710 279 11 13 0.023048032 
327 240 11 13 0.023023553 
798 240 8 9 0.022950707 
463 268 11 13 0.022947885 
397 206 8 11 0.02286592 
479 263 12 16 0.022849344 
319 223 9 11 0.022811593 
520 247 9 11 0.022589149 
245 355 11 14 0.022483705 
376 206 9 11 0.022442685 
581 263 9 12 0.022368114 
792 244 8 11 0.022230169 
759 382 12 14 0.022158746 
316 230 9 12 0.022067225 
54 370 10 14 0.022027723 
230 302 11 14 0.021985237 
760 222 7 9 0.02196892 
844 354 12 16 0.02195595 
805 349 11 13 0.021883002 
749 236 10 12 0.021880534 
403 245 10 13 0.021764932 
541 379 11 14 0.021622866 
152 274 9 12 0.021615924 
297 355 13 17 0.021613779 
144 229 8 10 0.02159287 
507 247 10 13 0.021567516 
712 222 8 11 0.021457307 
384 224 10 11 0.021387331 
417 221 8 10 0.021283705 
559 237 9 12 0.021282818 
423 253 10 12 0.02122233 
773 309 12 14 0.021218585 
334 237 10 11 0.02110748 
520 216 8 10 0.021105696 
656 302 10 13 0.021047197 
64 349 10 13 0.021024663 
881 262 7 9 0.021007493 
663 231 9 12 0.020956652 
454 244 10 12 0.020931927 
520 195 10 13 0.0209076 
192 286 11 13 0.020560436 
631 228 11 14 0.020553442 
246 210 9 11 0.020421486 
563 269 11 13 0.02041524 
824 255 9 11 0.0203991 
344 247 9 12 0.02035361 
583 214 8 10 0.020322056 
910 371 12 15 0.020286271 
804 264 10 13 0.020262318 
609 217 8 10 0.020167828 
884 278 10 12 0.020119997 
681 286 12 13 0.020114591 
286 261 10 13 0.020045066 
502 221 9 11 0.020040104 
398 230 9 11 0.020027727 
665 247 12 15 0.020014413 
376 350 11 15 0.020004008 
524 264 10 13 0.020001322 
