0_Parade_Parade_0_478
112
842 473 15 22 0.94183403 
910 478 12 14 0.85721004 
215 377 12 16 0.7713637 
445 406 10 13 0.65530944 
91 374 11 13 0.454447 
308 409 15 27 0.3050841 
631 453 9 12 0.2856155 
117 350 9 12 0.27214447 
614 447 8 10 0.23119865 
474 423 9 11 0.22826199 
535 424 10 12 0.19512999 
190 379 12 16 0.17070861 
489 423 9 11 0.16385661 
569 429 9 12 0.15681435 
802 458 9 12 0.15468666 
152 381 12 17 0.15314724 
633 473 9 11 0.15036958 
522 431 8 12 0.14376183 
513 422 8 10 0.141649 
416 429 8 11 0.13817075 
655 452 9 10 0.13309506 
204 423 14 20 0.13305122 
438 421 9 10 0.13234802 
527 409 8 11 0.12701763 
598 472 7 10 0.09738035 
7 375 12 14 0.09494768 
20 357 14 15 0.09437656 
725 460 8 11 0.09185173 
439 415 10 12 0.09014746 
751 491 12 18 0.08396336 
28 356 11 13 0.08372307 
45 374 9 11 0.077500165 
686 500 9 11 0.07451042 
196 379 11 15 0.067858376 
205 391 11 15 0.059346154 
705 462 8 11 0.050576 
69 383 11 12 0.04919505 
693 461 8 12 0.048147656 
359 419 12 14 0.048024308 
260 396 14 18 0.047457207 
671 488 7 9 0.0473501 
576 480 8 10 0.0468028 
545 407 9 11 0.045260426 
11 380 13 16 0.044135656 
69 373 10 12 0.043821763 
641 439 7 8 0.042547423 
660 447 9 11 0.042420328 
642 431 7 9 0.041696392 
261 393 10 12 0.04118095 
827 494 11 15 0.040060874 
635 454 9 12 0.03800386 
768 455 8 11 0.037917335 
775 455 7 10 0.03652407 
780 482 12 20 0.035703316 
456 398 9 13 0.034617938 
680 502 9 11 0.034070317 
540 429 10 12 0.03376787 
776 461 9 12 0.03348567 
200 386 11 16 0.031776108 
761 461 8 11 0.03142268 
524 434 10 13 0.03095275 
773 486 14 21 0.030699067 
849 476 13 18 0.030479105 
175 374 11 16 0.030463465 
183 380 13 15 0.030334068 
626 454 8 11 0.030199906 
380 420 9 12 0.029607043 
377 416 8 11 0.0295688 
15 361 15 17 0.029364722 
437 399 10 11 0.029201074 
540 422 11 13 0.028769707 
709 462 8 12 0.02838236 
679 448 8 10 0.028161509 
624 432 7 9 0.027693674 
14 352 11 14 0.027062811 
624 478 8 10 0.02668127 
104 388 16 18 0.026165213 
650 448 8 10 0.026107032 
928 496 10 14 0.026102303 
572 426 10 11 0.025766734 
755 495 16 18 0.025678508 
609 454 7 9 0.025622271 
463 423 8 11 0.024928391 
616 470 8 10 0.024880696 
352 415 11 14 0.024313403 
113 354 11 14 0.023756264 
624 462 8 10 0.023389732 
266 397 19 25 0.023137264 
455 416 8 10 0.023116684 
736 456 7 10 0.02300185 
19 367 16 18 0.022887547 
477 427 8 12 0.02261152 
434 421 9 11 0.02257944 
223 396 12 15 0.022536987 
535 407 7 10 0.022377267 
623 471 8 10 0.022357354 
630 459 9 11 0.022189667 
453 439 10 11 0.022163374 
119 382 11 17 0.022107687 
600 463 7 10 0.02200566 
479 417 8 10 0.021528764 
598 476 8 10 0.021455374 
623 438 7 9 0.02140427 
522 407 9 12 0.021385932 
834 477 11 16 0.021341832 
544 413 9 11 0.020818507 
728 474 10 13 0.020593606 
456 420 8 10 0.020556672 
534 434 11 13 0.020453082 
617 479 8 9 0.020394985 
512 428 9 11 0.020306095 
452 444 10 13 0.02026104 
