0_Parade_Parade_0_559
21
763 346 46 67 0.92187613 
438 345 66 70 0.90239227 
527 355 37 46 0.57574683 
581 312 36 47 0.34853834 
214 305 54 70 0.25443566 
789 291 68 76 0.17039122 
314 281 47 47 0.13049647 
645 379 46 51 0.09597427 
6 341 13 19 0.09409318 
328 314 32 48 0.07764446 
624 188 8 11 0.04900428 
179 338 11 14 0.048272777 
188 377 35 35 0.047204185 
0 341 13 22 0.04031049 
636 213 14 19 0.03676092 
778 334 60 78 0.02964032 
214 320 33 41 0.025191143 
778 234 62 54 0.025157118 
155 402 28 33 0.023060966 
443 306 61 79 0.021058023 
634 387 38 48 0.0201821 
