0_Parade_marchingband_1_74
439
189 363 36 44 0.9965037 
716 401 16 20 0.99041116 
780 384 14 18 0.98923934 
502 385 13 16 0.9754961 
605 407 15 19 0.9716091 
464 339 13 16 0.9709589 
526 360 14 17 0.9693168 
467 371 14 18 0.96920896 
867 381 15 19 0.9687553 
661 414 15 18 0.9680714 
852 350 14 17 0.9666922 
581 391 15 18 0.96248895 
823 397 13 16 0.96004045 
803 360 14 17 0.96001554 
743 370 14 17 0.9574084 
249 308 13 17 0.9522598 
629 373 16 19 0.9490861 
708 358 14 17 0.9451826 
314 329 13 17 0.9450858 
655 302 12 15 0.9390778 
563 370 15 18 0.93845886 
839 374 14 18 0.9333076 
402 329 14 17 0.9268287 
350 345 13 16 0.92453444 
385 339 14 18 0.92363566 
760 392 15 19 0.9225978 
484 334 12 15 0.92074144 
409 357 12 16 0.9204782 
909 375 14 17 0.9145368 
178 299 13 16 0.91024256 
507 315 13 16 0.9096187 
529 405 13 16 0.9085323 
433 362 14 17 0.90759975 
951 330 13 15 0.9057774 
874 354 14 17 0.8937229 
547 346 13 15 0.8916676 
439 310 11 14 0.8880133 
278 299 11 14 0.8767683 
701 384 13 16 0.86568457 
837 324 13 15 0.859708 
494 302 12 15 0.8501863 
572 332 13 16 0.8438625 
768 342 13 16 0.8431215 
457 317 12 14 0.8415612 
375 323 11 13 0.8326423 
582 295 12 15 0.8319177 
658 366 13 16 0.8299302 
959 360 13 16 0.8291738 
555 299 10 13 0.81837684 
903 342 12 16 0.80550957 
854 293 13 15 0.8005937 
632 269 10 12 0.79619586 
604 351 11 14 0.78798294 
539 324 12 14 0.7708634 
211 314 13 15 0.7667677 
267 315 11 14 0.7648093 
928 366 12 15 0.75356656 
295 319 12 15 0.7480379 
920 326 11 14 0.7391505 
684 348 12 15 0.72921914 
10 111 7 9 0.7268102 
734 304 12 15 0.7208929 
405 294 10 13 0.71598405 
496 361 13 15 0.7158559 
840 292 9 12 0.70336 
823 335 12 15 0.69255996 
663 284 10 13 0.6857783 
704 301 12 15 0.68021435 
889 327 11 14 0.66565835 
824 303 12 15 0.64616364 
619 325 12 14 0.6460172 
564 283 10 13 0.6441942 
673 394 12 15 0.6433343 
775 318 12 13 0.62186027 
722 288 10 13 0.61225176 
736 338 11 14 0.6097946 
590 315 11 13 0.6071753 
349 313 11 13 0.5990054 
766 301 11 14 0.5982362 
757 274 12 14 0.5882634 
161 296 10 12 0.5841571 
629 304 9 13 0.5742223 
422 313 12 14 0.5666328 
993 330 12 15 0.56359476 
888 308 11 13 0.5455987 
795 308 12 13 0.5428694 
652 345 11 14 0.5391178 
368 309 11 13 0.5124877 
753 324 12 14 0.5066221 
974 352 11 14 0.5061039 
816 277 11 13 0.5012805 
512 344 12 14 0.4716308 
672 323 12 14 0.45514107 
616 295 8 11 0.45250767 
334 304 9 13 0.4471178 
556 325 11 14 0.4258866 
577 358 12 15 0.42506304 
215 285 10 12 0.42358875 
135 283 9 13 0.4024525 
890 349 11 15 0.40123773 
596 383 12 16 0.39782992 
934 300 10 13 0.3968883 
768 293 12 14 0.39344135 
707 336 11 13 0.39174291 
617 358 12 15 0.37326795 
1006 274 9 12 0.36615732 
787 338 11 14 0.36571616 
607 313 10 13 0.36035013 
128 311 11 13 0.34972072 
437 286 8 11 0.3491336 
783 297 11 13 0.34641483 
194 287 9 12 0.34007314 
204 335 11 12 0.326729 
263 268 10 12 0.31069458 
941 356 11 13 0.30798256 
645 283 10 13 0.2832863 
545 280 10 12 0.27704975 
727 327 10 13 0.2762418 
18 766 30 32 0.2751629 
469 296 10 12 0.26236156 
237 284 8 12 0.25802672 
869 339 11 14 0.25493795 
885 291 10 12 0.25010112 
263 351 11 15 0.24606821 
1005 298 10 13 0.24478386 
862 422 11 16 0.24445787 
686 312 10 13 0.24313493 
174 329 13 16 0.24073792 
308 363 10 14 0.23954679 
966 312 10 13 0.22968715 
572 427 10 12 0.22275424 
441 224 7 10 0.20335156 
640 282 11 13 0.18544132 
1014 378 9 13 0.1820059 
490 277 9 13 0.1817531 
452 293 9 12 0.17959829 
348 295 10 12 0.16733025 
640 347 9 12 0.15759152 
793 284 8 11 0.15721954 
472 208 10 12 0.15327723 
432 422 9 12 0.14730842 
521 292 9 12 0.14709271 
957 414 10 13 0.14345403 
641 312 9 12 0.13595676 
734 347 14 17 0.13520743 
522 221 8 10 0.13459775 
948 390 11 14 0.12833382 
324 287 10 11 0.12640388 
676 319 12 14 0.12638532 
500 427 11 14 0.12522721 
376 289 9 11 0.119029306 
708 444 13 18 0.118442446 
710 278 9 11 0.1158389 
796 323 11 13 0.108299226 
532 301 11 13 0.10714662 
903 295 8 11 0.10510214 
496 421 11 15 0.104913555 
642 295 10 12 0.10257643 
772 288 10 12 0.100712195 
498 435 13 17 0.099420674 
153 280 8 10 0.09905987 
383 380 10 13 0.098425165 
532 310 10 13 0.09610859 
302 287 9 12 0.09596967 
431 405 10 14 0.09429403 
689 300 9 11 0.090500996 
431 291 9 12 0.08993247 
231 308 10 13 0.08976767 
422 293 10 12 0.08873401 
534 317 11 14 0.08647756 
817 349 12 14 0.08487572 
572 446 11 14 0.0846651 
588 320 12 16 0.08373875 
808 270 9 11 0.08350151 
861 412 11 14 0.083407484 
845 292 10 13 0.082930185 
718 310 9 11 0.07994148 
669 342 12 14 0.079684146 
796 315 13 16 0.07899011 
521 437 10 14 0.07734999 
704 284 10 11 0.07700023 
270 229 8 11 0.07627018 
344 372 11 14 0.07593172 
348 299 11 14 0.0735392 
631 326 11 13 0.07322857 
902 404 11 13 0.0716571 
934 277 9 10 0.07068739 
648 300 11 13 0.06968062 
287 284 8 11 0.06895535 
526 257 8 11 0.06867936 
462 221 8 11 0.06727692 
903 301 9 11 0.064259954 
548 435 15 20 0.0634613 
477 319 12 13 0.061878756 
797 285 8 11 0.06158824 
816 283 11 13 0.06140214 
660 464 13 19 0.061333776 
905 310 8 11 0.06091869 
684 361 13 17 0.059942976 
372 348 10 13 0.059599873 
344 324 12 14 0.05815191 
432 238 7 10 0.05788644 
183 347 12 16 0.057720732 
432 342 12 15 0.057720404 
201 279 8 10 0.05721182 
176 280 9 11 0.057072088 
468 429 11 13 0.056727435 
600 295 7 10 0.056247607 
858 299 11 13 0.055172034 
693 295 9 11 0.055160668 
511 354 11 15 0.055007536 
452 348 10 13 0.054310337 
343 287 8 9 0.053497076 
391 417 9 11 0.053401005 
462 257 8 10 0.05274065 
598 286 8 11 0.05215445 
445 224 8 10 0.052102998 
181 342 12 15 0.050817817 
703 438 13 17 0.050783854 
607 301 11 11 0.050440907 
380 292 9 11 0.049888093 
573 224 8 10 0.04975279 
463 418 12 15 0.04971598 
789 302 11 13 0.04970757 
896 287 8 10 0.049409945 
433 347 14 16 0.049060952 
804 310 11 12 0.047156103 
842 253 9 12 0.046908755 
1004 351 10 13 0.046881806 
824 255 8 11 0.04657612 
782 246 10 12 0.04593652 
614 288 9 11 0.0458217 
373 328 12 15 0.045788825 
523 451 13 17 0.045572545 
549 332 14 16 0.045402363 
990 195 7 10 0.045275528 
712 273 8 11 0.045135908 
925 320 12 14 0.04508944 
1014 421 9 16 0.04499781 
861 318 10 13 0.044629443 
421 321 12 16 0.044603165 
551 206 8 10 0.044116594 
882 288 8 10 0.04348875 
445 206 8 10 0.043474767 
492 415 11 15 0.043379847 
821 281 10 13 0.043061934 
379 320 11 14 0.042677682 
1009 405 10 14 0.042376786 
519 388 11 14 0.042033806 
487 284 8 12 0.041735772 
609 231 8 10 0.041192517 
693 300 10 12 0.040960066 
406 414 9 12 0.040362798 
814 292 9 12 0.040019494 
838 297 11 13 0.039897967 
654 249 10 13 0.039888337 
373 342 10 14 0.039560176 
0 712 11 23 0.039549034 
813 271 11 13 0.039372005 
476 300 9 12 0.038683232 
1013 412 10 16 0.038562268 
398 421 10 12 0.037990108 
441 207 9 10 0.037580427 
157 279 8 10 0.037504755 
259 269 9 11 0.037393715 
429 311 11 13 0.03671349 
887 344 11 13 0.036504287 
468 22 15 17 0.03606082 
705 214 8 10 0.035747405 
1014 355 8 13 0.03556959 
726 350 11 14 0.035562217 
552 403 13 16 0.035545804 
709 285 9 11 0.035493337 
612 316 11 13 0.035383623 
771 299 12 14 0.035290144 
811 355 13 16 0.03499693 
144 302 10 12 0.03478771 
393 222 7 10 0.0347661 
538 222 8 11 0.03473823 
847 310 10 13 0.034723148 
640 299 9 12 0.034613922 
463 206 9 11 0.034268346 
610 296 8 11 0.034136146 
480 349 12 15 0.0333547 
583 324 12 14 0.033248413 
488 272 9 12 0.032994945 
967 300 11 13 0.032578528 
533 295 11 13 0.032454178 
142 278 8 11 0.032259837 
500 308 12 16 0.03214103 
422 300 10 11 0.032004647 
160 784 20 26 0.0318554 
963 325 11 15 0.031774078 
329 306 11 13 0.03173797 
708 304 12 15 0.031687547 
579 294 10 13 0.03132831 
522 257 8 10 0.031191392 
343 300 11 13 0.031096082 
961 317 11 13 0.031090898 
280 350 11 13 0.030834531 
887 314 12 14 0.030768286 
525 443 12 17 0.030561754 
597 315 10 14 0.030529942 
833 285 9 11 0.03052232 
282 378 10 15 0.03051593 
205 278 9 11 0.030389855 
458 200 7 10 0.03010885 
481 286 9 11 0.029916197 
471 224 8 10 0.029873578 
864 334 11 14 0.029370453 
472 318 10 13 0.029338386 
384 303 9 12 0.029285941 
991 336 12 16 0.02925059 
902 288 9 11 0.029226705 
207 322 14 17 0.029122759 
814 427 10 14 0.029115092 
465 298 10 12 0.029066604 
755 463 11 12 0.029053323 
696 287 8 10 0.029034883 
743 286 8 10 0.028918535 
845 286 11 14 0.02889865 
671 331 13 16 0.028846836 
945 286 8 11 0.02880807 
417 315 12 14 0.028601753 
440 214 8 10 0.028559877 
529 314 11 14 0.028391603 
521 217 7 10 0.028353693 
724 355 11 14 0.028310565 
423 288 8 11 0.028293824 
619 468 13 15 0.028185869 
981 413 11 12 0.028021373 
447 288 9 12 0.027996859 
294 331 11 14 0.027989645 
869 411 10 14 0.027898712 
221 292 10 12 0.02771348 
998 317 9 12 0.027696602 
936 357 13 15 0.02769583 
960 406 10 14 0.027562067 
405 408 9 12 0.02751983 
662 290 11 14 0.027316712 
862 310 9 11 0.027078621 
382 257 8 10 0.026920166 
824 260 8 10 0.026905546 
778 321 12 14 0.026814165 
838 340 10 13 0.026774464 
561 215 7 9 0.026771763 
543 309 9 12 0.026677182 
657 284 10 12 0.026644874 
907 412 11 14 0.026552087 
527 325 10 14 0.026536357 
414 294 10 13 0.026340792 
390 309 10 12 0.026301472 
644 315 10 12 0.026280195 
262 367 9 13 0.02623648 
320 290 11 13 0.026068611 
918 339 12 15 0.026048595 
601 301 8 10 0.026024878 
345 342 12 15 0.025803246 
631 436 12 17 0.02560637 
919 349 11 13 0.02559561 
462 406 10 13 0.025390679 
705 207 9 11 0.025182482 
607 462 10 12 0.025155963 
839 248 9 11 0.025079397 
486 380 12 15 0.025017599 
297 287 9 12 0.024805889 
606 321 11 14 0.024656236 
875 340 12 13 0.024589472 
586 317 11 13 0.02456633 
458 205 7 10 0.024543429 
164 298 10 14 0.024537986 
457 220 8 11 0.024296539 
359 222 8 9 0.02424805 
620 294 9 11 0.024115294 
707 296 11 13 0.024029857 
480 230 7 9 0.024004562 
92 153 11 12 0.023893777 
635 331 10 13 0.023818076 
557 408 13 16 0.023598492 
735 285 9 11 0.023589702 
518 299 11 14 0.02356201 
610 310 11 13 0.02353017 
456 342 11 15 0.023481073 
73 150 10 14 0.023447542 
350 288 9 11 0.023072198 
718 302 10 13 0.02304829 
816 300 10 13 0.023027375 
518 207 7 10 0.02297203 
398 310 10 13 0.022890696 
682 310 10 13 0.022797218 
269 236 9 12 0.022659013 
895 343 11 14 0.02263478 
454 288 9 12 0.022485979 
837 239 8 10 0.022482129 
400 297 11 14 0.022413962 
729 306 12 14 0.022389457 
780 309 11 13 0.022371354 
230 253 8 11 0.022314733 
233 280 9 12 0.022233091 
286 356 9 13 0.022142388 
941 361 11 15 0.022099506 
414 324 11 15 0.022082562 
910 317 9 11 0.021851579 
432 279 8 10 0.021832263 
942 279 9 10 0.021754086 
987 197 7 9 0.021745108 
808 293 10 12 0.021674702 
622 339 10 13 0.021650735 
584 215 7 9 0.021591213 
972 361 12 15 0.021527542 
473 323 11 13 0.021514708 
222 362 14 18 0.021512352 
384 215 8 10 0.021442302 
656 270 9 10 0.021404753 
843 331 11 14 0.02131987 
340 378 13 16 0.021167021 
596 375 13 15 0.021165686 
754 468 10 12 0.021162814 
225 254 8 10 0.021141669 
477 295 9 12 0.021110112 
238 308 11 14 0.02102161 
162 270 8 10 0.021006536 
398 222 7 10 0.020989513 
464 215 9 10 0.020864936 
384 308 10 12 0.020856114 
758 281 12 14 0.020805499 
378 257 7 10 0.02071574 
847 278 9 12 0.020629162 
337 286 8 9 0.020583738 
950 357 11 14 0.02049409 
856 317 10 13 0.020486487 
893 304 10 12 0.020307673 
290 318 10 13 0.020273883 
158 309 8 11 0.020259839 
845 259 9 11 0.020243404 
543 302 10 12 0.020185681 
404 389 9 13 0.02016796 
523 288 11 13 0.020148156 
261 374 10 13 0.020093858 
