0_Parade_Parade_0_43
1383
490 222 17 23 0.9837478 
305 357 21 24 0.98063296 
10 481 19 22 0.9745609 
771 460 18 23 0.9736354 
386 341 17 22 0.97350013 
884 463 19 23 0.9712621 
201 453 19 23 0.9665492 
444 447 21 26 0.96179426 
500 511 21 26 0.9613023 
76 455 19 22 0.9548467 
440 288 18 22 0.9542044 
187 387 20 24 0.9533639 
398 512 21 25 0.94980794 
265 514 20 24 0.9493331 
715 516 19 23 0.94775885 
603 512 21 24 0.94772977 
702 376 21 25 0.9475758 
549 448 19 23 0.94709617 
544 288 19 23 0.9466973 
810 436 17 21 0.94630367 
755 401 19 23 0.9436916 
152 507 20 24 0.9428658 
501 393 21 25 0.94166446 
310 452 20 25 0.9337673 
134 427 20 24 0.9331278 
31 510 20 24 0.93150556 
655 349 19 24 0.9266776 
942 520 20 25 0.923453 
824 517 18 23 0.9147192 
677 449 19 22 0.9071435 
254 378 20 24 0.89757043 
598 343 19 22 0.88981545 
143 277 9 12 0.8774323 
979 324 10 13 0.83433676 
114 271 9 11 0.80592895 
774 382 13 17 0.74551994 
830 293 10 12 0.743418 
40 256 8 11 0.7424628 
809 262 9 11 0.7118132 
895 297 9 12 0.7080581 
906 327 10 13 0.6937985 
792 386 16 18 0.6534484 
749 323 12 14 0.648613 
938 332 10 13 0.6445385 
888 270 8 10 0.64063066 
702 336 11 13 0.63315636 
703 261 8 10 0.62778926 
847 294 9 11 0.59393555 
786 245 8 10 0.58540785 
847 325 11 13 0.5852281 
922 501 14 17 0.5839617 
708 277 10 13 0.5808865 
675 310 10 13 0.5805797 
750 263 8 12 0.57684124 
886 375 10 12 0.56680757 
245 347 14 16 0.563346 
820 334 11 13 0.55878365 
821 314 10 13 0.5570809 
367 286 9 12 0.51328856 
290 268 7 10 0.5074531 
754 292 9 11 0.49930635 
937 248 7 10 0.4960124 
839 257 9 11 0.4871342 
174 272 10 13 0.4703712 
196 283 10 12 0.4686043 
789 327 10 13 0.45600423 
346 239 8 10 0.44462729 
639 308 10 12 0.424217 
660 318 10 13 0.42368063 
902 373 9 11 0.42006314 
148 405 12 14 0.40086913 
69 317 9 11 0.39974335 
735 292 9 12 0.38747293 
729 244 7 10 0.38239405 
274 183 7 8 0.3791725 
930 269 9 10 0.3766491 
638 230 7 10 0.37328148 
936 213 7 9 0.37188408 
606 239 8 11 0.36791202 
999 309 9 12 0.36126783 
982 293 8 10 0.3565868 
638 270 7 9 0.35636505 
767 299 8 11 0.34482515 
154 256 8 10 0.34385863 
910 276 7 10 0.3423152 
735 287 9 11 0.3392392 
297 285 9 11 0.33382046 
775 316 10 12 0.32330507 
853 225 8 9 0.31962103 
792 264 9 11 0.31842926 
927 263 9 12 0.30498314 
119 253 8 10 0.30317014 
957 262 8 10 0.30254692 
872 231 8 10 0.3018615 
319 319 9 11 0.300728 
954 238 8 10 0.3002935 
886 173 8 10 0.2998763 
601 198 6 9 0.29778114 
792 270 10 12 0.29548293 
64 236 10 12 0.29475713 
920 280 8 10 0.28891054 
993 253 9 11 0.28290844 
926 301 9 12 0.2822156 
319 280 9 11 0.2789498 
61 253 10 13 0.27835134 
326 280 9 11 0.2769711 
1013 323 8 12 0.27305132 
342 273 8 11 0.27140296 
326 302 10 12 0.2704617 
889 208 7 8 0.26979128 
718 254 7 10 0.26889375 
726 315 9 11 0.26766756 
761 229 7 8 0.26690057 
985 271 7 10 0.2663859 
825 272 8 10 0.26632923 
301 231 9 11 0.2613154 
781 351 12 15 0.2548219 
768 239 7 8 0.254733 
215 254 7 10 0.25349256 
726 329 13 17 0.25249365 
793 276 9 11 0.24342325 
934 302 8 10 0.24113996 
838 358 11 14 0.23895349 
810 238 8 10 0.23666476 
709 316 10 13 0.2365995 
998 261 9 11 0.23527506 
73 223 8 10 0.23505585 
673 279 8 10 0.23427439 
894 323 8 12 0.22977288 
874 367 8 11 0.22924614 
827 176 8 10 0.22839752 
889 254 6 8 0.22839007 
614 286 8 10 0.22699538 
623 269 7 9 0.22463648 
654 206 7 9 0.22021426 
889 359 8 11 0.21847191 
838 374 10 13 0.2182462 
733 264 8 10 0.2163776 
342 223 8 10 0.21630828 
807 321 11 14 0.20863438 
741 319 13 16 0.20532039 
966 489 17 22 0.20485216 
582 283 11 14 0.20378482 
312 220 8 10 0.20185031 
368 172 9 11 0.201816 
615 303 9 10 0.19910611 
420 317 17 20 0.19731233 
583 240 8 10 0.19221035 
869 288 9 11 0.1900889 
333 238 8 9 0.18775299 
237 278 8 10 0.18711182 
217 275 9 12 0.18558526 
361 158 8 9 0.18420538 
897 344 10 12 0.18144418 
136 213 7 10 0.1805508 
872 254 8 10 0.17916158 
361 221 8 10 0.17854258 
670 216 8 10 0.17727028 
600 283 9 10 0.1769662 
927 358 8 11 0.17686139 
631 326 14 18 0.17479508 
239 262 8 10 0.17454146 
313 269 8 11 0.17352588 
766 312 10 12 0.17137524 
113 119 7 8 0.16928828 
93 247 8 10 0.16923234 
761 273 7 10 0.16468753 
1014 303 8 11 0.16386244 
734 230 7 9 0.16337875 
602 297 9 12 0.16310416 
909 257 8 10 0.16203088 
704 317 10 12 0.16110606 
206 261 8 10 0.16108672 
672 285 8 9 0.16093999 
854 308 9 11 0.15949357 
309 205 8 11 0.15926334 
279 253 8 10 0.15920162 
600 255 8 10 0.15743552 
39 132 8 10 0.15477875 
808 277 8 11 0.1535341 
557 236 9 12 0.15233092 
983 247 8 9 0.15110244 
798 276 8 11 0.14996098 
735 281 8 10 0.14950024 
730 269 8 10 0.14828329 
235 214 7 9 0.14750987 
785 214 7 8 0.14723426 
641 289 8 10 0.1466767 
737 168 6 8 0.14533232 
631 206 7 9 0.14489727 
6 279 9 12 0.14475563 
930 169 6 8 0.14368995 
624 302 9 11 0.14274485 
104 141 8 12 0.14272961 
774 276 8 11 0.14180958 
714 240 6 8 0.14169909 
110 176 8 10 0.14163592 
191 254 7 9 0.14079516 
862 353 9 11 0.13999823 
777 165 8 10 0.13961123 
732 334 12 15 0.13915767 
961 168 7 8 0.13800883 
810 190 7 9 0.13764067 
575 231 9 10 0.13762295 
741 364 13 18 0.13723877 
865 264 7 9 0.13605049 
25 205 7 9 0.13380408 
887 265 8 11 0.13263047 
104 231 7 10 0.13246687 
576 237 8 10 0.13221006 
368 248 8 9 0.13051845 
681 239 6 7 0.13011467 
832 232 7 9 0.13002728 
606 300 9 11 0.12887146 
926 230 7 9 0.12869647 
359 207 7 9 0.12840682 
264 238 7 9 0.12826721 
578 215 7 9 0.12743735 
570 206 7 9 0.12725173 
709 296 9 11 0.1263781 
581 260 8 10 0.1261116 
568 264 8 10 0.12596714 
92 264 9 12 0.12458692 
817 164 8 10 0.12431116 
1002 237 7 10 0.12423315 
958 151 7 9 0.1237474 
722 209 7 9 0.12353454 
920 182 6 8 0.122753434 
151 237 7 9 0.12256537 
71 279 9 11 0.12104694 
814 149 7 9 0.1209896 
814 190 7 9 0.12031205 
193 239 7 9 0.12020301 
38 241 9 11 0.119833 
927 319 9 11 0.11900771 
672 220 7 10 0.11899609 
921 358 9 12 0.117604956 
370 207 8 11 0.11557579 
944 225 7 10 0.115473524 
872 277 8 10 0.1153112 
829 272 8 10 0.11492164 
921 232 7 9 0.11378983 
257 256 9 10 0.11373143 
159 270 8 11 0.11336362 
98 214 7 9 0.11325924 
769 273 7 10 0.113124266 
737 207 6 8 0.11261555 
308 325 12 15 0.11234226 
873 311 9 11 0.11227369 
902 190 7 9 0.11218337 
674 254 7 10 0.111396454 
842 167 6 9 0.11076982 
870 324 10 13 0.11047453 
865 192 7 8 0.110002846 
808 269 8 11 0.10976941 
841 322 10 13 0.10932112 
177 151 7 8 0.10904983 
350 331 11 15 0.108854555 
670 247 7 9 0.108845964 
921 376 9 11 0.108396575 
128 265 8 9 0.10610137 
775 191 7 8 0.10576272 
364 281 11 13 0.10574742 
863 182 7 9 0.10486113 
901 232 8 9 0.10483211 
746 217 8 10 0.10481007 
253 277 9 11 0.10440493 
711 191 8 9 0.10438104 
21 261 8 11 0.104377635 
864 372 9 11 0.104058295 
749 222 8 11 0.10376353 
679 277 7 10 0.10212853 
135 190 6 8 0.101725526 
872 317 9 11 0.10171803 
910 261 7 10 0.100825876 
313 238 7 9 0.10049144 
714 168 8 9 0.10018342 
967 256 8 9 0.099975765 
871 263 7 9 0.09890492 
978 241 7 9 0.09863903 
607 261 8 9 0.09839976 
913 159 8 9 0.098153226 
914 348 9 11 0.09785721 
848 262 7 10 0.097026914 
229 240 9 10 0.09529837 
816 287 8 10 0.095152095 
739 255 7 9 0.09499252 
157 261 10 12 0.094921306 
209 232 6 8 0.09477234 
578 257 8 10 0.094641574 
992 176 7 9 0.09461914 
136 238 8 10 0.094280966 
754 200 7 9 0.09406247 
928 214 7 9 0.093657315 
972 310 9 11 0.09341805 
800 186 7 8 0.093157634 
338 223 8 10 0.09299512 
953 233 8 9 0.09257896 
846 161 7 8 0.09226854 
783 288 8 11 0.09127221 
318 221 8 10 0.09033068 
172 302 9 12 0.090307355 
583 215 7 9 0.09007704 
250 229 8 9 0.090051726 
900 347 10 13 0.09004336 
787 415 15 20 0.09001461 
936 310 9 11 0.088577665 
759 207 6 8 0.088490166 
655 246 7 9 0.08802656 
128 303 9 11 0.08790985 
721 213 7 9 0.08785426 
881 287 8 11 0.08765101 
727 181 6 9 0.08662225 
914 200 6 8 0.0865532 
64 278 9 12 0.08651811 
714 231 6 9 0.086304076 
706 191 7 8 0.086134344 
40 229 7 9 0.085034765 
154 168 7 9 0.084894836 
809 143 7 9 0.08413755 
657 280 8 11 0.08301837 
-1 261 7 13 0.08252353 
818 208 7 9 0.08199149 
792 173 7 9 0.08159787 
170 272 9 12 0.0814526 
370 537 14 17 0.08141479 
226 239 8 10 0.08111317 
912 295 7 9 0.08050092 
670 298 7 9 0.080323085 
210 256 8 10 0.08012271 
609 284 9 11 0.08007629 
335 231 8 10 0.07990661 
174 197 7 9 0.079819545 
953 191 7 9 0.07964251 
137 231 7 9 0.07901977 
743 199 8 9 0.07898728 
114 252 8 10 0.078855515 
927 296 9 12 0.07882299 
631 201 7 9 0.07854977 
760 167 6 8 0.07843791 
985 303 8 11 0.07798512 
309 318 11 14 0.07750193 
39 223 7 9 0.07734775 
871 192 7 9 0.077258416 
726 208 7 8 0.07713581 
322 130 7 8 0.07710877 
39 217 7 9 0.07688859 
894 254 7 9 0.07681703 
745 238 7 8 0.07669836 
919 177 7 9 0.07661779 
287 159 7 9 0.075901076 
856 366 8 11 0.075859584 
677 256 8 10 0.07557578 
960 256 8 11 0.0750026 
231 244 8 11 0.07469197 
962 201 7 9 0.07460349 
712 350 11 13 0.074378766 
698 214 7 10 0.07429828 
352 166 8 10 0.074088775 
21 276 11 14 0.07373862 
671 301 9 11 0.073708035 
14 278 11 13 0.07333266 
305 201 8 10 0.073179945 
248 149 7 9 0.0731633 
102 277 8 10 0.073035754 
687 277 7 9 0.072874725 
273 232 6 9 0.07247266 
361 215 8 11 0.07240636 
897 373 9 12 0.07226809 
336 270 9 11 0.07195972 
770 263 8 9 0.07186274 
178 176 7 9 0.07160176 
49 191 8 10 0.07133924 
729 279 7 10 0.07129335 
880 253 8 10 0.07110119 
780 292 10 12 0.07080268 
129 174 6 8 0.07070433 
601 261 8 10 0.070528455 
921 284 8 9 0.06998903 
194 193 6 8 0.069957025 
166 231 8 9 0.069901064 
713 248 7 9 0.0697853 
918 200 7 9 0.0694701 
1014 239 8 11 0.06946952 
871 598 11 14 0.06929359 
877 310 9 11 0.06927407 
769 255 8 11 0.06923784 
210 215 6 8 0.06882816 
857 247 7 9 0.06865511 
1010 205 7 10 0.06848379 
854 341 10 12 0.06784993 
654 229 7 9 0.0678323 
239 246 7 9 0.067646235 
823 209 7 8 0.06749609 
113 248 8 11 0.06716496 
1008 175 7 10 0.06695077 
802 365 13 15 0.06694694 
367 212 8 11 0.06661501 
941 247 8 10 0.066576935 
904 312 9 11 0.066548824 
588 294 9 12 0.066445924 
630 301 8 11 0.06638249 
923 263 7 9 0.06630036 
855 262 7 9 0.06627963 
317 270 8 10 0.0662362 
328 168 7 9 0.066198446 
907 274 7 9 0.06570103 
712 224 7 10 0.06567489 
733 324 11 15 0.065457344 
0 159 7 9 0.06543774 
914 182 7 9 0.06534873 
151 174 8 10 0.06513436 
168 160 7 9 0.065106094 
979 245 7 10 0.06504451 
585 273 9 11 0.06502957 
776 175 6 9 0.06489179 
927 184 6 8 0.064883895 
982 380 9 11 0.064769045 
226 232 7 9 0.06473416 
272 278 7 9 0.06470719 
694 246 7 9 0.06451658 
761 310 10 13 0.064458005 
642 255 7 9 0.06432404 
906 260 8 9 0.06415762 
985 216 7 8 0.0641115 
923 215 6 8 0.063944824 
879 277 8 10 0.06367743 
687 287 9 12 0.06350094 
861 368 10 12 0.0634693 
877 318 9 11 0.06328852 
697 207 8 10 0.06323826 
823 215 7 8 0.06320957 
145 237 7 10 0.062928505 
671 209 6 7 0.062920064 
303 310 10 12 0.0627416 
738 160 6 8 0.06263616 
913 238 7 9 0.062430102 
926 278 8 11 0.062161837 
305 272 8 10 0.061976872 
941 311 8 11 0.061956592 
878 324 9 12 0.06190428 
607 183 6 8 0.061893623 
893 270 7 10 0.061880894 
137 208 8 10 0.06172292 
239 271 8 11 0.061281387 
626 175 6 9 0.06116349 
262 287 9 11 0.060968876 
889 324 9 11 0.06088839 
967 199 6 9 0.060677554 
114 221 7 9 0.060465183 
742 254 7 9 0.060414825 
314 151 6 8 0.060374513 
787 347 13 16 0.060101032 
754 206 7 9 0.060040593 
992 309 9 11 0.059790704 
263 192 6 8 0.059736833 
740 338 12 14 0.059582703 
984 222 6 9 0.059573922 
686 273 8 9 0.059538238 
806 309 11 15 0.059396747 
279 286 8 10 0.05937857 
825 192 6 8 0.059339236 
864 160 6 8 0.05929691 
848 300 10 12 0.059200544 
24 271 9 12 0.059171166 
333 264 8 9 0.05911675 
687 240 7 9 0.058730382 
936 318 8 10 0.05867826 
785 181 6 9 0.058618452 
78 142 8 10 0.05858694 
573 208 7 8 0.058576047 
719 263 8 9 0.0584474 
249 166 7 8 0.058389675 
881 239 7 9 0.058351394 
1014 268 7 11 0.058324937 
239 256 7 10 0.058164816 
934 296 8 10 0.057990514 
754 183 7 8 0.05792954 
863 304 8 10 0.057843227 
679 261 8 10 0.05778928 
105 272 8 11 0.057743724 
718 360 15 18 0.057741985 
103 209 6 8 0.057698388 
884 175 7 9 0.0576541 
913 206 7 9 0.057345346 
248 272 8 10 0.05730904 
240 240 8 10 0.057215907 
713 199 7 9 0.057193402 
921 297 8 11 0.056919985 
250 541 16 19 0.0568847 
96 230 8 10 0.05688189 
655 301 9 10 0.056776796 
953 207 7 8 0.056611083 
288 208 8 9 0.056574073 
334 198 7 9 0.056550827 
184 237 6 9 0.05653614 
799 174 7 9 0.056418605 
761 246 8 10 0.05628298 
685 326 10 13 0.056190025 
982 240 7 9 0.05606975 
674 262 7 9 0.05602482 
802 201 7 9 0.055948406 
720 292 9 12 0.05594347 
681 273 7 9 0.055637248 
968 316 9 12 0.05534228 
200 201 7 8 0.05529857 
880 192 7 8 0.055254422 
368 253 7 10 0.055219803 
233 209 7 9 0.05517626 
752 256 8 10 0.05506252 
902 317 10 12 0.055038758 
102 213 7 9 0.054977685 
990 181 8 10 0.054767802 
805 137 7 9 0.05470235 
762 215 6 8 0.054476026 
880 208 7 9 0.054475013 
986 308 9 11 0.05446558 
814 278 8 10 0.054309413 
133 269 9 11 0.05425348 
666 190 7 9 0.054084793 
941 175 7 9 0.054059695 
314 279 8 10 0.05404089 
870 371 9 11 0.054008402 
678 342 12 17 0.053940088 
656 202 6 9 0.05389495 
671 189 6 9 0.05376225 
881 293 8 11 0.053544406 
169 255 8 10 0.05348831 
758 183 7 8 0.05347432 
952 243 8 10 0.053406835 
776 356 12 16 0.053264175 
848 145 7 8 0.05313504 
976 215 6 8 0.052869547 
737 201 7 8 0.052829348 
751 239 7 9 0.05275394 
641 264 8 10 0.052692477 
895 207 7 9 0.05267527 
986 252 8 11 0.052673604 
22 224 7 9 0.052586395 
123 207 6 8 0.052184608 
886 238 7 9 0.05209683 
216 224 7 9 0.05206043 
917 344 9 12 0.051852565 
199 191 7 8 0.05171789 
264 277 10 12 0.051708393 
622 238 7 9 0.051527116 
887 232 7 9 0.051248994 
847 151 7 8 0.051214065 
581 194 8 9 0.05120962 
337 277 8 11 0.050962634 
136 135 8 9 0.05089992 
928 324 9 10 0.050694507 
369 240 7 9 0.050672058 
703 214 6 9 0.05054084 
888 365 10 12 0.05023276 
783 277 8 10 0.050103065 
647 264 7 9 0.05004813 
873 160 7 9 0.04963626 
846 166 6 9 0.049629603 
808 216 7 8 0.049618434 
898 185 6 9 0.049566735 
302 277 8 10 0.049439985 
720 331 12 15 0.049419098 
904 222 7 9 0.049411774 
5 517 14 18 0.049394697 
831 276 8 10 0.049307562 
955 185 7 9 0.049100142 
761 300 9 12 0.049095377 
976 175 8 10 0.04891624 
177 216 6 8 0.04891206 
588 286 10 12 0.048901938 
578 193 7 9 0.0488081 
341 288 9 11 0.048736326 
273 208 7 9 0.048575778 
62 244 12 15 0.048537076 
306 168 7 9 0.04847772 
649 270 7 9 0.048421707 
129 169 6 9 0.048383273 
108 142 8 11 0.04832324 
879 231 7 9 0.04830375 
81 125 7 9 0.048215546 
607 221 7 9 0.048136137 
666 208 7 8 0.048060764 
352 151 7 9 0.047996324 
918 238 8 10 0.047872484 
26 135 7 10 0.047867145 
192 198 7 9 0.04779432 
232 151 6 8 0.04776738 
871 226 7 8 0.047747698 
160 277 8 11 0.047630347 
881 272 8 10 0.046965204 
121 200 6 9 0.046925973 
607 217 7 9 0.046923157 
336 293 9 11 0.04686438 
167 262 7 10 0.04683032 
680 165 7 9 0.046679936 
777 293 9 12 0.04664867 
767 152 7 8 0.04654983 
320 216 8 10 0.046543114 
999 315 8 11 0.046420153 
992 420 13 15 0.046414156 
941 317 8 10 0.046255957 
287 199 7 9 0.046242367 
737 318 10 13 0.046237376 
863 494 19 21 0.04605474 
910 312 9 11 0.046031177 
944 262 7 9 0.045976885 
224 191 6 8 0.045917843 
961 246 7 9 0.04587354 
866 325 9 12 0.045859806 
757 200 7 9 0.045850646 
928 173 7 9 0.04580088 
782 165 7 9 0.04576369 
853 278 9 10 0.045750756 
968 261 8 9 0.04573661 
421 480 23 26 0.04568616 
256 214 7 10 0.04559914 
759 254 8 10 0.045496613 
645 287 8 10 0.04538897 
183 174 7 10 0.045371514 
125 255 7 9 0.045265764 
1008 238 7 10 0.045170374 
343 229 8 11 0.045119308 
730 142 6 9 0.045105588 
752 230 7 9 0.04509078 
767 160 7 8 0.04505583 
619 270 7 9 0.045033023 
833 237 7 10 0.044922754 
960 205 7 9 0.044749416 
849 270 8 10 0.04472787 
73 216 7 9 0.04462731 
970 216 6 8 0.044471968 
833 167 7 9 0.044460677 
1007 343 10 12 0.04432354 
81 121 7 9 0.044298746 
655 270 7 9 0.044195607 
991 304 8 11 0.04406358 
298 148 8 9 0.044048958 
158 168 8 9 0.04395881 
786 210 7 9 0.043831352 
277 279 9 11 0.0437718 
825 223 7 8 0.043708287 
938 174 7 9 0.04367864 
312 266 7 9 0.043665696 
1002 333 7 10 0.043572072 
207 237 8 10 0.043502297 
889 214 8 10 0.043501634 
31 134 7 10 0.043458015 
951 199 7 9 0.04339078 
904 217 7 9 0.043384187 
577 223 8 9 0.043281704 
151 191 7 8 0.043257978 
662 280 8 10 0.043217223 
697 241 7 8 0.043216985 
927 310 8 10 0.043128386 
826 180 8 10 0.04311981 
762 160 6 9 0.043105986 
330 232 8 10 0.043041 
936 278 7 10 0.042987205 
98 278 9 11 0.04294682 
991 249 8 11 0.04286784 
744 175 5 8 0.042769298 
1013 205 8 12 0.0426843 
855 349 10 13 0.04264821 
850 229 8 9 0.04256617 
785 177 7 9 0.042551614 
247 207 7 8 0.042517077 
880 248 8 10 0.04250094 
352 158 8 10 0.04248511 
128 224 6 9 0.042482838 
253 303 9 12 0.04241491 
810 234 7 9 0.04235508 
815 247 8 9 0.042269792 
765 245 9 11 0.042267613 
170 198 7 9 0.04213058 
358 272 8 10 0.042089052 
222 285 8 11 0.04203637 
288 213 7 9 0.041961107 
76 277 8 12 0.041933265 
737 173 7 9 0.04192165 
958 184 7 10 0.041886218 
911 404 10 14 0.041743085 
1007 201 7 9 0.041741654 
307 215 8 10 0.041700695 
934 339 10 14 0.04163331 
713 215 6 9 0.04162063 
127 208 6 8 0.041565403 
952 257 8 10 0.041390505 
215 250 8 9 0.04136033 
878 302 9 12 0.041349832 
975 181 7 9 0.041171856 
362 278 9 11 0.041132156 
921 317 8 11 0.04108748 
567 254 7 10 0.040981557 
119 222 8 9 0.040811352 
663 285 8 10 0.040797945 
801 246 8 10 0.04060282 
181 152 8 9 0.04058978 
405 275 10 12 0.040569983 
134 264 8 10 0.040504523 
897 167 7 9 0.040346697 
983 265 8 10 0.04034596 
984 276 9 11 0.040308587 
919 207 7 9 0.040274348 
858 160 6 8 0.040243678 
280 175 7 9 0.04020578 
281 197 7 9 0.040136103 
684 344 11 14 0.040132027 
185 232 7 9 0.040099178 
207 208 7 8 0.040081155 
666 301 7 10 0.04000934 
161 208 7 8 0.039806563 
841 184 7 9 0.039737485 
310 166 7 9 0.03971942 
325 306 12 14 0.03966881 
696 311 9 11 0.039668255 
103 237 8 10 0.039588697 
849 241 7 8 0.03953536 
903 166 8 9 0.039534453 
120 238 7 9 0.039517958 
959 270 7 9 0.039483804 
782 342 12 15 0.039468117 
929 191 7 9 0.039408296 
569 201 7 9 0.03939083 
186 254 7 10 0.039334662 
616 239 8 9 0.039298322 
938 183 7 9 0.03920986 
192 232 6 8 0.0391626 
221 273 8 11 0.039146725 
765 232 8 9 0.03908949 
215 149 7 9 0.039055217 
746 268 8 11 0.03901878 
334 119 6 9 0.03889952 
55 206 6 8 0.038789216 
717 341 12 14 0.03876657 
160 223 7 9 0.03875805 
999 363 9 13 0.03875277 
944 255 7 9 0.038647342 
895 248 7 9 0.03859581 
853 332 10 13 0.038594544 
1000 328 7 10 0.038578678 
199 239 7 10 0.03854585 
865 269 7 10 0.038528267 
827 231 6 9 0.03847775 
770 200 7 9 0.038385905 
703 268 9 12 0.038364355 
337 288 8 11 0.03834692 
887 182 7 9 0.03832765 
331 190 7 10 0.038293533 
806 201 7 8 0.038278695 
54 134 8 10 0.038165595 
175 254 7 9 0.03814054 
866 292 9 11 0.038074315 
742 158 7 9 0.03805338 
225 201 6 8 0.038034827 
249 161 7 9 0.037952237 
690 246 7 9 0.037911274 
910 373 9 10 0.03783875 
616 264 7 9 0.037826736 
352 302 10 12 0.03780581 
706 300 9 12 0.037757505 
773 256 8 10 0.03773583 
742 310 9 12 0.037699174 
234 256 7 9 0.03769319 
359 136 6 9 0.037667584 
702 345 12 15 0.03764455 
578 197 7 10 0.037575163 
93 252 9 11 0.03757477 
812 324 11 14 0.03754913 
945 153 6 8 0.03743825 
224 166 7 9 0.03741509 
790 208 8 9 0.037335888 
720 316 10 13 0.037331283 
202 206 7 8 0.037133746 
272 238 7 9 0.037117917 
112 238 7 9 0.03706803 
816 223 7 9 0.036906734 
331 184 7 10 0.0368186 
261 259 9 11 0.036743447 
328 173 8 9 0.0367421 
864 392 10 13 0.036697187 
218 166 6 8 0.036693595 
673 272 7 9 0.036608756 
286 293 8 10 0.036535207 
936 191 6 8 0.036530837 
904 286 7 10 0.036266938 
929 152 6 7 0.036223836 
22 256 8 11 0.03622363 
847 366 9 12 0.036216702 
617 214 6 9 0.036179896 
102 137 9 12 0.036069583 
1001 233 7 9 0.035924748 
853 319 9 11 0.035903852 
623 294 9 11 0.035890296 
329 269 9 11 0.035853926 
897 287 8 10 0.035655923 
926 286 7 9 0.03562179 
687 200 6 8 0.035577986 
137 255 8 10 0.035497382 
353 270 7 10 0.035463378 
627 200 6 8 0.035427094 
843 161 7 9 0.03538833 
705 185 7 8 0.035382874 
863 248 7 9 0.035365343 
719 249 8 10 0.03534167 
664 174 7 9 0.035323653 
841 174 7 9 0.03529989 
318 232 8 9 0.03525385 
658 168 7 8 0.035226755 
928 352 9 11 0.035192724 
821 371 10 14 0.035135247 
600 221 7 10 0.035133082 
774 199 7 10 0.035121683 
849 308 10 12 0.035064895 
872 272 8 10 0.035038136 
912 166 7 9 0.03502294 
48 167 7 9 0.03499485 
323 315 11 14 0.03498974 
897 223 7 9 0.034964297 
312 233 8 10 0.034941424 
318 151 7 9 0.034882173 
719 199 7 8 0.034843758 
304 303 9 12 0.03478979 
874 143 6 8 0.034764983 
288 287 8 11 0.034643687 
263 271 9 12 0.034635674 
845 255 8 11 0.03449294 
146 191 6 9 0.034477778 
178 181 7 10 0.03444146 
335 256 8 10 0.034435347 
921 311 8 10 0.034396503 
912 154 7 8 0.034352724 
687 166 7 8 0.03433877 
989 271 8 10 0.034323536 
657 255 7 8 0.03428862 
225 206 5 8 0.03426124 
88 120 8 9 0.034259077 
847 246 7 9 0.03423525 
169 248 7 9 0.03422958 
55 128 7 9 0.034209803 
887 249 8 10 0.034198012 
814 233 7 10 0.03419457 
792 231 7 8 0.034191955 
832 223 7 9 0.034149427 
306 521 18 20 0.0341494 
960 173 7 9 0.033988014 
593 184 6 8 0.033942826 
2 587 13 17 0.033925056 
592 223 7 9 0.033902463 
300 145 8 10 0.03387642 
834 261 8 11 0.033846855 
703 208 7 9 0.033814672 
929 342 8 10 0.03377397 
680 287 8 11 0.03373105 
127 118 7 8 0.03370803 
626 207 7 10 0.033648346 
167 238 7 9 0.03364436 
201 167 6 9 0.03358808 
199 272 9 11 0.033576846 
193 248 7 9 0.033531804 
944 361 8 10 0.03350888 
743 279 8 10 0.03349671 
207 190 7 9 0.033408042 
33 180 7 10 0.03340617 
808 207 6 9 0.033405 
584 298 11 14 0.033360228 
706 338 12 14 0.033349458 
345 332 10 13 0.033303063 
914 177 7 9 0.033209324 
679 233 7 8 0.03319098 
174 284 10 12 0.033188466 
589 271 8 10 0.033133864 
523 314 18 22 0.03302157 
71 252 10 13 0.0330129 
72 229 9 11 0.03300136 
254 224 8 11 0.03298981 
185 223 7 9 0.032945473 
784 331 11 14 0.03293455 
159 174 8 9 0.032900453 
200 151 6 8 0.03289994 
234 262 8 10 0.032877002 
839 279 7 9 0.032794476 
662 312 9 11 0.03278679 
857 208 7 8 0.03276039 
310 303 9 11 0.032730546 
768 325 10 13 0.03265616 
230 231 8 10 0.032645278 
792 225 6 8 0.032629635 
734 246 7 9 0.032465708 
34 255 9 11 0.0324597 
937 286 8 9 0.032410976 
864 216 6 8 0.03235182 
777 185 6 8 0.032261174 
558 209 7 8 0.032237913 
817 215 8 8 0.03221296 
150 183 7 9 0.032204147 
769 207 7 9 0.032146234 
280 192 7 10 0.0321436 
8 143 6 9 0.03214103 
312 160 7 9 0.03213708 
867 231 8 10 0.03213362 
839 293 9 11 0.03202761 
976 305 8 10 0.031987708 
659 103 7 9 0.03197545 
754 247 7 9 0.03195989 
74 198 7 9 0.03190282 
311 183 7 9 0.03186361 
217 191 6 8 0.03183124 
758 316 10 13 0.03177521 
50 206 7 9 0.031750638 
326 134 7 9 0.031688925 
113 166 8 9 0.03168524 
354 135 7 9 0.03161716 
143 207 6 8 0.031560697 
623 214 7 9 0.03153415 
896 279 7 9 0.031493764 
583 222 7 9 0.031469304 
314 284 8 11 0.031434804 
902 186 7 9 0.0314265 
879 160 6 8 0.03138578 
162 231 7 10 0.031376906 
104 224 7 9 0.031330176 
240 209 7 9 0.0312593 
888 276 8 10 0.031254247 
129 214 6 9 0.031243099 
286 152 7 8 0.031209774 
936 153 6 7 0.031200787 
321 168 7 9 0.031163622 
775 207 7 9 0.031090725 
985 209 6 8 0.03108001 
594 254 7 9 0.030967325 
1015 244 8 11 0.030928638 
126 248 8 10 0.030880252 
282 158 7 9 0.030841429 
95 127 7 8 0.03080408 
706 224 6 8 0.030786557 
210 224 7 8 0.030740451 
801 205 7 10 0.030644467 
752 192 7 9 0.030596072 
18 256 8 11 0.030544568 
943 287 8 10 0.030500706 
984 199 8 9 0.030450806 
656 174 7 9 0.0304288 
967 224 7 9 0.03042571 
1007 180 8 11 0.030327618 
833 161 6 8 0.03026445 
784 225 7 9 0.030202767 
816 292 9 11 0.03013242 
77 253 9 11 0.030131895 
864 178 7 9 0.030111069 
795 469 16 19 0.030090377 
743 249 7 10 0.030005923 
666 120 7 9 0.029979507 
360 154 8 9 0.029890534 
924 379 9 12 0.029849533 
978 223 7 9 0.029805176 
567 237 9 10 0.029723512 
678 332 11 13 0.029678844 
143 201 7 8 0.02967195 
98 142 9 11 0.029656138 
862 208 7 9 0.029651769 
713 208 6 8 0.029635357 
673 166 7 9 0.029598547 
657 312 9 11 0.02959177 
969 182 7 9 0.029586567 
96 223 8 9 0.029574344 
914 233 6 8 0.029517522 
905 143 7 8 0.029509183 
305 223 8 10 0.029504957 
887 223 7 9 0.029442606 
873 215 7 8 0.029375168 
136 246 7 9 0.02934872 
744 192 8 10 0.029323833 
1015 306 9 13 0.029292984 
623 288 8 11 0.02929045 
31 142 7 9 0.029283602 
656 265 7 9 0.029280633 
273 224 7 8 0.029255437 
650 230 7 9 0.029216666 
873 235 7 10 0.029212946 
665 240 7 9 0.029174538 
210 145 6 8 0.029172745 
602 207 6 8 0.029109 
976 262 7 9 0.029106302 
671 186 7 8 0.029058153 
946 199 7 9 0.029043037 
621 306 11 13 0.029005237 
671 240 7 9 0.029002577 
674 161 7 9 0.028965192 
912 247 8 9 0.028959509 
806 245 9 10 0.0289578 
903 238 8 9 0.02889613 
217 200 6 9 0.028864196 
934 360 8 10 0.028788546 
308 309 11 12 0.028777424 
855 241 7 9 0.028748034 
118 118 7 9 0.028732797 
777 230 8 10 0.028711004 
294 208 7 9 0.028684206 
793 184 7 9 0.028649604 
655 225 7 9 0.028641438 
34 240 8 12 0.028551122 
850 277 8 10 0.028541375 
682 200 7 9 0.028487304 
736 214 7 9 0.028486567 
334 165 7 10 0.02848522 
705 166 6 8 0.028470598 
326 215 7 9 0.028468352 
349 307 11 13 0.028423548 
306 185 6 8 0.028343279 
582 231 8 10 0.028332071 
856 356 11 14 0.028324153 
720 278 8 10 0.028308157 
289 247 7 9 0.028274292 
959 190 7 9 0.028231528 
991 214 6 8 0.028142553 
48 144 7 9 0.028109068 
247 263 7 10 0.028062234 
759 176 7 9 0.02802438 
928 335 9 11 0.028023986 
359 164 8 11 0.027999181 
217 207 6 8 0.027969886 
274 254 8 11 0.02792718 
113 160 8 10 0.027911248 
958 311 8 11 0.02789963 
172 371 11 15 0.027897935 
864 318 9 12 0.02780543 
859 182 6 9 0.027733624 
828 333 10 12 0.027732566 
864 152 6 8 0.027723433 
225 245 8 11 0.027684662 
829 179 8 11 0.0274876 
372 174 9 11 0.02747858 
992 325 9 11 0.027457036 
279 209 8 9 0.027426468 
783 229 8 10 0.027398095 
793 190 7 9 0.027281528 
303 189 7 10 0.027268684 
758 263 8 10 0.027255567 
630 173 7 10 0.02723132 
120 232 7 9 0.027225694 
957 232 8 10 0.027217532 
178 238 7 9 0.027213547 
844 372 10 13 0.027209997 
225 184 7 9 0.027207932 
25 142 7 9 0.027169133 
920 168 7 8 0.027163416 
35 217 7 9 0.02715687 
171 193 6 9 0.027143093 
645 292 8 11 0.026993817 
146 183 7 8 0.026904175 
107 175 8 10 0.026868973 
897 239 7 9 0.026867408 
809 185 7 10 0.026800068 
718 193 7 9 0.02675598 
800 294 9 11 0.026740687 
38 181 7 9 0.026735995 
780 311 9 12 0.02670367 
750 341 11 13 0.026701758 
895 216 7 8 0.026685357 
912 223 6 8 0.026635805 
898 160 6 9 0.026634144 
250 350 16 19 0.026620734 
729 286 8 10 0.026557712 
672 120 7 9 0.026508536 
689 207 6 8 0.026492698 
144 232 7 10 0.026468491 
873 250 7 9 0.026437912 
210 150 6 8 0.026418494 
600 168 7 8 0.026400665 
710 261 8 11 0.026373977 
967 332 9 12 0.02633392 
183 264 8 9 0.026321603 
282 153 6 8 0.026316542 
591 208 7 9 0.0262728 
881 183 7 9 0.026261067 
274 178 7 8 0.026240079 
927 226 6 9 0.026217308 
184 216 7 8 0.026206119 
927 257 8 10 0.026204793 
839 272 8 9 0.026197566 
312 176 7 9 0.026188042 
842 248 7 9 0.026160466 
721 310 9 12 0.026158314 
776 239 7 9 0.026145423 
824 151 7 9 0.02612254 
269 294 9 10 0.026121814 
864 166 7 9 0.026087662 
622 325 13 17 0.026081758 
711 185 7 10 0.026079101 
7 159 7 10 0.026078543 
817 200 7 9 0.02607186 
19 223 7 9 0.025991233 
841 191 7 9 0.025954016 
866 127 7 9 0.025944166 
193 184 7 9 0.025873914 
863 310 8 10 0.025872124 
136 160 7 8 0.02584697 
161 185 7 8 0.025844436 
617 232 7 9 0.025786202 
144 127 7 9 0.025744304 
662 169 7 8 0.025714478 
841 198 7 10 0.025712477 
798 370 15 17 0.02566302 
179 270 10 12 0.025639752 
831 208 7 8 0.025595175 
23 229 7 10 0.025590848 
648 191 6 8 0.025585687 
663 200 7 9 0.025565758 
705 232 6 8 0.025539795 
74 142 8 10 0.02549463 
238 302 10 12 0.025405327 
854 271 8 10 0.025404299 
856 255 7 9 0.025386093 
278 233 7 9 0.025378974 
517 238 9 12 0.025365304 
174 295 9 12 0.025341855 
200 247 6 9 0.025241239 
865 254 7 10 0.025240509 
587 277 10 13 0.025237104 
874 208 6 9 0.025191333 
798 324 10 14 0.025176922 
922 143 6 8 0.025175951 
745 232 8 10 0.025148382 
904 160 7 9 0.025094092 
231 183 7 9 0.025065638 
279 237 7 9 0.025062125 
726 303 9 13 0.02504405 
976 231 8 9 0.025033724 
1005 334 9 11 0.025025684 
666 185 7 9 0.025004284 
664 255 7 9 0.024995392 
854 287 8 10 0.02496644 
999 268 8 10 0.02490513 
902 377 11 13 0.024873674 
880 199 7 8 0.024857927 
216 285 10 12 0.024839101 
120 588 13 17 0.024838857 
899 295 10 12 0.024813259 
329 160 7 9 0.02479205 
880 361 9 11 0.02478084 
271 272 8 11 0.02476549 
929 199 6 8 0.024716258 
751 298 10 13 0.024715522 
802 142 7 9 0.024688663 
640 200 6 9 0.024684094 
866 277 8 11 0.024660187 
919 247 7 9 0.024596406 
698 257 7 9 0.024517486 
944 271 7 9 0.024513211 
866 223 7 9 0.024488583 
791 200 7 9 0.02447108 
384 177 7 9 0.024459906 
862 397 12 15 0.024426054 
208 184 7 9 0.024425816 
170 421 17 19 0.024420027 
120 217 7 9 0.024396982 
602 182 6 9 0.024374392 
975 329 12 15 0.024338948 
726 214 7 9 0.024318622 
240 284 9 12 0.024298001 
959 159 8 9 0.024289932 
999 248 7 10 0.024239471 
550 175 7 9 0.024201363 
1 245 8 11 0.024188831 
696 224 6 8 0.024156963 
727 292 9 12 0.024154536 
689 232 7 8 0.024133807 
777 288 9 11 0.024110017 
97 300 10 12 0.024093287 
843 359 11 13 0.024074761 
953 278 8 10 0.024065113 
728 178 6 9 0.024053529 
809 223 7 8 0.02404098 
143 255 8 10 0.024024405 
979 288 8 11 0.024004035 
966 248 7 9 0.023967488 
667 247 7 8 0.023961501 
200 184 7 9 0.02395626 
96 239 9 11 0.023949625 
762 240 8 10 0.023901531 
201 255 7 9 0.023893232 
806 301 9 12 0.023878034 
886 287 7 10 0.023859182 
882 263 8 10 0.02385898 
987 182 7 10 0.023824168 
24 247 7 10 0.023822729 
132 332 11 13 0.023816258 
186 198 6 9 0.023788033 
969 326 9 11 0.023781724 
559 245 9 11 0.023741161 
57 119 6 9 0.023739096 
685 263 8 10 0.023735713 
279 214 7 9 0.023726113 
880 225 7 8 0.023720825 
25 183 7 9 0.02370677 
79 136 8 11 0.02370326 
704 239 6 9 0.023689087 
607 208 7 8 0.023675732 
771 191 6 9 0.023619134 
688 160 7 9 0.023610178 
559 254 8 10 0.023609295 
45 246 9 11 0.023583345 
791 319 10 13 0.023566607 
41 143 7 9 0.023560869 
993 319 8 10 0.023536285 
943 182 6 9 0.023526315 
935 169 7 9 0.023517199 
317 238 7 9 0.023503378 
561 267 9 12 0.023477092 
710 323 10 12 0.023440506 
743 154 7 8 0.023439014 
354 143 7 9 0.023431132 
697 315 10 12 0.023424074 
968 229 7 9 0.023402184 
153 223 7 8 0.023372697 
192 224 7 8 0.023367682 
328 295 10 12 0.023357514 
589 239 7 9 0.023352392 
919 364 9 12 0.02333285 
593 192 7 8 0.023303023 
305 174 7 8 0.02330235 
635 352 15 19 0.02329263 
367 152 7 9 0.023288105 
718 300 10 12 0.023245579 
866 198 6 9 0.023231514 
824 199 7 9 0.023129899 
719 239 7 8 0.023096392 
297 184 7 8 0.02309307 
890 294 8 11 0.023024507 
847 199 7 9 0.022930866 
295 213 7 9 0.022925904 
718 173 8 10 0.022925872 
199 302 11 13 0.022922924 
650 239 7 10 0.022921193 
161 238 7 9 0.022913003 
952 214 7 9 0.022909902 
327 223 8 9 0.02288407 
992 231 7 9 0.022871323 
889 144 7 9 0.022867098 
631 248 7 9 0.022836292 
729 224 7 10 0.022832926 
160 249 7 9 0.022795709 
944 293 7 9 0.022773711 
272 262 8 9 0.022710592 
92 342 13 16 0.02270724 
905 152 7 8 0.022604767 
697 183 6 9 0.022511719 
839 287 8 10 0.022508683 
767 215 7 9 0.022505268 
102 284 8 11 0.022470493 
649 184 7 8 0.02246938 
111 232 7 10 0.022459827 
257 208 7 9 0.022453243 
49 134 7 10 0.022450242 
566 249 8 9 0.022445815 
833 318 9 11 0.022397945 
645 302 9 12 0.022392275 
585 209 7 9 0.022384645 
167 165 7 9 0.022358818 
1008 233 7 10 0.02235179 
119 192 7 9 0.022344995 
71 273 9 10 0.022343902 
990 597 16 18 0.022320092 
297 175 6 9 0.022299167 
190 143 7 9 0.022299072 
191 175 7 9 0.022292567 
360 230 8 9 0.022267263 
175 249 8 9 0.02226324 
112 191 7 9 0.0222547 
303 248 8 10 0.022214001 
822 160 7 10 0.022187352 
681 207 6 9 0.022167148 
833 324 9 12 0.022125974 
366 231 8 9 0.022047507 
944 157 6 9 0.021948433 
13 184 8 10 0.02193628 
274 189 8 10 0.021929346 
734 225 8 10 0.021904625 
35 221 7 10 0.021892551 
933 264 9 12 0.021864103 
131 190 7 9 0.021852307 
570 215 7 9 0.021840096 
814 271 8 10 0.021805946 
558 214 7 8 0.021802777 
984 231 7 9 0.021791745 
913 193 7 8 0.021785824 
230 360 13 17 0.021774787 
878 406 10 13 0.021774385 
127 334 11 13 0.02176952 
694 349 11 15 0.021750545 
723 182 7 9 0.021730801 
774 300 8 11 0.021713387 
801 216 7 9 0.021706423 
922 136 6 9 0.02168566 
183 182 7 9 0.02166579 
870 330 10 13 0.021632945 
215 215 7 10 0.021591375 
993 426 14 17 0.021579435 
215 230 7 9 0.021575445 
50 198 8 9 0.021559445 
88 126 7 9 0.02147992 
216 162 7 8 0.021439312 
271 287 8 9 0.021418111 
838 310 9 12 0.02141625 
720 224 7 10 0.021404482 
825 239 7 9 0.021377804 
798 169 7 9 0.021361217 
160 215 6 9 0.021354098 
912 356 9 11 0.021321662 
631 286 8 10 0.02131824 
953 271 8 10 0.021295251 
154 216 6 8 0.021265209 
111 453 25 28 0.021250475 
905 175 6 9 0.021245666 
961 216 6 8 0.021213891 
273 214 8 9 0.021211773 
1009 214 8 11 0.021208901 
650 201 7 9 0.021174185 
215 260 8 11 0.021148888 
175 117 8 10 0.021146098 
769 184 7 9 0.0211447 
705 246 7 9 0.021123352 
223 224 7 10 0.021106742 
327 248 7 9 0.021046393 
1008 264 8 10 0.021038603 
246 240 7 9 0.020991107 
246 247 8 9 0.020972619 
785 145 5 8 0.020944187 
858 177 6 9 0.020919446 
234 272 8 10 0.02090964 
697 201 6 8 0.020888586 
823 255 7 9 0.02087487 
625 223 6 9 0.020808872 
287 175 7 9 0.02079303 
91 434 14 18 0.02077443 
894 365 9 12 0.020768126 
248 184 7 8 0.020718133 
833 215 7 9 0.020709889 
639 236 8 10 0.020688154 
872 303 8 11 0.020679278 
814 256 8 10 0.02065027 
266 234 6 9 0.020638825 
953 310 8 10 0.02060449 
649 215 6 8 0.020603858 
650 247 7 10 0.020580836 
1 547 7 12 0.020562034 
751 309 10 12 0.020559594 
574 269 10 13 0.020558462 
696 231 6 9 0.020554207 
231 167 7 8 0.020546472 
298 236 8 10 0.02052591 
153 208 6 8 0.020522706 
674 231 7 9 0.020520627 
322 301 9 13 0.020520052 
983 167 6 8 0.02048114 
921 256 7 9 0.020476641 
976 209 6 8 0.020462407 
773 361 12 15 0.02044521 
298 135 7 9 0.020393714 
374 270 8 10 0.020388585 
789 241 8 10 0.020355156 
734 142 7 9 0.020353345 
225 145 8 9 0.020326145 
784 272 9 10 0.020294026 
1015 200 7 11 0.020276295 
200 175 7 9 0.020276172 
-1 267 8 13 0.020270972 
246 287 8 11 0.020266242 
693 285 9 12 0.020255476 
992 238 8 10 0.020208782 
969 207 7 9 0.02020652 
714 172 8 10 0.0202044 
0 213 7 10 0.020155696 
912 301 8 10 0.020155525 
904 247 7 9 0.020148022 
553 254 9 12 0.02011196 
99 209 7 9 0.02009025 
720 271 7 9 0.02008771 
705 282 10 13 0.020069605 
63 301 9 10 0.020060845 
602 216 7 10 0.020035878 
286 193 7 9 0.020013254 
