0_Parade_Parade_0_519
27
863 253 96 111 0.99903095 
416 253 117 135 0.9988845 
174 269 70 83 0.9927608 
88 249 31 39 0.9921394 
118 262 46 63 0.988162 
667 304 44 59 0.9818185 
752 262 32 38 0.96188855 
596 266 25 38 0.77681303 
707 266 22 33 0.5882614 
106 252 44 56 0.44687948 
797 234 12 14 0.11298217 
736 308 37 53 0.0949439 
993 253 24 30 0.09333924 
291 275 25 36 0.05397568 
977 255 26 34 0.049999703 
715 269 25 33 0.046777092 
975 248 41 57 0.03977653 
654 258 15 18 0.03302346 
625 240 9 12 0.027959941 
808 283 26 32 0.025915071 
796 292 31 40 0.025679665 
137 252 73 101 0.024496907 
781 216 14 15 0.02422722 
700 256 24 34 0.02203098 
814 281 17 21 0.021749487 
800 313 29 39 0.021186529 
989 257 18 23 0.02067663 
