0_Parade_Parade_0_502
45
857 362 24 33 0.99142224 
710 365 29 39 0.989407 
1 334 28 36 0.9878522 
465 403 33 41 0.9812418 
90 492 23 31 0.9456218 
280 382 26 31 0.93032175 
530 363 18 23 0.92808485 
432 388 22 26 0.8954367 
567 367 18 22 0.86582464 
409 361 20 26 0.7288507 
939 382 20 31 0.6355469 
154 356 27 37 0.6257236 
347 393 11 15 0.58292466 
950 346 15 19 0.35732505 
824 358 18 23 0.21038964 
361 382 10 13 0.16171592 
160 335 26 50 0.14981784 
819 370 15 19 0.1058513 
570 423 11 14 0.07843065 
816 373 11 19 0.07825926 
141 362 32 37 0.06145074 
595 364 13 15 0.056097407 
171 349 42 48 0.055566743 
827 369 15 20 0.048826855 
401 364 15 19 0.048629228 
1006 390 15 21 0.045970935 
393 401 19 24 0.04502835 
846 364 19 27 0.044422008 
945 392 18 30 0.041919943 
326 405 11 14 0.040745467 
980 377 16 24 0.040094793 
252 4 10 11 0.037297077 
837 366 18 25 0.03724955 
997 389 14 18 0.03717579 
936 389 14 23 0.035366926 
327 425 22 26 0.033874277 
243 342 16 24 0.031535435 
362 387 11 16 0.02858999 
142 339 31 44 0.028225694 
562 369 12 17 0.027012896 
985 381 19 26 0.025720032 
360 377 10 12 0.025435137 
376 390 11 15 0.024792533 
310 380 12 17 0.023968458 
124 437 16 23 0.022773214 
