0_Parade_Parade_0_465
34
406 112 99 133 0.999754 
511 116 102 131 0.9997105 
104 84 22 39 0.9725523 
1003 122 17 21 0.96689725 
903 101 13 15 0.80256695 
948 122 14 17 0.7480213 
907 125 12 17 0.54586357 
862 112 15 21 0.26550004 
892 100 14 16 0.20950094 
888 100 12 14 0.16090426 
918 123 13 17 0.14615318 
443 380 25 26 0.075176336 
852 104 16 22 0.07434155 
823 99 16 20 0.07283295 
934 132 11 15 0.06957189 
847 105 12 17 0.062267736 
845 75 11 14 0.056784447 
876 76 11 15 0.054877654 
0 76 22 36 0.05430154 
1002 143 20 30 0.033086695 
155 109 14 20 0.032846257 
940 127 14 18 0.030959697 
929 102 9 12 0.029458512 
988 112 16 19 0.02822161 
826 89 21 27 0.026557691 
945 92 15 16 0.026146233 
867 109 14 21 0.025674094 
835 100 14 19 0.023779685 
902 116 15 20 0.0228438 
946 99 15 18 0.022836715 
916 133 16 20 0.02199494 
847 141 15 19 0.021360174 
946 107 16 19 0.021321056 
923 129 15 19 0.020210905 
