0_Parade_marchingband_1_147
57
305 133 53 58 0.99871826 
504 87 77 83 0.99553263 
217 159 44 49 0.994865 
403 172 68 76 0.9716161 
88 151 32 39 0.97092485 
615 150 33 41 0.9641346 
164 121 39 42 0.94479704 
872 160 39 47 0.91721547 
317 36 17 20 0.4444174 
752 99 17 20 0.4250674 
200 4 13 17 0.29003662 
778 82 17 20 0.2827634 
295 2 16 17 0.2243049 
245 0 15 17 0.2223488 
387 42 19 25 0.16668718 
421 59 25 36 0.15672809 
897 77 15 18 0.1447371 
715 106 17 20 0.14264588 
354 61 15 17 0.13163236 
251 59 16 18 0.12840742 
424 50 46 56 0.12147585 
712 10 12 16 0.116688 
414 2 18 19 0.10515296 
409 51 24 32 0.097147174 
281 105 19 24 0.09565142 
237 117 35 37 0.09107356 
17 168 27 31 0.07960232 
204 55 18 20 0.06468109 
699 139 13 15 0.0635756 
392 41 27 31 0.053045664 
216 0 13 11 0.052300606 
832 116 16 18 0.0520912 
811 106 14 18 0.047196902 
34 57 17 19 0.04696047 
321 28 17 21 0.043221857 
637 160 33 37 0.04232221 
824 78 12 15 0.041960344 
228 133 43 51 0.037989322 
403 49 20 25 0.033477742 
0 43 9 15 0.031960655 
967 304 48 59 0.031171594 
42 169 23 28 0.030470919 
607 38 21 28 0.029830763 
19 145 28 31 0.029748803 
853 80 14 17 0.029277194 
30 78 16 20 0.0288927 
399 48 42 50 0.028564066 
258 63 14 18 0.026988469 
42 298 25 32 0.026772907 
720 134 17 19 0.025684765 
437 60 58 65 0.02451703 
677 18 14 16 0.023444267 
766 126 14 21 0.022918524 
650 73 16 20 0.02256378 
776 68 26 32 0.0222677 
776 136 19 21 0.021136573 
844 99 13 16 0.02054158 
