0_Parade_Parade_0_639
82
714 80 26 31 0.99496573 
592 101 27 31 0.99356174 
637 572 45 71 0.9898385 
340 207 32 41 0.989326 
515 161 26 32 0.9862018 
951 419 15 21 0.92417884 
436 273 29 31 0.75988007 
882 428 15 16 0.7427064 
970 534 43 95 0.69964945 
923 434 11 14 0.57718265 
275 199 31 40 0.5353515 
823 435 13 15 0.47453716 
544 198 20 30 0.41505727 
967 405 11 13 0.3421584 
806 444 12 15 0.33458972 
939 409 11 14 0.3090843 
286 222 27 35 0.2659939 
985 407 10 14 0.2400101 
817 57 25 29 0.2314526 
905 412 9 12 0.21257725 
830 444 12 15 0.1976554 
963 479 41 62 0.19501486 
756 411 11 14 0.18491536 
893 547 41 80 0.14646381 
259 247 35 36 0.13258378 
925 414 8 10 0.11604873 
1001 405 7 9 0.10738618 
455 497 14 19 0.10493718 
691 -3 20 18 0.099877454 
982 420 11 13 0.093704924 
1009 421 10 13 0.0931773 
751 449 8 11 0.08883908 
865 460 13 17 0.082192376 
933 436 10 13 0.08162928 
827 466 13 17 0.08083038 
1012 414 10 14 0.07522184 
1000 423 9 12 0.07100005 
838 424 9 12 0.069576144 
935 430 9 13 0.068331264 
970 496 41 83 0.06272983 
828 430 12 14 0.054456078 
425 289 16 19 0.05367482 
1007 406 8 10 0.051677473 
783 425 8 11 0.051138386 
935 446 10 15 0.048036046 
911 436 10 13 0.047280267 
397 165 14 18 0.04697376 
713 22 12 13 0.04694853 
836 446 11 15 0.04650723 
542 246 30 38 0.045886435 
838 470 12 15 0.037528004 
1014 407 8 11 0.0361936 
989 423 10 13 0.03482229 
646 1 16 15 0.033705167 
816 437 11 14 0.03306542 
1009 308 9 12 0.03176764 
748 331 12 13 0.031199463 
732 32 13 16 0.030434836 
833 423 9 12 0.028446333 
909 410 9 11 0.02841695 
229 230 23 36 0.028260572 
532 203 27 34 0.027621163 
423 155 25 29 0.027280664 
499 281 32 37 0.02721442 
572 248 14 17 0.027207952 
805 430 10 12 0.026841572 
575 142 24 32 0.026297703 
890 429 12 15 0.025926078 
816 420 10 13 0.02542886 
284 167 12 14 0.025288034 
976 418 11 16 0.025271231 
1005 400 8 10 0.024126364 
921 384 9 12 0.02387379 
808 52 43 48 0.023382055 
422 287 27 29 0.023332052 
434 159 16 21 0.023105059 
943 427 11 15 0.023049891 
781 43 27 35 0.023027487 
903 437 11 13 0.022518028 
939 450 13 16 0.022163942 
993 463 30 44 0.022087146 
921 409 8 11 0.020122727 
