0_Parade_marchingband_1_488
85
444 269 22 28 0.98373324 
611 322 14 21 0.96458876 
272 334 11 15 0.9605893 
323 314 13 18 0.9573147 
41 267 19 26 0.95458734 
686 331 10 14 0.64783376 
895 393 8 11 0.508642 
728 363 9 11 0.4870396 
808 383 8 11 0.38665548 
645 349 9 12 0.33191845 
760 368 9 11 0.28789353 
765 370 10 12 0.26380232 
373 344 9 12 0.24536791 
910 385 7 10 0.19626419 
785 397 10 12 0.17773852 
382 276 18 20 0.16368261 
937 377 8 10 0.16072337 
699 382 11 15 0.1538658 
512 353 9 12 0.119529404 
759 388 11 13 0.10780505 
80 268 20 23 0.09779421 
855 368 9 12 0.08152015 
759 379 13 17 0.08091601 
974 391 7 9 0.078321755 
950 408 8 10 0.074539065 
871 378 12 15 0.073255286 
60 167 402 499 0.071552634 
906 384 8 10 0.067168355 
942 375 8 11 0.06399782 
971 392 7 10 0.06290165 
497 342 11 14 0.06166237 
855 207 9 10 0.060587995 
83 116 13 17 0.05874483 
598 330 11 15 0.054385513 
986 405 7 9 0.051551122 
864 400 8 11 0.049253903 
483 292 16 18 0.045066684 
501 309 9 12 0.044097234 
684 366 10 12 0.04317489 
904 389 8 12 0.039759964 
862 212 9 12 0.03875278 
788 392 11 14 0.038710922 
754 367 8 12 0.03847402 
839 431 7 9 0.036374174 
943 399 9 11 0.03598658 
501 348 10 12 0.034962375 
214 126 9 11 0.03397292 
768 468 11 14 0.032632455 
812 382 9 11 0.03225671 
684 373 10 12 0.030231588 
693 327 10 14 0.029746093 
660 389 8 11 0.029706258 
973 397 7 10 0.029354488 
945 406 8 11 0.0287398 
59 122 11 14 0.028629242 
672 334 10 14 0.027933469 
813 405 8 11 0.02728702 
802 382 9 12 0.026874911 
682 328 10 13 0.025439456 
741 388 9 12 0.025370885 
824 393 8 10 0.025260463 
593 327 10 13 0.024886193 
400 326 11 17 0.02471388 
516 356 9 12 0.02459817 
862 372 9 12 0.02457846 
772 373 9 12 0.024238324 
93 375 11 14 0.02416445 
828 407 9 11 0.023161016 
250 257 17 19 0.022791566 
923 421 11 14 0.0223034 
233 132 8 11 0.022062117 
849 367 9 11 0.022010788 
869 406 8 11 0.021845138 
607 338 12 16 0.021757621 
940 379 9 12 0.021203533 
808 405 10 12 0.021125447 
686 380 8 12 0.02109869 
697 376 9 11 0.02108808 
688 320 8 11 0.020700993 
290 284 10 12 0.020512806 
751 342 10 13 0.020386897 
680 349 10 12 0.020369794 
982 436 8 10 0.020164303 
825 412 9 12 0.02010155 
336 174 8 11 0.020050902 
