0_Parade_marchingband_1_382
31
802 124 37 40 0.99819034 
146 170 36 44 0.99706143 
338 100 33 40 0.9954477 
449 40 28 34 0.988531 
203 68 24 36 0.9795329 
955 67 18 29 0.9114447 
932 73 19 26 0.8983085 
977 89 23 34 0.8706975 
910 27 15 24 0.8412473 
997 22 14 19 0.605777 
901 63 20 30 0.44247696 
988 4 13 15 0.4259735 
931 -1 14 15 0.29744428 
993 93 21 33 0.186983 
959 121 16 21 0.18034363 
939 0 13 14 0.106343575 
891 136 22 26 0.102150925 
765 0 30 18 0.0914207 
903 28 14 21 0.073008984 
979 75 24 33 0.07191412 
926 138 16 22 0.06349554 
1006 5 11 13 0.048348773 
994 3 13 16 0.042207986 
648 54 24 29 0.03565126 
997 39 16 21 0.030860916 
961 69 23 30 0.029176537 
987 59 16 17 0.027865564 
913 66 16 23 0.026413472 
982 65 21 26 0.026291786 
932 22 15 21 0.02522189 
1004 11 16 21 0.021842845 
