0_Parade_marchingband_1_822
24
179 99 69 100 0.9989711 
878 71 63 72 0.9984804 
638 136 60 70 0.99704283 
752 95 35 43 0.9919036 
448 130 43 56 0.9602401 
305 147 43 44 0.6582831 
376 163 32 36 0.4945206 
668 437 38 36 0.0724829 
61 236 14 18 0.06780956 
386 134 16 19 0.05923726 
830 95 41 52 0.055011034 
63 233 11 12 0.044656765 
847 86 48 60 0.04058212 
671 477 15 20 0.038729683 
442 150 33 44 0.03199651 
58 238 23 28 0.031508666 
378 143 27 38 0.027941989 
408 117 12 13 0.027844602 
704 469 27 29 0.027775727 
672 424 54 62 0.026236447 
309 119 55 58 0.024634618 
757 138 15 17 0.022127254 
173 385 24 39 0.02123286 
54 241 15 20 0.020444551 
