0_Parade_Parade_0_688
79
882 523 14 17 0.9830089 
454 532 26 29 0.9822786 
276 524 25 29 0.9744564 
844 567 14 21 0.9687584 
533 461 18 22 0.9445215 
565 540 18 23 0.74964976 
839 531 8 12 0.68377984 
809 525 18 23 0.66091615 
213 536 19 29 0.6519614 
449 502 22 28 0.54296124 
308 510 14 25 0.52374846 
918 542 9 12 0.43983006 
969 513 8 10 0.37726402 
5 582 12 17 0.3312425 
818 530 14 18 0.2642511 
25 563 8 11 0.2556098 
944 531 8 12 0.22694297 
911 533 7 10 0.2176951 
367 526 10 14 0.20164657 
266 521 21 28 0.16825803 
264 526 13 20 0.16805416 
207 553 13 19 0.1602555 
772 536 10 13 0.14567031 
991 533 8 10 0.14056814 
974 534 9 11 0.11533357 
238 532 13 21 0.068485394 
54 555 8 10 0.0678944 
972 540 10 12 0.06451058 
70 577 9 11 0.063210405 
832 532 11 13 0.06300318 
959 542 7 9 0.061020378 
449 518 27 34 0.060452428 
783 543 10 14 0.060051654 
735 485 12 19 0.058960482 
905 533 9 10 0.056845557 
744 540 12 14 0.056203686 
917 537 9 11 0.05119046 
1014 528 8 12 0.05039837 
844 534 9 12 0.04947404 
656 625 29 46 0.04583073 
985 533 8 10 0.045007925 
336 575 41 45 0.044465903 
1010 605 13 21 0.040680114 
949 528 9 11 0.038430355 
1005 544 9 12 0.03699525 
55 601 14 15 0.035960957 
28 565 8 10 0.035948224 
3 566 11 14 0.0359265 
937 528 7 10 0.03555016 
846 540 8 11 0.034621697 
370 526 14 19 0.034467082 
207 539 15 24 0.03411886 
950 533 8 10 0.03173317 
969 536 9 11 0.0313082 
740 531 14 18 0.030626591 
963 719 24 43 0.030360673 
981 598 10 12 0.030213624 
973 515 8 11 0.029750979 
758 568 8 10 0.029600509 
1003 548 8 11 0.029412465 
64 577 8 10 0.028177721 
253 548 11 15 0.027904455 
743 559 11 14 0.027286556 
991 598 10 13 0.02544939 
832 557 11 14 0.024391526 
863 533 10 12 0.02386236 
983 574 10 12 0.022660792 
670 467 12 16 0.021882746 
361 530 12 17 0.021749923 
1010 528 8 10 0.021390166 
870 533 9 12 0.021154882 
913 545 11 15 0.021129955 
984 542 9 11 0.020611383 
199 552 14 19 0.02057014 
746 583 10 13 0.020535268 
1 559 9 12 0.020428445 
119 518 11 15 0.020359429 
985 529 7 10 0.020359032 
536 595 16 20 0.020100743 
