0_Parade_marchingband_1_139
38
710 268 141 96 0.9963329 
392 91 32 41 0.985601 
459 100 30 41 0.97472316 
844 87 71 83 0.89013535 
302 51 32 35 0.85308385 
231 91 32 36 0.7353432 
638 122 29 42 0.17853063 
332 184 56 62 0.13138542 
246 93 27 33 0.10395196 
71 91 55 80 0.083580464 
7 77 112 138 0.06261616 
790 106 60 71 0.061394222 
355 181 41 50 0.049866173 
317 117 51 58 0.04806025 
799 94 98 105 0.046757102 
80 85 33 41 0.044480816 
936 205 38 42 0.04323525 
125 93 44 59 0.03891958 
313 58 33 36 0.038742937 
685 76 24 30 0.03712838 
718 129 45 51 0.033035487 
743 119 47 60 0.031509046 
256 -59 401 464 0.028086163 
806 365 38 38 0.026655965 
141 112 53 64 0.025468271 
316 32 228 268 0.025232906 
90 107 36 47 0.024357248 
134 190 47 43 0.022616938 
102 86 78 106 0.022386482 
324 141 32 38 0.022046879 
479 139 45 61 0.021904476 
329 154 37 41 0.021865485 
320 166 54 55 0.02136135 
266 94 16 22 0.02119575 
145 157 48 54 0.021109218 
299 174 82 99 0.021090716 
256 144 31 39 0.02046078 
162 142 30 36 0.020232288 
