0_Parade_Parade_0_814
247
893 554 17 19 0.9312246 
768 513 19 26 0.8949699 
472 374 11 14 0.87708724 
775 383 12 15 0.7775834 
365 340 12 15 0.7023994 
338 399 10 13 0.5524919 
111 412 9 11 0.53273594 
407 396 11 16 0.50949293 
496 374 13 16 0.50647247 
927 529 15 21 0.50511825 
135 416 8 11 0.48502997 
727 383 9 12 0.4554305 
235 367 14 17 0.40141344 
752 378 11 13 0.3970071 
972 424 10 12 0.39574736 
681 395 9 11 0.39199728 
411 450 14 17 0.38622016 
339 585 26 44 0.36421984 
983 412 8 11 0.3346643 
311 397 7 10 0.33132833 
648 405 9 11 0.32470155 
189 342 12 15 0.31444523 
309 440 9 11 0.27642316 
102 395 8 11 0.26713493 
288 428 9 12 0.26708788 
151 406 8 10 0.24949044 
176 392 8 12 0.2210799 
382 383 10 14 0.22036555 
691 529 24 30 0.21736972 
709 435 10 12 0.2135214 
526 382 8 10 0.20922953 
107 621 32 49 0.20493679 
635 491 11 15 0.20451015 
725 387 10 14 0.20044264 
295 413 9 12 0.18289085 
95 421 9 10 0.17268789 
342 377 10 14 0.16853045 
86 406 7 10 0.15251201 
124 403 9 11 0.15210381 
294 390 8 11 0.14880896 
813 547 15 20 0.14735873 
531 395 10 13 0.14320344 
264 430 8 10 0.13753311 
951 398 9 10 0.13455531 
256 406 9 11 0.13251376 
127 389 7 9 0.13057353 
159 550 26 41 0.12191183 
937 406 7 10 0.11928585 
12 393 9 11 0.11719224 
585 381 10 13 0.1152032 
279 359 11 14 0.114304885 
326 432 15 18 0.109615594 
418 448 14 17 0.10953027 
89 383 7 9 0.102396004 
251 543 22 40 0.09988275 
664 391 8 9 0.088663384 
650 521 19 20 0.0879562 
951 405 8 10 0.08693706 
270 420 8 11 0.086099364 
609 543 16 22 0.07980603 
58 396 7 10 0.07287517 
318 396 8 11 0.07282928 
388 391 9 13 0.07225419 
910 574 10 13 0.071950674 
677 535 23 37 0.07071202 
820 551 13 17 0.07015676 
290 392 8 10 0.06974438 
669 478 14 16 0.068201296 
168 380 7 10 0.065809764 
73 416 8 9 0.06208482 
465 491 11 13 0.060957544 
153 438 7 9 0.056508828 
382 421 15 21 0.055901963 
265 422 9 12 0.05482777 
78 416 8 9 0.052487537 
322 406 8 11 0.05164626 
248 341 9 12 0.05156213 
674 392 7 10 0.051509753 
333 574 24 42 0.051115174 
80 390 7 9 0.048816316 
993 400 7 9 0.047524106 
169 408 7 10 0.04742713 
289 294 7 9 0.046841424 
105 414 8 11 0.04666306 
413 389 11 16 0.046073724 
251 565 23 32 0.04590757 
666 385 7 9 0.04557353 
664 367 6 8 0.04529611 
113 383 7 10 0.045282476 
307 310 9 10 0.044852313 
981 391 7 10 0.044761274 
311 375 8 11 0.043308925 
648 375 8 9 0.04277916 
69 376 7 9 0.0426904 
143 445 7 10 0.042211734 
196 345 10 14 0.041988082 
814 336 10 13 0.04184661 
242 370 11 14 0.04179299 
581 400 9 11 0.04163622 
585 428 10 12 0.041115124 
185 346 12 14 0.04094429 
953 415 9 13 0.040616076 
142 359 7 9 0.039511118 
672 414 8 11 0.039101377 
120 374 7 9 0.03830969 
920 558 9 13 0.038205158 
615 553 23 41 0.038034208 
30 494 8 11 0.03789712 
943 406 7 9 0.037537765 
140 634 37 40 0.037522297 
679 416 8 11 0.037433274 
166 439 8 11 0.037067074 
121 389 8 9 0.035785515 
39 432 7 9 0.03567007 
895 317 10 13 0.0352339 
969 405 8 10 0.034838904 
886 603 15 18 0.034550697 
383 435 12 15 0.034345686 
539 349 13 15 0.03418219 
263 414 10 13 0.03399476 
484 397 11 15 0.03398109 
461 399 9 11 0.03370944 
668 520 16 23 0.033670258 
957 419 9 12 0.03350681 
61 393 8 10 0.033457216 
665 523 25 37 0.033411328 
1001 564 10 12 0.033396002 
270 378 10 14 0.033228923 
512 397 11 12 0.03304588 
162 421 7 9 0.03286465 
206 547 36 41 0.032502178 
383 442 11 14 0.032383572 
169 413 8 10 0.03216345 
138 440 8 10 0.032139216 
662 445 8 10 0.032014403 
165 422 8 10 0.03196629 
111 422 7 9 0.031597782 
279 304 8 10 0.031160362 
194 554 39 48 0.03107919 
484 390 11 15 0.03077468 
142 440 8 10 0.030757347 
296 383 10 12 0.030678479 
697 374 7 9 0.03067797 
695 409 7 10 0.030668745 
215 435 9 12 0.030383196 
478 411 9 11 0.030077696 
650 430 8 11 0.030075887 
421 398 11 13 0.02995088 
49 393 6 9 0.029931517 
384 393 10 14 0.029349755 
399 419 11 14 0.029343804 
1013 413 8 13 0.029343696 
662 397 8 10 0.02930569 
321 422 9 13 0.029280627 
117 631 47 48 0.029153395 
213 390 9 13 0.029096695 
102 422 7 9 0.02885893 
650 358 7 9 0.028731562 
671 409 8 10 0.028700033 
665 481 12 16 0.028630542 
147 406 8 10 0.028508412 
737 404 10 13 0.02829941 
293 419 10 12 0.028255492 
645 445 8 11 0.028114766 
925 532 23 31 0.028081307 
698 524 18 24 0.028016048 
382 415 12 18 0.027815124 
137 392 7 9 0.027788447 
294 310 9 10 0.027596707 
948 595 13 17 0.027309798 
680 420 9 11 0.027217438 
137 375 7 9 0.02721694 
461 405 9 12 0.02713291 
697 390 7 9 0.026688242 
944 421 8 11 0.026533604 
656 374 6 9 0.026394278 
404 437 12 14 0.026362585 
282 309 9 10 0.026314037 
131 417 8 10 0.026140561 
741 414 12 16 0.025916986 
697 383 7 10 0.025816463 
94 383 7 9 0.025782911 
775 377 11 13 0.025705006 
910 590 14 21 0.025627937 
655 358 6 9 0.025619937 
580 489 12 15 0.025614843 
161 400 8 10 0.024946598 
912 567 10 13 0.024844686 
720 414 8 10 0.02466952 
832 428 11 13 0.024614235 
746 375 10 12 0.024559753 
295 295 8 9 0.024552178 
158 437 10 12 0.024452511 
735 374 8 11 0.024277942 
1014 365 8 11 0.023764249 
159 351 9 11 0.023717076 
303 390 9 12 0.023586942 
137 432 7 9 0.023179224 
525 443 10 13 0.02297646 
976 398 8 10 0.022913955 
661 439 9 12 0.022842566 
423 389 9 12 0.022783963 
728 377 8 10 0.022734609 
304 375 10 12 0.022678124 
921 531 12 18 0.02267054 
732 382 9 12 0.022547515 
93 648 38 39 0.022386612 
143 431 7 9 0.022267124 
137 444 8 10 0.022174517 
656 384 6 9 0.022114858 
47 425 7 9 0.022089843 
664 375 7 8 0.022071915 
956 400 8 9 0.022018082 
402 396 9 13 0.021992212 
998 385 8 9 0.021862315 
655 430 9 12 0.021813858 
304 304 8 10 0.021744078 
302 381 10 12 0.021662734 
142 457 8 11 0.02165353 
687 382 7 9 0.021605704 
410 543 21 22 0.021602752 
583 347 10 13 0.021558793 
945 399 9 11 0.021544615 
592 374 8 11 0.02152184 
159 405 7 9 0.021492226 
999 389 7 10 0.021359725 
438 443 13 17 0.021285394 
152 447 7 9 0.021171743 
604 509 10 14 0.021067576 
136 383 7 9 0.020778878 
669 383 7 9 0.020701721 
662 430 8 10 0.020664478 
723 382 9 12 0.020637328 
326 424 10 14 0.020623837 
887 549 14 18 0.020578831 
174 409 8 10 0.020362405 
152 413 8 10 0.020329906 
287 436 12 16 0.02030421 
34 432 7 11 0.020272719 
254 444 11 13 0.020186672 
426 445 13 15 0.02007667 
855 411 11 15 0.020065365 
78 421 8 10 0.020042937 
86 388 8 10 0.02003176 
445 505 14 18 0.020031657 
517 390 9 12 0.020026553 
48 496 9 13 0.020016676 
