0_Parade_marchingband_1_359
78
733 116 56 62 0.9985385 
167 172 34 38 0.9933048 
909 120 22 28 0.99186045 
864 151 25 27 0.99089855 
309 192 15 22 0.98663515 
411 192 17 22 0.98252064 
481 192 15 20 0.97730345 
609 188 18 23 0.96997064 
1006 118 18 28 0.8412696 
271 196 13 17 0.8343778 
361 198 12 16 0.749771 
507 193 10 15 0.66076 
0 214 14 20 0.5874701 
243 199 15 20 0.47840762 
145 204 15 18 0.46276867 
66 168 22 27 0.45856687 
966 133 10 14 0.43514514 
451 196 11 14 0.4250329 
52 209 17 21 0.4151681 
286 212 10 12 0.29520297 
525 200 9 11 0.2828443 
538 196 8 11 0.1735564 
124 166 18 22 0.16468242 
240 191 10 14 0.14284809 
585 195 9 12 0.13782138 
391 204 11 15 0.12108551 
273 221 10 12 0.11887577 
239 195 15 19 0.118377194 
665 192 7 9 0.11725391 
676 197 8 10 0.11540085 
607 172 12 14 0.10411013 
959 165 12 15 0.10000136 
375 211 11 15 0.09876896 
383 198 8 11 0.09524094 
451 202 11 15 0.0916428 
689 181 8 10 0.08921804 
495 182 8 11 0.08770042 
590 207 10 13 0.0735188 
381 212 11 15 0.06941556 
566 215 14 17 0.06778452 
47 216 14 18 0.058091816 
382 206 11 14 0.054578427 
942 238 8 11 0.051957626 
588 191 11 14 0.051036894 
279 212 12 14 0.044679347 
1011 156 13 20 0.043304026 
935 131 12 15 0.040555246 
463 205 10 13 0.040402252 
541 193 8 11 0.03885954 
493 295 16 19 0.038032934 
34 197 15 19 0.037682105 
641 198 9 11 0.034284838 
846 157 7 11 0.034214024 
452 209 11 15 0.034137193 
152 203 15 19 0.033796415 
48 227 16 20 0.033508815 
394 150 7 10 0.03069278 
567 197 8 11 0.030626336 
263 201 14 16 0.029940587 
672 193 8 10 0.028384253 
118 163 16 23 0.028248206 
450 193 9 12 0.0279678 
461 198 10 14 0.027337605 
584 205 10 14 0.026245965 
560 199 8 11 0.02561326 
665 209 7 9 0.025059655 
270 211 14 17 0.024799204 
569 176 9 13 0.02431039 
539 219 11 13 0.02370374 
381 192 9 11 0.022445815 
1006 143 15 22 0.022182299 
647 193 7 10 0.021908455 
361 174 9 11 0.021349669 
670 207 8 10 0.021220703 
521 202 11 14 0.020978006 
901 232 15 19 0.0209199 
665 196 8 10 0.020816615 
597 188 11 16 0.020637948 
