0_Parade_marchingband_1_410
1192
563 467 25 36 0.9947226 
877 450 28 42 0.9941518 
695 484 29 42 0.9926852 
465 487 22 34 0.98589313 
221 480 21 30 0.9652411 
686 324 11 15 0.95992666 
48 132 11 14 0.95347995 
176 260 11 14 0.9527534 
312 480 21 30 0.9516832 
276 436 13 16 0.95028096 
470 131 10 14 0.94789404 
386 481 20 31 0.93876314 
838 318 11 13 0.9365053 
15 502 20 24 0.9347453 
783 227 11 13 0.9328762 
839 133 9 11 0.9323211 
660 221 11 13 0.9214992 
743 198 9 11 0.9212388 
350 413 12 15 0.91671485 
917 48 9 11 0.9146846 
472 80 8 10 0.9082045 
358 317 12 14 0.9026733 
88 503 18 25 0.89646703 
823 108 9 12 0.8928718 
846 282 11 14 0.89210224 
893 70 9 12 0.8879312 
39 347 12 14 0.88595515 
262 77 11 14 0.8851636 
97 54 9 12 0.88477755 
359 84 9 12 0.88192004 
652 320 9 12 0.8795482 
264 254 9 13 0.87721354 
825 341 12 15 0.87582177 
249 36 11 14 0.8737833 
902 338 12 15 0.8726262 
238 340 12 14 0.8715219 
266 480 14 17 0.86956406 
405 348 12 15 0.8668734 
178 494 16 25 0.86501896 
41 112 9 11 0.86363363 
705 191 10 14 0.8626726 
966 301 11 14 0.86117506 
665 333 11 14 0.86082906 
117 215 10 13 0.86069596 
183 76 9 12 0.8600084 
686 68 9 11 0.85660785 
653 398 12 15 0.85062194 
208 40 11 14 0.8498846 
390 413 12 15 0.84946525 
129 37 9 13 0.8428754 
969 334 11 14 0.8393672 
267 331 11 15 0.83800477 
164 381 11 12 0.8374805 
863 211 10 13 0.8366278 
658 68 9 11 0.8328041 
61 461 13 17 0.82970154 
330 449 16 19 0.82874596 
223 77 9 11 0.8278498 
454 40 11 13 0.82728773 
181 178 13 15 0.82666254 
941 216 11 14 0.82662004 
609 395 12 15 0.8222186 
169 229 11 15 0.82148445 
597 63 9 11 0.82087785 
982 214 10 13 0.8205485 
109 313 12 15 0.81310916 
326 28 9 12 0.8130067 
897 212 10 14 0.80498594 
94 179 13 15 0.79804647 
255 315 11 13 0.7972247 
547 151 12 15 0.7969209 
399 5 10 13 0.79423374 
829 300 11 14 0.78878915 
866 446 14 18 0.7883138 
142 488 11 15 0.7847452 
176 152 9 12 0.78449 
567 378 14 16 0.7794018 
146 76 8 11 0.7776997 
927 247 10 13 0.7742936 
156 219 11 14 0.7740094 
381 79 10 12 0.7690593 
245 446 12 15 0.76346636 
263 148 10 12 0.7585901 
736 124 9 12 0.75770587 
419 45 11 13 0.7547372 
310 338 11 14 0.7528945 
48 31 12 15 0.74984497 
658 446 12 14 0.7498111 
630 289 11 14 0.74925625 
944 135 8 10 0.7472721 
144 269 9 12 0.74563193 
199 217 11 15 0.744587 
810 89 7 10 0.7428305 
793 480 21 31 0.7417535 
811 275 12 15 0.7398254 
885 317 9 13 0.739599 
171 464 13 16 0.7379164 
230 425 12 14 0.73702925 
356 23 13 15 0.736949 
750 283 12 15 0.7331929 
74 86 10 13 0.73158306 
670 471 15 20 0.7306094 
976 436 13 18 0.73042566 
569 169 11 14 0.7273993 
28 311 12 14 0.72592664 
412 435 14 17 0.7233574 
215 310 12 14 0.7134842 
609 340 8 12 0.70945567 
609 172 11 14 0.70743597 
142 50 11 14 0.7021396 
678 264 10 13 0.6991679 
538 68 10 13 0.69604725 
204 378 10 13 0.69483185 
24 220 9 12 0.6907943 
455 8 9 12 0.6814645 
237 15 12 14 0.67360383 
127 232 10 13 0.6693102 
870 32 8 11 0.66723365 
40 231 9 11 0.6597128 
939 30 10 13 0.65834117 
272 270 11 15 0.6551752 
659 174 9 12 0.65126014 
471 26 11 14 0.65064716 
800 319 11 13 0.64668566 
728 350 12 15 0.6418485 
139 179 12 15 0.6358725 
1011 341 11 15 0.6335518 
647 416 14 17 0.6308008 
716 67 9 12 0.6306796 
663 124 8 10 0.6295951 
808 134 8 10 0.62849367 
313 414 11 15 0.6248948 
99 146 11 15 0.62285775 
847 203 9 11 0.6214086 
287 114 10 13 0.61739683 
222 328 10 13 0.61588776 
124 460 12 17 0.61369634 
722 161 11 14 0.6130401 
567 335 11 14 0.60860264 
842 84 9 12 0.60416234 
509 78 9 11 0.6013534 
601 293 9 11 0.59578776 
681 158 9 13 0.5910351 
742 265 10 14 0.58860797 
228 139 10 13 0.5883218 
688 38 8 10 0.5873754 
236 295 12 14 0.58572906 
100 419 10 14 0.5812226 
120 335 12 14 0.5750498 
493 115 10 13 0.5739308 
983 140 9 12 0.5739267 
605 77 9 12 0.5705567 
577 112 10 13 0.5654401 
285 149 11 13 0.5638388 
778 95 8 11 0.56324714 
517 171 13 15 0.5500721 
226 45 9 11 0.54106116 
915 320 11 13 0.5409517 
438 260 11 15 0.54071546 
821 205 9 12 0.5396478 
932 73 9 11 0.5373938 
923 281 15 17 0.5363688 
653 278 9 11 0.5362918 
873 1 8 10 0.5360284 
167 315 11 13 0.53192216 
558 60 9 12 0.5262368 
324 318 12 16 0.5242265 
50 488 13 17 0.5190596 
91 213 12 15 0.51862645 
993 444 12 17 0.5094283 
638 338 10 13 0.5013538 
244 123 10 12 0.49025673 
309 165 10 13 0.48971912 
180 54 11 13 0.48855966 
253 382 11 15 0.48660958 
209 238 11 13 0.48555857 
73 312 11 14 0.4819516 
360 108 8 10 0.48154798 
792 301 11 13 0.47956166 
89 336 9 12 0.47668135 
140 368 10 12 0.4728297 
587 157 11 13 0.47009295 
496 317 10 13 0.46860805 
275 411 11 14 0.467276 
1000 278 11 15 0.45983574 
0 108 8 13 0.4508933 
615 7 9 11 0.44979602 
771 123 10 13 0.44439405 
503 7 9 11 0.43657994 
60 55 9 12 0.43286285 
548 40 9 12 0.4326124 
128 14 9 11 0.4294077 
348 352 13 17 0.42934635 
432 421 12 15 0.41708735 
575 132 9 12 0.4136444 
140 147 10 13 0.4120967 
806 399 10 13 0.41031432 
180 350 8 11 0.4076862 
65 71 9 11 0.39760333 
70 244 15 17 0.396044 
641 100 9 12 0.3915231 
220 128 9 11 0.38560745 
0 20 7 11 0.3846761 
242 239 11 14 0.3839596 
984 417 12 15 0.38393524 
446 367 10 12 0.3832992 
20 86 10 13 0.3828188 
833 178 10 13 0.38146546 
77 14 9 12 0.37964585 
113 451 10 12 0.37787968 
469 415 8 11 0.37724587 
970 121 7 9 0.37467206 
148 290 11 14 0.373809 
304 52 10 12 0.37261 
966 247 9 12 0.35898978 
943 191 8 12 0.35837153 
447 322 10 13 0.35797408 
26 328 12 15 0.3575797 
428 94 9 12 0.35713372 
836 0 10 10 0.35192013 
789 112 9 11 0.35169452 
138 390 9 12 0.34858355 
519 320 10 12 0.34740272 
1006 156 8 11 0.34342483 
647 291 10 12 0.3421558 
928 304 11 13 0.3405327 
881 48 10 13 0.33906046 
241 219 11 13 0.3313817 
502 136 11 13 0.32846448 
790 377 13 15 0.3272923 
16 139 11 13 0.32601535 
337 286 11 14 0.32572258 
585 349 8 10 0.32249418 
776 334 11 14 0.3192023 
616 378 12 15 0.31179267 
0 164 7 11 0.31061837 
957 159 9 11 0.30812585 
639 64 8 10 0.30035412 
628 226 11 13 0.298007 
885 263 9 12 0.2968952 
750 397 14 19 0.29637852 
125 178 10 13 0.2944242 
312 188 9 11 0.2899596 
380 131 11 14 0.28879902 
933 123 8 11 0.2856859 
968 174 7 10 0.28099015 
57 404 10 12 0.27796188 
740 158 9 12 0.27613038 
346 117 9 11 0.27549443 
694 124 9 12 0.27167794 
112 2 8 10 0.26567253 
340 430 11 15 0.264781 
813 167 8 11 0.2617868 
553 172 11 13 0.26126233 
81 213 10 13 0.26031977 
338 467 16 18 0.25532487 
993 181 7 9 0.2539217 
575 261 9 12 0.2490138 
594 173 9 12 0.24352053 
388 99 11 14 0.24309364 
1010 179 8 12 0.24136183 
229 404 9 12 0.23991123 
217 258 11 14 0.2341984 
352 168 9 12 0.22521846 
167 72 9 12 0.22323836 
562 31 9 11 0.22118424 
544 25 8 11 0.22061974 
42 14 8 10 0.21931356 
499 459 11 13 0.21553619 
198 419 9 13 0.21527997 
905 44 8 11 0.2151788 
214 417 12 15 0.2139279 
430 11 10 13 0.21286093 
283 294 11 13 0.20981857 
983 0 9 10 0.20881103 
509 25 8 10 0.2085061 
192 14 12 15 0.2082399 
601 323 9 12 0.20656295 
881 376 8 11 0.20364928 
839 245 8 11 0.19553572 
678 285 8 11 0.19143912 
627 451 15 21 0.19120921 
588 0 8 10 0.18967168 
802 204 9 10 0.18814087 
914 132 8 10 0.18663715 
111 382 10 13 0.18608391 
16 25 7 10 0.18560857 
621 68 8 11 0.18454762 
418 323 9 12 0.1839383 
196 18 11 14 0.18228646 
664 296 9 12 0.17706984 
752 380 11 14 0.17626879 
-1 265 7 11 0.17386623 
7 130 10 13 0.17325735 
28 73 9 11 0.17150398 
31 1 8 9 0.16991794 
487 72 10 12 0.16867654 
617 118 9 10 0.16762519 
930 354 9 12 0.16432591 
578 27 10 13 0.16347747 
299 220 13 15 0.16267581 
852 264 9 11 0.16237837 
931 281 13 16 0.16126238 
220 465 14 17 0.16117464 
617 64 8 11 0.16037673 
527 221 10 13 0.15883732 
169 37 9 11 0.15780471 
283 285 11 13 0.155666 
333 76 10 12 0.15358944 
356 0 10 12 0.15298408 
63 134 10 13 0.15074927 
437 387 9 12 0.15013768 
908 0 9 10 0.14842376 
938 7 7 9 0.1478592 
785 188 9 12 0.14627674 
559 396 9 13 0.14352623 
64 230 8 11 0.14291541 
88 35 9 12 0.14202467 
46 72 9 12 0.14132792 
967 80 9 12 0.13962337 
841 30 7 9 0.13797428 
918 221 8 11 0.13702753 
222 29 8 11 0.13564011 
158 16 8 11 0.13538967 
61 237 9 12 0.1349616 
21 56 8 10 0.13430859 
638 136 8 11 0.13330376 
318 12 11 13 0.1323927 
881 276 10 13 0.13129301 
392 343 9 11 0.1308413 
365 292 9 12 0.13022637 
160 420 9 11 0.12727761 
116 382 10 13 0.12724209 
14 312 10 13 0.12695315 
709 385 12 15 0.1266424 
478 376 9 12 0.12530528 
559 361 8 10 0.12492176 
636 475 11 14 0.12430503 
324 12 11 12 0.12218965 
496 285 9 13 0.122086324 
672 148 9 11 0.12164109 
120 25 7 10 0.12132063 
479 381 9 13 0.12019674 
873 142 9 11 0.11911008 
769 283 10 13 0.119089626 
575 140 9 12 0.11726704 
198 111 8 10 0.11568816 
438 153 11 14 0.11520867 
696 409 13 16 0.11462436 
632 158 9 11 0.113974094 
645 9 8 10 0.113857806 
661 49 8 10 0.11358552 
664 157 8 10 0.11165164 
172 30 10 13 0.111226186 
53 222 9 11 0.10870678 
856 76 8 10 0.10675976 
285 6 8 11 0.10640405 
282 351 9 12 0.10631353 
877 141 8 11 0.10590554 
332 124 9 12 0.10559728 
93 107 9 12 0.10505882 
118 246 10 13 0.10486782 
419 460 14 16 0.10461858 
938 192 9 11 0.10395242 
42 430 10 14 0.10254691 
1015 380 9 15 0.101965636 
289 94 8 11 0.101468936 
380 255 12 15 0.10111567 
639 111 9 11 0.10090129 
605 320 10 12 0.10049806 
237 27 10 12 0.10013464 
807 270 13 17 0.09913908 
735 55 8 9 0.09776994 
896 137 8 10 0.09741638 
77 90 10 12 0.09705876 
887 228 8 11 0.09688551 
130 462 12 15 0.09676525 
95 269 10 12 0.09453007 
972 123 9 11 0.093796305 
222 421 12 14 0.09297537 
185 141 9 11 0.09276383 
189 454 9 11 0.09147358 
703 281 8 11 0.09002941 
262 437 10 13 0.08976703 
677 246 9 13 0.08914194 
302 375 8 11 0.088791735 
872 133 9 12 0.08875675 
137 144 10 13 0.08820576 
713 212 9 13 0.088094845 
678 149 9 12 0.087807395 
991 204 8 12 0.08671573 
192 302 8 10 0.086169325 
255 141 10 13 0.086076945 
175 366 9 12 0.08601449 
246 407 9 13 0.085434675 
52 173 10 12 0.085409924 
671 101 7 10 0.085266076 
600 24 8 11 0.0849881 
417 87 8 11 0.08474601 
436 132 9 12 0.08463465 
117 287 9 13 0.08452791 
285 173 9 11 0.084290765 
519 47 7 9 0.08387257 
46 8 9 11 0.08364533 
487 337 8 11 0.08358928 
933 333 9 11 0.083393194 
189 150 9 11 0.08303774 
672 97 7 9 0.082107954 
632 151 9 11 0.08202189 
431 246 10 13 0.08156618 
662 9 8 10 0.08147749 
244 80 10 12 0.08096799 
223 132 11 13 0.08090007 
641 68 8 10 0.08032083 
188 143 9 11 0.08020562 
336 259 10 13 0.079878725 
998 243 9 11 0.07976806 
613 96 8 11 0.07940011 
157 180 9 12 0.07924262 
694 135 9 11 0.07905473 
616 125 8 10 0.078760415 
105 382 8 12 0.078750215 
75 167 11 13 0.078661315 
255 0 9 10 0.07862103 
420 51 10 13 0.07860842 
838 56 7 11 0.078492366 
552 110 9 12 0.07848608 
836 421 12 15 0.07848404 
422 87 10 14 0.078403376 
287 72 8 11 0.077700414 
254 278 12 14 0.07768145 
807 138 10 12 0.077099256 
305 438 11 15 0.0755032 
103 100 9 11 0.07545341 
551 0 8 8 0.075220205 
277 317 12 15 0.07480555 
445 77 8 11 0.07479541 
281 376 9 11 0.07455933 
104 482 12 15 0.07375672 
536 23 8 10 0.07345546 
54 1 9 10 0.07331708 
673 199 9 12 0.072975494 
824 142 8 9 0.07279907 
261 214 10 14 0.07278426 
241 79 9 11 0.07251558 
765 200 9 11 0.07196413 
902 100 8 11 0.07193253 
965 287 13 16 0.071907446 
681 385 11 15 0.07111769 
5 208 9 12 0.07061736 
927 214 8 10 0.070297614 
391 347 9 13 0.07015392 
153 15 9 12 0.06903873 
59 341 10 13 0.06808358 
1 307 8 13 0.06808101 
68 2 8 10 0.06732751 
780 349 11 16 0.067149155 
877 137 9 10 0.06706339 
212 143 11 12 0.06674498 
120 125 9 11 0.066716075 
479 283 10 14 0.06644497 
157 289 9 11 0.06630879 
114 291 9 12 0.066163465 
637 325 9 11 0.065974854 
296 214 11 13 0.06570899 
634 339 9 13 0.06543211 
412 77 9 10 0.06533304 
119 54 9 11 0.06454177 
1014 264 9 12 0.06421529 
520 357 8 11 0.064057425 
349 205 9 11 0.06401394 
927 223 8 10 0.06384741 
857 134 8 11 0.06377023 
599 302 9 11 0.063532844 
889 127 8 10 0.06335741 
189 77 9 11 0.06331549 
864 113 8 11 0.06328276 
763 361 11 16 0.062657595 
82 247 10 13 0.06251411 
24 76 10 13 0.062400684 
647 54 8 10 0.062373612 
143 29 8 11 0.062265135 
534 411 8 11 0.062255878 
970 29 7 9 0.061844803 
33 230 10 12 0.061601367 
765 415 12 15 0.061555352 
832 189 8 11 0.061309483 
262 382 10 13 0.060894005 
857 4 8 10 0.060809854 
992 30 7 10 0.060786672 
785 9 7 9 0.06035684 
573 436 10 13 0.06030059 
768 255 9 12 0.0601349 
754 94 7 10 0.06004759 
199 133 10 11 0.059999783 
561 312 8 11 0.059938062 
31 374 8 11 0.059811745 
86 71 9 10 0.05871781 
254 136 9 11 0.058701336 
791 184 8 11 0.05858445 
199 78 8 10 0.058185685 
30 406 9 11 0.0581564 
920 216 8 11 0.058141857 
464 103 9 12 0.057843357 
174 24 12 13 0.05752848 
677 310 8 11 0.057370614 
711 349 10 13 0.057283387 
17 196 9 11 0.057002716 
678 125 7 10 0.05681468 
246 174 9 11 0.056793593 
943 56 9 11 0.056629572 
406 139 9 12 0.05660419 
78 281 8 10 0.05648615 
226 399 10 13 0.056443214 
84 2 10 10 0.05620419 
863 134 8 10 0.055658877 
535 529 13 19 0.055568367 
425 147 10 11 0.055485066 
897 24 9 11 0.055435564 
705 150 8 11 0.05536614 
675 468 22 30 0.055012632 
609 126 7 9 0.0547819 
316 383 10 13 0.054366063 
816 261 8 10 0.054256015 
948 246 9 12 0.054209244 
632 0 8 9 0.054047264 
336 46 9 11 0.05403535 
276 274 12 14 0.053414356 
886 223 8 10 0.053284027 
433 385 10 12 0.053271834 
391 43 11 13 0.05321675 
968 169 8 10 0.053123005 
889 135 7 9 0.052900016 
423 99 10 12 0.052882925 
143 15 8 11 0.052694857 
101 269 9 12 0.052632265 
407 47 8 11 0.05245089 
127 84 8 11 0.052248005 
501 322 10 12 0.052101724 
64 428 9 12 0.051939916 
677 144 8 11 0.051866896 
220 414 11 13 0.051856488 
638 152 8 10 0.05177073 
598 28 8 11 0.051769037 
128 118 8 10 0.05159375 
487 133 9 13 0.0515627 
992 318 8 11 0.051230233 
634 61 7 10 0.051074307 
485 283 10 14 0.050495923 
598 67 10 13 0.05046052 
1016 141 7 11 0.05041649 
496 63 7 9 0.050326552 
1002 152 8 11 0.050205793 
73 404 9 12 0.05019305 
690 124 9 11 0.05005183 
7 471 9 12 0.049575705 
658 119 8 11 0.049365435 
292 116 8 12 0.049186733 
680 54 8 11 0.049086343 
647 153 7 10 0.04907254 
20 269 9 12 0.048915353 
713 118 7 10 0.04886255 
266 235 9 12 0.048776295 
985 341 9 10 0.048530713 
28 414 10 13 0.04846457 
56 230 9 11 0.048137937 
854 23 6 9 0.04791074 
76 399 10 13 0.047899798 
495 78 8 10 0.047812458 
254 95 9 12 0.047645282 
523 323 10 12 0.04762757 
24 47 8 10 0.047320303 
616 114 8 10 0.047230355 
247 181 9 13 0.047169495 
521 109 8 10 0.047079764 
930 176 7 9 0.04703229 
401 136 8 11 0.047005005 
862 152 9 11 0.04692985 
760 228 9 11 0.046879396 
302 160 11 14 0.04685208 
814 172 8 10 0.046728183 
589 164 11 14 0.046502132 
117 61 9 10 0.04622658 
405 416 10 12 0.046199385 
54 70 10 12 0.045908947 
385 149 10 12 0.04581399 
529 16 8 10 0.045586076 
128 307 10 13 0.045574345 
720 38 8 10 0.04547713 
292 111 10 12 0.045352764 
61 15 9 12 0.04529417 
648 49 7 8 0.045273572 
477 356 9 11 0.045209054 
527 388 8 10 0.04504272 
17 90 10 13 0.044817712 
637 157 8 11 0.04480079 
113 244 9 12 0.044795703 
644 62 10 12 0.04478172 
225 462 14 17 0.04470917 
844 79 10 14 0.044582017 
742 318 10 12 0.044397343 
859 422 11 15 0.04436291 
689 110 6 9 0.044349186 
829 165 8 9 0.044334013 
25 388 9 12 0.044258457 
694 472 24 34 0.044088103 
935 327 9 12 0.04398047 
636 319 11 12 0.043954886 
151 110 10 11 0.043901753 
870 182 8 10 0.043736827 
73 171 9 12 0.043701023 
729 54 8 9 0.043634534 
364 429 11 15 0.043513373 
1007 263 9 11 0.043467887 
992 136 8 10 0.04343275 
901 28 8 10 0.043354362 
949 341 9 11 0.04335028 
368 56 10 13 0.04320238 
671 431 13 17 0.043155983 
296 164 9 12 0.043143995 
725 269 10 13 0.0431236 
103 14 10 12 0.04302391 
526 179 10 13 0.042983845 
22 290 9 12 0.0428913 
812 91 9 11 0.042881005 
306 335 12 14 0.042749293 
778 90 7 10 0.042730626 
473 284 9 11 0.042573985 
78 19 8 11 0.042470764 
142 22 8 11 0.0424551 
745 283 11 15 0.042420268 
353 354 13 16 0.041930925 
811 401 12 16 0.041792486 
686 54 8 11 0.04174595 
864 463 25 35 0.041681215 
75 240 14 18 0.041621555 
636 291 10 13 0.041559562 
246 109 8 11 0.04134327 
80 463 9 12 0.041243494 
589 240 7 10 0.041191403 
260 277 11 14 0.04116715 
848 413 9 14 0.041166052 
666 104 7 9 0.04095368 
65 243 10 13 0.04076746 
976 385 11 15 0.040436313 
497 134 11 14 0.040337518 
282 110 9 13 0.04030028 
179 154 10 14 0.040299714 
761 200 9 11 0.04029275 
212 294 8 10 0.040284697 
417 91 10 13 0.040283646 
869 94 8 10 0.040022388 
786 116 8 11 0.040000547 
725 253 8 11 0.039983448 
826 160 7 10 0.03993727 
258 147 11 13 0.039777506 
689 136 9 11 0.039550427 
895 43 9 12 0.03950947 
988 140 9 11 0.03935105 
158 111 8 10 0.039250445 
256 197 9 12 0.039116666 
57 15 8 11 0.03908011 
122 180 9 12 0.039022624 
860 155 9 13 0.03896949 
220 315 10 13 0.038927432 
773 279 9 13 0.038880195 
103 46 8 11 0.038824927 
631 56 8 10 0.038756188 
916 129 9 10 0.03865993 
696 104 6 8 0.03855589 
333 160 8 12 0.038545318 
313 334 13 15 0.038216565 
981 382 9 13 0.038201086 
6 70 8 12 0.03808244 
494 214 8 10 0.037932187 
662 109 9 11 0.037837308 
288 267 10 12 0.037787337 
56 419 9 13 0.03769971 
254 408 10 13 0.037593856 
551 416 8 11 0.037412427 
229 413 12 13 0.037286583 
333 340 11 15 0.037235994 
117 375 9 11 0.037169896 
582 37 8 11 0.03708109 
687 284 9 12 0.0370753 
53 100 8 11 0.036990903 
848 168 7 10 0.03695736 
984 113 8 10 0.03692158 
313 387 10 12 0.036910318 
959 127 7 10 0.03688536 
156 224 12 16 0.036864497 
103 388 9 11 0.03682306 
5 85 9 13 0.036808718 
1001 332 9 11 0.03679698 
0 519 10 14 0.036765277 
871 443 21 30 0.036745287 
601 364 11 13 0.036721464 
64 224 8 10 0.03667294 
422 0 8 8 0.036564033 
952 302 8 11 0.036540974 
531 221 12 13 0.03653784 
68 230 10 12 0.03648519 
841 372 10 12 0.036481235 
493 55 9 11 0.036408715 
805 413 12 15 0.03637788 
642 13 9 10 0.036259346 
983 46 8 10 0.036160927 
657 110 8 10 0.03615152 
601 143 8 11 0.03609409 
726 263 9 12 0.036091223 
887 199 7 10 0.036040675 
616 46 8 9 0.03603432 
565 35 9 11 0.0359244 
854 470 23 34 0.03592043 
800 412 11 15 0.03579101 
712 126 8 10 0.035743438 
191 308 8 12 0.035711203 
894 175 7 9 0.035632685 
248 424 10 13 0.035588477 
49 0 10 10 0.03554086 
669 300 9 12 0.035430335 
89 22 8 10 0.035343476 
609 99 9 12 0.035263173 
651 282 11 14 0.035216678 
909 283 10 13 0.035189312 
711 145 8 10 0.035156623 
608 40 8 11 0.035062954 
622 490 14 18 0.03505137 
190 460 10 13 0.03504961 
743 54 8 10 0.034861274 
214 148 10 12 0.03481308 
14 6 9 11 0.034754675 
260 190 9 13 0.03472413 
89 181 11 13 0.03459504 
70 438 10 12 0.034522776 
481 96 8 11 0.034508225 
111 110 9 11 0.034458943 
352 110 10 12 0.034342177 
-1 502 9 15 0.034164704 
611 7 8 11 0.03414847 
816 184 8 10 0.034116264 
398 45 9 12 0.03407741 
736 224 9 11 0.034057166 
526 188 10 12 0.03404231 
333 12 9 11 0.033853233 
802 21 7 10 0.033813782 
951 237 10 12 0.033715528 
504 73 9 11 0.033671178 
139 269 9 12 0.033656895 
750 387 15 21 0.03362598 
726 14 8 12 0.033610683 
757 94 7 10 0.033583548 
843 205 8 11 0.033578333 
464 94 8 12 0.033563014 
518 72 9 11 0.033452373 
705 102 6 8 0.0333955 
673 280 9 11 0.033391267 
710 374 12 18 0.033385362 
88 140 10 12 0.033308763 
974 260 11 13 0.033288747 
238 72 8 11 0.033182032 
208 420 11 14 0.03309645 
830 160 8 10 0.033009414 
866 36 8 10 0.032941423 
980 429 13 17 0.032832902 
657 13 9 10 0.03280541 
284 355 9 12 0.03277238 
159 28 9 11 0.032726333 
41 8 9 12 0.032709535 
152 159 8 10 0.0326977 
942 406 11 14 0.032680277 
23 314 13 14 0.032665074 
169 111 8 10 0.03261946 
927 472 16 22 0.03259135 
552 115 8 12 0.032508977 
617 269 8 11 0.03242913 
823 190 8 11 0.03238755 
53 216 9 12 0.032240234 
977 46 8 10 0.03217257 
64 383 9 13 0.0319577 
494 72 8 10 0.03190946 
557 167 10 14 0.03181181 
632 175 9 12 0.031764466 
709 419 14 20 0.031698298 
508 135 9 12 0.0315696 
984 41 7 9 0.03151041 
682 63 9 12 0.03148191 
42 76 9 12 0.031315614 
625 159 8 11 0.031314865 
600 151 8 10 0.031286396 
992 254 11 12 0.03124332 
409 72 9 12 0.031232208 
512 0 8 10 0.031227592 
630 180 9 11 0.03118077 
529 413 10 13 0.031167971 
241 109 9 10 0.031086847 
280 1 11 12 0.031007279 
97 119 9 10 0.030993683 
511 74 9 11 0.03097317 
213 12 10 12 0.030955799 
583 7 7 9 0.030903604 
554 59 9 12 0.03089575 
807 264 9 11 0.030857524 
346 197 10 13 0.03077774 
228 77 9 11 0.030769493 
645 68 9 11 0.030656334 
585 312 9 11 0.030624984 
769 184 8 10 0.030545598 
705 97 7 9 0.030540247 
489 223 8 9 0.030407885 
774 23 7 9 0.03038116 
525 109 8 11 0.03025621 
753 151 7 9 0.030179845 
688 278 8 11 0.030170836 
517 77 8 11 0.030102678 
242 173 9 11 0.030098831 
230 41 9 12 0.030052874 
638 481 13 19 0.030048845 
101 397 9 12 0.02996516 
442 73 8 10 0.029956702 
601 358 9 13 0.029902525 
199 172 11 12 0.029875932 
654 0 8 9 0.029639773 
689 105 7 9 0.029598357 
70 37 8 12 0.029588632 
697 158 8 11 0.029561974 
569 47 9 11 0.029457642 
200 72 8 11 0.02945253 
566 25 8 9 0.02944013 
474 327 8 10 0.029375996 
407 38 8 11 0.02935274 
430 148 9 12 0.029270727 
561 262 7 9 0.029207481 
4 368 9 12 0.029185727 
398 324 10 12 0.029133897 
974 274 13 15 0.029084481 
935 11 8 11 0.02905735 
138 52 10 13 0.029027727 
585 162 11 13 0.029002756 
593 29 9 11 0.028939566 
489 420 10 13 0.028646614 
646 142 8 9 0.02860215 
46 206 10 12 0.028598897 
13 455 209 193 0.028555378 
23 227 10 13 0.028474454 
177 407 9 12 0.028355861 
657 51 9 11 0.028270409 
895 389 10 14 0.028204227 
213 232 9 12 0.02818322 
72 103 10 11 0.028180487 
432 264 12 14 0.028143484 
110 103 10 12 0.028077675 
394 10 9 13 0.02800042 
913 216 9 11 0.027997715 
134 116 8 10 0.027926866 
259 283 10 13 0.027918233 
806 201 8 11 0.02785315 
388 38 12 14 0.027759649 
870 358 11 15 0.027745463 
152 37 8 11 0.027740553 
15 207 8 9 0.027729057 
839 252 8 11 0.027672647 
872 149 8 10 0.02763043 
327 214 10 13 0.027592478 
249 139 10 13 0.027538659 
433 109 9 11 0.027510025 
487 169 9 10 0.027421186 
1000 260 9 11 0.027413867 
939 135 9 11 0.02740557 
567 349 11 13 0.02735342 
631 117 7 10 0.027347798 
743 154 8 10 0.027332757 
577 36 9 11 0.027249089 
317 372 9 12 0.027175281 
937 55 8 10 0.027162993 
737 163 8 12 0.02704653 
363 85 10 12 0.027015585 
129 158 8 10 0.026994681 
904 284 10 12 0.026964089 
333 414 11 13 0.026960716 
21 237 8 12 0.026919384 
712 175 8 10 0.026912147 
783 294 9 11 0.0268965 
133 514 15 16 0.026864916 
686 43 9 12 0.026860928 
493 181 9 12 0.026856828 
293 226 13 15 0.026820673 
191 157 9 11 0.02681659 
288 169 9 11 0.026810365 
852 442 13 19 0.026803993 
963 85 8 11 0.0267512 
502 147 9 12 0.0267272 
454 451 9 14 0.026647879 
613 220 10 12 0.026527077 
318 127 8 11 0.026516268 
736 438 14 19 0.026461523 
920 22 9 10 0.02643991 
433 253 11 14 0.026409736 
1009 357 10 13 0.02640141 
60 489 12 18 0.026282601 
646 204 9 11 0.026253471 
176 72 10 12 0.026239991 
320 22 12 13 0.026149265 
606 144 8 11 0.026131699 
7 15 8 11 0.026125891 
849 23 8 10 0.026120115 
476 23 10 13 0.02609822 
871 175 8 10 0.0260496 
632 78 8 10 0.02599576 
986 199 7 10 0.025971761 
753 309 10 13 0.02597141 
417 102 9 11 0.025967143 
816 190 7 10 0.025937617 
70 32 9 11 0.025877653 
809 171 9 11 0.02583864 
696 110 6 9 0.025833089 
126 446 227 199 0.025831956 
224 50 10 12 0.025821447 
565 317 8 10 0.025811756 
48 213 9 12 0.02579295 
607 25 8 10 0.025752947 
40 207 10 12 0.025749777 
7 22 8 9 0.025701925 
382 140 11 14 0.025700098 
104 40 9 11 0.02563599 
589 77 9 12 0.025615722 
974 30 7 9 0.025604533 
182 344 8 10 0.025573445 
888 215 8 11 0.025568973 
495 47 8 11 0.025533497 
941 320 9 11 0.025468225 
880 270 11 13 0.025423007 
46 178 9 12 0.02537992 
967 214 9 11 0.025379064 
424 342 9 12 0.025375543 
992 38 8 10 0.025363924 
112 182 10 12 0.025355833 
334 422 12 14 0.025312893 
792 245 9 11 0.025306625 
314 125 8 11 0.025296146 
93 31 9 11 0.025256507 
813 371 10 13 0.025228254 
973 254 11 13 0.025212267 
480 334 7 10 0.025183283 
844 30 8 11 0.025183138 
79 4 11 13 0.025161525 
533 496 16 18 0.025149558 
84 209 14 17 0.02507788 
440 370 11 14 0.025068872 
93 13 9 12 0.02502642 
268 383 8 11 0.02502566 
849 222 9 12 0.024971094 
599 307 9 11 0.024953976 
776 308 11 13 0.024952479 
55 412 11 15 0.024932496 
576 350 9 11 0.024895966 
799 253 9 11 0.024867661 
337 443 15 21 0.024857963 
350 262 9 12 0.024803914 
328 300 9 11 0.024785558 
8 53 7 10 0.024781363 
822 317 10 13 0.024769673 
901 136 8 10 0.024756031 
621 124 8 10 0.02473672 
832 197 7 10 0.024701227 
342 69 8 11 0.024689244 
134 135 8 11 0.024666421 
241 407 10 13 0.024660017 
384 38 10 12 0.024635708 
127 382 9 12 0.024605727 
702 156 8 11 0.024456559 
141 382 10 13 0.02441449 
864 60 9 11 0.024414036 
810 4 8 11 0.024386147 
269 233 9 12 0.024364794 
410 85 8 11 0.024311928 
693 221 11 13 0.024296729 
131 420 11 12 0.024241926 
521 187 10 13 0.02423228 
261 412 10 13 0.024200257 
215 389 11 13 0.024197916 
673 56 8 10 0.024173353 
929 228 9 12 0.024154615 
113 375 8 11 0.024141345 
939 279 11 13 0.02408716 
948 134 9 12 0.02408505 
687 357 9 13 0.024032567 
3 404 9 14 0.024017105 
852 278 10 14 0.024008147 
681 1 8 10 0.023990886 
40 19 8 10 0.023973735 
435 416 12 15 0.02395957 
62 159 9 11 0.023955878 
175 371 9 12 0.023754898 
814 142 8 10 0.023748966 
188 237 10 12 0.023697734 
726 248 9 11 0.023680065 
1 53 8 11 0.023669297 
7 430 8 11 0.023661146 
607 471 12 15 0.023655748 
632 112 8 11 0.023620136 
127 513 13 16 0.0236114 
900 219 10 12 0.023583574 
817 200 8 10 0.023570167 
178 346 8 11 0.023567088 
78 429 9 12 0.023496829 
622 113 8 10 0.02348349 
613 337 8 11 0.023480551 
263 22 9 12 0.023437038 
166 54 9 12 0.023433167 
62 435 11 14 0.023407003 
494 0 9 9 0.023398574 
758 152 8 10 0.023385566 
775 270 8 10 0.023310373 
169 126 9 12 0.023305101 
941 25 10 13 0.023299394 
169 364 10 12 0.023291143 
547 24 9 10 0.023277594 
709 354 11 14 0.023271464 
308 47 11 14 0.023240808 
120 236 10 14 0.023214035 
150 119 10 11 0.023165418 
106 1 8 9 0.023154048 
696 96 7 9 0.023119636 
960 31 8 9 0.023089638 
864 129 8 11 0.023081478 
233 438 238 205 0.023039581 
839 263 9 11 0.022983667 
350 123 10 12 0.022957109 
943 111 7 9 0.02292961 
398 76 9 11 0.022923939 
126 167 10 13 0.022920784 
56 357 9 10 0.022912603 
518 1 8 9 0.02291168 
367 7 9 11 0.022908561 
519 52 8 10 0.022864865 
767 291 10 13 0.02284936 
308 221 12 13 0.022800278 
117 367 9 11 0.022787854 
175 86 9 11 0.022726398 
198 312 8 11 0.02272521 
522 220 10 13 0.022722056 
148 275 11 13 0.022708438 
231 71 9 11 0.022689544 
843 279 10 13 0.02264058 
826 165 7 10 0.022600774 
272 94 9 11 0.022595517 
1008 185 11 14 0.022557607 
743 459 15 20 0.022532314 
168 44 9 11 0.022503296 
78 158 11 12 0.02249503 
205 112 9 12 0.022469638 
181 405 9 11 0.022462448 
45 198 10 13 0.022427648 
781 89 9 10 0.02239974 
968 135 8 10 0.022382548 
87 77 9 10 0.02236548 
856 206 8 10 0.022310937 
390 133 9 12 0.022301106 
671 157 8 11 0.022298792 
14 80 19 24 0.022289684 
151 31 9 11 0.022287888 
86 158 9 11 0.02228763 
111 275 9 12 0.022275548 
1013 185 11 16 0.022257444 
222 454 10 14 0.022249602 
958 63 8 9 0.02224893 
692 37 9 11 0.022243336 
0 539 8 14 0.022192484 
808 118 8 9 0.02216457 
56 348 11 13 0.02214571 
542 182 10 13 0.022112098 
233 29 9 12 0.022109196 
161 358 9 11 0.022097437 
954 163 9 11 0.022092495 
167 62 9 11 0.022071764 
117 1 9 10 0.02192137 
114 62 8 11 0.021897398 
1009 101 8 10 0.021841465 
814 214 8 10 0.021828648 
959 134 7 10 0.02181505 
998 133 7 9 0.021807779 
658 8 9 10 0.021797316 
103 118 7 9 0.021784952 
161 461 10 14 0.021750007 
420 191 10 13 0.021744484 
564 62 8 10 0.0217298 
599 157 8 11 0.021708496 
848 184 8 10 0.021706093 
271 29 8 10 0.02168722 
495 303 9 11 0.021675183 
389 85 10 13 0.021644892 
725 276 12 15 0.021644829 
854 199 8 10 0.021614194 
134 206 10 12 0.02159072 
948 190 8 10 0.021580752 
702 126 8 11 0.021565245 
471 318 8 11 0.021536576 
376 246 11 12 0.021512553 
816 318 10 13 0.021506201 
213 485 22 30 0.021505838 
608 29 8 10 0.021503812 
215 24 10 11 0.021503078 
736 283 10 13 0.021418912 
79 489 13 19 0.021414092 
632 70 8 11 0.021408612 
571 338 10 13 0.0214047 
73 21 9 10 0.021399802 
871 166 9 11 0.021396732 
112 117 8 11 0.02138775 
333 51 9 12 0.021365996 
721 46 9 11 0.021354593 
749 317 11 13 0.021341102 
237 45 10 12 0.021309378 
677 279 10 12 0.02130539 
389 108 9 12 0.021290021 
215 305 9 11 0.02128029 
175 357 11 14 0.021250555 
563 422 11 13 0.021250386 
728 199 8 10 0.02123027 
177 59 9 12 0.02119295 
142 58 10 12 0.021179207 
454 344 9 12 0.021134917 
207 116 9 11 0.02112896 
184 309 9 11 0.021087572 
222 147 11 13 0.021079542 
953 308 9 12 0.02107947 
577 8 8 10 0.02107564 
207 493 13 18 0.021047221 
166 359 9 11 0.021006703 
751 54 7 9 0.02100411 
952 119 7 9 0.020994395 
645 97 9 11 0.020972688 
583 206 10 13 0.020958742 
330 28 10 13 0.020945806 
1000 341 10 13 0.020902243 
160 54 9 12 0.020880256 
672 125 8 10 0.020866087 
649 85 7 10 0.020850126 
612 176 11 14 0.020797875 
594 335 8 10 0.020758986 
110 40 9 11 0.020757109 
1015 254 9 13 0.02074609 
635 456 15 21 0.020729618 
205 78 8 10 0.020728806 
399 343 11 15 0.020714968 
214 158 13 15 0.020713558 
28 437 10 12 0.02070216 
162 311 9 12 0.020680938 
781 100 9 12 0.0206549 
168 6 10 12 0.020630017 
342 420 12 15 0.020593634 
217 463 11 16 0.0205697 
4 76 10 15 0.02056638 
206 173 9 11 0.020563021 
726 49 8 10 0.020560727 
927 32 7 11 0.020544043 
1014 50 8 13 0.020536315 
890 141 7 10 0.020512007 
797 183 8 11 0.020504575 
654 246 10 13 0.020501224 
786 379 11 15 0.020496203 
397 371 11 14 0.020489445 
152 226 11 15 0.02048623 
898 102 8 10 0.02045239 
501 436 10 13 0.020438747 
205 71 8 11 0.020427862 
234 19 11 15 0.020423636 
104 376 8 10 0.020419898 
813 2 9 10 0.020398118 
533 428 10 13 0.020347035 
612 318 9 11 0.020338822 
684 163 9 12 0.02033711 
171 312 11 13 0.02033107 
671 120 8 10 0.020318072 
110 466 10 14 0.02031776 
111 173 10 13 0.02029638 
63 20 9 11 0.020294722 
470 407 9 13 0.020282235 
671 110 7 9 0.020242684 
607 84 9 11 0.020227514 
637 308 11 12 0.020202165 
168 224 10 13 0.02017881 
838 216 9 10 0.020144967 
905 279 11 13 0.020120766 
993 357 10 12 0.020106774 
945 251 10 12 0.020086406 
831 94 7 9 0.020085834 
516 437 11 14 0.020043047 
248 198 10 13 0.020038826 
104 239 9 13 0.02001988 
641 203 9 12 0.020000037 
