0_Parade_Parade_0_873
396
819 505 62 82 0.9993944 
319 461 49 60 0.9984086 
399 323 29 36 0.99805176 
150 409 34 41 0.9966264 
716 408 32 41 0.9957261 
865 564 111 123 0.99404883 
728 483 46 64 0.99322164 
452 397 31 43 0.9927407 
853 327 22 28 0.9920095 
453 526 63 82 0.99186486 
745 355 24 32 0.99144495 
12 361 27 33 0.9908599 
533 358 25 31 0.9899872 
771 358 24 30 0.9896338 
608 493 47 63 0.9889999 
664 392 29 37 0.98877466 
628 366 23 28 0.98864144 
97 583 77 98 0.9876209 
445 370 27 33 0.98577756 
805 351 25 29 0.98555887 
818 319 22 27 0.98514706 
313 403 35 47 0.9850868 
958 344 29 35 0.9843566 
299 355 22 27 0.9838594 
132 385 28 34 0.98321885 
31 429 32 47 0.9828987 
662 609 71 69 0.98232013 
370 323 19 23 0.9811218 
932 298 22 27 0.9810446 
903 375 23 35 0.98090315 
929 404 44 51 0.97894627 
338 370 23 26 0.9762654 
23 299 12 16 0.9759862 
79 371 25 28 0.9736776 
277 374 22 27 0.96609724 
211 308 17 22 0.96447986 
897 350 25 30 0.95980036 
189 357 18 23 0.95663446 
742 315 21 25 0.9548882 
-2 392 24 32 0.9543788 
220 416 26 32 0.954167 
466 349 17 21 0.9534369 
908 308 15 19 0.9517288 
511 372 22 30 0.9511014 
978 463 40 69 0.9506082 
703 291 12 16 0.9502154 
60 336 14 17 0.9470087 
480 309 18 23 0.94485265 
859 381 26 36 0.9437118 
777 415 36 46 0.9418569 
81 458 50 50 0.9362559 
573 309 12 16 0.9342714 
583 345 23 28 0.9339915 
670 364 20 26 0.93271816 
993 311 20 24 0.92957735 
934 271 14 17 0.9239355 
33 337 16 21 0.92003536 
318 323 15 17 0.9091132 
428 308 13 17 0.9070913 
663 314 12 15 0.90672755 
964 295 16 19 0.90648335 
558 426 33 51 0.90287316 
246 345 14 16 0.9002646 
625 334 18 26 0.89700097 
217 354 15 19 0.8740499 
501 320 16 21 0.8562613 
795 317 15 20 0.8436009 
920 275 12 14 0.82756335 
248 322 14 16 0.82000583 
807 262 13 17 0.75493294 
351 347 16 18 0.75441474 
869 343 20 27 0.75099343 
632 311 16 21 0.7457397 
710 308 14 19 0.74247473 
983 282 16 21 0.738895 
734 299 16 20 0.7205174 
559 312 10 12 0.7180713 
175 335 15 19 0.709295 
786 301 14 18 0.66839194 
237 371 23 26 0.6676144 
153 327 11 13 0.64611006 
999 367 22 30 0.6296856 
137 480 36 54 0.62020284 
534 319 12 16 0.6148584 
522 338 16 19 0.6072153 
533 302 10 12 0.58958167 
808 292 13 15 0.5836905 
502 360 17 21 0.57050455 
234 331 13 15 0.5635321 
588 321 13 16 0.5481138 
275 321 16 19 0.5444057 
460 318 11 13 0.5152856 
548 332 14 16 0.5007024 
77 350 16 20 0.48998523 
773 400 27 38 0.47504386 
163 345 13 18 0.45948967 
24 400 25 34 0.45909587 
796 348 23 28 0.44407603 
855 282 12 16 0.42709127 
566 330 13 15 0.42238027 
783 346 24 30 0.42041656 
517 366 25 30 0.3975599 
1001 315 20 28 0.38682383 
707 271 10 12 0.3854063 
100 341 12 14 0.38496268 
903 426 34 42 0.38248485 
259 354 18 22 0.3824782 
100 362 18 22 0.34649524 
60 367 14 19 0.3434683 
1002 293 14 18 0.3203811 
719 365 20 29 0.31164542 
259 332 11 13 0.30662653 
292 331 13 16 0.30596295 
743 267 11 13 0.30481353 
202 392 21 26 0.30187663 
573 396 22 28 0.28766727 
323 350 19 24 0.27944428 
501 347 17 19 0.2695625 
689 387 25 33 0.26524848 
473 301 11 14 0.26499957 
832 300 12 12 0.25340912 
117 471 46 57 0.24463096 
700 350 23 25 0.2412095 
981 294 15 19 0.233553 
100 347 13 15 0.22228232 
873 268 10 13 0.21553881 
870 306 16 17 0.21133438 
915 405 35 48 0.19410911 
773 304 10 13 0.19389631 
759 298 13 16 0.18064772 
445 346 16 19 0.17601094 
789 294 12 14 0.17188919 
218 386 20 27 0.1667309 
166 319 10 13 0.1628978 
545 430 30 42 0.16118254 
229 337 13 17 0.15982012 
274 336 17 19 0.15398596 
869 314 17 20 0.15102078 
820 279 10 12 0.14939028 
461 333 14 17 0.14914861 
313 350 21 29 0.13911195 
162 363 14 16 0.13644277 
92 368 24 28 0.1344017 
441 359 25 32 0.13283812 
552 351 21 28 0.13101296 
265 348 21 25 0.13030736 
529 318 12 16 0.12815088 
969 425 36 55 0.12539385 
509 454 28 42 0.12297302 
695 379 24 31 0.115381524 
969 323 23 25 0.1147492 
897 328 17 21 0.11371503 
758 256 9 12 0.11315135 
540 310 11 13 0.113007545 
527 347 22 27 0.1129696 
575 339 14 17 0.11120076 
781 257 11 14 0.11018989 
538 323 13 15 0.10885574 
858 335 23 30 0.10493839 
1011 320 14 25 0.10083811 
198 404 23 30 0.09963363 
765 301 11 13 0.09843844 
584 316 11 16 0.0981457 
912 300 16 19 0.0970887 
681 310 11 15 0.09425733 
379 310 15 17 0.09163509 
960 269 11 13 0.08978533 
1015 273 9 15 0.08934227 
689 330 18 21 0.087044254 
126 342 11 14 0.08664719 
744 277 11 14 0.08587112 
195 323 13 17 0.08567653 
768 306 12 15 0.08260279 
925 270 12 17 0.08125431 
451 341 15 17 0.080849975 
762 295 11 13 0.07974236 
707 365 25 29 0.078725524 
589 371 18 22 0.078723185 
693 354 19 22 0.07538596 
315 382 16 24 0.074817464 
593 324 13 15 0.0742199 
40 312 9 13 0.07202897 
70 444 33 40 0.07196975 
166 384 16 22 0.07088985 
4 371 25 31 0.07088721 
912 325 17 19 0.06906346 
731 357 21 31 0.06872042 
540 338 15 18 0.06708319 
897 334 21 26 0.06702608 
810 297 14 17 0.06666423 
162 352 16 21 0.06656904 
129 370 24 30 0.065422714 
828 367 20 27 0.06494558 
723 332 17 20 0.06429247 
90 442 35 47 0.0641791 
774 324 14 17 0.062443312 
715 334 22 24 0.059895918 
322 376 20 26 0.05987291 
823 237 8 10 0.05862083 
18 346 15 18 0.05861563 
557 451 42 57 0.05856001 
863 320 21 27 0.05797116 
206 354 14 19 0.057462845 
529 340 16 18 0.056955345 
196 395 18 25 0.056747478 
815 285 11 14 0.056701835 
54 363 14 20 0.0565902 
552 337 17 19 0.05622873 
75 361 16 19 0.056032788 
687 323 14 19 0.05519298 
910 390 27 41 0.054926418 
284 366 25 30 0.054693896 
231 419 31 36 0.054130156 
77 339 15 18 0.05378191 
298 330 14 16 0.053646255 
137 325 11 15 0.053277496 
762 331 14 18 0.052854035 
773 318 13 15 0.0516262 
347 330 13 16 0.051290866 
796 429 47 54 0.051040687 
67 333 14 18 0.050823916 
134 347 12 15 0.05076005 
595 330 14 15 0.05019533 
438 346 15 19 0.04983681 
794 300 15 17 0.049446423 
224 395 24 29 0.049430106 
696 366 25 30 0.049349245 
797 309 14 17 0.049234316 
209 385 19 26 0.048836365 
768 377 23 34 0.04848001 
857 287 16 18 0.048055526 
223 339 13 16 0.047488436 
9 525 46 67 0.04746279 
281 326 17 22 0.04632078 
629 318 15 20 0.046226453 
686 337 15 21 0.046215687 
564 411 31 47 0.046029065 
332 318 11 13 0.045926828 
251 358 18 21 0.045362823 
51 355 12 16 0.044915155 
328 359 21 25 0.04466345 
104 355 16 19 0.044508714 
240 584 46 66 0.044498067 
660 343 18 21 0.0444162 
272 330 15 17 0.0440811 
46 360 14 20 0.043989964 
752 254 9 10 0.043786373 
70 353 14 17 0.04358799 
325 318 13 16 0.042966295 
948 419 41 54 0.04281967 
536 427 28 36 0.042640444 
763 394 23 34 0.042433232 
235 337 13 17 0.042361137 
702 339 24 25 0.04229483 
592 358 17 24 0.042136602 
67 367 20 25 0.0417525 
751 247 7 9 0.041436635 
1 328 10 13 0.04093433 
906 346 26 30 0.040441032 
579 340 17 20 0.0403157 
121 341 11 15 0.040119648 
282 318 13 17 0.03977625 
837 294 10 13 0.039535657 
880 346 23 30 0.03940698 
155 366 16 20 0.039084166 
782 249 8 11 0.038826887 
778 340 22 24 0.03875876 
204 340 12 15 0.038619924 
804 306 13 16 0.038548123 
230 346 12 16 0.038539913 
331 377 24 30 0.038430586 
574 346 15 20 0.03795059 
315 389 23 38 0.0378731 
785 295 10 13 0.037656438 
777 330 15 17 0.037211012 
130 366 19 20 0.036922004 
96 335 14 16 0.0368003 
12 331 11 15 0.036422182 
332 322 14 16 0.036229793 
745 245 9 10 0.03598435 
581 332 14 16 0.035881646 
370 452 41 55 0.03578096 
135 330 10 14 0.035452515 
3 397 28 34 0.03471129 
977 314 21 26 0.034404803 
239 347 13 16 0.034043193 
68 471 42 43 0.033867773 
501 445 26 43 0.033867527 
549 346 18 20 0.033780314 
574 423 36 46 0.033771772 
270 359 21 25 0.033269387 
232 380 23 25 0.032791562 
706 330 16 18 0.03271635 
688 404 22 34 0.032558158 
189 330 12 17 0.032262955 
172 384 20 24 0.03213415 
837 511 74 103 0.031500444 
46 333 12 16 0.031491883 
131 343 12 15 0.031428542 
457 317 19 23 0.031298187 
342 325 12 13 0.031097729 
5 325 12 17 0.03101011 
999 306 19 23 0.030960124 
1014 282 10 16 0.030749045 
829 353 15 19 0.030545924 
-1 367 9 15 0.030112926 
437 349 22 28 0.029952612 
128 334 9 13 0.029760975 
911 335 22 28 0.029405829 
632 331 17 24 0.028855689 
168 334 13 17 0.02878577 
76 334 13 15 0.028738657 
343 456 45 57 0.028154638 
519 343 15 21 0.0280909 
2 433 22 42 0.027894296 
225 354 15 18 0.02779275 
150 337 13 16 0.027665708 
69 364 14 18 0.027602043 
147 383 23 28 0.027126312 
759 239 8 10 0.0270381 
328 312 10 12 0.027026687 
979 304 14 18 0.026859658 
95 354 16 20 0.026833557 
590 311 13 16 0.02680537 
113 326 9 12 0.026756687 
745 255 8 11 0.02652645 
848 285 10 14 0.02646005 
867 284 11 14 0.026124682 
698 337 18 19 0.025983935 
23 338 19 24 0.025832545 
251 326 18 21 0.025728479 
915 294 15 18 0.025511606 
118 326 9 12 0.025362626 
646 310 13 15 0.025328107 
313 324 12 17 0.025276367 
712 347 19 22 0.025124988 
726 312 14 20 0.024948187 
46 325 12 14 0.024583524 
729 302 17 24 0.024493357 
967 334 27 31 0.024469282 
82 365 18 21 0.024150813 
212 371 16 19 0.024143862 
793 342 17 21 0.024082085 
448 352 17 20 0.024063628 
652 338 16 20 0.02397637 
759 246 8 10 0.023810688 
513 460 42 48 0.023761753 
829 245 10 13 0.023582961 
748 262 10 14 0.02330059 
983 359 28 33 0.02322304 
865 358 18 22 0.02311604 
580 372 16 21 0.023072883 
795 293 12 15 0.023064205 
835 314 16 21 0.023054516 
811 304 15 18 0.022870887 
829 304 14 17 0.022636784 
283 346 15 20 0.02261484 
196 357 21 25 0.022560924 
155 378 16 23 0.022541758 
644 315 12 15 0.022435898 
42 338 13 17 0.022429498 
766 313 13 18 0.022234118 
964 286 15 20 0.022152279 
878 335 21 27 0.022053976 
863 224 8 11 0.022052174 
492 443 25 36 0.02203654 
831 385 21 28 0.021979855 
870 275 11 15 0.021942839 
437 324 12 16 0.021807116 
105 371 17 23 0.021773096 
960 387 30 36 0.021754649 
819 237 8 10 0.021732913 
596 309 12 15 0.021695046 
366 318 16 19 0.021685114 
106 339 12 15 0.021676198 
109 333 10 14 0.021627015 
303 420 25 38 0.021591732 
653 309 12 16 0.021497779 
247 304 11 13 0.021249592 
539 346 15 19 0.0211737 
888 289 12 17 0.021083355 
215 428 32 37 0.02107316 
188 369 20 26 0.021037228 
633 411 25 31 0.021033587 
360 346 17 20 0.020785535 
913 270 10 13 0.020765774 
448 470 47 57 0.020624537 
102 327 10 13 0.020604601 
1008 286 11 16 0.020388247 
57 437 31 40 0.020244569 
773 336 16 21 0.02020765 
218 379 17 23 0.020193681 
404 359 15 19 0.020156221 
643 336 15 20 0.020145763 
167 281 8 10 0.020061351 
668 355 17 22 0.020060573 
