0_Parade_Parade_0_470
33
416 204 63 83 0.9995328 
932 270 59 71 0.9995004 
900 174 58 69 0.99949896 
777 229 58 72 0.9992939 
327 163 53 73 0.99907684 
463 144 56 67 0.99905306 
470 334 72 93 0.9989986 
701 232 62 84 0.9988164 
295 239 66 81 0.99881434 
147 172 77 95 0.9985049 
221 178 62 76 0.9983322 
597 246 74 96 0.9982881 
839 234 48 64 0.998173 
619 138 57 73 0.9978909 
535 185 62 86 0.9978738 
123 468 82 113 0.9978635 
314 370 81 110 0.9955621 
38 164 81 101 0.99546367 
850 176 48 59 0.99110925 
762 171 16 24 0.9701709 
0 153 30 46 0.9641765 
270 174 31 40 0.9347126 
809 174 20 30 0.37297997 
788 180 32 30 0.29910943 
18 66 44 78 0.094568186 
500 118 33 41 0.09367304 
670 207 12 16 0.09028915 
10 148 45 63 0.08418011 
0 69 41 79 0.07815822 
843 206 48 59 0.07114375 
817 180 17 27 0.058919113 
675 205 14 19 0.030855512 
802 221 61 86 0.023407508 
