0_Parade_marchingband_1_234
100
668 322 16 21 0.9878604 
507 256 17 19 0.9877061 
404 411 16 21 0.98761123 
307 313 15 20 0.98596257 
402 290 16 18 0.98552346 
434 313 16 20 0.9833303 
677 284 15 19 0.9816691 
556 312 15 20 0.98144996 
844 253 15 19 0.97947836 
612 323 16 19 0.9768496 
525 416 15 19 0.97474784 
785 319 16 21 0.9727438 
285 296 14 17 0.97175366 
582 416 16 20 0.9704973 
747 274 15 17 0.96891856 
540 292 15 18 0.96801466 
671 210 14 17 0.9672742 
334 411 16 21 0.96606123 
467 233 15 17 0.9607363 
317 260 17 19 0.9600794 
704 419 15 20 0.9533456 
437 260 15 18 0.95233345 
646 412 16 20 0.9522196 
227 222 15 17 0.9519918 
489 308 16 19 0.95003784 
643 249 16 18 0.9478649 
569 269 15 17 0.94307977 
367 308 16 20 0.9354586 
282 420 14 19 0.9241798 
291 230 14 17 0.92179435 
807 282 17 19 0.92132056 
470 402 17 22 0.918342 
703 254 15 18 0.9121255 
530 224 16 17 0.90960723 
761 421 15 19 0.90536785 
603 206 15 16 0.90416855 
208 421 14 18 0.8985552 
375 265 13 16 0.8929443 
401 219 13 15 0.8816305 
836 329 15 17 0.873824 
482 176 14 17 0.8686223 
470 310 12 16 0.8517984 
255 255 15 18 0.8478633 
354 231 13 15 0.8383959 
864 303 14 18 0.8232433 
729 318 15 18 0.8170353 
244 331 14 19 0.7966442 
216 293 15 20 0.7882873 
554 166 13 16 0.7845081 
188 328 15 18 0.76573074 
607 304 16 18 0.7573732 
775 253 16 19 0.7243174 
738 231 13 15 0.7028045 
344 281 14 16 0.64202076 
355 203 11 13 0.35874847 
594 259 13 16 0.34664685 
637 429 10 13 0.3090887 
847 223 10 13 0.26228872 
141 427 9 12 0.2387689 
402 191 10 13 0.23085003 
671 182 9 12 0.19990359 
809 253 10 15 0.16953304 
425 283 14 17 0.101491995 
778 225 13 16 0.09898917 
234 191 10 14 0.092999585 
291 202 10 14 0.08985635 
600 179 12 16 0.08915327 
606 260 13 16 0.08298508 
646 215 11 15 0.07693426 
531 264 12 17 0.07528304 
676 252 10 14 0.07277033 
292 262 13 16 0.06828592 
611 266 13 16 0.06801889 
737 203 10 13 0.06262537 
459 271 11 15 0.05879286 
725 259 14 16 0.05820713 
256 223 11 14 0.055972163 
395 246 11 14 0.05470511 
703 226 10 15 0.043940604 
392 251 11 14 0.038576324 
319 228 10 14 0.037320066 
564 170 12 15 0.03647204 
204 293 13 17 0.036463443 
540 259 13 18 0.033119444 
731 254 13 15 0.032777432 
591 242 12 15 0.030861916 
878 287 12 16 0.030279052 
669 246 12 15 0.029711954 
434 229 13 15 0.02907816 
483 138 14 16 0.027162466 
216 287 13 17 0.026809478 
676 182 9 13 0.02575375 
555 442 15 19 0.025109973 
639 309 12 16 0.022943417 
244 284 14 19 0.022722606 
497 308 14 17 0.022685073 
382 243 11 14 0.022509431 
837 292 13 17 0.022201322 
487 234 13 15 0.021342926 
719 260 13 16 0.02080134 
