34_Baseball_Baseball_34_350
237
605 273 17 22 0.94498944 
86 114 13 16 0.800033 
655 276 14 16 0.78411204 
974 101 9 12 0.68401444 
551 5 10 12 0.6532104 
897 116 9 12 0.64961046 
594 333 13 16 0.5644234 
619 367 12 15 0.56406844 
608 155 10 13 0.5105221 
119 8 10 12 0.5032801 
684 21 9 12 0.47188348 
785 99 9 11 0.46976322 
120 139 10 13 0.4675211 
70 102 11 15 0.42687514 
621 263 13 16 0.41420528 
839 118 10 12 0.39637938 
2 122 10 16 0.36972338 
551 112 8 11 0.32456088 
18 8 8 11 0.31419617 
678 117 8 10 0.30612764 
962 119 8 9 0.2795654 
190 137 9 11 0.27950937 
593 131 10 11 0.26023665 
664 107 10 13 0.257261 
96 0 8 10 0.25545856 
172 124 9 12 0.25162703 
675 152 10 13 0.2513854 
508 30 8 10 0.24542625 
679 103 8 11 0.20886047 
541 134 10 14 0.20678547 
800 143 12 15 0.1847879 
610 96 7 9 0.1845124 
693 283 11 14 0.17803241 
486 119 9 11 0.17796946 
923 124 8 11 0.17704499 
527 91 8 11 0.1679102 
11 139 12 13 0.16307245 
218 95 11 13 0.1567509 
909 8 10 11 0.15542921 
922 87 8 10 0.146103 
615 128 8 10 0.14505431 
551 22 10 12 0.13498162 
603 6 9 11 0.13276379 
665 5 9 10 0.12361041 
629 93 10 12 0.12201132 
538 31 8 11 0.12164386 
817 180 10 12 0.12036896 
607 287 13 16 0.1149003 
617 9 9 11 0.114695854 
935 105 7 10 0.11374019 
861 94 8 10 0.11261784 
906 95 9 12 0.11248799 
57 55 9 12 0.10349652 
752 100 10 13 0.10159969 
957 29 8 10 0.10012692 
462 126 7 10 0.09863689 
852 13 10 13 0.095816955 
607 133 9 11 0.094463 
30 59 9 11 0.092873365 
553 157 9 12 0.0927337 
563 101 11 15 0.092438534 
543 22 8 10 0.090763465 
481 94 10 13 0.08932805 
678 110 10 12 0.08860207 
31 119 12 16 0.08683931 
30 28 8 10 0.08609743 
802 6 8 10 0.083322145 
586 269 13 16 0.08304454 
425 117 9 11 0.082516976 
234 118 8 11 0.07981688 
498 133 7 9 0.07896514 
750 96 10 12 0.07552227 
622 9 8 10 0.07465108 
740 93 12 16 0.074452765 
678 87 9 11 0.0718367 
736 100 11 13 0.07181045 
753 22 8 9 0.07179026 
454 13 7 10 0.06954957 
16 109 12 14 0.06952131 
88 22 8 11 0.0679833 
881 86 10 12 0.06781059 
549 173 11 14 0.06743432 
556 175 9 11 0.067012124 
56 29 8 10 0.06690666 
557 20 9 12 0.066839285 
871 110 10 14 0.06649137 
615 259 11 15 0.06578753 
741 87 10 12 0.06413818 
53 92 8 10 0.062635586 
686 103 9 11 0.062231913 
615 132 8 10 0.061608043 
752 108 11 14 0.06098561 
737 13 8 10 0.059746325 
151 53 10 12 0.05902242 
173 8 9 10 0.057898264 
673 264 10 14 0.05773088 
61 137 12 15 0.057056956 
907 100 10 13 0.056655508 
541 129 10 12 0.056364097 
610 129 8 10 0.055970445 
151 29 8 11 0.054682612 
668 102 10 14 0.054663133 
51 118 11 15 0.053399213 
485 124 10 11 0.05293722 
663 135 9 12 0.052340064 
95 12 9 11 0.05230725 
861 152 8 12 0.052253213 
680 94 9 11 0.052164305 
202 119 7 10 0.052040327 
174 14 7 9 0.051641013 
744 0 9 9 0.05076114 
622 125 8 11 0.049634125 
65 14 6 9 0.04856996 
664 97 10 12 0.04822014 
102 13 8 10 0.04808129 
597 31 10 13 0.047163602 
798 24 9 11 0.04694728 
1008 44 11 13 0.0467325 
56 39 8 9 0.04668425 
925 92 9 11 0.046293985 
493 150 11 13 0.045453746 
687 278 13 15 0.04452117 
888 182 9 12 0.044180777 
133 62 10 13 0.043318287 
522 121 8 11 0.042872686 
108 155 12 15 0.042787947 
620 174 12 15 0.041148297 
7 133 13 16 0.040722 
441 39 8 10 0.04035253 
572 175 13 16 0.039263487 
813 108 9 12 0.039204113 
525 124 8 10 0.038558584 
613 257 10 12 0.038136218 
440 136 9 11 0.03798355 
733 108 10 13 0.036579706 
133 27 8 11 0.036503803 
136 4 8 10 0.03626436 
726 142 11 15 0.036201257 
39 102 9 11 0.03580268 
637 312 12 17 0.035766277 
96 5 9 12 0.035687838 
550 134 9 11 0.03528563 
129 28 9 11 0.03516749 
742 135 10 12 0.035066597 
872 102 9 11 0.034354165 
612 152 9 12 0.03428992 
885 141 8 11 0.033884145 
71 96 12 15 0.03360883 
990 126 7 10 0.033588845 
881 92 9 11 0.03339919 
624 25 9 11 0.032774743 
26 28 8 10 0.03273057 
7 57 7 10 0.032696728 
481 100 8 11 0.032454535 
414 93 9 12 0.032453198 
1002 93 8 11 0.032415193 
647 120 9 12 0.03230191 
473 134 8 10 0.03187836 
595 174 11 13 0.031389825 
463 121 8 11 0.031255648 
596 346 13 16 0.031153651 
76 94 11 13 0.031063652 
949 182 10 11 0.030502167 
23 122 13 16 0.030179508 
577 113 8 10 0.0301228 
50 87 9 12 0.02982304 
136 166 11 15 0.029733337 
1005 158 9 11 0.029139923 
685 289 13 15 0.028646898 
100 116 13 14 0.028594043 
930 110 8 10 0.028593458 
882 149 8 11 0.028461145 
71 55 9 10 0.02784153 
496 173 10 11 0.02772396 
644 175 9 12 0.02755152 
545 4 12 13 0.02726942 
89 16 8 10 0.027163219 
55 26 7 10 0.02667826 
606 158 13 17 0.026374344 
224 116 8 11 0.026287263 
29 138 10 13 0.026259726 
671 1 9 10 0.02581034 
677 0 9 9 0.025201334 
501 129 8 10 0.025173238 
670 11 9 11 0.025166227 
687 109 9 10 0.025104005 
608 260 12 15 0.025058554 
698 278 12 15 0.02505338 
538 140 9 11 0.024734713 
921 0 8 9 0.02472511 
21 138 13 14 0.024515593 
844 83 11 14 0.02417826 
558 109 9 12 0.024122188 
86 99 12 16 0.02411795 
361 32 7 9 0.0240094 
838 99 8 11 0.024007013 
519 109 8 10 0.023941444 
541 36 9 11 0.023786372 
645 315 10 15 0.023473803 
537 1 10 10 0.023404213 
913 147 10 13 0.023320753 
65 107 10 12 0.023302915 
669 133 9 12 0.023283582 
911 135 9 11 0.023278521 
6 23 8 11 0.023181662 
685 95 9 11 0.022928167 
925 120 8 12 0.0228757 
552 94 8 11 0.022731353 
937 156 9 11 0.022699974 
623 120 8 11 0.02250767 
576 133 10 12 0.022494853 
39 109 9 11 0.022273242 
49 29 8 9 0.022238536 
616 30 8 11 0.022133626 
133 55 10 11 0.022005897 
93 23 8 11 0.021826662 
575 8 9 11 0.021786546 
623 133 8 10 0.021777574 
485 132 9 11 0.021717489 
799 189 11 12 0.021521961 
479 133 8 12 0.021488626 
610 100 7 10 0.021328807 
885 186 11 14 0.021281464 
0 28 8 11 0.021270568 
646 152 8 11 0.021213988 
567 6 8 10 0.021192633 
92 120 14 16 0.021050215 
862 109 10 13 0.02103006 
623 152 8 10 0.020816032 
600 112 8 11 0.020734597 
693 104 9 12 0.020407485 
142 84 14 17 0.020280983 
886 136 9 12 0.020243812 
664 114 9 12 0.020080695 
929 190 9 12 0.020068062 
640 269 9 13 0.020067042 
561 96 10 13 0.02006205 
