39_Ice_Skating_Ice_Skating_39_504
19
409 157 33 45 0.9954661 
175 216 32 42 0.9936745 
619 229 29 37 0.9883836 
941 156 14 19 0.97170657 
102 179 13 16 0.9592674 
985 167 10 14 0.7164896 
628 133 9 10 0.3629963 
692 136 8 10 0.3466607 
903 139 11 15 0.20402375 
349 149 9 11 0.17798454 
254 124 8 10 0.07567101 
280 134 8 11 0.050720077 
614 150 8 12 0.037608653 
520 321 15 17 0.033968396 
1013 181 10 15 0.026440151 
637 386 15 18 0.024226876 
907 145 12 15 0.022522083 
354 260 17 21 0.02246974 
257 142 10 12 0.021566276 
