39_Ice_Skating_Ice_Skating_39_252
35
717 180 33 36 0.99481404 
819 164 27 29 0.9899418 
514 177 23 27 0.989735 
186 185 41 44 0.9873949 
473 185 24 28 0.98168683 
375 179 23 31 0.98155653 
322 178 23 28 0.9808734 
417 168 22 28 0.9666845 
624 193 21 25 0.91930234 
394 159 18 21 0.47671032 
547 165 16 20 0.37841016 
263 174 15 22 0.3567438 
541 192 16 22 0.17619097 
334 174 23 30 0.1337459 
347 174 16 25 0.1220461 
605 183 20 25 0.08148952 
402 163 21 26 0.07016859 
298 157 20 23 0.062984526 
431 165 20 29 0.062124487 
891 131 27 35 0.059361752 
385 166 22 31 0.054041788 
302 184 23 29 0.04739625 
521 181 25 29 0.044359904 
501 153 17 21 0.043370467 
295 158 13 17 0.038398378 
405 120 11 14 0.035226826 
333 262 10 12 0.031374875 
442 167 16 22 0.031032946 
568 213 28 35 0.02847062 
307 166 17 21 0.023901 
475 160 17 20 0.023371913 
920 75 25 30 0.02327299 
354 177 25 30 0.021657065 
474 167 22 25 0.021136897 
429 391 9 12 0.020874742 
