39_Ice_Skating_Ice_Skating_39_1029
126
207 252 9 12 0.9751728 
926 214 12 14 0.91049844 
269 255 10 13 0.84413284 
237 273 9 12 0.84163105 
754 223 15 21 0.83559495 
296 252 11 14 0.81509656 
351 254 10 13 0.7363609 
110 248 9 12 0.6857103 
819 245 10 13 0.6826125 
653 230 12 16 0.6344432 
524 240 10 13 0.6072478 
418 269 10 13 0.6063565 
393 256 10 13 0.47475785 
491 246 9 12 0.4701617 
740 224 10 13 0.44026044 
559 251 10 12 0.42673647 
326 252 11 15 0.3964772 
422 252 10 13 0.37926856 
464 253 8 11 0.3284269 
159 265 8 11 0.27844703 
537 256 8 10 0.2533183 
176 252 9 11 0.23410457 
326 248 10 12 0.21391739 
253 265 9 11 0.18593587 
613 238 8 11 0.16523454 
142 253 8 10 0.15932429 
181 252 8 11 0.14758298 
713 230 8 11 0.14311105 
608 255 8 10 0.14161581 
663 236 9 12 0.1399017 
447 262 8 11 0.13582414 
690 277 8 11 0.1182813 
410 262 8 10 0.11508057 
137 249 8 10 0.11328408 
629 256 9 12 0.102253 
577 253 9 11 0.09979785 
281 269 8 11 0.09616977 
414 264 10 13 0.09563149 
441 271 7 10 0.094585896 
477 264 8 11 0.09386428 
285 264 8 11 0.093833804 
432 261 8 11 0.09244147 
695 239 9 12 0.087867394 
446 270 8 10 0.08190036 
95 257 7 9 0.081291825 
212 279 11 14 0.08035621 
525 270 10 13 0.0705868 
170 253 8 10 0.06885919 
192 262 8 10 0.06503502 
461 285 10 14 0.06268794 
320 260 10 12 0.06266353 
575 235 10 12 0.06180846 
218 238 8 10 0.054897103 
261 270 8 10 0.05328943 
594 261 8 10 0.053210244 
648 234 11 14 0.05076684 
408 245 8 11 0.049934607 
469 248 8 11 0.046096094 
527 261 9 10 0.045299873 
598 257 8 11 0.044686273 
738 269 9 12 0.042264886 
312 263 9 11 0.040970407 
439 263 9 11 0.03888922 
520 260 8 11 0.0378836 
433 269 8 11 0.036959022 
356 279 10 12 0.036862344 
428 256 10 12 0.036713284 
640 255 8 10 0.03644313 
421 259 11 14 0.036389567 
154 263 8 11 0.03637162 
669 237 7 10 0.03629192 
94 261 8 10 0.035935085 
264 258 11 14 0.035835706 
454 261 8 10 0.034977987 
374 263 8 10 0.034404773 
165 264 9 11 0.034293354 
221 279 9 12 0.033223096 
344 262 8 11 0.031844255 
545 272 8 9 0.031498987 
454 278 9 12 0.03143018 
672 253 8 11 0.030073008 
431 245 8 10 0.029992657 
346 254 10 12 0.029460695 
128 247 8 10 0.029394494 
743 236 10 14 0.02922911 
191 256 9 11 0.029158456 
473 266 9 12 0.028825464 
462 257 10 13 0.028588459 
732 246 9 11 0.028573867 
248 268 9 12 0.027732432 
581 237 9 11 0.027554534 
560 241 9 11 0.027182318 
407 270 9 11 0.026988167 
105 251 9 11 0.026835985 
600 205 8 11 0.026813842 
792 253 12 13 0.02681057 
357 259 8 12 0.02664322 
333 261 10 12 0.025808277 
627 260 8 10 0.024895648 
702 246 8 11 0.024874069 
17 77 10 12 0.024510212 
591 238 9 11 0.024433807 
660 232 10 13 0.023994185 
408 255 9 11 0.023957886 
190 269 8 11 0.023802487 
221 246 9 11 0.023745952 
816 249 11 14 0.023482496 
736 263 10 12 0.022760885 
711 255 9 11 0.022474572 
352 272 8 11 0.022178538 
607 234 9 12 0.022099527 
607 246 9 11 0.022018963 
590 230 8 11 0.021845851 
503 262 7 10 0.021834472 
554 253 9 12 0.02169419 
640 235 9 12 0.021217605 
322 247 9 11 0.02105483 
277 255 10 12 0.020977525 
615 245 8 11 0.02092083 
690 243 9 12 0.020852815 
213 79 10 12 0.020653052 
737 219 21 23 0.020611884 
600 237 10 13 0.020555459 
198 69 8 11 0.020459466 
705 231 8 12 0.020123484 
454 272 8 10 0.020058015 
