39_Ice_Skating_Ice_Skating_39_992
107
666 479 54 64 0.99908006 
956 579 54 66 0.9990012 
727 733 58 68 0.9989441 
296 846 58 72 0.9985582 
307 256 57 72 0.99848723 
534 720 75 96 0.9981944 
169 276 51 62 0.99804115 
117 41 50 66 0.9979512 
938 248 45 61 0.9978816 
613 267 48 59 0.997872 
776 606 57 66 0.9972307 
159 807 49 66 0.99695885 
23 382 50 53 0.9969066 
824 479 47 59 0.9967451 
836 125 50 67 0.99667406 
382 380 47 61 0.99624395 
424 20 49 65 0.9960306 
747 -2 53 60 0.99576265 
334 472 52 64 0.9950368 
11 635 55 66 0.9945169 
803 250 48 60 0.99366075 
728 369 50 58 0.99360645 
383 140 49 57 0.99317473 
899 710 51 63 0.9923534 
463 265 46 56 0.99152476 
214 618 48 61 0.98898685 
570 371 48 51 0.9862016 
904 27 44 54 0.9840021 
284 48 45 52 0.96671516 
288 425 36 58 0.92931235 
283 682 69 78 0.91286373 
219 170 44 56 0.8519019 
994 460 30 64 0.7886916 
473 147 53 63 0.484498 
225 832 39 41 0.45866072 
346 415 45 60 0.42348766 
90 156 45 58 0.38260692 
337 370 35 42 0.3798703 
185 446 41 51 0.3187241 
69 697 51 60 0.3056376 
100 133 36 42 0.16583644 
510 270 34 52 0.14966168 
854 446 36 46 0.1423145 
890 0 31 38 0.12973858 
544 19 26 35 0.12878664 
53 176 34 40 0.12679149 
846 737 54 64 0.12614161 
256 554 31 38 0.11546081 
667 451 50 64 0.10344083 
475 431 31 46 0.09097658 
651 0 36 32 0.08798477 
671 413 37 43 0.08257935 
913 6 48 54 0.08246231 
734 548 50 62 0.08013747 
880 406 33 38 0.07004045 
76 585 44 63 0.059568223 
344 438 53 67 0.057754416 
317 365 42 52 0.057105698 
237 199 43 57 0.05691676 
561 -1 17 14 0.055084616 
995 123 29 62 0.05324423 
539 490 53 68 0.04992857 
666 427 44 53 0.04898848 
361 382 43 58 0.04672767 
92 478 51 65 0.04404858 
92 695 54 65 0.04299449 
5 165 31 48 0.041873112 
725 337 48 61 0.03887623 
451 245 44 56 0.038525514 
67 163 41 54 0.037729047 
0 48 23 62 0.036995336 
846 696 54 70 0.036458924 
235 369 36 53 0.035620715 
850 672 46 60 0.03497309 
229 214 33 42 0.034321945 
3 364 32 40 0.031162022 
330 388 45 58 0.031036058 
765 567 52 65 0.030755997 
722 702 56 75 0.030050645 
434 232 33 49 0.029902231 
690 5 48 58 0.029188149 
260 559 47 60 0.0285781 
879 600 42 49 0.027844306 
272 20 50 64 0.027389977 
457 441 41 58 0.0270896 
283 94 45 58 0.027005905 
866 746 32 42 0.026995948 
115 230 40 55 0.02624728 
755 546 49 60 0.026134487 
119 490 29 40 0.025255293 
360 917 34 36 0.024722926 
502 125 49 64 0.023781842 
721 679 49 59 0.02321771 
551 45 28 34 0.02263476 
13 508 62 88 0.022374725 
83 602 49 68 0.022290742 
697 674 53 61 0.02227124 
785 551 28 33 0.0222445 
529 13 47 55 0.022226563 
144 613 51 64 0.021928344 
33 483 88 120 0.02157986 
190 813 44 60 0.021122253 
536 69 100 114 0.021018347 
304 559 48 67 0.020475965 
851 797 34 44 0.020352727 
664 -2 42 37 0.020205714 
65 478 55 71 0.02002878 
