39_Ice_Skating_iceskiing_39_901
49
662 416 28 33 0.9975937 
300 144 34 49 0.98368454 
569 249 16 25 0.7641631 
635 413 23 28 0.24959025 
662 330 10 14 0.20095955 
550 369 16 19 0.19921061 
459 344 11 16 0.1490109 
721 359 12 13 0.13616288 
963 311 13 18 0.11866291 
919 304 21 23 0.10939461 
595 287 16 19 0.088897616 
781 356 16 23 0.06462532 
801 267 14 16 0.05939013 
873 327 9 13 0.055045106 
703 315 9 12 0.05358322 
782 301 12 16 0.050579317 
638 381 12 14 0.05053277 
916 289 14 18 0.045956753 
649 371 11 14 0.045829978 
658 325 10 13 0.04276655 
464 300 12 15 0.041575596 
601 355 11 18 0.040778052 
451 196 16 22 0.0406081 
653 368 9 12 0.039706476 
492 510 58 49 0.039541457 
707 331 12 15 0.038284548 
496 316 10 13 0.036500994 
696 319 9 12 0.034174398 
669 351 11 13 0.034067255 
1011 334 12 17 0.033895973 
929 301 16 18 0.032263603 
766 343 14 19 0.032243203 
621 403 14 17 0.03199979 
513 317 12 16 0.0299844 
668 330 10 14 0.028326198 
509 372 12 15 0.027721627 
884 317 13 15 0.027320193 
407 139 11 14 0.027173152 
442 265 15 18 0.026610084 
829 267 13 15 0.025852697 
595 400 14 21 0.02454714 
964 313 20 29 0.02391614 
817 279 17 20 0.023320591 
876 325 12 16 0.02129042 
664 349 11 13 0.021078147 
870 292 10 14 0.020521777 
755 409 17 20 0.02046293 
776 362 12 16 0.020163156 
969 326 19 25 0.020045936 
