39_Ice_Skating_Ice_Skating_39_568
20
360 115 32 47 0.98797774 
909 121 13 15 0.9398075 
106 126 22 26 0.90629125 
918 313 31 53 0.79999566 
701 116 16 22 0.651046 
181 162 15 19 0.5442092 
896 135 11 14 0.13778012 
186 163 17 22 0.09428543 
903 292 49 63 0.07130721 
899 139 10 14 0.06930737 
920 140 11 14 0.04383888 
925 136 10 13 0.04213254 
950 119 9 12 0.03403751 
543 133 14 19 0.03225565 
37 170 9 15 0.030974224 
945 118 9 12 0.028171146 
280 113 8 10 0.0255021 
798 157 15 17 0.023968816 
980 115 13 16 0.023111656 
821 114 11 17 0.021128388 
