39_Ice_Skating_Ice_Skating_39_661
217
222 266 11 14 0.959142 
808 360 15 19 0.9207782 
194 258 12 16 0.8752161 
1 371 14 19 0.85972357 
471 302 11 14 0.83082837 
93 323 13 15 0.8053344 
250 252 8 11 0.7765188 
509 254 9 12 0.69765615 
161 294 10 13 0.64211726 
413 425 22 23 0.6069221 
76 235 9 12 0.596602 
718 271 10 12 0.5527917 
542 260 9 12 0.5505203 
489 190 7 10 0.38093805 
48 259 12 14 0.35838467 
467 186 6 8 0.35474676 
440 312 9 11 0.31935197 
443 506 23 23 0.3183839 
593 223 8 10 0.28001577 
616 176 9 12 0.26689127 
292 366 11 14 0.24634269 
261 197 8 10 0.20694664 
156 387 12 20 0.20374265 
13 293 10 13 0.20033558 
769 332 10 13 0.1982349 
838 254 8 10 0.17548282 
629 221 8 11 0.1724391 
480 380 8 10 0.16788352 
617 166 8 11 0.1651229 
383 180 6 9 0.16434139 
-1 262 8 13 0.15231742 
176 298 11 13 0.13001992 
589 183 8 10 0.123236485 
649 198 8 10 0.115273155 
30 295 9 11 0.11123342 
717 224 9 11 0.10909468 
443 183 7 9 0.108727515 
369 268 10 12 0.10693854 
204 424 15 19 0.106774695 
15 298 11 14 0.1058954 
702 228 9 11 0.10118089 
343 198 7 10 0.10081523 
397 270 8 11 0.10015417 
262 194 7 9 0.0976832 
649 190 8 10 0.09501962 
513 210 7 9 0.09324084 
393 198 7 9 0.089243464 
217 311 10 12 0.08755076 
533 276 11 14 0.08591669 
163 309 11 13 0.08173078 
793 207 7 9 0.08036474 
231 256 9 11 0.075955056 
569 211 9 12 0.0753531 
351 239 7 9 0.073409975 
289 198 6 9 0.07247701 
252 350 11 14 0.0720192 
713 227 10 13 0.071862966 
138 390 18 21 0.06925684 
800 215 7 9 0.06544303 
108 246 10 11 0.06401804 
609 192 7 9 0.06315217 
653 185 8 10 0.061562706 
853 374 12 20 0.060412895 
418 190 7 9 0.05909969 
791 222 8 10 0.05845776 
25 349 9 12 0.058299042 
422 190 7 9 0.054417513 
424 225 6 8 0.05426494 
827 440 13 18 0.053984657 
782 371 11 14 0.05234328 
23 294 9 13 0.051625833 
287 182 7 9 0.050756596 
842 233 8 10 0.05031606 
352 198 6 9 0.047341287 
434 311 9 12 0.04585804 
685 337 13 16 0.045192357 
279 192 7 8 0.044686522 
686 191 9 10 0.043700643 
29 260 10 13 0.043316443 
469 188 8 11 0.043086138 
338 198 8 10 0.042768754 
374 95 7 9 0.042140007 
257 193 8 10 0.042021643 
825 215 7 9 0.04111774 
826 224 7 9 0.040543206 
370 205 7 9 0.04012447 
30 350 10 13 0.039429266 
684 310 12 17 0.039290126 
983 287 9 10 0.03906798 
31 256 10 13 0.03860686 
352 232 8 9 0.038436417 
589 177 8 11 0.038152426 
584 190 8 9 0.03781148 
820 133 9 12 0.03761195 
825 229 8 10 0.037006836 
443 316 11 14 0.036759652 
792 215 8 9 0.036524374 
343 247 7 9 0.036468487 
378 181 7 10 0.036449123 
512 367 9 11 0.03638583 
474 305 12 15 0.03585647 
414 413 22 26 0.03558022 
358 270 8 11 0.035533138 
456 205 7 10 0.03543877 
282 183 7 9 0.03505588 
845 236 8 10 0.034965623 
440 190 7 9 0.03484041 
320 239 6 9 0.03477777 
545 184 8 10 0.034622505 
895 540 8 11 0.034400187 
842 222 7 9 0.034107853 
887 552 9 10 0.033306785 
455 505 15 20 0.0331367 
7 301 10 12 0.03297758 
38 255 8 12 0.032348763 
21 378 14 19 0.031300552 
762 206 7 9 0.030709537 
274 191 7 9 0.030616846 
560 264 9 12 0.030472223 
952 254 10 11 0.030291278 
612 230 10 12 0.03006571 
369 201 7 9 0.029734714 
145 332 8 13 0.029720625 
759 240 8 9 0.02969248 
25 262 9 12 0.029021248 
852 403 10 14 0.02893066 
296 182 6 9 0.02880887 
502 484 11 13 0.028539987 
360 192 7 9 0.028412655 
22 369 14 18 0.028386196 
591 189 8 10 0.028346581 
830 223 7 9 0.028282056 
783 200 8 9 0.02822691 
661 327 9 11 0.02821805 
378 217 7 9 0.028114028 
345 185 6 7 0.027804257 
360 197 7 9 0.027472582 
222 195 7 8 0.027461546 
398 199 6 9 0.027227094 
342 191 8 11 0.02701301 
447 177 6 10 0.026861805 
217 193 6 9 0.026461262 
758 434 12 17 0.02640217 
737 214 9 11 0.026349928 
0 327 7 11 0.02613368 
375 201 6 8 0.026056098 
321 200 7 9 0.026043553 
641 222 7 10 0.025944497 
577 190 7 9 0.025807608 
546 406 8 11 0.025619721 
394 277 8 11 0.025599148 
650 142 9 12 0.025481021 
562 181 7 10 0.025408993 
726 230 8 10 0.025398681 
370 95 7 10 0.025395328 
374 206 7 8 0.02528355 
831 239 9 11 0.025154015 
831 217 7 8 0.025120856 
760 394 16 17 0.025092468 
0 294 9 11 0.025091385 
105 279 9 12 0.025080515 
790 229 7 10 0.025010364 
796 296 10 12 0.024998069 
566 182 7 9 0.024991557 
653 199 8 10 0.024963431 
121 247 9 10 0.024780493 
622 130 7 9 0.024728589 
53 244 12 14 0.024659349 
206 367 12 18 0.024558142 
392 193 7 9 0.02445018 
110 190 8 9 0.024161551 
353 192 8 9 0.023921529 
721 189 7 9 0.023896234 
869 399 11 14 0.02387964 
613 191 8 10 0.023686683 
372 265 9 11 0.023679856 
37 331 11 12 0.023543136 
84 196 9 11 0.023516065 
126 246 8 10 0.023465412 
120 254 9 10 0.023247356 
872 244 10 12 0.023059962 
538 257 9 10 0.02300601 
713 273 12 14 0.022908164 
612 237 10 14 0.02283323 
151 201 7 9 0.022801107 
54 224 9 11 0.02267474 
855 367 11 14 0.022605507 
624 192 8 10 0.02259972 
585 199 8 9 0.022567034 
217 175 7 9 0.02241831 
656 230 7 9 0.022265997 
110 185 8 9 0.022113059 
351 245 8 10 0.021689557 
338 247 7 9 0.021585988 
309 375 10 13 0.0214514 
379 177 7 10 0.021336058 
32 299 9 12 0.02133359 
792 201 7 10 0.02133179 
219 263 10 14 0.02127181 
391 295 10 13 0.021248218 
126 240 9 11 0.021221219 
394 206 7 9 0.021165945 
38 350 11 14 0.020999935 
870 256 9 11 0.020990543 
640 217 7 9 0.020945909 
745 247 8 10 0.020920197 
359 255 7 9 0.02089876 
479 176 7 9 0.0208184 
729 246 8 12 0.020813819 
359 231 6 9 0.02078703 
550 184 7 9 0.020721605 
743 357 13 17 0.020656193 
89 319 13 16 0.020423597 
568 199 8 10 0.020279951 
256 203 8 11 0.02014498 
936 512 7 9 0.020089643 
545 188 8 11 0.020030264 
