39_Ice_Skating_Ice_Skating_39_794
50
49 1040 29 40 0.98861676 
368 943 17 21 0.9487842 
51 1171 44 51 0.9365689 
565 938 16 21 0.9013517 
331 956 13 20 0.85532373 
931 981 42 49 0.7848193 
196 1146 44 51 0.656268 
701 952 19 20 0.6230476 
342 1014 26 27 0.6058652 
628 970 15 18 0.43095908 
120 812 12 18 0.325063 
141 807 13 18 0.3081461 
72 806 12 16 0.3008079 
100 811 11 15 0.23753746 
75 811 12 14 0.21308143 
24 951 32 43 0.20404877 
59 1157 36 43 0.1787234 
30 804 13 16 0.16766575 
623 966 15 18 0.16636398 
680 513 15 19 0.13871412 
992 931 19 20 0.11070972 
63 982 25 30 0.10408728 
39 812 11 14 0.10149986 
176 816 8 10 0.08226966 
118 805 13 17 0.07550274 
741 1018 16 16 0.07434105 
634 976 12 19 0.057245288 
137 811 11 14 0.05649469 
168 813 9 12 0.052630886 
182 816 8 10 0.04924126 
694 948 18 22 0.047319945 
72 987 27 32 0.040716883 
83 812 11 15 0.038900554 
315 946 15 21 0.038537834 
54 877 24 32 0.033955906 
170 799 7 10 0.03259437 
263 833 14 17 0.030505972 
749 946 13 17 0.03002881 
7 805 13 18 0.029872704 
168 807 9 12 0.028946243 
53 985 19 22 0.027140437 
100 815 15 20 0.026348623 
191 813 8 11 0.026294827 
620 554 13 19 0.026055131 
995 931 27 31 0.025044248 
110 812 11 15 0.023493672 
24 803 14 18 0.02273458 
622 960 13 17 0.021748662 
581 963 13 16 0.021406852 
29 1035 14 22 0.021255396 
