39_Ice_Skating_iceskiing_39_138
29
562 183 106 111 0.9861027 
291 209 61 52 0.9575925 
25 120 35 39 0.6794508 
388 337 34 34 0.56819946 
38 115 34 41 0.4776315 
355 129 34 37 0.12103761 
0 318 25 34 0.11484134 
504 466 45 30 0.088146776 
253 240 17 22 0.08209301 
16 644 224 280 0.06485303 
788 358 66 89 0.05046004 
22 90 33 34 0.04976858 
200 420 47 53 0.045594096 
50 109 31 37 0.038702965 
243 242 18 21 0.03394025 
797 333 55 65 0.032234877 
34 131 20 25 0.031990856 
95 242 28 29 0.03043336 
389 462 32 35 0.029888723 
0 127 8 16 0.029670907 
262 233 42 56 0.02743237 
32 268 24 36 0.027012331 
812 335 33 31 0.024762563 
85 249 29 31 0.024604384 
32 449 14 17 0.0243384 
420 549 17 20 0.023287717 
273 222 52 60 0.022517228 
52 423 112 145 0.021739995 
482 470 34 32 0.020837964 
