39_Ice_Skating_Ice_Skating_39_389
113
672 364 7 9 0.7800725 
367 382 8 10 0.77603155 
49 367 12 14 0.66715664 
606 361 8 10 0.65470153 
544 360 8 11 0.6025812 
408 374 8 10 0.58822703 
272 384 8 11 0.57722557 
376 391 11 14 0.5010883 
325 379 9 11 0.47691885 
458 367 8 11 0.47312328 
569 361 8 10 0.46374863 
638 363 8 11 0.33851245 
505 360 8 10 0.30073243 
509 360 9 11 0.2530273 
238 393 8 11 0.23965754 
462 384 10 12 0.22314884 
799 367 7 9 0.21750124 
741 364 7 9 0.19090416 
449 390 7 10 0.18295355 
409 390 9 12 0.17431524 
647 377 7 9 0.16142584 
423 393 8 10 0.16032359 
824 365 7 9 0.14655128 
770 366 7 9 0.13941157 
325 395 11 15 0.13607371 
461 370 9 12 0.13122222 
276 384 9 11 0.13056955 
376 407 10 12 0.13017185 
634 364 8 10 0.118889764 
362 398 9 11 0.11582318 
277 404 12 15 0.094416834 
234 380 8 11 0.0873675 
400 393 8 10 0.08660004 
503 375 8 11 0.08528757 
770 380 9 12 0.08390368 
543 372 10 13 0.076049075 
831 377 7 9 0.075969234 
272 397 11 13 0.073708594 
567 392 9 12 0.073320046 
800 375 8 11 0.0732758 
768 375 9 12 0.0731152 
728 376 8 10 0.06764097 
793 398 7 9 0.067050435 
743 381 7 10 0.06554926 
571 364 9 12 0.061965417 
313 399 8 11 0.061850764 
319 396 11 15 0.05603959 
412 373 8 10 0.05472905 
569 371 8 11 0.052625716 
671 398 8 10 0.052576385 
799 380 8 11 0.049299072 
824 376 8 11 0.049032796 
232 397 11 13 0.04703458 
625 376 7 10 0.044956654 
366 404 10 13 0.04404365 
495 394 10 13 0.042150848 
641 380 7 10 0.041170374 
456 382 9 13 0.039891433 
630 376 8 10 0.039616432 
452 389 9 11 0.03834228 
574 375 7 10 0.038264584 
792 382 7 10 0.03722445 
42 367 9 12 0.03603528 
616 376 7 10 0.03540401 
536 375 8 11 0.034639675 
665 382 7 9 0.03453063 
562 392 8 10 0.034516737 
679 381 7 10 0.034428533 
817 375 7 10 0.032766793 
577 381 7 9 0.03222525 
463 401 8 10 0.031212246 
413 407 10 12 0.031127175 
497 375 8 10 0.029878505 
633 393 8 10 0.029515978 
61 384 9 11 0.02875248 
753 390 8 10 0.027906733 
409 407 9 11 0.027450176 
494 382 10 13 0.027404092 
236 377 9 11 0.02734692 
672 381 7 9 0.02713684 
602 364 8 10 0.026842626 
318 405 12 15 0.02682756 
639 392 8 11 0.02637146 
57 388 10 12 0.02560513 
405 394 10 14 0.025217235 
408 381 9 12 0.025207333 
266 407 8 13 0.02509598 
631 380 8 10 0.024930455 
591 376 8 10 0.024899092 
313 404 9 13 0.024606356 
403 375 8 10 0.024411878 
585 377 7 10 0.023965077 
449 385 8 10 0.023822052 
229 404 13 16 0.023812426 
457 405 8 10 0.023716748 
795 367 6 8 0.023322957 
791 337 6 8 0.023321047 
625 380 7 10 0.02285333 
455 400 8 11 0.022296775 
270 404 12 15 0.02216663 
582 381 8 9 0.02206908 
414 393 10 13 0.021869922 
324 402 11 15 0.02136777 
490 382 8 11 0.021362854 
373 383 10 11 0.021362485 
539 360 8 11 0.021052018 
222 405 12 15 0.021003967 
676 365 7 10 0.020930268 
818 367 8 9 0.020683113 
758 384 7 10 0.020609526 
785 375 7 9 0.020530626 
536 397 8 10 0.0203221 
544 379 7 10 0.020140953 
