39_Ice_Skating_Ice_Skating_39_546
20
383 288 59 69 0.99936193 
217 244 64 73 0.99879825 
531 283 16 20 0.96131307 
630 312 38 43 0.89767283 
38 279 9 11 0.8413 
574 289 15 22 0.7208893 
592 306 13 16 0.18024512 
81 284 9 12 0.105965525 
295 294 9 12 0.09807175 
769 246 38 49 0.096435964 
717 292 46 58 0.0961517 
602 275 13 18 0.0722678 
503 296 8 11 0.052565806 
43 278 9 12 0.04487424 
607 299 11 14 0.043053742 
567 292 16 21 0.03274082 
559 285 11 14 0.025512928 
446 311 15 21 0.02362859 
497 296 9 11 0.022820687 
117 292 9 11 0.021036947 
