39_Ice_Skating_Ice_Skating_39_658
88
113 416 9 12 0.6034811 
197 442 10 14 0.3669823 
53 418 11 14 0.33114073 
41 430 9 10 0.3107608 
205 408 9 11 0.2608908 
3 388 7 11 0.24213722 
782 397 8 11 0.1592046 
185 412 9 12 0.12388619 
224 428 8 11 0.10971774 
47 421 11 14 0.09422325 
885 405 8 10 0.08781332 
168 414 9 11 0.08714451 
862 417 11 14 0.08688014 
152 396 8 11 0.07743148 
355 531 20 19 0.07115059 
864 398 7 10 0.06807698 
0 436 10 15 0.065043665 
174 414 8 10 0.06264397 
937 399 8 11 0.055353396 
144 406 9 12 0.055090237 
81 415 9 10 0.0538437 
969 407 9 12 0.050779916 
698 415 10 14 0.050544333 
86 414 8 10 0.049972568 
514 146 15 16 0.049941078 
751 420 10 13 0.049862955 
192 440 11 13 0.049614016 
53 405 9 11 0.048501946 
903 420 9 12 0.046372883 
943 399 8 11 0.04561223 
114 430 9 10 0.043750346 
97 415 7 11 0.043383703 
856 415 12 14 0.04333898 
913 375 8 11 0.042319953 
87 408 8 11 0.03920106 
813 416 9 10 0.037466094 
796 414 11 12 0.036520343 
967 423 10 13 0.034680106 
456 398 7 9 0.033450924 
16 397 10 13 0.033236068 
858 398 7 10 0.03318823 
5 385 9 12 0.032711033 
209 421 11 12 0.032682616 
656 416 9 12 0.032266025 
2 413 8 11 0.032229036 
973 407 10 13 0.031771842 
50 400 8 10 0.030749403 
202 410 9 12 0.030618899 
173 429 10 12 0.030072417 
895 421 10 13 0.029551115 
983 407 9 12 0.029498888 
896 397 9 12 0.029461678 
80 421 8 11 0.028966777 
901 431 9 13 0.028393079 
30 414 10 12 0.02816904 
185 444 9 11 0.027662637 
1014 405 9 13 0.027387891 
64 429 8 10 0.027104815 
55 429 9 11 0.026612567 
880 401 9 12 0.026605114 
32 438 8 11 0.025868097 
62 422 8 11 0.025698867 
161 414 9 11 0.025596086 
213 413 9 11 0.025349295 
447 407 9 11 0.025319375 
39 434 9 12 0.025032166 
648 416 9 12 0.025009286 
961 366 10 12 0.024979755 
157 397 9 12 0.024506861 
599 393 6 8 0.024501435 
189 408 8 12 0.02396238 
175 422 10 12 0.02367083 
103 416 8 11 0.023519125 
662 415 9 12 0.023505677 
16 389 10 13 0.023225432 
128 415 9 12 0.023028359 
135 415 8 10 0.022947213 
952 388 8 12 0.022886919 
98 454 7 10 0.021961022 
181 422 9 11 0.021711426 
567 429 7 10 0.021569923 
95 408 8 11 0.021432372 
896 391 9 12 0.02127859 
153 367 8 10 0.020747537 
283 2 90 102 0.020662839 
736 414 9 13 0.020306885 
569 407 8 9 0.020047072 
275 407 7 9 0.020033197 
