39_Ice_Skating_Ice_Skating_39_1047
53
245 113 54 68 0.9978656 
746 144 59 75 0.99721247 
878 174 25 32 0.99572206 
812 74 24 30 0.9941299 
832 145 23 30 0.99378175 
590 196 23 27 0.9905223 
736 3 23 28 0.98741895 
498 197 22 29 0.9856963 
723 79 24 30 0.9830888 
124 23 18 22 0.9829044 
938 72 22 28 0.98191637 
243 20 19 24 0.98024166 
59 23 19 24 0.9764789 
944 5 19 24 0.9746517 
307 16 20 24 0.97449386 
881 38 21 28 0.9706298 
531 131 18 26 0.9699285 
671 0 21 24 0.96773636 
457 161 22 27 0.9671282 
529 175 19 25 0.9571972 
602 132 18 23 0.9542422 
881 10 19 23 0.93885106 
965 191 29 33 0.93694866 
8 16 18 22 0.93353987 
180 19 20 25 0.92297035 
808 28 17 21 0.81951714 
939 146 21 30 0.6723953 
1010 77 15 28 0.601669 
330 55 17 22 0.3403828 
913 145 14 17 0.16463396 
329 88 18 22 0.14369224 
842 55 15 19 0.08288233 
395 36 13 16 0.07628734 
944 136 25 36 0.066231 
1013 168 11 20 0.06420472 
460 230 16 19 0.06324336 
323 93 19 25 0.05393664 
657 62 29 28 0.053597894 
93 13 13 15 0.046363134 
5 36 14 18 0.042304747 
119 1 15 16 0.040460598 
291 68 13 17 0.038894992 
40 -1 14 13 0.0361841 
178 -1 15 12 0.032445494 
870 5 23 27 0.029781112 
456 0 11 10 0.028511208 
27 27 14 18 0.02759375 
812 184 12 15 0.027360413 
159 0 20 17 0.026988618 
927 149 23 30 0.026051668 
333 0 13 10 0.024365623 
843 200 15 18 0.021099266 
381 0 14 12 0.020262852 
