39_Ice_Skating_Ice_Skating_39_169
34
327 827 37 51 0.83747995 
201 849 8 11 0.2846633 
220 813 10 12 0.2055964 
657 1100 24 36 0.105590016 
512 846 7 9 0.10540538 
116 854 9 11 0.10189526 
820 896 10 13 0.06565139 
219 819 11 14 0.061081063 
239 785 16 20 0.059898596 
624 853 8 10 0.0544957 
518 848 8 9 0.052815527 
401 874 7 9 0.049443036 
216 840 8 10 0.04816384 
408 846 7 9 0.045992963 
902 700 50 48 0.043114696 
184 809 10 14 0.038477376 
552 857 7 8 0.038256127 
874 900 11 14 0.03622069 
218 828 9 11 0.03401592 
937 903 12 15 0.032321073 
776 892 10 13 0.03127216 
191 832 9 12 0.031172208 
164 845 9 11 0.030693224 
271 848 12 13 0.029082755 
204 828 9 12 0.028030712 
244 775 11 13 0.025957452 
522 854 7 9 0.025709197 
552 839 7 9 0.02534531 
2 845 10 14 0.022303179 
203 850 10 14 0.02170502 
485 871 10 12 0.021684468 
178 845 8 12 0.02132641 
182 831 9 12 0.0211986 
208 839 8 10 0.0211735 
