39_Ice_Skating_Ice_Skating_39_463
256
956 726 11 14 0.8900812 
836 739 11 15 0.83400756 
910 758 11 14 0.80125546 
900 736 11 14 0.74082375 
799 750 10 13 0.6949348 
337 686 7 10 0.53439534 
585 710 10 12 0.44933343 
648 671 8 10 0.42845708 
964 773 11 15 0.41741642 
554 704 7 9 0.3375635 
699 708 8 11 0.32022804 
496 709 7 10 0.3011505 
750 671 8 11 0.21442997 
368 663 7 8 0.17525142 
471 710 8 11 0.16376758 
402 663 8 9 0.16324735 
582 678 7 9 0.15920989 
418 701 7 10 0.15712965 
853 673 9 10 0.15234835 
652 742 9 11 0.14005822 
334 704 9 12 0.1285903 
514 703 8 10 0.1284555 
609 703 8 10 0.1270928 
650 687 8 11 0.12670976 
410 686 7 9 0.12232894 
624 678 8 10 0.11620265 
514 694 7 10 0.11539785 
753 688 9 12 0.11113965 
799 669 7 9 0.10777554 
385 663 7 9 0.10754329 
474 694 7 9 0.1050317 
633 688 8 10 0.10388229 
557 703 7 10 0.103198454 
745 670 8 11 0.10304921 
654 687 8 11 0.10215611 
782 671 8 10 0.10087005 
430 679 7 8 0.09941407 
430 694 8 11 0.09664415 
819 772 13 14 0.08841056 
638 688 8 10 0.08589167 
414 648 7 9 0.08060589 
775 752 8 11 0.078501806 
454 654 8 10 0.07601844 
793 665 7 9 0.07317494 
790 769 10 13 0.072403066 
473 702 9 11 0.070772536 
794 752 9 11 0.066584624 
536 703 7 8 0.06570416 
666 705 7 9 0.06220847 
302 686 7 10 0.06047196 
638 703 8 10 0.05958436 
353 630 7 8 0.05926792 
535 696 7 9 0.058587432 
654 672 7 9 0.058474995 
489 695 7 9 0.056277912 
422 701 7 10 0.056030985 
342 704 7 10 0.055833697 
331 705 7 10 0.05438956 
535 664 6 9 0.053012498 
538 712 7 9 0.052954707 
425 696 8 10 0.052364975 
464 632 7 9 0.052081335 
800 705 7 9 0.05201844 
920 689 7 9 0.050110333 
546 655 7 9 0.049820572 
381 645 8 10 0.049765218 
513 687 8 10 0.049004953 
676 664 9 11 0.04766522 
410 647 8 10 0.047141585 
613 703 8 11 0.046922497 
527 645 7 10 0.046652034 
784 663 8 10 0.04636804 
431 662 7 9 0.0463676 
489 678 7 9 0.045838565 
744 664 8 10 0.045439057 
502 709 7 9 0.045067158 
289 656 6 8 0.04446222 
818 702 7 10 0.0437715 
630 678 8 10 0.0433542 
298 686 7 9 0.043214 
889 673 7 9 0.04275866 
427 678 7 9 0.042642083 
887 679 8 9 0.04259712 
407 702 7 9 0.04245071 
678 569 8 10 0.04232981 
434 633 6 8 0.042132106 
850 676 9 11 0.042058 
451 653 7 10 0.04187604 
590 663 7 9 0.041783422 
745 676 8 11 0.041657865 
758 670 8 9 0.041617595 
542 712 7 10 0.04110642 
431 687 7 10 0.04065832 
670 705 7 8 0.04044614 
402 657 7 9 0.040235605 
353 687 6 8 0.040079355 
585 673 7 9 0.039519675 
471 689 7 8 0.03909862 
376 616 7 9 0.038394846 
592 679 7 10 0.038364258 
816 696 8 9 0.03809793 
550 656 6 9 0.037888147 
642 671 9 11 0.037883423 
657 641 7 9 0.037872177 
385 671 7 9 0.03783257 
346 673 6 8 0.037579466 
537 688 7 8 0.037542492 
617 664 7 10 0.03751634 
759 664 7 9 0.03712116 
775 661 8 10 0.03685847 
401 702 8 9 0.035501007 
409 639 7 9 0.035249203 
577 646 7 9 0.034932032 
398 616 8 10 0.034917008 
298 681 7 9 0.03479375 
466 687 7 9 0.033467706 
674 669 8 10 0.03319773 
426 662 7 9 0.033148207 
592 656 6 9 0.033120334 
799 688 8 9 0.03254301 
521 664 7 8 0.03235501 
490 710 8 10 0.032326967 
899 719 11 15 0.032017592 
530 703 7 9 0.031930737 
650 726 6 9 0.031923633 
719 672 8 9 0.031864475 
431 673 6 8 0.031802088 
536 632 6 9 0.03174145 
415 640 7 9 0.03171542 
518 708 7 10 0.03148414 
616 669 7 10 0.031401284 
590 671 7 9 0.031304557 
495 696 6 8 0.031191938 
727 673 8 9 0.03118016 
663 678 7 9 0.03068295 
758 679 8 11 0.030487625 
409 711 7 9 0.030406421 
390 663 7 9 0.030349638 
431 700 8 10 0.030290576 
631 741 9 11 0.03028592 
487 689 7 9 0.029981276 
625 687 8 9 0.029930197 
584 640 7 9 0.02984676 
535 607 6 8 0.029829012 
718 655 8 10 0.029583162 
531 608 6 8 0.029475505 
464 680 7 9 0.02939588 
358 630 8 9 0.02903997 
632 662 8 10 0.028905071 
391 671 7 9 0.028687725 
553 708 7 9 0.028532002 
586 663 7 9 0.028499203 
778 672 8 10 0.02839033 
440 632 6 8 0.0281018 
306 630 6 9 0.028004833 
377 622 7 9 0.027947342 
497 325 12 15 0.027791087 
407 655 7 10 0.027789991 
474 633 6 8 0.027777988 
625 647 8 10 0.027603313 
515 306 12 15 0.027495107 
641 646 8 10 0.027469868 
463 671 7 9 0.027342154 
727 678 7 9 0.027206987 
584 646 6 8 0.026861625 
609 687 6 9 0.0267029 
673 593 7 10 0.02652255 
656 679 7 9 0.026436426 
829 759 12 14 0.026402643 
713 670 8 9 0.026228884 
351 679 7 9 0.026158478 
385 657 7 9 0.026146501 
375 663 6 9 0.025928775 
686 688 7 9 0.025886033 
361 663 7 9 0.025880536 
822 758 12 14 0.025821349 
623 662 7 10 0.025796425 
433 637 7 9 0.025514241 
535 735 6 9 0.025320617 
518 687 7 10 0.025272137 
608 707 8 11 0.025140205 
855 664 7 9 0.024977945 
921 692 8 10 0.024849849 
449 695 7 9 0.024822628 
618 678 8 10 0.024804734 
336 655 7 8 0.024702538 
816 766 13 15 0.024522379 
480 655 7 9 0.024504878 
783 751 8 11 0.024461282 
536 654 7 9 0.024395565 
529 664 8 9 0.024346132 
544 704 7 9 0.024300406 
638 693 8 11 0.024261642 
401 670 7 9 0.024208361 
509 655 8 11 0.024208141 
457 678 7 10 0.024140287 
530 696 8 10 0.024009053 
833 686 7 9 0.023976514 
608 639 8 9 0.023959829 
576 688 7 9 0.023894856 
407 696 8 10 0.023850078 
688 679 7 9 0.02376729 
456 687 6 9 0.023677805 
512 631 6 8 0.023550855 
695 680 7 9 0.023477089 
687 694 7 9 0.023403712 
457 671 7 10 0.023329357 
479 632 6 9 0.023300773 
448 631 6 9 0.023207959 
630 671 8 10 0.023206336 
311 630 7 9 0.023190001 
602 703 8 11 0.02310084 
574 615 7 9 0.023091221 
552 687 7 9 0.022979263 
498 615 6 8 0.022968408 
842 694 8 10 0.02295659 
504 614 6 8 0.02283436 
804 753 10 14 0.022828741 
634 703 8 10 0.022752428 
433 657 7 8 0.022750897 
440 705 7 9 0.02271407 
554 697 7 10 0.02264785 
688 672 8 10 0.02262981 
851 733 13 16 0.022560298 
581 601 8 9 0.022420289 
341 687 6 9 0.022413297 
697 688 7 9 0.022411596 
625 694 8 10 0.022331959 
538 718 7 9 0.022324933 
713 663 7 10 0.022158032 
680 572 8 10 0.022085281 
664 672 7 10 0.022060731 
888 752 9 12 0.021973398 
782 676 7 10 0.021861125 
722 678 7 9 0.021845648 
822 703 7 10 0.021697873 
784 656 8 9 0.021632053 
535 728 7 9 0.021603819 
415 681 6 9 0.021426281 
719 646 7 10 0.021367421 
832 681 7 9 0.021322459 
576 696 7 9 0.021318046 
345 678 7 10 0.021309992 
458 638 7 9 0.021307537 
559 709 7 9 0.021254152 
632 693 8 10 0.021124648 
682 687 7 9 0.020708106 
477 711 8 10 0.020682087 
535 680 8 9 0.020640112 
544 649 7 8 0.020545106 
463 637 7 9 0.020539142 
577 655 7 9 0.020496564 
673 655 8 9 0.02045567 
587 705 10 13 0.020343099 
377 672 6 8 0.020275632 
336 693 8 9 0.020059496 
