39_Ice_Skating_iceskiing_39_583
182
522 119 24 33 0.9791876 
784 152 23 27 0.97891676 
459 220 45 42 0.95468926 
444 142 30 35 0.9437737 
354 184 16 20 0.90917337 
302 89 20 28 0.8990335 
696 203 9 12 0.8263658 
324 86 19 24 0.70087576 
313 87 19 27 0.65858996 
636 216 13 18 0.49931926 
652 197 10 13 0.4107986 
234 45 24 44 0.39337137 
630 116 8 12 0.38261747 
307 174 13 19 0.26922396 
500 141 17 18 0.24366334 
662 183 8 10 0.24164398 
22 7 58 59 0.24126855 
635 245 10 13 0.23884577 
343 209 14 18 0.22489306 
497 144 24 28 0.19747789 
615 188 8 10 0.1848225 
398 102 14 19 0.16052076 
661 208 9 11 0.1511212 
672 205 9 11 0.14471494 
650 97 7 9 0.13545625 
588 294 49 58 0.11979589 
656 205 10 13 0.10758906 
671 201 8 11 0.09916685 
740 220 9 12 0.0962681 
606 159 7 10 0.0885086 
601 180 9 12 0.08759231 
633 134 7 10 0.086596616 
913 175 8 10 0.085587665 
643 220 11 14 0.08323975 
302 382 38 46 0.075984165 
596 112 9 11 0.074354894 
659 182 7 10 0.073630765 
559 139 11 14 0.07220417 
331 126 13 16 0.072200246 
591 161 7 9 0.068004444 
855 207 8 12 0.06758175 
746 207 7 9 0.067312665 
421 110 18 23 0.06644811 
641 183 7 10 0.06554183 
894 157 8 10 0.06403679 
889 159 8 10 0.06320704 
687 157 9 11 0.06250788 
606 183 9 11 0.062303193 
602 158 8 10 0.06111556 
619 222 10 13 0.059516277 
873 149 7 9 0.059261046 
906 120 8 10 0.059215724 
861 157 8 10 0.05535968 
238 18 42 57 0.055272553 
309 73 15 17 0.055061344 
626 174 8 9 0.05479709 
916 205 10 12 0.05163426 
920 104 7 10 0.051540997 
365 95 10 13 0.050884828 
638 208 8 10 0.048828248 
350 94 13 15 0.04830568 
750 205 7 10 0.04827884 
585 137 7 9 0.04827558 
381 94 12 15 0.046934854 
878 198 8 10 0.046256863 
41 16 33 36 0.04445055 
872 145 7 9 0.043802608 
362 74 15 17 0.043527745 
677 214 9 11 0.043433663 
743 184 8 10 0.043247264 
726 208 7 10 0.042025924 
268 416 15 22 0.041922987 
600 153 7 9 0.04176179 
267 39 14 17 0.041659545 
1002 181 8 10 0.04139079 
655 193 9 11 0.041332375 
55 16 41 45 0.040430836 
919 200 9 11 0.039988905 
640 152 8 10 0.03992812 
958 189 10 11 0.03959183 
905 157 7 9 0.03869743 
479 92 10 12 0.038640928 
893 222 7 9 0.038146906 
259 26 28 33 0.03779513 
661 137 9 11 0.03764514 
502 116 11 13 0.037607215 
274 75 10 13 0.03733873 
607 199 9 11 0.03722037 
1005 177 9 11 0.037123825 
657 212 9 11 0.036710702 
631 200 8 11 0.036186572 
974 191 8 11 0.03573761 
680 221 9 11 0.035510536 
14 2 40 48 0.034449425 
911 157 7 9 0.034266364 
912 168 8 10 0.03346426 
608 119 6 8 0.03333584 
887 165 7 10 0.033031534 
858 158 7 9 0.03275263 
609 188 9 12 0.032529082 
638 135 7 9 0.03246782 
332 68 11 14 0.0320618 
276 69 10 13 0.032020774 
278 64 9 13 0.03174465 
891 190 11 13 0.03159794 
914 181 7 9 0.031285033 
633 205 9 11 0.03113709 
609 141 8 10 0.030799644 
991 210 8 10 0.030690508 
593 115 8 11 0.030145815 
658 126 6 9 0.029985195 
745 172 9 10 0.029733393 
714 190 8 11 0.029218962 
571 312 34 37 0.028959919 
492 146 37 45 0.028951263 
391 99 14 19 0.028434634 
658 140 8 11 0.028431265 
657 175 7 9 0.027903987 
615 175 7 9 0.027886972 
1000 166 8 9 0.027528798 
622 103 7 9 0.027216725 
592 135 7 10 0.027039725 
905 153 7 8 0.026928423 
639 165 7 10 0.026660604 
632 183 8 10 0.026622564 
137 0 33 28 0.02653645 
662 126 7 9 0.02640835 
680 97 7 9 0.026369324 
576 102 8 10 0.026318487 
590 287 75 99 0.026237227 
904 190 8 11 0.026203454 
209 4 20 20 0.026112746 
439 98 14 16 0.025734797 
886 142 7 9 0.02562553 
608 166 7 9 0.025615567 
953 153 7 10 0.025576549 
896 174 8 10 0.025487628 
648 203 9 12 0.025483673 
665 200 9 11 0.025411291 
152 28 33 48 0.025152672 
873 169 7 8 0.025109308 
657 120 7 8 0.024827236 
654 99 8 11 0.02459069 
849 185 8 9 0.024580201 
449 204 27 33 0.024537457 
639 97 8 9 0.024459006 
264 15 29 34 0.024417622 
625 113 8 11 0.024366505 
880 166 7 9 0.024244608 
630 168 8 10 0.024225052 
856 184 7 9 0.023963701 
897 168 7 10 0.023868056 
881 233 9 10 0.023736523 
485 91 16 18 0.023605155 
735 168 7 10 0.023310784 
649 167 7 9 0.023290286 
895 125 6 8 0.02327588 
662 177 8 10 0.02301852 
664 120 7 8 0.022933627 
957 182 10 12 0.022841493 
642 189 7 9 0.02265095 
687 215 9 11 0.022367071 
617 102 7 9 0.022342382 
274 14 15 17 0.022226686 
658 112 7 9 0.022111205 
310 21 11 16 0.022004254 
219 46 29 39 0.02198533 
878 181 7 9 0.021957152 
624 95 6 9 0.021644318 
274 412 16 21 0.021522993 
607 175 8 11 0.021423776 
918 181 7 9 0.021219878 
592 142 7 9 0.02120564 
639 102 7 9 0.021065304 
493 94 14 17 0.020868748 
874 174 7 9 0.02075204 
958 176 9 10 0.020695362 
440 76 9 13 0.020657457 
617 96 7 9 0.020626677 
713 205 7 10 0.02029578 
664 151 7 10 0.020287259 
858 175 6 9 0.020024337 
