31_Waiter_Waitress_Waiter_Waitress_31_351
30
305 165 136 186 0.9993075 
869 74 48 66 0.9986595 
138 145 29 45 0.93786377 
18 186 27 37 0.35266286 
152 148 30 39 0.28759068 
84 151 25 39 0.14835165 
724 125 16 19 0.10464813 
12 253 31 49 0.10238591 
538 173 16 19 0.06257871 
773 167 13 18 0.06112139 
732 177 16 19 0.05919987 
209 117 29 44 0.058440484 
815 329 9 12 0.056629036 
50 157 16 22 0.050774556 
558 140 15 20 0.04662105 
724 203 11 14 0.043025214 
78 159 22 35 0.04152928 
780 198 18 22 0.04112988 
196 162 15 22 0.03860821 
500 181 11 13 0.035411157 
732 62 11 13 0.0326054 
838 158 12 17 0.030988142 
456 110 10 13 0.027152866 
733 192 13 17 0.025984686 
851 209 27 32 0.025867224 
528 143 14 19 0.025634725 
37 152 21 28 0.02503037 
485 167 12 17 0.023564324 
832 158 12 15 0.022555942 
574 195 10 12 0.021913987 
