31_Waiter_Waitress_Waiter_Waitress_31_162
22
465 365 228 281 0.9990139 
18 714 16 21 0.63074905 
371 720 14 20 0.24671851 
213 718 11 15 0.20222262 
286 870 46 51 0.16642976 
89 720 16 19 0.1545864 
388 484 23 27 0.14144441 
12 -38 414 487 0.097706616 
43 715 16 21 0.090974055 
354 896 48 57 0.06893309 
310 716 12 16 0.051670365 
39 719 13 18 0.039756566 
71 702 12 16 0.034582283 
372 711 23 31 0.034490418 
243 715 10 13 0.033691578 
260 723 13 15 0.031624842 
90 727 16 19 0.029913636 
120 933 60 85 0.029510692 
75 723 13 15 0.02377333 
313 791 45 55 0.023395305 
67 702 21 27 0.02128366 
45 729 14 16 0.020020083 
