31_Waiter_Waitress_Waiter_Waitress_31_484
26
333 171 114 151 0.9997601 
576 72 121 170 0.9996835 
64 688 8 10 0.24619941 
96 685 8 11 0.22970913 
88 704 7 10 0.22908232 
129 681 8 10 0.15950687 
113 691 7 11 0.13763013 
81 674 8 9 0.10376618 
72 711 10 12 0.0951902 
105 711 8 9 0.09208359 
128 717 8 9 0.07752748 
154 702 8 10 0.056250833 
160 696 9 11 0.052368242 
94 709 8 10 0.033427835 
82 703 8 9 0.032362394 
165 696 8 10 0.032130633 
85 673 8 10 0.025718924 
157 700 9 11 0.02570676 
133 684 8 10 0.024742806 
101 681 8 10 0.024318771 
118 687 8 11 0.023371233 
167 701 8 10 0.023048539 
104 716 8 10 0.02191427 
141 736 9 11 0.021203026 
58 732 8 12 0.020585896 
58 688 8 10 0.020427404 
