31_Waiter_Waitress_Waiter_Waitress_31_327
27
449 347 109 163 0.999841 
303 345 101 140 0.9988918 
964 574 13 14 0.46493223 
745 648 20 38 0.4476554 
148 598 9 11 0.39173523 
909 593 15 18 0.26650038 
767 591 9 11 0.16014172 
197 587 11 14 0.1497304 
925 603 13 16 0.12942697 
962 580 16 21 0.117445014 
311 589 9 12 0.100367196 
286 575 11 13 0.08772142 
252 558 9 11 0.08217346 
773 591 8 11 0.051236384 
913 598 21 23 0.050375883 
761 592 9 12 0.046493772 
744 591 9 11 0.034000896 
281 573 12 13 0.032071155 
265 559 9 11 0.02951065 
199 564 9 12 0.028800935 
303 566 8 11 0.02871943 
267 563 9 13 0.026224328 
253 562 10 13 0.025107205 
146 594 8 11 0.023976576 
184 598 10 13 0.020675106 
291 575 10 12 0.020644808 
241 559 8 10 0.020251894 
