31_Waiter_Waitress_Waiter_Waitress_31_420
71
463 182 30 41 0.99870324 
652 220 28 33 0.9983992 
582 218 28 34 0.9974738 
915 211 31 41 0.99663603 
691 239 26 32 0.99600595 
333 302 22 26 0.9884956 
373 300 22 27 0.9864275 
535 204 22 29 0.9813545 
239 314 20 26 0.96689934 
552 218 23 36 0.96612316 
41 220 22 27 0.95969933 
867 305 24 31 0.95229095 
194 289 18 21 0.94575155 
490 217 23 29 0.94422585 
693 207 26 31 0.9401371 
282 319 15 19 0.87028223 
412 215 25 38 0.86672944 
205 327 15 21 0.7158998 
152 261 19 20 0.6899519 
121 296 17 20 0.5757701 
130 300 14 16 0.26201358 
168 315 13 16 0.23138775 
534 229 22 31 0.21973482 
287 323 18 19 0.19707146 
184 301 11 16 0.19677374 
868 275 10 14 0.17785694 
235 294 12 14 0.14035757 
888 219 23 26 0.11786221 
411 229 17 25 0.1082177 
349 284 10 12 0.10047543 
345 219 17 23 0.097853966 
386 270 17 21 0.09340456 
236 279 10 13 0.07957351 
732 251 15 20 0.07954167 
229 282 11 14 0.07315114 
165 293 17 19 0.070727356 
891 315 15 21 0.068763055 
881 311 22 29 0.06773506 
225 285 10 13 0.06673964 
156 335 15 17 0.06461899 
200 325 14 22 0.05640221 
404 315 10 14 0.052435398 
187 298 14 17 0.051979423 
386 288 20 27 0.05063279 
307 314 13 17 0.045986816 
170 322 14 18 0.04391497 
164 330 14 16 0.040254023 
183 293 13 17 0.039811775 
427 189 25 30 0.03958006 
382 282 14 18 0.038608238 
146 268 20 23 0.038531035 
494 204 13 18 0.037006743 
621 200 9 11 0.03586651 
297 322 16 19 0.034724656 
148 301 10 12 0.030935472 
189 285 17 21 0.030911101 
202 286 16 19 0.030553231 
211 291 11 16 0.030504454 
144 300 10 12 0.029788269 
156 322 13 15 0.028637258 
142 273 15 20 0.027990835 
186 272 15 19 0.02757591 
210 320 19 27 0.026232999 
751 209 8 10 0.025277494 
408 238 14 20 0.02508276 
376 274 11 16 0.0235729 
758 225 13 16 0.022834478 
875 215 23 29 0.02111586 
873 247 8 11 0.021031225 
295 293 12 17 0.020876912 
183 284 13 19 0.02064594 
