46_Jockey_Jockey_46_569
67
872 130 41 49 0.98767334 
701 20 37 46 0.9841383 
276 154 41 53 0.9814465 
384 132 12 14 0.90263754 
319 132 10 12 0.89470667 
227 138 13 16 0.89385355 
366 134 11 14 0.88152623 
145 87 38 70 0.83343 
845 180 13 15 0.82020956 
321 212 18 19 0.76647365 
190 133 11 14 0.75256634 
409 136 15 18 0.7249085 
445 129 37 47 0.6687279 
450 120 66 73 0.46159977 
200 216 7 10 0.41075632 
604 11 9 11 0.3586615 
527 9 7 9 0.32518056 
684 24 10 11 0.23163068 
246 212 14 15 0.19139925 
509 8 8 9 0.18351588 
193 230 9 13 0.17709658 
452 89 113 98 0.14018327 
777 37 10 13 0.136499 
714 133 43 48 0.13403243 
532 23 10 12 0.11203538 
213 142 10 15 0.09938076 
366 127 13 17 0.072457306 
356 158 9 12 0.07162933 
660 25 10 11 0.068856515 
775 43 15 19 0.06322332 
393 217 11 14 0.05973119 
371 133 12 14 0.056855336 
506 111 74 69 0.05346401 
410 214 10 13 0.04904872 
812 40 10 14 0.048339095 
191 222 9 12 0.0461569 
520 13 8 11 0.04594582 
208 239 7 10 0.04586612 
509 13 10 13 0.04281635 
368 116 11 13 0.041945897 
184 217 8 10 0.041458484 
505 13 9 12 0.041315265 
459 0 11 11 0.03920646 
353 165 9 12 0.037645068 
675 60 13 15 0.03745848 
193 216 8 10 0.03614725 
631 15 8 11 0.034262568 
237 166 8 11 0.03400992 
828 183 8 10 0.033844836 
200 166 10 12 0.032690182 
205 216 8 10 0.032075085 
391 149 9 12 0.03182858 
198 237 9 12 0.031108273 
500 75 69 75 0.029107029 
531 46 12 15 0.028394576 
522 9 8 10 0.028270224 
732 142 40 44 0.027410004 
400 180 12 15 0.027159216 
353 216 9 11 0.026539097 
781 33 8 11 0.026460147 
233 168 9 11 0.025695741 
402 175 11 14 0.025600957 
272 141 11 13 0.025090735 
399 142 10 13 0.023320671 
213 136 11 14 0.022632824 
182 124 22 30 0.022185314 
158 71 28 57 0.022172008 
