46_Jockey_Jockey_46_909
69
508 287 27 35 0.99460393 
453 415 45 49 0.97738045 
495 557 51 62 0.95938027 
693 180 15 23 0.956045 
218 572 40 66 0.9531243 
643 190 12 15 0.93088245 
784 185 16 20 0.92438644 
650 248 17 22 0.9117919 
912 280 21 30 0.89224213 
736 176 12 18 0.829163 
275 182 13 17 0.79921573 
738 267 16 21 0.6641367 
481 189 10 15 0.5529024 
485 154 10 14 0.5410263 
373 353 31 38 0.52106524 
356 195 10 14 0.45291665 
724 203 12 16 0.4069994 
534 161 9 12 0.36035016 
769 210 12 15 0.17865553 
413 191 8 10 0.14754383 
507 151 7 9 0.1320159 
717 236 13 16 0.12518905 
0 215 10 20 0.10773084 
609 158 8 11 0.087827265 
733 332 13 21 0.08661822 
677 253 11 15 0.0865925 
821 208 10 13 0.078453444 
598 107 10 15 0.07618613 
789 277 12 13 0.075675465 
653 283 11 15 0.07560565 
628 263 11 17 0.059559043 
520 538 61 72 0.05273843 
609 183 9 12 0.049763557 
610 95 10 12 0.045400035 
446 142 10 13 0.04237077 
671 302 11 13 0.042324472 
317 191 9 12 0.04109537 
519 257 12 14 0.03953798 
646 204 9 13 0.03873341 
404 337 25 34 0.034867484 
313 190 8 12 0.033608302 
798 260 15 18 0.03294595 
234 229 8 11 0.032639593 
509 156 9 12 0.031610403 
542 158 9 11 0.030271938 
342 194 11 16 0.030149722 
437 109 14 17 0.029882329 
640 205 11 13 0.02951065 
549 139 9 12 0.02900801 
864 227 11 16 0.0276809 
504 144 8 10 0.026593378 
744 178 13 17 0.025330462 
309 172 8 11 0.024684437 
576 155 9 12 0.024501493 
255 167 10 12 0.024095688 
761 88 8 10 0.023547946 
748 264 12 16 0.023357611 
350 191 18 22 0.02334156 
638 285 11 16 0.02254802 
590 301 11 14 0.022342468 
645 289 14 18 0.02231639 
288 217 9 11 0.021678055 
504 136 7 10 0.0215061 
610 153 9 11 0.021188125 
375 199 9 11 0.021053782 
362 185 13 17 0.02105058 
239 197 10 13 0.020770853 
397 197 11 12 0.020523828 
453 191 9 12 0.020363891 
