46_Jockey_Jockey_46_352
33
496 183 36 46 0.9980584 
88 149 46 57 0.9979412 
520 73 34 43 0.9979138 
791 57 36 46 0.99753904 
169 238 46 58 0.9970693 
338 44 35 49 0.9969982 
421 75 34 44 0.99667823 
221 47 37 50 0.99654406 
610 66 37 45 0.99583876 
694 68 34 45 0.9958221 
301 251 43 55 0.9958074 
676 234 44 58 0.99562716 
436 250 42 52 0.99534166 
811 225 44 59 0.9949964 
903 131 41 55 0.99384564 
557 242 43 53 0.9935656 
632 146 40 51 0.9934155 
209 139 40 53 0.98936135 
780 136 39 52 0.98931015 
336 122 39 53 0.9867666 
729 444 11 15 0.10340068 
670 444 11 14 0.06690219 
501 426 13 19 0.05390562 
222 396 43 45 0.04052722 
833 462 25 30 0.034375407 
367 396 29 34 0.032889195 
838 467 15 18 0.030848635 
621 421 14 21 0.029738814 
776 447 12 14 0.025883202 
572 449 16 18 0.024031611 
893 434 13 16 0.023305736 
390 442 15 18 0.022954024 
741 430 15 18 0.022291245 
