46_Jockey_Jockey_46_79
37
595 48 35 47 0.99645436 
322 239 45 59 0.9955302 
555 83 36 52 0.9906957 
664 23 30 44 0.988932 
427 172 42 51 0.98746955 
625 32 25 38 0.98721886 
393 250 36 50 0.98382884 
416 221 32 50 0.9743381 
540 43 34 39 0.9540699 
195 403 24 48 0.8308038 
537 108 21 40 0.7992141 
677 0 31 23 0.65050477 
459 162 25 37 0.583399 
322 302 28 43 0.52919304 
292 296 32 42 0.41882145 
285 342 23 34 0.24949616 
250 382 22 41 0.24823323 
252 339 34 41 0.19747597 
182 324 22 44 0.14812113 
200 478 24 48 0.14745878 
573 51 25 38 0.1401756 
443 146 38 44 0.13488126 
268 343 32 37 0.12287113 
503 309 15 20 0.09968775 
606 37 33 42 0.083476625 
565 64 30 40 0.07681906 
484 331 10 13 0.058264185 
287 324 26 42 0.056964073 
638 -1 26 27 0.05057771 
408 239 31 47 0.049656305 
254 355 28 40 0.04097498 
554 49 33 41 0.0327011 
665 7 39 43 0.029427813 
463 142 29 44 0.027677493 
582 50 30 40 0.025560444 
451 175 31 42 0.025018081 
539 53 44 57 0.02229901 
