48_Parachutist_Paratrooper_Parachutist_Paratrooper_48_814
27
397 210 209 277 0.9994562 
155 408 25 29 0.980825 
305 398 23 27 0.9745774 
255 401 25 29 0.96630925 
695 367 209 344 0.9522429 
211 409 20 24 0.92641276 
59 408 18 23 0.7241613 
114 424 20 26 0.51455635 
188 414 17 22 0.2792767 
88 407 18 26 0.20481321 
129 405 11 13 0.19434074 
277 436 25 30 0.16204245 
684 266 349 533 0.10230525 
67 407 22 29 0.081458114 
109 419 16 22 0.0556599 
286 424 24 34 0.052932743 
98 411 13 19 0.043249562 
293 414 22 31 0.036460664 
130 408 14 16 0.03393696 
90 415 22 28 0.026874628 
43 435 19 26 0.026105322 
142 421 13 19 0.025647413 
109 415 12 15 0.023644175 
42 409 14 17 0.023605114 
268 444 21 28 0.022271354 
181 413 15 20 0.021789972 
581 410 42 60 0.021641415 
