48_Parachutist_Paratrooper_Parachutist_Paratrooper_48_72
137
95 325 27 31 0.9945857 
170 291 31 34 0.9917937 
613 326 24 31 0.9869665 
54 321 25 27 0.9834359 
18 307 23 28 0.9830153 
255 277 25 30 0.9822464 
334 282 23 28 0.97026795 
484 297 16 22 0.96824527 
457 305 18 24 0.9565145 
766 305 14 17 0.9453793 
709 284 12 16 0.89602923 
864 301 13 16 0.8694166 
957 308 11 13 0.80700356 
199 300 18 27 0.8062385 
896 305 9 10 0.77485836 
935 297 13 16 0.6671495 
403 286 22 28 0.6481948 
841 298 10 12 0.6015306 
809 296 9 12 0.5806309 
132 328 18 21 0.37183008 
996 318 8 11 0.3423207 
537 288 14 17 0.33770004 
571 288 12 17 0.33265185 
824 319 11 13 0.31570908 
985 341 9 12 0.3148495 
791 300 10 13 0.31401387 
750 294 12 16 0.31018803 
602 293 13 16 0.30072296 
277 292 20 28 0.27143303 
798 320 9 12 0.26828444 
811 298 11 15 0.26564017 
933 327 10 13 0.23857582 
910 316 14 15 0.2251204 
627 285 12 15 0.20962554 
385 246 19 27 0.19276176 
793 318 10 13 0.18892075 
801 323 10 12 0.18403709 
686 301 11 14 0.18111342 
703 310 11 12 0.1560156 
630 293 12 15 0.14669865 
908 322 13 15 0.13403818 
829 312 10 14 0.119195916 
975 310 10 11 0.11651726 
1012 303 10 14 0.11635294 
234 300 16 19 0.10984013 
46 303 17 21 0.10764859 
863 331 10 12 0.10660419 
355 299 15 22 0.09275988 
919 341 11 13 0.088880144 
777 274 9 13 0.08856654 
459 284 12 16 0.08753754 
565 275 14 15 0.08241838 
343 290 22 29 0.08179642 
665 311 9 11 0.071097344 
902 315 12 15 0.06944077 
512 302 11 14 0.06938269 
827 323 11 13 0.06542443 
909 334 10 14 0.06440724 
943 381 10 13 0.062127277 
218 298 14 17 0.06091072 
89 311 25 30 0.059703648 
741 312 10 12 0.05875665 
796 301 10 13 0.05715115 
264 284 24 32 0.055872772 
582 290 12 17 0.05445606 
784 301 11 13 0.05387567 
975 303 9 11 0.053646006 
878 302 9 12 0.052125067 
86 305 21 25 0.051471446 
516 305 11 14 0.050846834 
524 301 15 18 0.050638296 
789 306 14 16 0.050088186 
490 294 15 21 0.046716105 
898 306 11 14 0.045261316 
817 319 10 13 0.043014724 
911 339 11 13 0.04282003 
924 341 12 14 0.041312095 
686 292 15 19 0.039843954 
477 377 11 14 0.03912688 
616 277 8 11 0.037309587 
847 325 12 14 0.034810953 
430 284 14 20 0.03477281 
746 298 11 15 0.034746107 
982 297 8 10 0.034703754 
1013 317 9 12 0.033380583 
928 301 11 13 0.033258665 
759 326 11 13 0.03304376 
349 166 10 14 0.03288648 
965 309 10 12 0.03286318 
904 225 9 11 0.032655235 
966 303 9 11 0.03249617 
953 347 10 13 0.03230092 
458 290 15 21 0.031949405 
4 310 20 27 0.031522736 
417 295 16 24 0.03095496 
948 324 11 14 0.030859735 
515 323 14 17 0.030373927 
738 359 10 13 0.030279836 
0 315 13 21 0.030206429 
737 315 9 13 0.029499587 
982 367 9 12 0.029480172 
228 326 19 21 0.029054804 
634 299 12 14 0.028754301 
720 308 9 13 0.028321723 
989 337 10 13 0.02828136 
977 296 9 11 0.028244331 
588 292 12 15 0.02812825 
500 298 11 16 0.027967047 
927 331 12 14 0.027509078 
208 302 17 22 0.027489398 
624 280 10 13 0.027307542 
198 294 15 20 0.026986117 
991 320 12 14 0.026898148 
349 181 16 23 0.026733546 
869 324 12 14 0.026600705 
624 290 13 16 0.026405143 
853 317 10 13 0.025819756 
837 326 10 12 0.025630116 
836 318 9 12 0.02443134 
668 315 11 14 0.024332173 
904 391 9 12 0.02381817 
834 280 8 11 0.02362097 
644 308 12 15 0.023172928 
613 298 11 15 0.023073219 
781 327 12 13 0.022938991 
868 297 13 16 0.022388037 
875 324 11 13 0.022345997 
997 341 9 12 0.02186641 
213 297 24 28 0.021857983 
934 320 10 12 0.021799192 
920 301 10 12 0.021601778 
814 305 11 14 0.021513002 
628 302 16 21 0.021350373 
532 299 14 18 0.021074045 
915 311 12 14 0.020989878 
756 287 11 14 0.02082698 
855 309 10 13 0.020221805 
