48_Parachutist_Paratrooper_Parachutist_Paratrooper_48_1015
68
860 318 50 56 0.99729294 
93 126 42 61 0.9944166 
343 211 25 29 0.99341786 
217 404 33 38 0.9929778 
676 346 43 49 0.9888869 
981 305 37 44 0.98729104 
455 224 24 27 0.98624635 
552 353 38 45 0.98207295 
327 386 35 40 0.97731984 
959 315 26 31 0.9770421 
850 208 22 25 0.97481537 
628 347 36 44 0.9737975 
631 208 23 27 0.9686321 
222 243 23 27 0.9683709 
462 358 37 44 0.95778155 
546 238 22 25 0.94179654 
179 381 28 37 0.94108886 
706 225 20 24 0.9334803 
569 225 18 22 0.924258 
965 191 22 26 0.9088338 
237 272 22 25 0.8864304 
278 261 21 26 0.8124106 
426 365 25 30 0.7903325 
224 292 16 19 0.7848953 
509 238 20 25 0.757752 
923 317 33 46 0.7325775 
784 342 44 52 0.7262163 
963 455 31 34 0.64569336 
764 211 22 26 0.6453146 
-1 283 23 29 0.50493264 
775 211 21 27 0.39263085 
601 248 15 18 0.32863772 
780 349 27 40 0.26685312 
455 353 27 33 0.230134 
787 213 16 24 0.22374213 
5 277 15 19 0.20836705 
843 337 23 35 0.18419614 
158 395 20 27 0.10321256 
740 231 14 17 0.09336589 
169 283 18 21 0.08071321 
759 214 17 21 0.058840904 
189 380 37 46 0.0547277 
438 236 15 19 0.05125813 
943 315 27 37 0.050614964 
898 315 42 56 0.05047355 
518 232 20 26 0.04881273 
228 282 22 26 0.044658527 
800 335 36 40 0.039441217 
745 244 17 22 0.039058726 
425 250 14 16 0.03767488 
531 233 14 20 0.03695014 
289 261 16 20 0.033281043 
444 229 24 26 0.030689213 
307 254 15 21 0.030099314 
229 251 23 30 0.028933045 
164 286 15 18 0.027872138 
849 287 33 39 0.027774338 
852 331 35 46 0.027617034 
744 234 17 20 0.025830107 
167 392 22 30 0.0253319 
0 293 13 20 0.024967054 
638 420 18 19 0.024577372 
437 357 24 32 0.023654267 
554 226 23 27 0.023463914 
463 447 32 41 0.023091266 
979 381 38 51 0.023068009 
505 241 15 20 0.022908924 
852 302 35 49 0.022214293 
