48_Parachutist_Paratrooper_Parachutist_Paratrooper_48_656
26
619 361 26 36 0.92919624 
485 436 23 27 0.19308719 
432 387 20 35 0.1681249 
298 279 57 61 0.16770847 
445 127 25 30 0.15474513 
561 197 37 32 0.14478284 
465 169 29 35 0.09063298 
441 123 45 50 0.036855847 
720 620 9 13 0.03512621 
286 651 18 21 0.03501485 
702 675 8 11 0.034819778 
28 346 201 274 0.03333901 
11 18 177 224 0.03332292 
265 686 7 9 0.031688422 
508 394 17 19 0.027828641 
785 631 7 9 0.027411355 
54 196 63 59 0.026386376 
714 543 7 9 0.025709664 
358 264 26 36 0.0231385 
512 163 44 49 0.022466581 
717 124 26 37 0.021463934 
299 1 45 48 0.021070505 
733 607 8 11 0.020810464 
127 122 54 53 0.02054646 
300 187 30 29 0.020506063 
760 621 8 10 0.020316735 
