17_Ceremony_Ceremony_17_46
35
266 142 16 25 0.964726 
110 122 18 24 0.903867 
67 131 14 22 0.8626217 
749 243 9 12 0.41868344 
352 277 12 16 0.077231646 
228 372 9 12 0.0711267 
777 254 8 11 0.06759504 
703 165 8 10 0.052828427 
815 303 8 11 0.04766811 
764 270 10 13 0.0446962 
929 334 9 13 0.04396955 
744 260 9 12 0.043405067 
765 277 9 13 0.039849073 
384 275 11 14 0.03942561 
236 383 9 12 0.037175063 
892 364 13 15 0.036095247 
698 111 6 8 0.03361185 
681 141 7 9 0.0316125 
888 360 10 12 0.030953791 
735 151 7 10 0.030916931 
823 294 9 12 0.030540684 
384 255 8 10 0.02699634 
778 248 7 10 0.025425125 
825 287 10 13 0.024723794 
703 161 7 10 0.024018206 
893 386 15 19 0.0239446 
74 180 15 16 0.02299454 
705 135 6 8 0.022182316 
918 184 10 12 0.02170926 
351 271 11 15 0.02125211 
225 369 9 11 0.021212695 
293 304 10 13 0.021002326 
846 280 8 11 0.020901164 
103 127 17 19 0.020331461 
75 509 14 17 0.020287253 
