17_Ceremony_Ceremony_17_220
74
582 290 11 15 0.9688682 
485 300 10 14 0.51313525 
651 286 10 13 0.48311576 
552 380 13 16 0.4788578 
900 394 13 17 0.44977143 
446 366 11 14 0.4075864 
388 397 12 18 0.34446192 
399 374 11 14 0.29161358 
340 374 11 12 0.23427331 
161 383 11 15 0.20000176 
379 304 9 12 0.17767306 
432 374 9 12 0.17058708 
376 376 9 13 0.16259392 
461 387 13 18 0.14438523 
956 396 9 12 0.11385212 
215 375 9 12 0.10891801 
349 342 8 11 0.0631599 
709 285 10 12 0.06302057 
214 380 9 12 0.06069112 
52 370 14 23 0.059199493 
367 381 10 17 0.056588497 
437 371 10 14 0.05289714 
325 398 13 21 0.052240655 
647 281 10 13 0.05057911 
341 368 12 13 0.049764358 
106 372 12 15 0.048638675 
302 389 15 18 0.048596986 
319 380 11 15 0.046838183 
466 387 16 19 0.04674953 
342 397 14 22 0.04408974 
293 356 9 11 0.042036735 
101 387 14 19 0.04106157 
526 381 13 17 0.040867183 
453 372 10 13 0.040468123 
371 388 12 18 0.04023204 
423 380 10 12 0.03980934 
464 355 10 12 0.03928989 
357 372 13 16 0.037795223 
503 386 12 15 0.037594166 
599 395 10 12 0.036084276 
925 404 10 12 0.034663275 
566 431 10 13 0.034527246 
566 438 10 13 0.03385161 
349 371 13 15 0.033791084 
358 380 13 16 0.033205997 
532 350 9 13 0.032484513 
508 388 13 14 0.03210735 
640 284 10 13 0.031997435 
485 342 10 12 0.031854503 
336 377 12 15 0.030840252 
365 374 10 15 0.030172464 
374 394 14 18 0.030098584 
265 368 9 10 0.029970728 
519 386 12 16 0.029304199 
350 380 13 17 0.028977403 
441 367 11 15 0.027385285 
645 281 19 23 0.026370732 
134 375 11 12 0.026125684 
871 404 8 11 0.024920931 
403 377 11 16 0.024868611 
208 380 11 14 0.024789618 
310 382 12 18 0.024479358 
429 378 10 13 0.024139473 
642 280 9 12 0.02406676 
415 373 12 15 0.02275285 
464 294 7 9 0.022657407 
272 373 10 12 0.022242734 
456 392 13 18 0.021980356 
384 320 8 10 0.021695212 
276 381 14 18 0.021045621 
92 382 11 17 0.02089232 
330 395 18 26 0.020563437 
462 333 8 11 0.02052288 
533 317 8 11 0.020107552 
