17_Ceremony_Ceremony_17_113
26
609 168 120 159 0.9997836 
355 212 113 130 0.9997501 
762 249 22 36 0.9759126 
953 292 17 22 0.9700043 
827 302 28 40 0.96261793 
742 273 20 31 0.9597587 
531 285 20 32 0.952446 
852 271 21 32 0.84921694 
245 307 18 29 0.82873726 
286 289 26 44 0.5887385 
564 274 10 14 0.18543382 
815 297 15 21 0.15780145 
1006 282 14 17 0.06466801 
1004 291 17 23 0.051898524 
778 300 24 29 0.048607018 
939 358 15 20 0.037102476 
985 318 16 23 0.035210922 
999 302 19 27 0.034897666 
990 309 20 28 0.0307608 
591 320 22 33 0.030122118 
202 313 27 47 0.029380301 
887 267 14 23 0.029242683 
759 298 14 20 0.024846382 
233 310 32 53 0.02324842 
1011 278 12 16 0.020682456 
806 271 15 20 0.020247249 
