17_Ceremony_Ceremony_17_418
225
715 167 26 33 0.99191487 
204 122 22 27 0.98688996 
659 124 17 22 0.9808594 
87 135 27 33 0.9787298 
927 246 22 36 0.97694063 
250 105 21 27 0.9750793 
787 196 23 30 0.97476363 
509 115 21 27 0.9734438 
23 148 28 34 0.97332984 
168 111 19 23 0.9684986 
558 178 22 30 0.9680559 
585 130 17 22 0.9679603 
468 123 17 20 0.96289086 
315 115 19 23 0.9614587 
626 133 17 22 0.9586963 
147 168 21 26 0.95814115 
783 282 35 44 0.94722825 
276 134 20 24 0.9373369 
13 117 21 28 0.932955 
300 141 21 27 0.932651 
869 140 15 18 0.92818004 
970 223 16 20 0.9278232 
363 125 18 21 0.9258032 
379 115 18 20 0.92557156 
60 93 12 15 0.9121037 
701 125 20 26 0.9071784 
765 130 16 20 0.8992538 
966 124 12 15 0.8974004 
699 153 18 24 0.8836785 
565 126 12 15 0.880151 
858 109 12 16 0.87312704 
1005 151 13 15 0.8576024 
948 196 17 21 0.856715 
356 148 22 26 0.84402376 
983 152 15 17 0.82701 
940 125 13 16 0.81066185 
119 88 10 14 0.7313995 
907 132 9 13 0.7207841 
684 138 16 20 0.6643864 
420 141 16 19 0.6457934 
785 144 17 20 0.6286255 
299 82 13 16 0.6215619 
723 240 22 33 0.55934936 
581 102 13 17 0.49781838 
891 129 10 14 0.37803426 
992 204 13 17 0.3601464 
457 106 12 15 0.31579578 
983 131 11 13 0.31233808 
919 174 11 14 0.29442662 
238 161 12 15 0.25540087 
462 146 16 20 0.24796087 
100 136 23 31 0.22809485 
935 158 11 13 0.2232732 
964 151 11 12 0.21509224 
73 78 11 14 0.21028471 
151 94 11 15 0.20837818 
133 127 16 20 0.19594994 
406 101 13 16 0.18514726 
959 147 12 15 0.1803552 
111 116 13 17 0.1607779 
182 83 13 17 0.15929727 
132 140 14 18 0.15680413 
127 68 11 14 0.1503529 
957 141 12 15 0.15025894 
852 166 13 15 0.1461473 
499 152 21 24 0.144219 
955 217 13 16 0.14248264 
887 195 21 28 0.14019804 
69 95 10 13 0.1380567 
95 85 12 16 0.12717457 
1004 172 13 15 0.12557535 
331 94 14 20 0.12434322 
932 173 12 15 0.118830025 
926 174 11 15 0.10371781 
450 143 16 19 0.09973679 
414 131 15 18 0.097062014 
292 137 21 28 0.0964762 
822 140 12 15 0.094331525 
652 154 13 15 0.09279817 
129 74 10 13 0.090720735 
759 133 16 20 0.08496061 
262 224 13 18 0.083283916 
472 100 9 12 0.08308627 
51 118 11 15 0.08225121 
164 141 17 21 0.07877477 
539 107 12 15 0.077162355 
693 131 13 18 0.07553516 
1015 125 8 13 0.07391692 
813 139 12 16 0.07283685 
205 106 18 20 0.072682396 
76 96 10 13 0.07215009 
860 209 18 22 0.07147583 
190 101 12 17 0.07082499 
145 85 9 12 0.06967888 
875 165 13 16 0.06806672 
113 139 15 22 0.065473445 
1012 172 11 15 0.063242964 
397 138 15 18 0.060175255 
1009 153 13 16 0.05860869 
884 156 11 16 0.05813353 
306 125 24 29 0.055445 
341 151 15 21 0.0537467 
172 178 18 23 0.05251817 
85 65 8 10 0.051805723 
110 129 15 21 0.05172671 
96 69 10 13 0.05162294 
5 121 16 19 0.05117571 
81 65 8 10 0.05109073 
964 183 12 15 0.050472222 
391 92 12 14 0.049834784 
963 163 13 16 0.049582727 
369 35 11 13 0.049481776 
753 239 18 24 0.048993345 
909 182 11 14 0.048772797 
516 91 10 13 0.0484266 
374 50 12 15 0.048246715 
970 249 21 37 0.047450222 
470 97 8 10 0.047011346 
893 166 12 16 0.046991736 
351 150 16 22 0.045924153 
564 148 15 19 0.045056056 
161 173 21 28 0.043178823 
415 145 16 19 0.042701364 
771 127 14 18 0.040704194 
707 117 13 17 0.04001758 
690 145 18 24 0.039489247 
419 127 16 20 0.038900178 
534 120 13 19 0.038830835 
995 199 16 21 0.038658325 
155 144 18 21 0.038656496 
916 149 10 14 0.03846471 
558 142 11 14 0.038423695 
526 84 8 11 0.03841743 
581 93 15 20 0.0381548 
751 131 13 17 0.038060855 
858 171 15 18 0.03761247 
572 147 13 17 0.037283678 
902 186 15 18 0.037007894 
99 120 22 29 0.036384918 
820 146 15 20 0.036117535 
228 121 14 20 0.03593811 
984 204 12 16 0.035813242 
998 135 10 12 0.035376623 
930 178 12 15 0.035307664 
385 141 20 24 0.035110474 
478 100 12 13 0.03444672 
688 127 11 15 0.03409889 
960 171 12 14 0.033256866 
1013 204 10 16 0.03322737 
807 135 11 16 0.03317085 
525 129 13 18 0.03316342 
520 87 9 12 0.03286335 
991 118 9 12 0.032773003 
375 92 13 14 0.032464266 
927 187 12 13 0.03204038 
380 139 16 20 0.03090226 
113 122 13 19 0.030559199 
783 132 13 17 0.030502047 
370 146 17 22 0.030433118 
444 117 14 17 0.030355783 
951 206 20 25 0.030290233 
152 154 18 20 0.029872304 
118 156 16 21 0.029701592 
704 244 24 34 0.02968387 
958 133 13 16 0.029563487 
154 96 14 18 0.029538758 
941 137 11 14 0.029031998 
402 141 21 23 0.028829876 
1003 202 14 17 0.028654741 
851 139 13 17 0.027973069 
404 132 14 19 0.027953763 
779 195 199 244 0.027871361 
951 109 10 13 0.027863178 
557 153 16 19 0.027794603 
314 138 16 22 0.027702881 
484 99 11 14 0.027470239 
173 259 14 16 0.027127925 
123 139 19 25 0.026820367 
491 129 14 17 0.026497563 
99 88 12 17 0.026379934 
679 123 11 15 0.026110006 
782 125 11 14 0.02609892 
1005 184 14 16 0.026035232 
989 140 12 14 0.025795186 
988 126 10 12 0.02554517 
961 155 12 14 0.025479978 
885 163 13 17 0.025393227 
122 86 11 14 0.025074355 
101 115 15 20 0.02496365 
357 140 17 21 0.024521438 
1014 131 10 14 0.024047425 
754 220 19 24 0.023864545 
89 85 11 15 0.023751734 
537 114 16 20 0.023737371 
1012 165 12 15 0.023683228 
114 87 10 13 0.023630707 
679 132 14 19 0.023540221 
706 154 22 30 0.023351716 
397 123 15 19 0.023345169 
1000 177 14 16 0.02316216 
63 109 12 15 0.023162102 
903 136 12 15 0.023137357 
812 163 14 17 0.02294516 
1015 119 8 13 0.02277136 
243 89 14 18 0.022709912 
0 122 12 17 0.022394707 
100 77 12 15 0.022293128 
206 67 11 13 0.022274489 
369 132 19 25 0.021955442 
557 171 18 23 0.021755528 
975 139 11 13 0.021625824 
91 115 17 19 0.02159602 
473 117 16 20 0.02158087 
976 132 11 14 0.021567613 
988 171 13 15 0.021515083 
550 160 15 20 0.021179082 
320 108 18 22 0.0209068 
46 150 21 31 0.020891163 
937 164 12 16 0.020766424 
975 156 11 14 0.020686172 
396 87 12 15 0.02063424 
95 78 12 16 0.02051184 
411 151 16 19 0.020505331 
77 139 13 19 0.0202381 
378 150 17 21 0.02003923 
