17_Ceremony_Ceremony_17_470
37
940 265 52 69 0.997517 
482 253 46 59 0.9970214 
679 290 26 34 0.99621093 
351 171 51 73 0.9959162 
79 253 45 52 0.9948173 
729 213 46 55 0.9943492 
581 283 43 58 0.9938885 
227 224 42 49 0.985919 
140 270 16 21 0.84859776 
642 299 23 27 0.841205 
715 268 34 45 0.80643934 
207 292 37 48 0.38903144 
183 276 26 27 0.25814354 
457 637 10 13 0.07024431 
909 359 22 31 0.053114835 
632 297 24 34 0.05131546 
884 363 18 18 0.046475668 
636 290 16 21 0.042567685 
892 344 18 20 0.037758376 
168 254 10 12 0.03761832 
191 273 37 46 0.035276197 
1 290 11 20 0.033268787 
434 629 8 10 0.030415755 
701 272 33 48 0.028296176 
363 637 9 11 0.028145695 
400 632 8 10 0.028018009 
405 613 8 10 0.027011236 
133 258 21 29 0.02591999 
447 657 9 10 0.024632286 
807 321 52 77 0.0239327 
314 276 51 54 0.023487832 
714 259 23 33 0.023035718 
887 359 26 28 0.022505824 
377 621 8 10 0.021858627 
471 596 14 17 0.021658555 
718 239 31 38 0.02138909 
361 633 9 12 0.020298287 
