17_Ceremony_Ceremony_17_452
85
310 369 21 30 0.96145827 
934 390 14 23 0.91022706 
979 393 16 20 0.7989188 
987 416 25 32 0.64600974 
218 383 17 25 0.51425195 
306 336 16 20 0.50544685 
464 388 11 14 0.31991705 
976 387 12 18 0.23422894 
410 371 18 21 0.19617453 
797 337 16 18 0.17274742 
628 389 11 14 0.17148569 
904 383 20 24 0.13429613 
843 387 14 21 0.13080537 
65 345 15 18 0.1276986 
78 361 14 16 0.0788155 
380 366 11 16 0.074927874 
7 487 9 11 0.07460083 
252 506 14 20 0.074035585 
914 386 15 21 0.07113136 
578 348 14 16 0.0645554 
836 383 17 24 0.06112369 
425 354 14 17 0.060954895 
627 412 13 15 0.060751326 
418 406 13 18 0.060196217 
701 432 12 16 0.057956576 
728 481 16 20 0.05794274 
15 488 7 11 0.05722763 
827 381 16 25 0.056582157 
391 414 13 16 0.056171846 
444 417 10 13 0.055189602 
88 469 12 16 0.05256438 
7 473 11 14 0.0518883 
391 357 11 15 0.051386077 
0 476 7 12 0.050015137 
176 324 10 13 0.049274158 
946 410 19 20 0.04574025 
13 493 8 11 0.044752568 
993 423 28 39 0.044220567 
168 340 10 14 0.04280804 
351 435 20 24 0.042540584 
666 357 8 11 0.04187321 
826 391 14 23 0.03824824 
196 305 11 14 0.0382022 
980 404 22 29 0.0372792 
681 348 9 12 0.037010066 
701 419 11 13 0.037007198 
13 476 8 11 0.036479227 
927 388 14 23 0.03484114 
421 459 15 21 0.03321827 
984 422 15 22 0.0331304 
171 357 11 14 0.03108585 
7 464 11 14 0.03078188 
542 358 8 10 0.03052334 
344 420 12 17 0.029252307 
61 459 11 13 0.029169094 
726 498 13 19 0.02871931 
101 414 11 15 0.028499996 
938 396 16 21 0.028339116 
983 397 19 22 0.027995463 
57 457 9 11 0.027906056 
510 377 9 10 0.0271792 
241 428 9 11 0.026182316 
478 407 9 11 0.02548841 
426 384 15 19 0.024861105 
683 417 12 16 0.024108721 
792 333 13 18 0.02400897 
969 386 12 16 0.022946924 
592 373 9 12 0.022479048 
407 366 16 20 0.022320712 
695 418 11 13 0.022306379 
173 330 14 19 0.02198334 
396 459 17 18 0.021838078 
198 379 12 17 0.02182169 
437 444 16 20 0.021722797 
719 420 14 16 0.021717621 
464 403 8 12 0.021653641 
419 419 12 16 0.0216473 
472 405 9 11 0.021590024 
655 414 9 11 0.020707514 
191 378 13 16 0.020461988 
421 395 14 18 0.020446403 
694 436 13 16 0.020420121 
225 352 10 12 0.020071574 
212 541 12 16 0.020030983 
621 408 12 14 0.020003233 
