17_Ceremony_Ceremony_17_765
100
89 471 37 58 0.99008065 
876 297 13 20 0.98386544 
399 292 9 13 0.98296577 
925 297 13 19 0.97631526 
374 289 11 14 0.9300875 
670 288 11 17 0.91869885 
80 306 10 14 0.8986694 
325 297 11 14 0.8946671 
377 401 19 30 0.86287725 
716 286 12 18 0.85590434 
137 310 10 13 0.8447962 
239 306 10 14 0.84239304 
557 277 11 14 0.69414264 
796 287 13 18 0.64819914 
835 311 13 15 0.58789134 
11 400 13 22 0.45513457 
423 292 9 12 0.29435527 
760 297 11 15 0.28846627 
342 384 11 14 0.27778134 
172 442 19 34 0.23603687 
227 392 13 22 0.23502353 
453 287 9 11 0.19243874 
357 309 8 11 0.13119537 
83 409 15 27 0.113268055 
368 379 10 13 0.09819162 
166 332 9 11 0.085859835 
262 431 24 35 0.082869135 
206 386 15 21 0.077164374 
797 278 12 17 0.07420482 
146 325 9 11 0.067450725 
186 316 9 11 0.06699857 
134 425 20 35 0.06521226 
60 432 18 25 0.06513942 
288 371 10 13 0.057489485 
148 403 17 18 0.057128645 
360 305 8 11 0.056417465 
516 295 10 13 0.056076966 
729 363 8 11 0.055580705 
786 363 8 11 0.055445276 
370 527 17 20 0.054198336 
237 342 11 13 0.050696943 
125 396 10 12 0.049582414 
188 403 16 18 0.048920073 
905 284 10 13 0.047780786 
155 447 31 35 0.046714667 
109 404 14 17 0.044694345 
157 382 10 14 0.04449431 
196 402 14 18 0.0442757 
778 292 8 11 0.043577638 
108 412 16 18 0.040515058 
801 284 13 17 0.038764406 
776 289 9 11 0.037172575 
153 385 15 21 0.036278907 
224 332 10 14 0.03595431 
155 396 15 19 0.03585876 
228 326 10 13 0.035411105 
490 325 9 11 0.035287805 
183 407 23 24 0.03465904 
61 397 16 18 0.034143187 
366 349 8 10 0.034068603 
524 447 10 11 0.03389206 
122 325 10 14 0.03268289 
438 326 11 15 0.03255361 
174 328 8 10 0.032025814 
179 435 16 28 0.031770904 
231 438 19 32 0.030963017 
65 414 24 29 0.028816255 
80 346 12 15 0.028295528 
53 401 24 28 0.027867518 
766 288 9 11 0.027387211 
140 397 15 19 0.02734904 
244 399 14 20 0.027311629 
159 316 8 10 0.027307682 
160 289 8 10 0.0272404 
19 508 42 54 0.026653236 
760 289 10 12 0.026305856 
827 310 10 14 0.026272604 
153 318 8 11 0.025763636 
694 302 9 13 0.025383554 
711 362 7 10 0.025383394 
137 340 16 17 0.0240075 
644 310 12 15 0.023732198 
143 381 13 15 0.023700837 
495 344 8 11 0.02294533 
386 319 8 12 0.022860356 
173 332 8 11 0.022855321 
553 273 19 23 0.02269308 
366 309 9 11 0.022610279 
325 323 10 12 0.02248391 
337 387 12 17 0.02233378 
784 300 9 12 0.022272225 
38 333 7 10 0.022262365 
252 396 13 18 0.022044005 
516 271 10 12 0.022014888 
149 381 13 15 0.021986693 
184 397 13 16 0.021707525 
248 325 9 11 0.020636028 
553 284 10 14 0.020627115 
930 302 13 17 0.020576393 
161 312 7 10 0.020575387 
