17_Ceremony_Ceremony_17_803
69
323 21 96 139 0.9990264 
647 78 89 125 0.9984498 
93 140 23 29 0.9951756 
942 174 25 30 0.9919131 
491 129 15 20 0.9789828 
597 124 15 18 0.9771402 
574 139 15 19 0.972112 
124 125 17 21 0.9561187 
605 143 20 27 0.9527699 
626 108 13 18 0.9392332 
151 125 13 17 0.9237441 
172 141 18 25 0.9219428 
632 151 18 25 0.92191494 
440 114 16 20 0.8329896 
2 83 103 239 0.82904804 
558 131 12 15 0.82339823 
527 116 12 15 0.8140995 
480 121 13 15 0.77011037 
568 116 12 15 0.7374236 
505 116 12 15 0.7058486 
164 107 12 14 0.6129766 
239 125 14 18 0.55148685 
417 114 13 16 0.5478316 
196 126 12 17 0.546809 
223 116 10 13 0.53839594 
210 125 12 17 0.4875824 
90 111 14 18 0.48246336 
159 71 10 11 0.39484105 
114 142 14 21 0.36776447 
539 155 17 23 0.34972203 
204 108 9 11 0.21445209 
108 119 13 17 0.09207148 
462 123 15 17 0.07427462 
214 94 9 12 0.06601996 
475 157 13 19 0.0640834 
535 147 14 18 0.063111976 
198 119 10 14 0.061825287 
225 131 10 13 0.060651954 
222 123 12 15 0.05992441 
240 118 12 16 0.052503284 
215 117 12 14 0.050494917 
896 71 16 18 0.04804729 
599 253 15 17 0.044285387 
617 148 20 28 0.04146285 
555 261 10 13 0.040353067 
164 113 14 16 0.038714632 
186 77 7 10 0.035853554 
146 123 12 17 0.03515262 
102 117 13 16 0.03403924 
207 117 10 14 0.033033367 
582 124 11 14 0.03168181 
389 138 25 31 0.02762381 
245 113 10 13 0.027295716 
571 119 13 17 0.026659656 
407 155 12 17 0.025681978 
575 255 12 14 0.025653902 
166 122 13 15 0.02455941 
468 118 13 16 0.024402192 
521 123 10 13 0.023259852 
542 123 11 16 0.022752866 
395 139 14 18 0.022304157 
189 78 8 10 0.021907654 
510 157 13 16 0.021496577 
559 117 11 13 0.021485569 
542 116 11 14 0.021462344 
230 125 12 15 0.020876933 
132 117 13 15 0.02064149 
572 260 16 22 0.020301865 
181 116 9 13 0.020000651 
