17_Ceremony_Ceremony_17_852
35
461 240 35 40 0.99660623 
850 235 30 47 0.9936987 
406 245 27 41 0.990212 
507 214 28 45 0.98832816 
12 429 12 14 0.24923196 
495 476 42 61 0.16310304 
156 580 50 71 0.09101342 
169 558 48 64 0.08337907 
339 538 62 81 0.07547112 
296 1104 8 11 0.074857175 
237 588 93 112 0.07118356 
412 642 89 112 0.06492787 
234 592 59 74 0.05576492 
503 494 43 71 0.050731167 
173 585 62 78 0.05072034 
87 590 43 61 0.048924685 
841 343 28 36 0.0457214 
278 1086 9 11 0.043720365 
31 430 8 11 0.040556785 
39 444 7 10 0.037149344 
358 243 25 41 0.03675571 
317 549 57 79 0.034351178 
204 578 78 107 0.034213766 
952 537 38 66 0.03397788 
0 437 7 10 0.031304583 
15 415 8 9 0.029653506 
312 1110 8 10 0.027950784 
22 430 10 12 0.027391894 
1 604 45 62 0.026653491 
32 445 9 11 0.026631685 
22 445 9 11 0.025289776 
496 217 27 39 0.022075374 
67 570 48 63 0.020797962 
230 1108 12 15 0.020209925 
756 537 48 58 0.020065486 
