17_Ceremony_Ceremony_17_253
404
314 345 7 9 0.59827036 
905 361 7 10 0.5060994 
341 337 8 10 0.48534343 
54 396 10 13 0.41953436 
936 366 9 11 0.41804028 
199 365 9 12 0.401825 
280 345 7 10 0.3838063 
883 700 13 16 0.37497997 
175 439 10 12 0.37346083 
772 356 9 12 0.34430462 
73 410 10 13 0.34400967 
102 382 8 11 0.33805805 
126 369 9 11 0.32283482 
672 672 9 12 0.32271156 
785 342 7 10 0.31272256 
429 324 8 11 0.30222958 
626 668 8 11 0.29718733 
760 120 8 10 0.2621871 
638 679 11 14 0.25764018 
882 433 8 10 0.2543114 
786 425 8 10 0.25110283 
878 358 9 12 0.23191193 
319 460 8 11 0.22512406 
365 440 10 13 0.2115244 
230 361 8 10 0.21081679 
758 675 10 13 0.206977 
920 684 12 15 0.20192918 
610 311 8 10 0.19997801 
921 383 8 10 0.18993184 
255 385 8 11 0.1788162 
191 424 9 13 0.17247404 
339 450 10 13 0.1672731 
537 337 8 10 0.16680238 
181 412 8 11 0.16582787 
354 454 9 13 0.16578566 
74 385 9 11 0.16431393 
744 383 7 10 0.16227522 
123 476 11 14 0.16190255 
862 369 8 10 0.14912853 
892 374 9 12 0.14774747 
799 666 10 13 0.14626253 
464 690 10 14 0.1384621 
680 94 7 9 0.13496368 
746 688 10 13 0.13421236 
231 393 8 11 0.13049531 
237 413 9 12 0.12644103 
80 149 7 9 0.12443559 
52 426 11 14 0.11928165 
286 396 9 11 0.11861312 
97 405 9 12 0.11828907 
584 139 9 11 0.117299475 
587 710 12 15 0.114378884 
653 732 13 16 0.11242104 
935 703 9 12 0.1101461 
147 419 11 14 0.10973861 
846 348 8 10 0.10949636 
173 463 10 13 0.107928544 
726 707 11 13 0.102868855 
469 691 10 12 0.102478 
338 377 7 10 0.101425335 
256 501 8 11 0.10077084 
91 452 10 13 0.0956909 
816 344 7 10 0.094110586 
703 305 7 8 0.0911098 
759 301 7 10 0.09079125 
95 176 9 11 0.08874657 
850 309 8 11 0.08776854 
546 677 9 12 0.08712527 
261 400 9 12 0.0868211 
157 381 9 11 0.085599184 
182 374 8 11 0.08363557 
823 309 7 9 0.08334764 
877 662 9 12 0.08325082 
221 392 10 11 0.08293369 
601 682 10 13 0.08253609 
552 701 10 12 0.081327766 
776 340 8 10 0.08070317 
479 703 9 11 0.080273 
141 426 10 13 0.07984021 
96 153 9 11 0.07969458 
135 465 9 12 0.079679266 
807 390 8 10 0.07804147 
953 677 10 15 0.07764856 
505 366 7 11 0.07590213 
677 671 9 12 0.075452395 
273 125 8 10 0.07356266 
578 692 10 12 0.07323783 
265 491 11 14 0.07254543 
821 448 8 11 0.0705203 
914 655 8 11 0.07029449 
993 385 8 10 0.07027157 
556 699 10 13 0.06904366 
848 707 9 13 0.06787619 
234 141 8 10 0.06734551 
704 669 8 10 0.067044 
647 348 8 11 0.064272866 
310 385 8 10 0.06289726 
6 703 10 14 0.06254997 
691 334 7 10 0.06238449 
734 349 7 10 0.06147035 
41 722 10 14 0.05990842 
268 488 10 12 0.059880827 
366 335 9 11 0.058458555 
703 309 7 9 0.058451742 
706 349 8 10 0.057749644 
862 327 7 8 0.05770272 
478 708 9 12 0.05702865 
154 149 8 10 0.0567001 
869 459 9 12 0.056686077 
361 444 11 13 0.056446865 
833 661 9 12 0.05635956 
601 337 7 9 0.055952333 
335 472 9 11 0.055653635 
5 588 12 16 0.055593476 
438 700 8 12 0.055381503 
401 710 9 11 0.055024438 
177 136 7 9 0.054225262 
14 715 14 17 0.052879326 
121 372 9 12 0.052049764 
365 325 10 13 0.051830396 
853 476 9 12 0.05177383 
765 438 7 10 0.051741585 
849 669 11 14 0.05156712 
201 520 9 11 0.05139447 
920 755 14 14 0.051366646 
778 385 7 10 0.050458964 
472 328 8 10 0.049512047 
177 408 8 11 0.049447834 
120 399 8 10 0.049400497 
734 678 8 11 0.049041204 
521 117 8 10 0.048757695 
773 717 13 16 0.048650634 
884 755 13 13 0.048283145 
113 492 10 13 0.048085473 
809 383 8 10 0.047858495 
640 149 7 8 0.04722969 
712 334 6 8 0.047209375 
271 718 11 14 0.047111932 
497 718 10 14 0.04710046 
142 366 8 11 0.046874695 
711 103 7 8 0.04626684 
494 157 8 11 0.046160713 
697 311 8 10 0.045998026 
565 715 10 13 0.04592871 
712 665 8 10 0.045541722 
271 376 8 11 0.04539937 
104 450 11 13 0.045275267 
304 473 8 10 0.04515363 
641 317 7 9 0.0451512 
144 360 8 11 0.045107044 
722 708 9 12 0.0448121 
777 128 7 9 0.0446463 
383 456 8 11 0.04460867 
26 748 12 15 0.04440984 
117 507 11 17 0.044140913 
119 429 10 11 0.043914426 
807 342 7 9 0.043748815 
138 428 8 12 0.043165676 
657 127 8 11 0.04281475 
783 127 7 8 0.04277793 
661 413 7 10 0.04237611 
540 335 8 11 0.042157825 
710 345 7 9 0.04200618 
736 346 6 8 0.041596595 
333 414 8 10 0.04146339 
630 329 7 10 0.041444972 
158 454 10 12 0.041290414 
655 693 8 11 0.04123191 
125 405 9 10 0.04072319 
101 156 8 11 0.040591083 
536 134 8 9 0.0405669 
825 117 6 9 0.04041588 
746 336 7 8 0.040174954 
433 698 9 13 0.04014227 
231 524 10 13 0.04011924 
324 461 9 11 0.040104296 
158 150 7 10 0.03994618 
760 731 8 12 0.039784968 
745 671 8 10 0.039699342 
265 350 8 10 0.039587013 
834 425 7 9 0.03950802 
282 397 9 11 0.03949963 
492 673 11 12 0.039369427 
689 719 9 11 0.039224505 
606 127 7 9 0.03879901 
841 733 9 13 0.038793944 
731 703 11 13 0.03861294 
801 357 8 10 0.03856798 
168 408 8 10 0.038523182 
768 718 11 14 0.038096115 
87 191 7 9 0.037959132 
729 677 9 11 0.037751228 
566 674 7 9 0.037656635 
928 723 12 15 0.0371147 
217 431 9 11 0.03706017 
148 537 15 19 0.03703845 
565 736 9 11 0.036551118 
377 345 7 9 0.03654498 
135 373 8 10 0.036466647 
361 318 8 11 0.036454912 
73 167 7 10 0.03616058 
965 374 8 11 0.03611474 
750 335 7 8 0.03603066 
246 414 8 11 0.036025938 
805 669 9 11 0.035669446 
615 102 7 8 0.035617866 
550 674 8 10 0.03530768 
152 486 9 12 0.035132818 
279 381 7 9 0.034950525 
88 382 10 14 0.034918018 
368 361 8 10 0.034891866 
192 398 8 11 0.03483278 
209 439 8 11 0.03426271 
674 312 6 9 0.034209978 
478 694 8 11 0.03415702 
182 485 10 14 0.03413569 
780 694 10 11 0.034071665 
205 400 8 11 0.033886474 
272 358 7 9 0.033872735 
663 330 7 8 0.033686757 
104 189 8 10 0.03365602 
103 387 9 11 0.033503648 
157 486 9 12 0.03343816 
215 374 8 9 0.03329269 
485 111 8 10 0.033188894 
323 360 8 10 0.033139467 
887 320 9 12 0.033052027 
616 351 8 10 0.032950617 
706 142 10 11 0.03289017 
181 494 10 13 0.03288081 
630 389 9 12 0.032867804 
238 190 8 10 0.03261573 
733 663 8 10 0.032552015 
463 713 9 12 0.032340154 
343 488 8 10 0.032307938 
633 677 10 13 0.032092053 
703 677 9 12 0.03204882 
413 679 8 10 0.031939443 
216 543 9 12 0.0319375 
594 670 8 10 0.031889535 
625 374 7 8 0.031871494 
815 670 10 11 0.03162661 
688 111 7 9 0.031404704 
731 351 7 10 0.031350113 
845 431 8 9 0.031153182 
918 368 8 10 0.030982386 
633 125 8 11 0.030944413 
605 691 10 13 0.03084467 
567 334 7 10 0.030808026 
237 520 9 12 0.030711778 
137 183 9 10 0.03067751 
311 368 8 10 0.030620717 
895 321 8 10 0.030494638 
13 722 16 19 0.030370984 
143 279 7 9 0.030329032 
721 337 6 8 0.030154271 
600 690 10 14 0.03012832 
129 152 8 9 0.029996807 
216 151 7 9 0.02987556 
631 385 8 10 0.029699339 
673 141 8 11 0.029227052 
800 698 12 16 0.029037504 
305 422 8 10 0.02898515 
821 668 10 12 0.028973807 
822 142 9 12 0.028891074 
704 702 10 13 0.028686928 
841 117 7 9 0.02857 
721 341 6 9 0.028351452 
0 561 11 17 0.028253866 
343 354 11 14 0.028239215 
175 494 12 15 0.028173635 
842 344 7 11 0.02808162 
480 687 8 11 0.027899282 
193 486 9 12 0.027878817 
239 360 9 12 0.027756799 
960 754 13 14 0.027683262 
774 708 14 16 0.027477788 
859 367 8 10 0.027405046 
153 172 8 10 0.027214812 
209 151 7 9 0.027184041 
766 695 9 12 0.027140133 
335 406 8 11 0.026960384 
226 364 8 11 0.026836894 
157 516 12 14 0.026722968 
952 655 11 13 0.026716374 
788 343 8 10 0.02667556 
851 672 14 17 0.026598034 
191 505 11 14 0.02652446 
935 669 12 16 0.026506187 
95 507 13 18 0.026483634 
895 441 7 9 0.02647917 
735 370 6 9 0.026428027 
191 404 8 10 0.026369149 
759 342 7 10 0.026306296 
321 365 8 11 0.0263053 
753 675 10 13 0.026255686 
823 401 8 10 0.026253369 
781 389 7 10 0.026234891 
554 317 7 10 0.026196545 
249 383 8 11 0.026165575 
711 330 7 8 0.026148658 
1000 653 10 11 0.02612298 
624 370 7 9 0.025938135 
178 181 8 11 0.025760338 
620 716 11 14 0.025707105 
750 358 8 10 0.025642408 
457 732 8 11 0.025617953 
394 693 8 11 0.025605502 
285 344 8 10 0.0255881 
634 683 11 14 0.025484148 
897 325 8 10 0.02536166 
686 369 7 10 0.025342578 
185 422 10 12 0.025223125 
871 677 13 18 0.025116583 
711 679 7 10 0.025100684 
87 165 8 10 0.025092032 
802 341 7 10 0.025023451 
777 440 8 10 0.025014022 
199 478 9 13 0.024965521 
86 142 9 11 0.024933424 
102 183 9 12 0.024928788 
905 88 7 9 0.024921091 
369 376 8 11 0.024910375 
613 144 8 10 0.024629503 
745 319 7 10 0.02455911 
731 726 11 13 0.02446704 
206 405 8 10 0.024293764 
658 382 7 10 0.024239998 
353 326 7 10 0.024027497 
474 334 8 10 0.02396028 
112 513 11 15 0.023918936 
736 128 8 10 0.023905218 
29 444 10 12 0.023848876 
127 502 12 16 0.023847762 
887 678 13 15 0.023822661 
136 189 10 12 0.023711698 
885 436 8 11 0.023701528 
679 350 7 10 0.023602877 
192 392 8 10 0.02356524 
815 678 11 13 0.023484133 
8 611 11 16 0.023453077 
923 689 12 15 0.023318961 
766 433 8 10 0.023310842 
918 375 9 10 0.02329455 
583 112 7 9 0.023163034 
935 424 8 10 0.023072423 
910 365 8 11 0.022859486 
809 462 7 9 0.022851307 
87 456 11 14 0.022833997 
447 678 8 10 0.022809584 
159 143 8 10 0.022808744 
133 286 8 11 0.022755008 
214 366 10 13 0.022658875 
382 343 8 10 0.022648778 
748 470 10 12 0.022545487 
118 482 12 15 0.022510158 
933 729 13 16 0.022469742 
247 135 8 9 0.022462485 
812 526 9 12 0.022417186 
630 414 7 9 0.022412179 
878 666 11 13 0.0223612 
270 351 8 10 0.022322487 
631 394 9 13 0.022305466 
671 135 7 9 0.022268463 
391 380 10 12 0.022233995 
601 127 8 10 0.022147905 
693 133 8 10 0.022074567 
559 313 7 9 0.022066813 
464 342 7 10 0.022043487 
229 532 9 13 0.022036098 
62 423 9 13 0.021994384 
374 325 9 12 0.021965196 
357 458 10 13 0.021674536 
361 405 8 11 0.021573745 
465 317 9 12 0.021517782 
145 724 9 12 0.021494932 
647 312 7 9 0.021440685 
702 125 8 10 0.021347692 
223 506 11 13 0.021301562 
384 364 8 10 0.021236705 
705 417 7 9 0.021189429 
448 708 7 10 0.021083064 
710 720 10 13 0.021045411 
169 543 9 12 0.02098742 
833 429 7 9 0.0209271 
815 430 7 9 0.020902906 
639 127 7 10 0.020882824 
562 677 8 10 0.020847168 
312 373 8 9 0.020845892 
805 358 7 11 0.02070677 
525 117 7 10 0.020704148 
478 336 8 9 0.020663844 
734 670 9 11 0.020653723 
287 473 10 12 0.020629922 
626 333 8 10 0.020615995 
929 701 9 11 0.020591384 
760 94 7 9 0.020511784 
961 381 9 10 0.020484123 
697 318 7 9 0.020430805 
606 336 7 9 0.020378951 
170 438 9 12 0.020248894 
200 398 8 12 0.020188821 
817 708 11 14 0.020187285 
376 349 7 9 0.02012608 
