17_Ceremony_Ceremony_17_592
77
160 251 31 39 0.9658207 
300 284 16 19 0.9637419 
5 372 16 19 0.94344276 
58 308 17 22 0.9267597 
509 288 14 16 0.8540314 
696 184 25 41 0.79914534 
550 303 14 18 0.68900007 
789 339 12 15 0.64505476 
593 320 11 15 0.59816635 
402 287 15 20 0.4443585 
196 337 16 19 0.35266668 
593 283 16 19 0.23349853 
573 320 10 14 0.15595406 
544 279 10 13 0.12848671 
268 343 11 14 0.12656648 
543 314 10 14 0.12214362 
556 278 10 14 0.11536057 
207 308 12 16 0.10604381 
783 335 14 18 0.10599001 
550 316 12 14 0.105615996 
556 264 10 12 0.09721323 
707 349 11 13 0.09364644 
578 342 10 13 0.08310946 
555 323 11 13 0.0743695 
528 182 9 11 0.07068226 
235 299 13 18 0.06661382 
537 332 9 12 0.06430855 
371 198 32 45 0.06316379 
606 319 12 15 0.06151331 
70 334 14 18 0.05699167 
94 349 11 14 0.049343247 
252 315 15 19 0.048419178 
190 360 12 16 0.04507317 
553 268 10 12 0.04457911 
847 140 22 34 0.040098026 
421 337 17 20 0.03994929 
887 126 26 34 0.039127328 
357 347 12 13 0.03624144 
455 319 10 13 0.035845213 
605 193 14 18 0.035660557 
227 324 11 14 0.035189662 
533 224 11 16 0.034158297 
278 330 10 15 0.033390053 
0 337 11 18 0.032955512 
100 322 13 16 0.032086015 
33 410 12 17 0.031567268 
542 350 9 11 0.031234315 
337 356 12 15 0.030422783 
528 278 10 12 0.029696895 
344 214 10 12 0.029389914 
353 189 9 12 0.02931805 
605 296 14 16 0.029084109 
398 277 13 18 0.028365377 
246 307 14 17 0.028118514 
795 335 12 15 0.028021945 
599 190 14 19 0.027844112 
171 241 32 44 0.026571626 
280 287 11 13 0.025847014 
649 293 12 15 0.025632117 
201 344 14 19 0.025341954 
601 285 14 16 0.025135875 
550 280 13 16 0.025054134 
485 318 8 10 0.024845896 
461 324 9 12 0.023709387 
196 351 14 19 0.023648074 
247 321 12 15 0.023271995 
229 291 16 22 0.022919029 
144 377 11 14 0.022852406 
471 283 12 14 0.022377545 
537 262 9 12 0.022214783 
390 256 16 21 0.021869767 
394 274 22 30 0.021720488 
591 249 12 16 0.021627752 
503 222 10 14 0.021576915 
468 275 13 15 0.021533832 
91 328 15 17 0.02110556 
596 289 23 26 0.020541925 
