17_Ceremony_Ceremony_17_271
63
732 370 21 29 0.96289206 
602 375 18 24 0.7912148 
571 382 17 25 0.77435607 
253 388 18 24 0.310228 
579 380 16 22 0.28949943 
513 388 21 25 0.25377315 
180 601 28 50 0.23264831 
465 572 32 47 0.20938426 
431 577 32 44 0.15328895 
505 365 14 16 0.13335654 
388 383 9 11 0.112510026 
485 373 12 17 0.11049191 
499 367 16 19 0.09339469 
748 464 23 26 0.09311605 
552 444 13 16 0.08930531 
576 352 9 12 0.08312141 
513 434 19 23 0.081694946 
226 388 10 15 0.07483278 
546 363 10 14 0.06889678 
387 554 28 40 0.061641626 
531 583 28 37 0.060828567 
549 429 14 17 0.060610704 
251 574 27 39 0.05819385 
281 386 11 15 0.0577354 
444 571 37 52 0.0539012 
366 560 36 46 0.050973076 
162 608 37 52 0.048356503 
932 461 13 17 0.04642683 
547 286 8 10 0.044994134 
492 371 16 19 0.044431914 
238 593 41 57 0.042176805 
600 423 19 21 0.04168468 
460 339 9 12 0.039461173 
228 384 13 21 0.037767313 
560 342 9 10 0.03726392 
746 460 18 21 0.033934217 
559 357 10 13 0.032640494 
565 388 16 22 0.032561842 
267 388 12 19 0.029722061 
756 459 23 26 0.02920409 
412 570 36 51 0.028556425 
742 451 15 18 0.02803758 
479 571 28 39 0.028005289 
366 320 8 10 0.027925272 
609 379 16 23 0.027481908 
479 308 11 14 0.026933292 
587 375 14 19 0.026849851 
564 402 15 19 0.026708463 
887 445 13 16 0.026474757 
560 364 10 13 0.026024994 
222 336 8 10 0.025639037 
347 398 16 20 0.025360549 
449 356 9 13 0.024105605 
520 440 17 22 0.023945913 
750 452 23 26 0.023853263 
404 368 11 14 0.023638606 
464 358 10 13 0.022886002 
878 453 13 16 0.02252426 
622 374 12 15 0.022481233 
355 569 34 46 0.022106122 
560 349 11 14 0.020675397 
603 368 15 17 0.020465543 
716 386 12 16 0.02037471 
