17_Ceremony_Ceremony_17_218
45
513 520 46 61 0.9984856 
40 418 34 42 0.9981172 
855 421 33 40 0.99803585 
55 313 33 41 0.9975799 
11 367 35 43 0.997227 
912 683 70 57 0.9970059 
154 366 36 41 0.9968832 
291 319 32 39 0.9967559 
563 332 26 33 0.99651694 
704 426 34 38 0.9963496 
641 325 28 33 0.9962483 
924 351 32 36 0.99598134 
513 331 27 32 0.99578613 
641 473 45 56 0.9957123 
549 433 32 40 0.9956233 
462 461 33 36 0.995598 
325 483 36 45 0.9954209 
822 325 30 37 0.99532074 
963 422 34 39 0.9951186 
869 374 34 38 0.9949393 
183 312 31 38 0.9948716 
253 385 33 40 0.9948036 
364 410 37 43 0.9948009 
492 400 33 39 0.99383545 
722 302 28 34 0.99348336 
389 530 41 50 0.9926912 
761 463 38 55 0.99252325 
940 485 37 43 0.9918641 
999 363 27 40 0.9915404 
890 505 41 52 0.98803955 
367 362 33 37 0.986648 
762 364 29 34 0.9858754 
134 551 42 52 0.9856253 
248 499 40 54 0.9839025 
46 516 42 51 0.98224074 
195 430 42 56 0.97584844 
631 439 31 37 0.9706935 
802 463 29 38 0.9637296 
67 457 41 54 0.9557709 
-7 669 77 92 0.3103115 
900 351 22 31 0.16231178 
581 413 34 45 0.035903443 
167 361 33 39 0.029551458 
1004 546 20 41 0.028511884 
990 363 24 34 0.026165841 
