17_Ceremony_Ceremony_17_171
43
23 222 60 72 0.9991284 
254 239 70 88 0.99894184 
331 143 51 61 0.9989225 
647 304 102 143 0.9981499 
521 318 91 122 0.9980432 
196 237 59 76 0.99800247 
478 164 56 73 0.9976826 
580 1 33 40 0.9976653 
152 49 31 40 0.9976096 
265 56 38 47 0.9962521 
633 154 59 65 0.9953719 
291 31 31 41 0.9952508 
720 70 46 62 0.9949669 
94 125 33 44 0.99458367 
760 57 52 66 0.994235 
663 73 48 59 0.99375594 
7 132 38 44 0.99268687 
396 312 87 95 0.99205434 
150 236 47 64 0.9898801 
525 23 37 45 0.98980904 
245 150 39 50 0.9860269 
934 383 94 142 0.98432016 
512 83 46 53 0.9734064 
862 242 63 81 0.95973676 
301 157 37 50 0.93728864 
964 166 55 95 0.8597725 
354 278 60 72 0.8428357 
695 183 49 65 0.8234586 
173 235 52 66 0.7990098 
456 135 43 58 0.7018545 
143 87 18 26 0.4639468 
839 266 76 87 0.20263849 
371 289 79 97 0.1320965 
714 8 18 18 0.10972988 
591 113 35 44 0.077893294 
669 167 55 64 0.06975572 
471 155 40 60 0.042519726 
279 41 33 43 0.038390215 
626 11 40 48 0.035362437 
105 194 43 62 0.03167941 
744 0 13 12 0.027977524 
461 67 37 47 0.02394218 
707 158 55 80 0.022911444 
