17_Ceremony_Ceremony_17_944
161
517 425 11 15 0.8710616 
813 457 11 16 0.8680269 
198 467 10 14 0.82266235 
472 428 10 13 0.7429496 
153 469 9 12 0.7295426 
840 456 11 16 0.7061294 
275 475 12 16 0.671545 
-1 524 17 28 0.59711534 
172 470 11 14 0.5412728 
758 453 10 15 0.5255484 
954 550 20 40 0.5243142 
232 460 12 15 0.42397332 
707 540 22 27 0.42116195 
873 601 36 55 0.37203917 
578 461 8 10 0.3117398 
636 449 11 15 0.30369663 
493 432 10 12 0.24208009 
716 460 10 14 0.16873209 
169 475 10 12 0.16807625 
488 437 10 12 0.15370253 
882 570 28 37 0.14766537 
208 508 12 16 0.14461106 
274 532 14 20 0.14288676 
343 529 13 16 0.13333927 
12 544 14 18 0.13161288 
240 553 14 20 0.12666698 
141 468 9 12 0.12264203 
446 463 8 11 0.12051596 
615 495 7 11 0.11470707 
268 490 15 19 0.109255485 
19 531 13 18 0.10326151 
271 482 14 19 0.094917394 
700 544 17 22 0.09135751 
293 504 11 12 0.09044061 
314 508 13 17 0.08450019 
608 479 9 12 0.080340005 
174 484 9 11 0.07395585 
488 454 9 12 0.06804889 
160 492 10 15 0.066686586 
550 451 8 11 0.06577991 
222 460 10 13 0.0656146 
8 526 17 26 0.06446 
261 475 11 13 0.062068768 
542 429 8 11 0.061766353 
487 444 10 12 0.060846355 
195 472 12 15 0.06063213 
210 536 15 24 0.060547367 
147 491 12 15 0.058255836 
818 459 11 14 0.0572421 
158 541 14 18 0.052370798 
326 505 10 15 0.052184705 
133 503 11 15 0.052099414 
98 538 16 22 0.051874798 
210 484 8 11 0.05079833 
229 519 11 14 0.050688647 
998 542 23 38 0.049256757 
871 571 25 39 0.048805486 
325 485 10 13 0.047091436 
502 423 8 10 0.046822745 
91 542 18 22 0.046013646 
221 489 13 17 0.045878526 
472 453 9 12 0.045697886 
575 438 6 9 0.04545543 
447 469 8 10 0.044158682 
593 495 8 11 0.04336384 
67 539 13 22 0.041258607 
870 586 27 52 0.04108806 
244 476 9 12 0.03977859 
215 538 18 28 0.039258726 
238 468 9 13 0.03806225 
224 469 10 12 0.037699867 
522 428 10 13 0.03761222 
586 501 8 11 0.036843907 
126 584 15 20 0.036656737 
218 462 8 11 0.03628366 
138 550 37 51 0.036118094 
543 437 8 10 0.036026087 
632 550 10 14 0.035159938 
467 471 11 13 0.03443761 
876 525 14 24 0.034269873 
704 461 10 14 0.034219228 
573 445 8 11 0.03420825 
144 463 8 11 0.03376075 
13 534 19 25 0.033458043 
710 464 13 16 0.03322315 
461 445 8 11 0.032025132 
449 414 7 10 0.031614184 
708 456 13 15 0.030997049 
529 414 9 11 0.03016155 
257 472 10 13 0.029837264 
655 556 11 14 0.029699394 
433 470 8 9 0.028549077 
216 470 8 11 0.028295187 
875 557 22 35 0.028141215 
318 485 11 14 0.02797898 
537 428 9 11 0.027812792 
271 471 12 16 0.027798131 
145 487 10 14 0.027538467 
526 405 8 10 0.027429711 
319 492 11 14 0.027070308 
479 444 10 12 0.026321309 
638 454 14 17 0.026318105 
222 543 21 26 0.02625989 
214 485 10 13 0.026152378 
164 518 14 17 0.02609512 
181 469 10 13 0.025753284 
18 544 15 20 0.025590796 
752 455 13 18 0.025351156 
502 350 8 9 0.025213756 
439 470 7 10 0.02510966 
273 539 22 24 0.025088903 
228 476 11 12 0.02496211 
553 431 7 9 0.024943672 
159 475 9 12 0.024883507 
827 609 16 25 0.02467357 
224 477 10 11 0.024632689 
159 521 14 18 0.02461627 
157 591 12 16 0.024585605 
607 502 8 11 0.024481466 
822 584 24 41 0.024446132 
279 528 20 24 0.024372347 
875 545 24 32 0.02421564 
577 487 8 10 0.023804637 
503 415 8 11 0.023443628 
391 496 8 12 0.023027474 
480 438 10 12 0.022860952 
742 476 10 13 0.022689965 
539 398 8 11 0.022689898 
553 438 8 10 0.022681594 
575 478 8 10 0.022600248 
5 516 14 20 0.022377849 
571 440 7 9 0.022215758 
282 539 16 18 0.022214847 
92 515 12 13 0.022189 
303 508 11 15 0.022132194 
477 453 9 13 0.021968294 
382 498 11 14 0.021955673 
557 471 8 10 0.021944156 
545 452 9 12 0.021816008 
681 495 11 14 0.021792341 
477 423 9 11 0.021759693 
127 549 27 32 0.021742744 
584 477 8 10 0.021656597 
449 391 6 8 0.021559425 
446 456 8 11 0.021358011 
492 443 10 12 0.021344176 
736 477 10 14 0.02129984 
761 458 13 16 0.021258917 
726 510 13 19 0.021169633 
213 502 12 17 0.021146229 
446 398 7 10 0.020833798 
160 534 13 17 0.020789893 
831 454 11 15 0.020529158 
228 550 22 26 0.020361703 
448 431 7 10 0.020276891 
315 563 14 16 0.020228507 
85 545 15 22 0.020217849 
263 483 13 18 0.020193042 
27 530 15 19 0.020179851 
334 505 14 17 0.020068778 
502 430 8 11 0.020022837 
