17_Ceremony_Ceremony_17_1005
23
320 243 200 268 0.9995372 
862 186 54 66 0.9993185 
674 192 53 61 0.99885345 
546 145 53 66 0.9973349 
784 180 54 67 0.99566346 
830 117 47 62 0.99229276 
963 181 51 72 0.9892602 
912 1685 32 38 0.6624761 
878 482 68 75 0.42321268 
438 105 28 35 0.35553285 
477 98 24 32 0.23789759 
928 214 33 47 0.094346546 
374 94 26 33 0.063549384 
370 115 29 33 0.057311736 
468 101 24 34 0.03909554 
661 524 16 20 0.036668234 
452 103 24 32 0.03411673 
857 124 43 59 0.027258707 
370 81 24 34 0.025626294 
824 194 32 46 0.024644343 
880 140 35 44 0.023987286 
497 162 37 51 0.022571784 
807 0 67 59 0.020648023 
