17_Ceremony_Ceremony_17_227
99
262 492 12 16 0.9780939 
312 491 10 14 0.9260552 
957 463 12 15 0.9009424 
165 495 11 16 0.85888416 
910 452 11 12 0.67332244 
114 495 12 16 0.5959177 
574 461 12 15 0.4136334 
906 466 11 14 0.17110607 
36 708 15 18 0.14008556 
715 693 11 12 0.11504554 
44 709 15 17 0.10841264 
134 428 12 15 0.09957234 
197 509 16 18 0.09779793 
276 661 13 17 0.087797605 
889 470 9 14 0.08501695 
156 516 12 14 0.084138505 
204 513 14 17 0.083450474 
631 658 13 15 0.07659397 
665 473 6 8 0.07245961 
256 470 9 12 0.064930655 
269 517 11 13 0.061498005 
94 530 14 17 0.060488213 
212 474 12 16 0.06000097 
207 675 12 15 0.055862688 
327 650 13 17 0.054556046 
301 511 9 12 0.05293626 
750 723 18 20 0.050253402 
782 666 48 53 0.04641792 
727 702 12 16 0.04525979 
246 705 14 17 0.04404836 
460 726 13 18 0.043775555 
191 515 13 15 0.042849902 
319 511 9 12 0.04256648 
372 674 12 15 0.04211794 
86 446 12 13 0.040819794 
909 729 17 24 0.039912418 
288 587 9 13 0.03955443 
271 717 13 17 0.039395735 
840 670 12 16 0.039372142 
277 517 11 13 0.038802817 
654 485 8 11 0.03860944 
715 699 13 15 0.037668638 
245 477 10 12 0.036219187 
212 515 11 16 0.036153406 
880 621 11 14 0.036015857 
197 454 11 15 0.03452545 
673 440 7 9 0.03311398 
198 659 11 15 0.03248643 
605 638 12 14 0.031081116 
209 471 11 14 0.03071881 
45 530 16 19 0.030311275 
157 525 12 15 0.029782694 
174 531 14 16 0.029397553 
307 492 10 13 0.029332466 
535 725 15 19 0.02864391 
366 670 12 15 0.028467132 
88 523 12 17 0.0284312 
490 446 9 11 0.027714841 
294 669 11 14 0.027486708 
992 487 9 11 0.027336877 
301 675 13 15 0.026968103 
761 430 8 11 0.026901655 
259 739 19 19 0.026814548 
567 664 10 12 0.026397148 
469 712 16 20 0.02593849 
231 390 8 10 0.025692184 
247 484 11 14 0.025679557 
251 699 15 18 0.025626563 
711 689 10 12 0.025617074 
406 650 13 15 0.025391646 
204 684 14 17 0.025322318 
810 713 15 17 0.024696346 
245 493 11 14 0.024646457 
255 477 9 12 0.024634035 
574 677 16 18 0.024561534 
511 663 9 12 0.024382256 
245 470 11 14 0.024061948 
905 447 11 15 0.023985753 
997 486 8 10 0.023933422 
295 589 10 12 0.023900574 
91 518 12 16 0.02377186 
365 725 14 19 0.02375978 
507 679 14 18 0.023586066 
479 512 10 12 0.023541173 
734 707 11 14 0.023408733 
44 516 15 17 0.022977091 
437 728 17 19 0.022898972 
285 667 12 16 0.022728898 
270 510 11 14 0.022276763 
520 740 20 22 0.022019334 
958 471 11 15 0.021933908 
190 659 12 15 0.021510001 
904 646 11 16 0.021382693 
294 612 9 11 0.020813083 
414 645 9 13 0.020720378 
127 511 11 15 0.020493736 
793 431 9 13 0.020440403 
665 448 7 10 0.020356596 
213 491 13 17 0.020058073 
