17_Ceremony_Ceremony_17_588
23
195 347 27 36 0.99424654 
262 218 28 37 0.99292666 
748 199 28 35 0.99106395 
95 178 38 49 0.9857964 
953 165 40 61 0.9836468 
490 274 20 26 0.94664687 
573 220 19 30 0.92774755 
313 361 18 30 0.89153075 
440 240 19 30 0.76488155 
184 289 21 31 0.4307974 
253 342 27 28 0.14787401 
106 313 38 43 0.057641257 
330 437 14 19 0.054254726 
325 253 13 20 0.04881897 
265 335 28 34 0.03657411 
325 261 16 24 0.029297052 
284 251 11 16 0.028480753 
176 268 23 35 0.026053375 
300 354 26 33 0.025603358 
242 341 22 23 0.025229523 
83 115 414 543 0.024422633 
279 328 21 28 0.022887083 
291 359 25 32 0.022751627 
