18_Concerts_Concerts_18_66
149
642 420 58 76 0.9975521 
490 331 65 79 0.9965585 
626 247 36 50 0.9959216 
442 364 64 92 0.99582267 
890 347 48 62 0.99246925 
198 247 33 43 0.9921449 
480 199 23 31 0.98945624 
747 330 51 72 0.9881706 
436 255 41 52 0.9818618 
71 317 52 58 0.9784799 
388 220 26 34 0.9748233 
580 312 46 56 0.9743965 
806 261 40 54 0.9706433 
189 320 37 51 0.9564882 
506 180 21 29 0.95388037 
221 313 50 63 0.952228 
923 290 41 49 0.9515472 
408 200 18 22 0.91478914 
229 202 21 25 0.90219253 
211 169 21 24 0.8875963 
288 462 69 72 0.87499934 
24 263 30 47 0.8527127 
362 189 16 20 0.83028394 
287 158 15 19 0.6657483 
299 293 34 41 0.5945741 
455 251 31 40 0.59067094 
640 181 19 24 0.53776383 
334 154 12 15 0.46428707 
378 151 10 12 0.45457852 
173 202 21 26 0.39913744 
783 172 25 32 0.39295983 
394 187 13 15 0.3398274 
572 184 24 29 0.3246429 
458 168 13 17 0.32391757 
893 171 16 21 0.32147098 
345 133 10 12 0.28888172 
170 156 14 16 0.24992736 
299 205 20 28 0.22146247 
327 127 9 11 0.17371392 
966 482 54 67 0.16762048 
252 144 10 12 0.15944722 
393 209 26 32 0.14998594 
429 125 8 11 0.14440678 
106 254 26 32 0.14231236 
724 287 38 39 0.12507191 
2 194 46 55 0.1165542 
854 160 10 12 0.11448596 
527 168 18 22 0.10852322 
348 173 12 15 0.0950308 
760 173 13 17 0.09264923 
136 367 55 61 0.0879526 
509 161 14 19 0.08717016 
682 234 39 51 0.086912476 
642 319 48 57 0.08268556 
555 142 24 28 0.08108639 
461 139 9 13 0.07538562 
192 142 12 14 0.07480136 
789 163 19 23 0.07469341 
349 79 9 12 0.07282642 
516 135 14 18 0.06939219 
660 119 13 16 0.067238174 
305 125 9 11 0.062398966 
350 166 12 14 0.05996434 
179 162 13 16 0.054028682 
319 155 12 15 0.05109315 
325 154 12 16 0.048374802 
444 108 10 13 0.047051754 
197 79 15 19 0.04399703 
592 100 11 14 0.043939136 
425 188 17 20 0.041949682 
137 147 15 19 0.041788217 
288 111 9 11 0.04046881 
381 162 12 15 0.040410243 
374 128 8 11 0.04013755 
766 209 21 27 0.03982968 
124 339 46 57 0.038622253 
402 148 9 13 0.03842748 
213 134 10 13 0.03786094 
269 184 12 16 0.03783369 
208 149 12 15 0.0374749 
320 117 9 11 0.037237752 
181 180 14 17 0.03584324 
622 160 15 20 0.03583734 
520 172 22 29 0.035153046 
509 173 15 20 0.034304686 
848 162 12 15 0.034259174 
238 164 12 15 0.033835564 
267 214 19 24 0.033386074 
186 75 25 31 0.033222806 
585 176 18 24 0.032027658 
688 219 27 44 0.031406414 
551 115 10 12 0.031267446 
735 300 49 61 0.031243565 
179 173 14 18 0.031231139 
103 319 46 61 0.031119457 
12 221 44 53 0.030515945 
163 128 11 14 0.02985447 
343 179 14 18 0.029823175 
366 79 7 9 0.029487431 
169 151 12 15 0.029259026 
418 194 17 21 0.028989308 
387 118 7 10 0.028880522 
886 104 14 18 0.028243147 
305 148 11 14 0.027953409 
248 131 10 13 0.02777267 
346 83 9 11 0.027730688 
174 133 11 13 0.02748225 
311 156 11 15 0.027272953 
331 308 43 55 0.027261209 
915 118 13 15 0.026856016 
824 221 19 25 0.026197784 
321 124 11 13 0.02608329 
320 141 9 12 0.02607089 
157 94 11 14 0.025926631 
345 117 9 11 0.025497107 
352 157 11 14 0.025493508 
954 191 45 68 0.02529034 
440 133 8 12 0.02510765 
-1 515 91 70 0.024693476 
240 102 8 11 0.024357988 
503 126 9 12 0.024129696 
246 125 12 14 0.02409164 
177 181 21 28 0.023504563 
320 133 11 14 0.022759901 
694 166 13 18 0.022743983 
831 174 24 30 0.022736803 
598 108 10 12 0.0226252 
564 292 26 35 0.022601899 
344 60 8 11 0.022490935 
302 120 8 11 0.022483913 
370 110 8 10 0.022466365 
295 111 8 11 0.022447363 
323 474 59 67 0.022437127 
428 131 10 13 0.022425994 
247 110 9 10 0.022241086 
417 157 10 13 0.021963708 
253 118 9 11 0.021713449 
361 79 8 9 0.02120277 
405 181 12 15 0.02107261 
696 163 22 31 0.02077751 
320 86 7 9 0.020756645 
208 142 12 13 0.020722235 
772 170 26 30 0.020400042 
469 164 11 15 0.02019754 
180 90 13 16 0.020149188 
-23 76 418 501 0.020108473 
199 217 15 19 0.020055026 
309 142 10 14 0.020018416 
311 177 12 17 0.020000583 
