18_Concerts_Concerts_18_151
448
203 91 16 19 0.991478 
852 63 17 20 0.9822208 
474 203 18 25 0.9770882 
754 261 18 23 0.97124296 
34 80 15 18 0.9700191 
122 332 19 24 0.9697883 
101 105 17 20 0.96529174 
897 203 19 23 0.9646915 
955 149 16 19 0.9620855 
742 414 17 23 0.95298356 
870 257 21 25 0.94870347 
209 267 18 22 0.946884 
330 262 19 24 0.9418907 
588 144 18 23 0.94107604 
560 201 18 22 0.93920046 
472 260 16 20 0.9376601 
590 325 20 25 0.9328661 
981 271 17 27 0.9316777 
783 146 18 23 0.9302289 
88 285 16 19 0.92835784 
363 339 16 20 0.92156297 
504 138 18 22 0.9171425 
464 67 18 22 0.9096801 
345 79 16 19 0.9095782 
64 75 14 18 0.9060186 
151 400 19 20 0.89791864 
694 143 18 23 0.89737976 
727 319 20 27 0.894738 
7 348 20 27 0.88576776 
71 99 14 16 0.8818222 
871 147 19 24 0.8810626 
472 322 18 21 0.876453 
130 87 16 22 0.86926854 
398 149 18 22 0.86505646 
304 397 20 27 0.8557099 
784 200 18 22 0.8439015 
987 60 16 20 0.8433976 
997 331 21 25 0.83909917 
499 336 15 24 0.83162796 
719 60 17 22 0.8306612 
581 268 18 21 0.7983159 
669 255 19 23 0.79041195 
851 327 18 22 0.77766734 
593 70 15 19 0.7492881 
106 55 13 17 0.7418784 
262 432 18 23 0.7371975 
888 435 14 23 0.7294266 
95 427 15 24 0.71948105 
230 331 17 21 0.66695637 
864 411 21 26 0.66485244 
338 205 16 18 0.6357601 
7 111 12 15 0.6292343 
1010 202 13 21 0.60335815 
14 80 11 14 0.59561735 
50 193 14 17 0.5528762 
474 140 17 20 0.48782334 
718 438 14 20 0.4576073 
159 629 9 13 0.40424386 
518 237 13 15 0.3844184 
116 250 16 21 0.34894162 
105 430 17 27 0.3354949 
884 66 11 14 0.3345941 
123 251 17 21 0.29917675 
50 230 16 18 0.2925911 
351 626 15 19 0.27833658 
328 580 9 13 0.27080482 
106 187 13 16 0.25753877 
824 135 11 14 0.2562359 
128 429 13 18 0.25116566 
360 268 13 16 0.24929732 
144 373 16 23 0.23759204 
870 176 14 18 0.18912084 
286 588 8 11 0.18066646 
131 638 11 16 0.18055074 
115 230 16 18 0.17788899 
606 658 13 18 0.17650945 
342 428 15 18 0.17147145 
113 432 16 21 0.16865672 
279 599 9 11 0.1684379 
449 280 10 13 0.1623355 
496 44 10 13 0.14900137 
494 622 12 17 0.14579013 
995 165 11 15 0.14446557 
558 135 13 15 0.13583772 
732 164 13 17 0.12766913 
379 619 14 17 0.12654145 
3 168 15 17 0.122305006 
485 327 19 26 0.12084121 
281 348 24 26 0.115075715 
215 142 15 19 0.11378572 
946 220 11 15 0.11124511 
322 414 15 19 0.10667235 
205 402 12 16 0.10666869 
73 599 8 10 0.10567578 
520 164 13 16 0.10560334 
1006 68 14 18 0.1055657 
185 163 10 14 0.105563514 
236 324 16 21 0.10525136 
313 582 7 10 0.101145424 
695 363 10 12 0.096699625 
193 612 9 11 0.09640139 
183 635 11 13 0.09600053 
2 581 8 11 0.09562464 
388 639 15 21 0.095252216 
523 235 15 18 0.09477889 
374 627 13 18 0.09476866 
46 605 9 12 0.093295835 
598 170 14 17 0.093183205 
243 322 15 21 0.092542395 
525 157 14 16 0.09253256 
317 331 12 16 0.09123492 
359 416 14 18 0.09098906 
105 604 7 10 0.089519635 
674 208 16 21 0.08944905 
739 93 11 16 0.087663196 
307 147 10 13 0.086333476 
941 576 13 16 0.083946936 
271 187 11 15 0.083822526 
16 590 8 10 0.08379234 
489 70 11 16 0.08315382 
119 429 19 25 0.08309001 
857 179 14 18 0.08242771 
78 115 12 15 0.08137976 
112 590 7 10 0.077702835 
94 628 8 12 0.07762445 
98 589 8 10 0.0774102 
508 168 12 19 0.07634684 
684 71 13 17 0.076071285 
141 363 14 18 0.07605462 
376 551 7 9 0.07450283 
104 193 14 19 0.07425685 
551 278 11 16 0.07236745 
315 653 15 19 0.06991129 
920 380 21 22 0.06845632 
620 75 9 13 0.06784579 
14 291 15 18 0.0663689 
60 590 9 12 0.06634949 
432 598 8 10 0.065418646 
712 444 12 17 0.06540247 
54 621 9 12 0.06531365 
395 640 15 20 0.06509598 
993 381 10 13 0.06485063 
576 518 10 12 0.06384694 
259 168 14 17 0.0635869 
623 57 11 14 0.06342637 
996 151 12 14 0.06332396 
118 597 7 10 0.062691405 
118 396 15 18 0.062065806 
200 592 9 12 0.061057746 
601 662 10 14 0.060688697 
411 637 13 17 0.060442768 
478 600 8 10 0.060058583 
836 446 13 15 0.058847744 
526 638 9 13 0.058682483 
104 575 7 8 0.05854913 
421 225 15 18 0.057475142 
588 606 9 12 0.05688605 
477 628 12 18 0.056652855 
368 545 8 10 0.0560224 
622 318 13 17 0.055858463 
312 604 8 12 0.055852544 
2 250 25 26 0.055803843 
260 642 14 20 0.055000708 
846 366 13 18 0.054811396 
309 656 14 17 0.052875537 
1001 363 11 14 0.052873638 
429 294 15 18 0.05272355 
570 661 12 14 0.052177746 
360 164 12 15 0.05207912 
13 605 10 12 0.051847193 
1004 408 16 25 0.051303852 
1008 158 11 15 0.050651375 
58 6 12 15 0.0506088 
558 583 8 10 0.05041881 
295 620 11 15 0.050251897 
19 93 12 15 0.04898227 
478 661 13 17 0.048981197 
272 549 9 11 0.048238624 
73 527 7 10 0.04799338 
-1 323 11 16 0.047862597 
389 228 14 17 0.047539983 
52 241 17 20 0.047349274 
143 175 12 15 0.04721345 
592 592 8 11 0.04713318 
51 386 11 15 0.046756804 
620 657 15 18 0.04664323 
633 219 13 19 0.0457654 
53 606 9 10 0.045668837 
633 271 11 16 0.045661375 
80 190 12 15 0.045553714 
735 298 11 14 0.04504648 
648 583 9 12 0.044495042 
616 584 8 10 0.04373568 
603 167 15 18 0.043650396 
704 614 8 11 0.043366235 
404 624 11 12 0.043262262 
767 614 14 16 0.043134846 
648 140 12 16 0.043118373 
710 636 11 15 0.04305112 
223 420 24 29 0.04144128 
0 425 11 16 0.041376017 
489 30 9 12 0.04128765 
114 598 7 10 0.04116962 
43 147 12 18 0.0410894 
98 535 7 9 0.041061454 
448 606 9 11 0.040618952 
127 305 16 18 0.04047757 
1005 171 13 17 0.04045077 
937 598 8 10 0.040233746 
302 590 8 11 0.040062834 
450 600 7 10 0.039896034 
17 83 13 15 0.039871 
916 159 12 17 0.039838772 
947 181 13 16 0.0397522 
4 438 11 15 0.03934095 
556 598 9 12 0.03931962 
115 637 14 17 0.03925276 
583 375 13 17 0.038824733 
264 551 8 10 0.03875644 
12 562 11 14 0.038537648 
93 269 13 16 0.038408805 
335 565 9 11 0.03836951 
877 621 8 12 0.038185228 
106 300 15 18 0.03810443 
428 349 13 16 0.03809306 
300 558 8 9 0.037889957 
45 269 10 14 0.037493277 
405 626 14 17 0.03730331 
958 176 13 17 0.037268974 
186 597 8 11 0.037163496 
439 612 8 11 0.036974873 
519 312 10 13 0.03684674 
771 618 14 18 0.036829416 
859 347 16 20 0.03661544 
377 582 9 12 0.036469128 
20 431 13 16 0.03646224 
564 240 14 17 0.036380008 
144 494 11 13 0.03637594 
381 553 7 9 0.03632086 
312 405 19 27 0.036001585 
183 622 9 12 0.035892904 
574 582 8 11 0.03563562 
73 580 8 12 0.035568304 
942 597 8 10 0.035432536 
561 257 16 20 0.035428423 
591 597 9 11 0.035373226 
614 150 11 14 0.035366517 
359 170 14 19 0.035274558 
740 128 16 20 0.03518596 
996 236 12 15 0.03457684 
696 479 13 14 0.034501705 
262 557 8 9 0.034416955 
1007 627 14 19 0.034400854 
285 597 9 12 0.034399495 
404 639 14 20 0.034339108 
726 574 8 10 0.034074284 
382 522 8 11 0.0338885 
913 584 9 11 0.033448756 
325 649 16 21 0.033438344 
37 310 13 17 0.033369415 
950 623 9 12 0.0333641 
398 532 8 10 0.033325378 
410 355 19 21 0.033220526 
727 169 14 19 0.032847818 
994 159 21 27 0.032666683 
60 18 11 14 0.03265271 
1 509 10 14 0.03232867 
528 632 9 12 0.03196253 
889 598 8 11 0.03182132 
944 174 11 15 0.031372372 
380 637 13 19 0.031367444 
383 339 12 16 0.031330545 
277 551 8 10 0.03108304 
134 630 11 17 0.030945893 
57 574 7 10 0.0308545 
63 528 8 10 0.030623004 
397 588 9 12 0.030608073 
372 403 18 19 0.030592717 
505 614 8 10 0.030550374 
856 333 18 23 0.030439943 
866 128 16 21 0.030242892 
765 345 11 14 0.030195465 
381 583 9 12 0.030152362 
343 173 11 15 0.03012569 
718 606 9 12 0.030120961 
921 599 8 11 0.030116893 
42 607 8 11 0.029790686 
929 149 15 19 0.02946389 
1001 152 22 31 0.029447358 
91 278 16 19 0.029254884 
631 590 8 10 0.029206602 
79 574 8 11 0.029010376 
271 334 11 16 0.028994024 
317 645 14 18 0.028917424 
899 291 14 18 0.02874128 
187 429 15 18 0.028590133 
151 603 8 10 0.028481286 
417 607 9 12 0.028457647 
92 665 14 15 0.02843413 
87 548 8 10 0.02805507 
628 660 12 15 0.02800887 
646 134 11 15 0.02790575 
334 559 9 11 0.027818091 
26 507 16 23 0.027704617 
610 664 16 15 0.02758207 
390 85 12 17 0.02754867 
357 550 7 9 0.027412279 
213 543 8 9 0.027407974 
26 230 14 18 0.027387414 
700 355 14 16 0.027386518 
484 59 11 15 0.027356232 
373 485 14 19 0.027282747 
270 543 9 11 0.027281815 
329 644 14 19 0.027209451 
974 300 11 13 0.027129183 
535 630 8 12 0.027089076 
168 315 16 20 0.027066566 
796 628 10 13 0.027050596 
32 430 9 14 0.027006758 
56 234 15 17 0.026687318 
461 523 10 13 0.026626067 
190 593 8 12 0.026600417 
356 316 15 20 0.026522974 
187 630 11 15 0.026467053 
47 601 8 11 0.026396312 
118 593 7 10 0.026172355 
842 443 13 15 0.026153551 
36 431 11 14 0.026088074 
102 151 12 15 0.025999513 
350 340 11 15 0.02594741 
328 608 9 11 0.02590133 
363 317 14 18 0.025895845 
614 605 8 11 0.025857382 
616 295 20 25 0.025836263 
249 544 8 10 0.025824888 
55 146 14 18 0.0258184 
77 582 8 11 0.025785223 
788 638 15 17 0.025744325 
313 559 7 9 0.025671376 
392 331 12 16 0.025661834 
191 566 8 9 0.02557567 
585 533 8 11 0.02554643 
224 331 14 19 0.025401609 
904 594 9 12 0.025368117 
447 612 9 11 0.02529996 
377 574 8 10 0.025153467 
500 622 10 14 0.025115624 
62 575 8 10 0.024975598 
82 331 21 27 0.024965638 
715 133 13 18 0.024845287 
565 350 10 13 0.024793364 
375 615 12 15 0.024786463 
333 195 18 22 0.024718925 
6 577 9 10 0.024705721 
840 589 9 11 0.02442877 
975 386 12 16 0.02422576 
102 589 7 10 0.024174657 
995 541 11 13 0.024110561 
103 584 7 10 0.02399098 
220 627 14 16 0.02393119 
551 270 11 17 0.023929724 
312 588 9 11 0.023864936 
990 413 13 17 0.023766981 
683 101 12 16 0.023725737 
988 129 13 19 0.023702445 
15 99 13 16 0.02368935 
984 574 9 12 0.023676978 
49 623 9 12 0.023590583 
670 591 8 9 0.023430487 
231 481 12 16 0.023425337 
838 604 9 13 0.023362724 
15 435 13 16 0.02332476 
422 612 9 12 0.02331263 
153 615 9 12 0.023272762 
251 648 16 20 0.023234632 
573 385 11 16 0.023102788 
196 206 15 19 0.023099806 
341 627 14 18 0.02302366 
148 492 15 18 0.022999255 
383 573 7 10 0.022961924 
59 252 14 16 0.022902962 
112 585 7 9 0.022880329 
529 235 15 17 0.022805462 
537 615 8 11 0.022778329 
256 588 13 16 0.022718892 
326 590 11 14 0.022696892 
278 615 11 14 0.022501387 
945 616 9 10 0.022464423 
211 627 16 17 0.022409 
933 363 17 17 0.02240537 
790 299 11 16 0.02235834 
384 569 7 9 0.022322537 
86 569 8 10 0.022321986 
343 558 9 11 0.02231856 
662 292 14 18 0.02223827 
85 544 8 10 0.022237374 
972 436 12 19 0.022235125 
499 325 15 21 0.022167677 
21 559 9 12 0.022138266 
771 175 14 18 0.022024022 
15 574 8 10 0.02176742 
574 1 12 13 0.021761116 
399 628 14 16 0.021700205 
822 580 8 11 0.021684416 
346 421 14 18 0.021683374 
129 590 7 10 0.02168003 
792 527 8 11 0.021655858 
564 356 10 14 0.021655772 
534 593 8 9 0.021575278 
544 300 11 12 0.021553248 
157 615 8 10 0.021549279 
64 582 8 12 0.02143633 
366 611 10 13 0.02140055 
318 482 15 17 0.02127606 
179 195 13 16 0.021225195 
66 363 16 22 0.021048388 
196 333 14 17 0.021010151 
160 553 7 9 0.02098106 
836 61 13 17 0.020975191 
384 301 15 18 0.020975048 
943 621 10 14 0.020855395 
155 484 15 18 0.020834625 
533 636 9 14 0.020801075 
304 596 10 12 0.020781154 
361 605 9 13 0.020758543 
554 614 8 11 0.0207407 
311 567 8 10 0.020736523 
631 584 7 10 0.02071936 
426 221 13 15 0.020656472 
624 588 8 10 0.020636981 
335 173 11 14 0.020588579 
272 193 11 14 0.020483278 
19 285 13 18 0.020412464 
90 126 15 18 0.020409826 
913 133 12 15 0.020384496 
235 661 17 18 0.020354874 
393 533 9 11 0.02035465 
509 614 8 10 0.020316876 
19 370 13 17 0.020262793 
340 195 20 26 0.020249827 
357 566 10 13 0.020197274 
474 599 8 11 0.020141046 
0 310 9 14 0.020132916 
639 280 14 18 0.020128788 
610 653 16 19 0.02009879 
207 428 12 17 0.02009307 
61 187 14 18 0.02003802 
285 621 13 15 0.020018378 
