18_Concerts_Concerts_18_38
209
67 415 31 45 0.99673444 
757 391 33 46 0.9932591 
531 269 24 30 0.98585147 
298 530 41 82 0.9803287 
537 482 63 88 0.9770891 
806 275 22 29 0.97583145 
595 301 20 28 0.9535198 
641 184 23 29 0.9491641 
96 391 27 39 0.9471302 
147 322 24 37 0.93739665 
895 343 47 63 0.92587286 
734 286 14 19 0.90965015 
281 217 29 39 0.90894735 
364 186 14 17 0.870464 
725 315 17 23 0.83608615 
278 191 14 16 0.75656545 
561 347 19 30 0.7552901 
894 276 16 21 0.7023082 
508 214 12 15 0.6996978 
366 299 15 19 0.65849537 
568 197 9 13 0.63686466 
689 259 10 13 0.58323383 
878 235 12 15 0.5166143 
510 407 26 38 0.51230776 
430 196 12 15 0.40846235 
708 259 12 16 0.4044623 
457 238 11 14 0.38483754 
929 255 7 11 0.36252913 
531 213 13 17 0.3620996 
407 509 44 67 0.34969828 
422 515 51 82 0.2996657 
677 270 13 17 0.29829168 
394 510 35 48 0.28746516 
194 374 22 41 0.26367584 
1 344 15 26 0.2598299 
712 229 9 12 0.24802758 
878 241 13 17 0.23063141 
219 290 17 23 0.20271665 
354 492 35 51 0.20179369 
308 206 14 17 0.18809846 
22 399 25 31 0.18786637 
-1 591 48 89 0.18187536 
744 242 10 13 0.1810076 
486 302 13 16 0.17965059 
429 227 12 14 0.16901815 
815 198 6 9 0.15459512 
451 192 8 10 0.1486125 
799 236 8 11 0.14284603 
513 192 9 12 0.1363437 
487 174 7 9 0.12504648 
550 224 13 19 0.11883928 
584 242 9 14 0.116741516 
262 203 15 18 0.112104245 
0 387 20 35 0.10446291 
365 498 43 53 0.10403771 
110 360 10 12 0.102469414 
846 249 8 10 0.10134355 
734 215 8 10 0.100932114 
795 253 13 18 0.0971215 
237 394 13 18 0.092080645 
133 326 28 37 0.088819996 
625 351 25 38 0.08838255 
902 244 9 12 0.08683263 
353 386 17 18 0.08651329 
452 214 11 14 0.08424249 
814 232 8 10 0.08409044 
575 170 7 9 0.083598524 
980 270 27 31 0.082292765 
14 396 20 30 0.077384524 
533 229 11 15 0.07637714 
802 184 6 8 0.07471954 
714 175 7 9 0.07410902 
824 191 7 9 0.07072638 
32 395 28 34 0.06987794 
987 272 16 20 0.06968068 
860 277 13 18 0.06692171 
439 369 11 15 0.063898206 
729 239 9 11 0.06376365 
717 314 17 25 0.058744434 
300 457 47 52 0.05781193 
733 238 9 11 0.05741355 
222 404 12 16 0.057103008 
665 237 10 13 0.054586526 
542 220 11 16 0.05171553 
544 225 13 19 0.05169881 
557 214 9 11 0.051401023 
239 427 13 16 0.051297057 
515 213 11 15 0.049810488 
218 416 12 17 0.049374077 
352 394 25 33 0.049276907 
270 195 13 17 0.049216803 
347 227 13 20 0.048370894 
768 220 9 10 0.047735635 
485 377 13 16 0.047320064 
539 214 10 14 0.046900537 
769 215 8 10 0.04686084 
730 216 8 11 0.046125412 
87 401 29 43 0.045423675 
405 182 10 12 0.045386262 
678 262 13 17 0.04498758 
493 223 10 13 0.04494689 
736 209 8 9 0.044231474 
238 221 10 14 0.044137914 
119 380 24 36 0.04362612 
769 280 10 12 0.042908143 
527 206 11 13 0.04240088 
744 224 7 9 0.041920446 
943 223 8 11 0.041787453 
1011 227 12 20 0.041592166 
352 269 12 15 0.041419294 
794 176 5 8 0.040227477 
734 219 9 11 0.039449204 
879 276 11 15 0.039113224 
438 204 11 14 0.038385004 
880 284 10 13 0.037609663 
760 205 7 10 0.037578773 
405 431 45 61 0.03731862 
842 200 7 9 0.037240062 
323 270 15 23 0.036591604 
972 233 12 14 0.035781603 
703 264 12 15 0.0357449 
915 260 12 14 0.03547739 
254 360 13 19 0.035177637 
887 339 35 46 0.03493244 
9 392 17 27 0.03464404 
574 203 9 12 0.034549467 
129 376 26 40 0.03445 
709 316 17 26 0.033987332 
773 207 8 10 0.033927914 
811 198 7 9 0.033327114 
809 231 9 11 0.032790877 
244 422 10 14 0.032646667 
967 269 44 57 0.03259435 
463 200 8 10 0.032524683 
887 185 7 9 0.032479264 
448 196 9 11 0.032262754 
396 199 11 14 0.031589188 
848 221 7 9 0.031588804 
342 251 14 16 0.031060223 
388 221 9 14 0.030994898 
887 275 14 19 0.030738316 
424 525 79 113 0.0306914 
875 269 13 16 0.03059096 
705 191 7 8 0.02995717 
793 236 9 12 0.029652057 
847 200 6 8 0.02956497 
34 380 21 23 0.02876084 
773 213 9 11 0.028720554 
454 195 9 11 0.028429115 
920 256 9 12 0.028343914 
463 205 8 10 0.028191179 
761 191 7 8 0.02810447 
873 243 12 15 0.027985675 
446 207 10 12 0.027835093 
406 189 12 14 0.027589247 
889 189 7 9 0.027584452 
824 248 9 10 0.027545055 
476 380 23 28 0.02721035 
480 284 10 12 0.027206674 
695 285 12 15 0.027145507 
864 198 7 9 0.0271068 
870 267 13 16 0.027082283 
726 244 11 13 0.027026659 
944 279 12 14 0.026745738 
738 174 6 8 0.026330683 
689 193 8 10 0.02632271 
637 278 17 20 0.026290536 
785 167 6 8 0.026086997 
669 272 14 17 0.025902268 
965 224 11 14 0.025887473 
412 195 11 15 0.02552068 
729 175 6 8 0.025142081 
302 208 22 28 0.024572365 
479 304 13 18 0.0244009 
968 229 10 13 0.024135549 
553 215 10 13 0.023991572 
266 210 25 33 0.023754349 
854 190 7 9 0.023669621 
683 347 14 23 0.023471925 
801 190 7 8 0.02342784 
762 245 8 10 0.023355685 
220 333 22 29 0.023313174 
840 221 7 8 0.022764442 
683 273 12 17 0.02265293 
260 206 23 30 0.022585548 
855 598 43 53 0.022404741 
555 222 11 16 0.022350613 
769 182 6 8 0.02234668 
567 356 19 28 0.022286465 
842 251 9 12 0.021941127 
861 269 12 17 0.021804063 
750 229 8 10 0.021762043 
770 206 7 10 0.021747766 
960 225 9 11 0.021502497 
718 181 7 9 0.021396926 
445 244 10 13 0.021276683 
817 194 7 9 0.021247635 
332 270 16 21 0.021171823 
886 294 9 13 0.021073462 
497 392 19 29 0.021038724 
824 252 9 12 0.020930951 
664 275 11 15 0.020801343 
600 377 19 20 0.020793801 
438 497 50 72 0.02037709 
584 166 8 10 0.020333778 
814 224 7 10 0.020309685 
583 208 9 12 0.020272516 
773 222 9 10 0.02026495 
214 407 20 26 0.020147055 
