18_Concerts_Concerts_18_920
136
823 574 11 14 0.9461268 
757 566 12 15 0.94225466 
279 506 14 19 0.92303395 
903 564 10 13 0.84868056 
617 605 11 15 0.785349 
852 558 11 13 0.75794923 
752 626 10 13 0.7499461 
909 519 9 11 0.733047 
619 567 8 10 0.7214038 
981 584 12 15 0.7152474 
930 560 9 12 0.6181599 
869 575 9 11 0.5632042 
911 628 12 15 0.3828295 
232 612 25 48 0.3624475 
802 556 8 10 0.3510807 
790 551 7 9 0.3188702 
770 624 9 11 0.2922584 
665 566 8 10 0.21866687 
902 486 8 10 0.21558239 
876 667 11 15 0.20538169 
900 608 11 15 0.1692066 
682 654 14 15 0.15435758 
818 529 7 9 0.15105918 
869 580 10 11 0.14375295 
895 623 10 14 0.14185512 
855 591 9 12 0.13805494 
1002 517 9 12 0.13715632 
921 574 9 11 0.13428521 
852 500 10 14 0.12508751 
741 604 8 12 0.12107001 
869 526 8 9 0.120903194 
998 616 12 15 0.10911877 
589 565 7 10 0.10413911 
832 551 9 11 0.102939546 
141 588 18 25 0.09754392 
753 598 9 11 0.097045235 
881 600 9 11 0.09397834 
949 524 8 11 0.08720607 
766 537 8 10 0.080059834 
944 575 10 14 0.071483366 
879 573 9 11 0.07076271 
831 556 9 11 0.06921841 
916 535 9 12 0.06752975 
872 534 8 10 0.06704713 
872 543 8 11 0.06491529 
599 581 8 9 0.06293161 
238 625 27 46 0.05756546 
863 543 8 10 0.05549359 
762 537 8 10 0.05535187 
865 567 9 11 0.05456523 
1005 513 8 11 0.052878633 
742 601 9 10 0.05231798 
837 550 9 11 0.05101223 
669 565 8 11 0.050329436 
869 604 9 12 0.050048716 
913 538 9 12 0.046158757 
895 501 8 10 0.045623925 
816 552 7 10 0.045532055 
880 568 9 11 0.04353056 
805 553 9 12 0.04348268 
921 607 10 14 0.04179807 
925 580 10 12 0.040985323 
799 575 8 10 0.04097335 
855 553 10 12 0.04091129 
896 580 8 11 0.04069128 
921 580 9 12 0.039304204 
947 580 10 13 0.037432853 
765 639 10 13 0.037190147 
295 508 10 14 0.036847167 
151 567 8 10 0.036764722 
726 656 9 12 0.03665722 
838 558 8 11 0.036204647 
968 613 10 13 0.035646196 
146 590 21 30 0.035555832 
924 610 10 14 0.03539574 
854 520 8 11 0.034050297 
885 591 9 12 0.03341619 
397 14 17 19 0.03265549 
921 566 9 12 0.03265228 
863 560 8 11 0.03260946 
584 573 9 11 0.03241395 
592 576 8 11 0.03214336 
1000 522 9 12 0.03205487 
817 556 7 10 0.031890176 
872 549 8 10 0.031340875 
792 568 9 11 0.031001303 
576 568 7 10 0.03093315 
753 604 9 12 0.029999048 
250 640 16 27 0.02946476 
884 597 9 12 0.029284483 
165 565 9 11 0.029168908 
904 490 9 12 0.028739722 
607 581 8 11 0.028484141 
738 639 9 12 0.02819291 
974 614 11 14 0.027656423 
201 563 17 18 0.027632687 
863 549 8 10 0.027602172 
777 575 8 10 0.027347937 
936 580 10 14 0.026981039 
906 523 8 12 0.026960397 
725 661 11 13 0.02672648 
858 541 8 11 0.026660448 
825 556 8 11 0.026584202 
879 543 7 10 0.026509626 
888 558 8 11 0.026251065 
895 576 9 10 0.026219897 
605 576 9 11 0.026043093 
897 519 8 11 0.025751662 
798 567 8 11 0.025590895 
640 661 8 10 0.025126625 
871 558 8 10 0.024331322 
555 626 12 22 0.023996634 
950 587 10 13 0.02386657 
993 613 13 16 0.023330163 
915 623 11 16 0.023289341 
885 605 8 12 0.023197638 
963 0 21 19 0.023197215 
823 58 19 22 0.022898983 
907 606 10 14 0.022835689 
111 599 10 13 0.022675842 
783 575 7 10 0.022423653 
861 614 10 13 0.02241523 
848 537 7 9 0.021863446 
840 544 8 10 0.021736542 
960 557 8 10 0.02152665 
936 495 7 9 0.021304386 
658 567 7 10 0.021201722 
241 620 16 31 0.0207707 
778 639 10 14 0.020761134 
866 605 9 12 0.020709293 
738 600 9 12 0.020689758 
776 542 7 9 0.020631686 
903 503 9 12 0.020612031 
801 615 7 10 0.020402176 
896 526 8 10 0.02022799 
817 598 9 12 0.020012643 
