18_Concerts_Concerts_18_127
38
356 230 60 80 0.9986022 
443 235 49 73 0.998139 
662 167 53 76 0.99784374 
150 267 71 96 0.9972602 
526 222 58 69 0.99427265 
271 234 55 87 0.9924582 
170 165 49 63 0.99004143 
734 189 53 70 0.99000263 
846 202 31 42 0.9887693 
305 181 43 50 0.98724407 
244 131 35 51 0.9871465 
802 190 41 57 0.9848963 
51 178 32 48 0.97745585 
569 187 36 50 0.95768857 
452 181 35 48 0.951317 
948 193 38 52 0.9510436 
911 207 39 53 0.9469251 
9 190 42 62 0.896617 
402 182 26 41 0.31580433 
548 156 29 39 0.17368722 
754 157 37 44 0.16301 
741 167 52 59 0.11932535 
34 311 57 67 0.09109435 
622 199 27 35 0.082686864 
631 188 28 41 0.076352656 
446 196 46 62 0.06254093 
764 187 43 65 0.053778622 
824 197 32 45 0.052967824 
674 361 146 128 0.048779815 
37 185 31 47 0.04730373 
302 209 48 68 0.04019589 
27 196 29 44 0.030680394 
933 195 35 48 0.030315343 
715 180 50 70 0.029187396 
712 370 89 82 0.02404328 
125 179 27 42 0.023766328 
621 208 18 21 0.023702787 
387 240 50 69 0.020238085 
