18_Concerts_Concerts_18_504
599
519 615 38 44 0.9900947 
335 629 42 51 0.98377496 
611 472 22 28 0.8947126 
126 390 12 16 0.77661353 
777 471 17 23 0.77409965 
797 372 15 19 0.7702155 
716 96 22 29 0.61185235 
186 386 14 17 0.5925121 
854 342 8 11 0.5093999 
808 336 7 10 0.47341973 
291 415 12 15 0.4505608 
642 351 7 9 0.44101948 
115 579 14 21 0.41682538 
453 412 9 12 0.39796627 
326 372 10 12 0.39402458 
160 569 27 33 0.39333588 
774 419 16 20 0.3651762 
654 364 9 12 0.35504115 
791 331 9 12 0.3426372 
688 396 12 17 0.33731794 
686 350 8 10 0.2860491 
36 573 18 30 0.2837251 
506 540 17 25 0.26837772 
742 333 9 11 0.22486329 
172 376 9 12 0.213363 
324 351 7 9 0.2104467 
626 542 18 24 0.20844354 
747 655 25 28 0.20553571 
765 404 8 12 0.18457371 
613 441 25 33 0.18164279 
367 360 7 9 0.18060918 
287 396 9 12 0.17848681 
582 438 10 12 0.17795473 
402 391 9 12 0.17515962 
677 550 20 25 0.17403397 
593 386 10 13 0.17225967 
0 417 9 14 0.16638331 
984 310 10 14 0.16467774 
486 408 10 13 0.16446067 
633 297 7 9 0.16076866 
336 419 11 14 0.15987504 
223 372 8 11 0.15983945 
253 382 9 13 0.15957505 
677 370 11 13 0.15925556 
758 343 8 11 0.15902303 
84 391 9 12 0.15555014 
345 509 9 13 0.15147701 
974 288 9 12 0.15120728 
838 398 13 15 0.1415624 
510 399 8 10 0.14115888 
721 310 7 9 0.1340132 
471 394 8 10 0.13323967 
623 327 7 10 0.1327961 
689 366 9 12 0.12924773 
32 407 9 11 0.12904671 
696 334 7 10 0.1273257 
185 357 7 10 0.12721032 
270 376 9 11 0.12379443 
305 392 9 11 0.12325701 
823 328 7 9 0.119731195 
494 452 14 15 0.11900501 
151 412 8 10 0.117105305 
724 355 12 13 0.114080645 
33 359 8 10 0.10916702 
194 387 11 15 0.1063045 
349 337 8 10 0.09998454 
2 389 8 11 0.09946145 
1012 365 11 16 0.097681314 
992 283 10 13 0.096757144 
136 412 9 12 0.09668706 
335 389 8 11 0.0962101 
352 357 7 9 0.094403565 
763 435 11 13 0.09278486 
110 389 8 11 0.091846906 
343 353 7 9 0.09113727 
682 352 9 11 0.09109957 
720 536 10 13 0.0908635 
594 465 16 23 0.08970119 
286 365 9 12 0.08732808 
482 412 8 11 0.08659736 
335 429 11 13 0.08654651 
65 377 7 10 0.08629723 
903 271 7 9 0.0860919 
336 326 6 8 0.08502794 
969 271 9 11 0.08482635 
601 466 21 28 0.083753936 
873 345 7 9 0.08323105 
417 384 8 9 0.082759075 
344 533 12 16 0.081895955 
778 327 8 10 0.08094863 
746 303 7 9 0.08093652 
199 369 8 10 0.08036879 
168 294 6 8 0.07790199 
890 281 7 9 0.07754117 
937 309 8 11 0.076625474 
969 289 9 11 0.07620526 
303 352 6 8 0.07562031 
845 286 9 10 0.075380206 
88 381 7 10 0.074391425 
153 382 7 10 0.07374174 
72 375 8 11 0.07343754 
86 404 9 12 0.07317067 
294 367 7 11 0.072986566 
207 404 12 17 0.07134232 
505 341 6 9 0.071296126 
393 364 7 10 0.07126438 
753 350 9 11 0.07114152 
16 325 8 11 0.07082797 
582 431 10 14 0.068566754 
776 309 7 10 0.06851533 
795 350 11 13 0.06833987 
291 342 6 8 0.06773991 
383 351 7 8 0.06538413 
369 341 7 9 0.06470527 
728 309 8 11 0.063781574 
17 359 8 10 0.06365656 
777 391 10 12 0.06332478 
608 383 9 11 0.063321695 
682 357 7 9 0.0629179 
294 342 7 9 0.06285326 
323 373 8 11 0.06268508 
694 371 8 11 0.062479295 
158 554 23 35 0.061714455 
399 429 8 11 0.06170554 
199 295 7 9 0.06157059 
734 310 7 10 0.061135456 
158 358 7 9 0.05962322 
145 392 8 11 0.059423465 
774 575 14 16 0.05932142 
424 400 8 11 0.05908837 
48 403 9 12 0.058036346 
522 345 6 8 0.057806954 
376 342 6 8 0.057346895 
77 375 8 10 0.056786668 
639 356 8 11 0.056259885 
833 340 7 10 0.056229718 
360 376 7 9 0.056091923 
752 311 7 10 0.056065436 
489 424 9 11 0.05573744 
756 540 10 13 0.055014312 
941 278 9 11 0.054820035 
89 377 7 9 0.054455243 
450 359 7 9 0.054367892 
592 358 7 10 0.05431136 
85 429 10 14 0.054048005 
867 293 7 11 0.05365644 
54 404 8 11 0.053535186 
17 321 7 9 0.05302924 
193 402 11 14 0.05298654 
282 366 9 11 0.052457202 
465 366 7 9 0.0523394 
989 419 16 20 0.05220221 
506 399 8 10 0.052197307 
378 374 7 9 0.052017555 
850 313 7 9 0.051902916 
525 391 9 11 0.051383823 
271 353 7 9 0.050810102 
121 390 12 14 0.04958999 
134 364 7 10 0.049563162 
823 356 8 11 0.04922748 
623 312 7 9 0.04860767 
798 332 9 12 0.048514813 
416 359 7 8 0.047597013 
625 383 10 12 0.047272164 
476 460 11 12 0.047267444 
902 350 7 10 0.046952453 
878 381 8 11 0.04689229 
912 280 7 8 0.0468869 
637 296 8 10 0.046580017 
265 380 10 15 0.046525724 
489 453 12 13 0.046489745 
325 414 12 16 0.046059687 
873 349 9 12 0.046005808 
113 398 9 12 0.04591738 
937 285 8 11 0.045507856 
559 453 12 15 0.045468144 
818 351 9 11 0.04519587 
162 546 26 32 0.045121793 
584 359 8 10 0.044927996 
152 368 8 9 0.044703953 
343 357 8 10 0.044698905 
56 343 6 8 0.044634264 
465 360 7 10 0.044259463 
472 422 8 10 0.04392037 
119 395 11 14 0.043912657 
194 367 8 10 0.043673728 
203 320 6 8 0.04367161 
214 455 9 12 0.043578673 
855 378 10 13 0.043448582 
683 557 23 24 0.043303274 
639 401 12 16 0.04327073 
382 285 7 10 0.04310545 
233 344 6 8 0.042565547 
882 309 8 11 0.042523153 
497 366 7 9 0.042379726 
178 309 6 9 0.0423516 
346 341 7 10 0.042027425 
362 358 7 9 0.042020146 
331 374 9 11 0.04183098 
649 287 8 10 0.041767012 
878 344 7 9 0.041363414 
785 301 8 10 0.041044384 
424 349 7 9 0.041036893 
306 294 7 9 0.041030087 
194 342 7 9 0.040833566 
559 660 26 29 0.040776886 
33 340 8 10 0.040628202 
319 389 10 13 0.04055626 
578 312 6 8 0.04018137 
493 408 9 11 0.040174127 
302 357 8 10 0.04017148 
688 371 10 13 0.040088717 
143 483 13 17 0.039649986 
512 375 7 9 0.039546065 
727 319 8 10 0.039383855 
383 368 7 9 0.039379735 
678 313 7 9 0.039075736 
919 260 8 10 0.038928945 
305 330 7 8 0.038675874 
514 367 6 8 0.038429666 
849 317 8 10 0.038414937 
407 366 7 9 0.038237445 
619 549 17 24 0.038127054 
887 261 8 10 0.03782276 
430 392 7 8 0.03777599 
619 335 7 9 0.03726638 
449 408 9 11 0.03713912 
622 320 7 9 0.037082784 
890 345 7 9 0.03705211 
262 386 12 16 0.037041828 
488 396 9 11 0.0369698 
775 304 7 10 0.036471006 
229 437 13 17 0.036389112 
141 412 10 11 0.03634943 
529 335 6 7 0.036317945 
382 373 7 9 0.036223803 
183 294 7 9 0.035977684 
212 407 12 16 0.035922386 
409 437 9 11 0.03588088 
161 398 9 12 0.03583006 
477 542 11 15 0.035798997 
406 432 9 11 0.03569949 
367 318 7 9 0.0356984 
313 360 7 10 0.035698112 
746 308 7 10 0.035639934 
96 351 6 8 0.035480957 
567 413 8 11 0.03513948 
895 345 7 9 0.035046056 
31 390 8 10 0.03503198 
393 423 7 11 0.034933627 
553 393 8 10 0.034899175 
753 317 8 10 0.034858502 
561 269 7 9 0.034772687 
583 397 8 11 0.034551203 
705 374 8 11 0.03441695 
559 392 8 9 0.034382254 
685 357 9 11 0.034347158 
167 359 7 9 0.034342274 
362 344 6 8 0.03421019 
506 338 6 8 0.034181386 
829 398 12 15 0.034115367 
358 393 8 10 0.03410013 
494 302 7 8 0.03406972 
796 327 9 11 0.034069058 
308 395 9 12 0.034034677 
192 336 7 9 0.033978023 
801 436 14 18 0.033969678 
505 375 6 9 0.033960313 
778 320 7 10 0.033901792 
624 559 26 28 0.033866737 
575 413 8 10 0.033846535 
465 289 7 9 0.033818536 
683 543 24 26 0.033795863 
574 426 11 13 0.033683028 
310 295 7 9 0.03332584 
553 398 8 10 0.033300262 
158 366 7 10 0.033268295 
247 319 6 8 0.033227816 
494 412 9 11 0.033193927 
449 352 7 9 0.033079013 
913 286 6 9 0.033076428 
71 379 9 12 0.03291296 
407 280 6 8 0.03288978 
150 390 8 10 0.032844856 
24 384 8 10 0.0328035 
153 353 8 10 0.032650866 
881 319 7 9 0.03264426 
247 368 8 9 0.03261909 
873 270 7 9 0.0326021 
79 381 8 12 0.032594975 
158 375 7 10 0.032453664 
353 375 8 10 0.03233744 
889 285 7 9 0.032317437 
393 428 9 12 0.032316126 
400 376 7 9 0.032281686 
290 337 7 9 0.032250702 
161 301 7 9 0.032158878 
686 412 14 18 0.032110814 
664 463 13 18 0.032072052 
527 375 7 8 0.03168944 
921 286 7 9 0.031674072 
607 449 13 19 0.031659484 
152 375 7 10 0.031641483 
881 327 7 9 0.03135305 
24 311 8 10 0.03132626 
431 431 7 9 0.030996677 
652 288 9 10 0.030953692 
520 375 7 9 0.030911507 
886 316 8 10 0.030899256 
494 424 9 11 0.030865083 
853 311 8 10 0.030815875 
17 397 9 13 0.030711025 
55 381 7 9 0.030645078 
206 311 7 9 0.030622454 
895 285 7 10 0.030617481 
383 469 8 10 0.030490588 
657 342 7 10 0.03047471 
72 314 6 8 0.030432478 
894 281 7 9 0.03038453 
310 403 10 14 0.030345287 
248 428 10 13 0.030250894 
536 320 6 8 0.030141082 
233 236 11 12 0.030118315 
800 574 14 19 0.03004682 
606 342 7 9 0.030021798 
818 328 7 9 0.029979628 
76 502 10 12 0.029969478 
493 396 8 11 0.029914288 
471 287 7 8 0.029910116 
721 318 8 10 0.029644314 
440 431 7 10 0.029573945 
870 288 7 10 0.029458037 
264 296 6 9 0.029343683 
839 335 7 10 0.029220846 
494 393 8 9 0.029123096 
534 392 9 12 0.029104153 
473 311 6 9 0.029093798 
126 385 11 12 0.029093426 
632 402 10 14 0.029027969 
247 344 7 8 0.028901793 
592 459 15 20 0.028821092 
298 351 7 9 0.028731944 
249 200 9 12 0.02871588 
439 359 7 9 0.028672116 
577 358 7 9 0.028550658 
425 431 8 10 0.028470417 
194 295 7 9 0.028464805 
374 383 7 9 0.02845205 
440 401 7 9 0.028441155 
266 352 7 9 0.02840967 
378 368 7 9 0.028357068 
424 345 7 8 0.028248042 
928 294 7 11 0.028201228 
466 397 8 10 0.028150177 
218 373 8 11 0.028121497 
943 271 10 12 0.028055277 
520 296 7 8 0.028049145 
265 374 9 11 0.027906654 
502 416 8 10 0.027905645 
431 398 7 10 0.027893312 
170 326 6 8 0.027890034 
745 296 7 9 0.02780087 
417 336 6 8 0.027759032 
378 285 7 9 0.027686508 
130 364 7 10 0.027663207 
514 361 6 8 0.027639274 
559 407 8 10 0.02759997 
606 336 7 9 0.027525943 
597 454 12 16 0.027486427 
602 336 6 9 0.027425315 
182 304 7 10 0.027408794 
498 361 7 9 0.027339412 
989 412 14 18 0.027333414 
600 310 7 8 0.027295776 
360 352 7 8 0.027257342 
490 262 7 10 0.02718509 
888 329 8 10 0.027178844 
31 353 8 10 0.027174652 
286 401 12 17 0.027014853 
833 318 7 10 0.026898293 
321 369 8 9 0.026882634 
478 423 8 10 0.026868016 
161 296 7 9 0.02686711 
338 359 7 9 0.026809597 
486 350 7 8 0.026709585 
352 367 8 9 0.026611038 
616 285 7 9 0.026595676 
294 337 7 9 0.026547128 
165 398 10 13 0.0265198 
678 318 7 9 0.026412947 
454 360 7 9 0.02639955 
719 351 12 15 0.02639785 
32 325 7 10 0.026309347 
170 321 7 9 0.026195426 
615 360 8 10 0.026173756 
856 303 7 9 0.026103454 
425 437 8 11 0.026073128 
483 350 6 9 0.026051087 
22 359 7 10 0.025914328 
449 334 6 8 0.02590768 
418 376 7 9 0.025869519 
949 271 8 10 0.025848333 
410 360 6 8 0.025744397 
880 287 7 9 0.025678603 
143 328 6 9 0.025568208 
707 411 14 17 0.025443776 
393 399 7 9 0.025394378 
304 345 6 8 0.02534973 
327 388 10 13 0.025339635 
688 346 9 11 0.025324184 
553 429 8 12 0.025235597 
382 391 9 11 0.02523209 
373 430 10 13 0.025213953 
261 329 7 9 0.02520056 
359 380 8 10 0.025121007 
208 343 7 8 0.02508482 
201 287 7 9 0.02506415 
480 334 7 9 0.025063396 
943 294 8 9 0.025025623 
670 492 20 30 0.02501975 
536 361 7 8 0.02499903 
94 380 8 10 0.024997985 
522 389 8 11 0.024992809 
636 129 10 13 0.024937226 
167 290 7 9 0.0248114 
663 343 7 9 0.024783554 
555 320 6 8 0.024747023 
165 440 10 13 0.024682423 
82 406 8 11 0.024626406 
278 372 9 12 0.024579233 
330 327 6 8 0.024515333 
839 318 7 10 0.024498053 
521 399 8 11 0.02448676 
342 366 8 10 0.02444654 
369 382 7 9 0.024410048 
472 416 8 11 0.024339167 
592 350 6 9 0.024301097 
950 302 8 11 0.024255967 
302 230 8 10 0.024134887 
489 376 7 9 0.024120636 
628 578 16 17 0.02409449 
674 318 8 9 0.02407621 
768 320 6 9 0.024073452 
721 394 11 15 0.024047263 
613 552 16 23 0.02401687 
711 325 8 10 0.023979763 
21 453 8 10 0.023963874 
694 350 8 10 0.02393583 
39 390 8 10 0.02388617 
657 319 8 10 0.023858238 
723 537 13 17 0.023826482 
999 328 11 15 0.023777792 
560 335 6 8 0.023777647 
400 367 7 8 0.023724347 
417 400 8 10 0.023724059 
672 552 14 20 0.023665987 
637 365 8 12 0.023651944 
400 286 6 9 0.023624182 
402 279 7 9 0.023620598 
7 385 8 11 0.023596834 
487 345 7 9 0.02358441 
513 393 7 9 0.023558885 
135 420 12 15 0.023524547 
38 341 8 10 0.023494633 
619 328 8 10 0.02349306 
313 366 8 10 0.02348424 
70 478 8 10 0.02344253 
207 286 7 9 0.023407852 
554 336 5 8 0.023355925 
927 287 8 10 0.02327657 
5 405 10 12 0.023272255 
448 295 6 8 0.023253705 
526 343 7 9 0.023236511 
199 342 7 8 0.023185626 
687 303 7 9 0.023079457 
66 446 7 9 0.023074798 
233 335 6 9 0.02303632 
137 350 6 8 0.023032509 
249 373 8 10 0.023029946 
846 413 12 15 0.022982262 
314 344 6 8 0.022954237 
488 287 7 8 0.022952642 
887 411 9 12 0.022923926 
725 362 13 14 0.022914276 
189 358 8 10 0.022873292 
220 397 11 13 0.022853713 
379 352 6 8 0.022831224 
823 398 11 13 0.022830697 
33 400 8 11 0.022755628 
538 365 6 9 0.022724183 
711 339 8 13 0.022681653 
49 382 8 10 0.02266335 
753 414 10 14 0.022653997 
477 444 9 12 0.022652771 
112 373 8 10 0.022588843 
609 268 8 10 0.022587199 
758 312 7 9 0.022582548 
760 398 11 13 0.02256077 
105 383 8 12 0.02253786 
612 434 16 20 0.0225063 
712 320 8 10 0.022500409 
782 405 11 15 0.022488112 
90 353 6 8 0.022432089 
544 359 8 11 0.022421364 
36 406 9 12 0.022408169 
335 366 8 11 0.022405373 
185 502 11 16 0.02240491 
840 351 9 11 0.022382412 
377 396 9 11 0.022380264 
89 357 7 9 0.022361798 
111 368 7 9 0.022332447 
79 414 9 12 0.0223171 
405 396 9 11 0.022298178 
814 414 9 12 0.022293532 
401 382 7 10 0.02229146 
106 388 8 12 0.022239422 
779 395 10 14 0.022238743 
169 417 9 11 0.02222857 
582 311 6 9 0.022195479 
647 344 7 10 0.022167467 
649 327 7 8 0.022119103 
641 300 7 9 0.022098389 
495 375 7 9 0.022048451 
144 375 8 10 0.021997133 
320 383 9 12 0.021988744 
618 313 7 8 0.021982322 
193 303 7 8 0.021957459 
71 341 7 10 0.02187693 
288 287 6 8 0.02181629 
14 461 8 11 0.021794505 
164 541 18 19 0.021773223 
10 350 7 10 0.021761917 
686 294 8 10 0.021744018 
337 322 7 8 0.021688078 
254 543 17 21 0.021674205 
393 415 8 11 0.021667307 
263 369 8 10 0.021642193 
593 312 6 7 0.021583619 
136 377 8 10 0.021561775 
555 326 6 8 0.02143049 
639 286 7 9 0.02142795 
991 325 12 15 0.021353517 
898 349 8 10 0.02133598 
879 280 8 9 0.021327972 
602 342 7 9 0.021318154 
576 317 7 9 0.021315644 
759 319 7 10 0.021282466 
248 385 12 17 0.021259442 
418 328 6 8 0.021246584 
6 563 19 30 0.021128703 
584 407 10 13 0.02109162 
943 303 9 11 0.021069724 
759 337 8 10 0.021032976 
17 455 9 11 0.021004021 
192 311 7 9 0.020968797 
255 375 8 11 0.020959597 
288 370 10 13 0.020913387 
465 351 6 9 0.020902447 
544 334 6 8 0.020889413 
319 230 7 8 0.020850359 
206 368 8 11 0.020845648 
785 332 8 11 0.020806983 
303 312 6 9 0.020781614 
13 352 8 10 0.020765979 
569 373 7 10 0.020762702 
105 351 6 9 0.020760015 
1 396 8 12 0.020729154 
360 301 7 9 0.020686762 
491 303 6 8 0.020665044 
214 351 7 8 0.02061191 
760 302 8 9 0.020540044 
751 296 7 8 0.020519746 
351 485 12 15 0.020509383 
216 344 7 9 0.020502914 
339 352 7 9 0.020497352 
4 439 10 14 0.020482287 
457 399 7 9 0.020407777 
781 445 11 13 0.020406306 
696 360 7 10 0.020395791 
501 446 11 12 0.020392777 
592 334 6 8 0.020352442 
128 405 9 12 0.020293042 
393 327 6 8 0.020289382 
631 375 9 12 0.020263838 
567 408 7 10 0.020256337 
329 429 10 12 0.020249221 
509 523 16 21 0.02024183 
280 548 13 16 0.020220662 
980 292 9 11 0.020211756 
703 303 7 9 0.020176964 
815 373 10 14 0.020150863 
672 407 11 13 0.020148503 
841 328 8 10 0.020144124 
258 296 6 9 0.020122526 
583 603 11 13 0.020091768 
577 287 6 8 0.020084642 
247 350 7 8 0.020044407 
288 328 7 8 0.020041198 
294 423 13 16 0.020041095 
