18_Concerts_Concerts_18_602
182
556 386 32 40 0.9985499 
167 404 24 32 0.996705 
937 378 35 44 0.9964474 
479 399 28 34 0.9962341 
368 393 31 40 0.9945057 
897 481 41 56 0.99322367 
308 386 25 35 0.99088293 
457 486 28 41 0.98867875 
258 537 28 42 0.9876837 
453 347 15 19 0.98375666 
773 334 14 19 0.9808396 
140 405 22 28 0.9805638 
329 503 36 56 0.9789746 
78 420 20 28 0.96484625 
22 340 15 18 0.9646957 
405 392 20 27 0.9644087 
871 371 21 27 0.96226937 
296 530 40 55 0.95528924 
737 373 20 22 0.95069754 
836 340 16 21 0.9485299 
189 261 12 18 0.9477415 
249 302 19 26 0.93927145 
232 299 14 19 0.92809296 
517 322 15 20 0.9230082 
395 325 13 17 0.92209715 
142 255 14 20 0.91740304 
345 380 19 24 0.9149563 
52 381 20 28 0.9103261 
133 396 14 18 0.8907865 
190 364 18 20 0.88725954 
107 257 13 16 0.88225263 
522 339 13 17 0.8738492 
513 394 20 29 0.871242 
473 361 19 23 0.85269094 
263 262 12 15 0.8521719 
710 340 17 21 0.8519111 
437 328 14 19 0.85163456 
302 254 15 19 0.8386092 
568 333 11 15 0.81380934 
349 330 14 21 0.802565 
39 345 17 21 0.7858944 
479 260 12 15 0.7833877 
681 354 14 19 0.7770706 
334 330 16 20 0.7288772 
212 273 11 16 0.6682638 
580 260 12 15 0.57489806 
617 268 9 12 0.5484906 
367 275 13 15 0.5200454 
901 349 12 16 0.46860024 
408 289 12 14 0.4491834 
406 356 11 13 0.40752673 
50 263 12 16 0.39263815 
546 277 9 12 0.37727997 
0 283 9 15 0.33545566 
396 367 15 22 0.26097444 
876 341 11 13 0.24931906 
115 409 12 15 0.24838795 
166 266 13 17 0.23309082 
595 357 21 22 0.22165775 
508 376 18 19 0.22049007 
868 470 24 27 0.20997445 
326 269 13 16 0.19591846 
222 269 13 16 0.18807353 
550 306 11 14 0.18292455 
256 277 10 13 0.18252192 
650 348 17 19 0.17866638 
606 338 14 16 0.17229198 
0 258 10 14 0.16497225 
372 301 11 13 0.16280669 
494 397 28 33 0.15586975 
561 260 8 12 0.1525925 
505 302 11 14 0.13888682 
667 342 15 22 0.13407214 
927 343 11 13 0.1075165 
481 303 11 12 0.10400471 
422 354 14 16 0.10394121 
232 351 13 15 0.10250062 
413 323 10 14 0.09419797 
439 286 9 11 0.08601571 
13 276 11 14 0.08476895 
272 491 32 38 0.084328204 
400 356 12 16 0.081237905 
438 278 9 12 0.07449629 
331 273 12 15 0.073334694 
366 370 16 18 0.07042862 
576 265 12 14 0.065873146 
871 450 28 33 0.06419798 
569 338 13 15 0.064007394 
30 396 16 22 0.06293362 
403 324 11 15 0.06234226 
372 271 10 14 0.061363615 
392 301 10 12 0.060840413 
6 277 12 15 0.060156338 
1 451 11 20 0.059924927 
241 448 28 31 0.059635032 
402 363 15 19 0.0595807 
604 344 15 18 0.05818309 
383 308 9 13 0.058034718 
293 239 9 12 0.057959527 
319 269 13 16 0.05529493 
566 261 9 12 0.054073643 
934 341 8 12 0.053567406 
213 278 14 19 0.053345595 
508 387 20 27 0.053228956 
631 267 10 12 0.052738212 
920 334 9 11 0.0525389 
448 287 10 12 0.051746264 
385 339 11 15 0.0514343 
0 388 12 21 0.04942708 
361 276 12 14 0.047458936 
907 350 13 16 0.046536088 
895 352 14 20 0.04466958 
705 340 12 17 0.043705348 
125 414 12 16 0.043061905 
4 254 9 12 0.042368602 
435 307 12 14 0.040722784 
391 271 8 10 0.0391728 
996 343 11 15 0.038646135 
610 334 13 16 0.03849973 
911 335 11 14 0.03804522 
398 350 11 14 0.0374397 
453 269 8 11 0.037176087 
917 339 13 16 0.03707312 
629 279 10 13 0.03666933 
669 333 13 17 0.036346756 
286 321 14 18 0.03483803 
351 383 21 31 0.03465326 
848 465 31 35 0.034643147 
439 291 9 12 0.034213074 
735 353 14 18 0.034092527 
660 351 15 18 0.03408673 
399 310 10 12 0.033230912 
0 379 10 17 0.03307974 
219 281 14 18 0.032503832 
877 337 10 11 0.032233275 
903 343 12 16 0.032064464 
432 287 9 11 0.03140368 
591 355 14 17 0.03083426 
0 228 9 13 0.030665964 
64 269 10 12 0.029554643 
390 306 11 13 0.028175104 
496 363 12 15 0.028055355 
609 269 8 12 0.027547183 
393 296 10 12 0.027286751 
709 328 16 19 0.027125947 
400 279 8 10 0.026897883 
87 720 27 29 0.026611065 
872 344 13 17 0.025890794 
914 354 13 15 0.025327152 
1008 264 7 10 0.025311505 
148 479 18 23 0.025275746 
117 419 14 18 0.024675095 
475 262 9 11 0.024394669 
398 294 9 12 0.023913156 
-1 265 10 17 0.023427978 
436 370 15 18 0.02325494 
407 319 10 14 0.02314279 
405 310 9 13 0.022997048 
612 344 14 17 0.02279992 
620 265 10 13 0.022518292 
478 284 11 12 0.022400972 
367 293 13 16 0.022224024 
432 325 14 18 0.021794267 
704 334 12 16 0.021739509 
510 483 31 37 0.021400632 
135 409 16 21 0.021389678 
646 340 16 19 0.021329286 
316 336 13 18 0.02132295 
452 290 10 12 0.021257907 
351 277 9 12 0.021256015 
625 277 10 13 0.021234684 
250 278 10 13 0.021050617 
391 278 9 12 0.02100401 
255 450 28 29 0.02095662 
111 434 14 19 0.020951554 
1 410 14 21 0.020589905 
840 344 19 27 0.020503948 
344 299 13 18 0.020461328 
328 325 14 21 0.02024498 
599 350 15 19 0.020092536 
916 347 14 17 0.020035507 
321 492 24 37 0.02000381 
