3_Riot_Riot_3_354
51
497 176 22 34 0.98000175 
404 160 24 30 0.97027045 
619 97 15 19 0.94997466 
238 150 22 29 0.89577675 
916 110 18 21 0.85407245 
388 238 28 61 0.77240443 
701 101 15 19 0.7288768 
492 130 16 21 0.27523345 
156 240 37 53 0.24646719 
813 91 16 20 0.21896648 
978 146 21 31 0.18211032 
736 71 11 14 0.1788291 
797 77 14 17 0.15292215 
690 61 15 18 0.14798105 
555 138 19 25 0.14366937 
802 129 16 26 0.1402811 
111 196 27 32 0.13660271 
427 122 15 18 0.10597844 
469 125 15 24 0.086316854 
474 128 18 26 0.079099715 
535 104 14 17 0.07437924 
482 131 20 25 0.07246434 
422 118 15 18 0.06770601 
906 87 17 23 0.056297548 
785 93 10 13 0.054347098 
646 93 14 17 0.04736529 
740 75 10 14 0.045191936 
96 247 41 51 0.040744193 
809 96 19 27 0.04021504 
459 125 18 23 0.03899522 
563 133 14 24 0.037289534 
113 184 41 54 0.03506274 
598 296 36 64 0.03447734 
365 236 40 52 0.0318945 
818 85 13 19 0.031833746 
757 71 9 12 0.03011906 
115 110 181 232 0.029150803 
762 84 16 19 0.028391987 
348 230 32 45 0.02820907 
548 131 20 25 0.028072588 
192 229 42 58 0.02627274 
392 342 36 53 0.026062774 
111 194 16 20 0.024312094 
247 155 20 25 0.023380334 
790 83 15 18 0.023129176 
687 94 10 14 0.022947425 
751 76 12 14 0.021913426 
80 299 27 32 0.02148654 
767 61 11 14 0.020980256 
756 76 13 17 0.020363338 
118 192 20 22 0.020136554 
