3_Riot_Riot_3_958
62
236 11 26 35 0.9984586 
567 114 54 63 0.99794394 
137 3 26 33 0.99777526 
520 44 26 36 0.99689925 
107 30 28 33 0.99606556 
372 33 26 32 0.9959323 
773 39 32 36 0.9953608 
53 22 27 36 0.9948651 
865 19 35 41 0.9910857 
66 3 29 35 0.9906612 
924 73 25 33 0.990167 
12 6 39 49 0.98901343 
335 36 23 30 0.98570836 
402 24 37 50 0.98337436 
666 55 22 28 0.9814229 
950 56 24 39 0.97518665 
707 31 24 32 0.97045803 
823 46 27 31 0.95195097 
497 31 24 31 0.9408931 
207 27 25 27 0.90518177 
313 37 19 27 0.8271169 
461 36 20 30 0.7801738 
972 17 20 28 0.76238114 
394 18 26 34 0.7108097 
606 47 17 20 0.5676219 
962 13 22 29 0.5541503 
182 25 16 19 0.41823027 
286 38 20 27 0.3877609 
486 48 15 22 0.36379498 
170 34 14 19 0.33469298 
754 59 17 22 0.25641173 
939 62 27 36 0.20270142 
307 0 17 18 0.1645364 
645 64 15 18 0.10707016 
303 33 14 22 0.08718299 
869 65 25 32 0.08473194 
960 57 25 32 0.081993036 
755 51 15 21 0.0818198 
579 50 19 22 0.07412095 
473 41 15 22 0.07268271 
280 67 13 20 0.07158985 
298 39 15 21 0.061998524 
637 61 13 15 0.050095644 
492 41 16 22 0.048288647 
767 45 23 28 0.04782115 
-1 22 12 25 0.043589476 
308 4 22 27 0.039641853 
2 13 22 36 0.03849194 
197 0 17 17 0.03676148 
228 0 14 14 0.034051914 
772 131 21 21 0.034038495 
700 37 24 32 0.03247029 
1006 75 16 23 0.030538341 
542 32 23 30 0.025641467 
282 54 23 28 0.025087887 
528 38 29 33 0.024843816 
701 49 15 20 0.024288522 
761 56 17 24 0.023606723 
541 27 19 21 0.02334152 
948 51 19 23 0.021874288 
960 31 28 32 0.021660242 
564 0 19 14 0.021386623 
