3_Riot_Riot_3_522
32
117 165 25 28 0.99721825 
408 213 31 35 0.9852272 
627 211 31 35 0.9774074 
489 154 20 21 0.93112445 
414 151 13 16 0.9277931 
882 203 26 30 0.9174503 
181 200 29 35 0.80025274 
221 210 18 29 0.7765315 
270 175 8 12 0.68819374 
444 156 10 14 0.49114907 
3 145 23 36 0.4623202 
223 136 8 10 0.335704 
460 151 10 14 0.29971015 
374 155 11 14 0.19575837 
214 187 14 19 0.100611866 
368 156 11 14 0.08950942 
480 148 9 12 0.0850754 
480 190 11 14 0.0801148 
461 181 9 12 0.066711485 
213 209 16 26 0.058151543 
188 186 24 34 0.052029025 
628 448 14 18 0.050003137 
197 204 24 32 0.047527045 
630 460 12 14 0.03903445 
379 155 11 15 0.032410808 
597 464 12 16 0.032327402 
497 151 16 19 0.0320725 
153 182 21 29 0.02787901 
202 183 20 28 0.022567023 
207 210 13 19 0.022078674 
15 153 17 23 0.02192314 
196 182 16 20 0.020590447 
