3_Riot_Riot_3_26
159
274 352 31 42 0.99748033 
204 209 33 37 0.9972722 
358 73 27 30 0.9971744 
323 356 32 43 0.996729 
295 51 27 32 0.99668795 
230 356 37 49 0.99596703 
790 61 27 33 0.9954774 
251 229 30 38 0.99506027 
845 36 29 32 0.9949228 
937 163 28 37 0.99449956 
657 62 28 34 0.9943105 
249 93 26 30 0.99394107 
676 353 35 37 0.9936505 
854 387 26 40 0.99342716 
468 211 28 32 0.9931189 
816 10 25 30 0.9926778 
987 186 32 41 0.9924584 
465 76 25 30 0.9921927 
357 222 31 37 0.992164 
675 228 30 33 0.9921151 
939 -1 26 27 0.99126714 
716 391 33 48 0.990837 
193 44 22 29 0.98904455 
723 355 32 42 0.9845712 
557 237 28 31 0.9842683 
90 357 28 42 0.98354155 
257 333 30 36 0.9812289 
900 156 26 33 0.980097 
413 349 33 42 0.97966594 
894 48 25 27 0.9781884 
645 -1 25 23 0.97431344 
57 325 27 34 0.9729566 
938 409 28 37 0.970997 
646 209 27 32 0.9672695 
956 377 25 34 0.96579885 
424 371 30 43 0.9630682 
335 423 25 40 0.9580339 
1002 44 21 30 0.94965744 
15 101 24 27 0.94934857 
974 14 24 31 0.9472036 
54 192 30 35 0.9419191 
763 35 26 32 0.93826795 
151 330 25 36 0.9380304 
537 96 21 27 0.9310742 
791 342 23 27 0.8710085 
783 213 28 35 0.8663453 
890 241 25 31 0.8262543 
426 214 27 34 0.79542583 
635 346 29 36 0.7669961 
961 416 28 39 0.7234063 
774 392 28 35 0.71028847 
652 389 23 29 0.68946093 
278 211 25 36 0.6706171 
781 367 24 31 0.6608474 
51 244 30 33 0.6031694 
55 548 23 39 0.5763417 
916 356 21 34 0.5499588 
509 74 23 28 0.51793414 
789 449 20 34 0.51785666 
207 433 22 36 0.45729268 
58 565 21 41 0.45199054 
531 209 29 34 0.4509434 
811 366 27 33 0.41623494 
258 492 21 38 0.36092278 
824 371 21 28 0.27952388 
866 354 17 22 0.22514334 
194 329 27 36 0.20502485 
183 389 28 35 0.20191473 
732 487 20 35 0.17855637 
895 480 18 31 0.16675192 
659 555 23 27 0.15658292 
799 369 27 32 0.15560456 
244 565 20 33 0.1458319 
787 352 26 33 0.14266224 
948 390 30 40 0.13102989 
125 359 24 32 0.11547376 
620 532 19 32 0.10630622 
525 521 21 32 0.10263721 
876 346 14 18 0.094150595 
994 380 13 16 0.08375906 
9 211 554 440 0.07922585 
750 32 28 35 0.074006274 
970 409 27 36 0.06757658 
884 417 23 35 0.06710559 
420 221 36 48 0.06540314 
344 213 34 39 0.064544946 
560 511 20 37 0.060999595 
243 342 32 46 0.060104128 
513 45 16 16 0.059131067 
664 219 29 36 0.05759895 
517 231 12 16 0.055185016 
912 354 15 22 0.051011104 
166 527 15 25 0.050137453 
677 462 24 33 0.04960368 
207 507 11 16 0.045638125 
854 469 15 23 0.0442672 
598 384 27 31 0.043232992 
196 547 21 33 0.040710397 
471 441 13 22 0.040631272 
602 51 15 21 0.04000977 
629 586 15 21 0.039251454 
761 384 30 40 0.03831131 
154 349 17 22 0.037526052 
659 569 23 29 0.036750067 
213 493 15 25 0.035272207 
867 342 24 31 0.03496788 
473 437 22 31 0.034611646 
738 490 26 36 0.034521 
874 414 23 35 0.033861212 
340 200 29 36 0.033757348 
129 391 23 35 0.033740066 
783 369 34 47 0.032148145 
832 378 18 27 0.032061826 
893 225 36 46 0.03193044 
574 516 21 36 0.031782463 
508 48 23 25 0.031218586 
126 516 20 30 0.031151306 
592 162 23 30 0.02939976 
407 419 26 41 0.02926214 
873 356 18 24 0.029245764 
262 214 34 46 0.029067053 
375 567 19 29 0.028566541 
647 351 20 25 0.028296016 
598 216 37 46 0.028239198 
978 355 17 21 0.028179234 
133 527 14 22 0.02809532 
667 579 17 23 0.026776636 
518 81 22 29 0.02668631 
887 243 17 23 0.02630412 
795 455 29 37 0.02607083 
762 418 39 50 0.025343586 
40 539 33 37 0.025186526 
28 464 28 39 0.025113733 
780 43 25 35 0.024854816 
911 340 12 15 0.0246061 
457 474 21 31 0.02460407 
824 538 36 50 0.024411503 
2 566 15 28 0.024027843 
964 360 25 34 0.023689967 
694 586 24 33 0.023519548 
1002 36 19 24 0.023206228 
990 380 21 28 0.02294592 
560 249 407 431 0.022870373 
4 537 19 33 0.022589397 
197 559 26 36 0.02233656 
104 361 26 36 0.0219149 
971 377 28 34 0.02176101 
0 262 9 16 0.021554284 
181 384 18 29 0.021461215 
579 526 22 37 0.021172777 
33 506 16 22 0.021063156 
267 503 15 29 0.020675067 
545 220 20 28 0.02059408 
860 381 15 21 0.020395229 
135 347 27 33 0.020383716 
730 554 22 29 0.020292053 
692 56 18 22 0.02014232 
771 438 25 34 0.020049168 
238 564 16 26 0.020017223 
