3_Riot_Riot_3_123
34
592 470 65 72 0.9891537 
894 350 28 37 0.7589161 
657 511 34 48 0.30081147 
317 394 19 23 0.22349429 
944 271 9 11 0.1880748 
926 261 9 11 0.1510096 
999 303 15 21 0.1454738 
954 285 10 15 0.13610174 
904 361 34 35 0.10998298 
544 487 42 59 0.06210998 
273 434 20 32 0.05799288 
920 263 10 11 0.04914635 
654 470 37 42 0.04704554 
943 232 8 10 0.044346154 
965 273 11 14 0.0403711 
913 245 7 9 0.04001377 
989 277 10 14 0.03988869 
910 279 10 13 0.037779298 
917 268 9 11 0.036072515 
891 377 13 17 0.0343069 
959 264 8 10 0.033497974 
561 477 50 64 0.03330706 
888 361 27 36 0.031931095 
944 264 9 11 0.03087072 
1006 168 9 12 0.027992096 
498 483 48 72 0.02512785 
892 365 15 23 0.024898691 
919 293 10 14 0.024728836 
637 491 49 62 0.022157053 
934 320 16 19 0.022103649 
961 269 10 13 0.020965433 
339 398 18 20 0.020841455 
970 261 8 11 0.020399552 
998 295 12 16 0.020286053 
