3_Riot_Riot_3_184
25
913 158 34 38 0.9953637 
968 174 28 34 0.99529946 
690 168 23 30 0.9809443 
752 163 22 28 0.9477473 
729 173 19 22 0.9015322 
61 54 52 76 0.8248359 
122 161 33 41 0.719852 
609 181 18 24 0.3160441 
202 77 37 55 0.21928585 
271 108 9 12 0.110806555 
476 292 52 33 0.1001082 
712 230 10 12 0.07313565 
1005 186 16 23 0.05197527 
309 88 8 10 0.050709084 
344 156 94 123 0.047093537 
274 133 10 14 0.0451982 
295 96 8 10 0.038441982 
210 103 29 42 0.0377135 
616 179 15 21 0.03264096 
141 130 12 14 0.027404666 
495 285 41 31 0.026863508 
657 247 10 11 0.02651625 
461 126 53 92 0.02584508 
998 192 15 23 0.022047784 
248 157 12 18 0.021631382 
