3_Riot_Riot_3_137
205
333 387 51 64 0.9992874 
923 347 57 68 0.99918014 
61 385 38 46 0.99640214 
656 355 51 59 0.9956735 
924 315 27 31 0.9925634 
107 410 38 45 0.99253136 
486 322 42 53 0.99176604 
972 323 25 32 0.991227 
270 362 43 49 0.9896785 
402 334 38 50 0.9864674 
897 326 23 28 0.9729748 
788 317 19 29 0.9183007 
993 276 9 11 0.7754191 
789 295 16 20 0.636434 
462 307 15 22 0.60057944 
774 315 16 22 0.59739435 
811 294 11 14 0.54752153 
672 299 14 18 0.53392446 
526 308 11 15 0.5166148 
151 333 9 12 0.5079936 
142 408 28 43 0.45589125 
259 335 20 22 0.45540008 
977 284 9 12 0.41469997 
964 310 13 16 0.3800153 
346 325 22 29 0.3358027 
29 358 14 22 0.2942616 
950 286 10 13 0.26817018 
3 355 12 16 0.25717947 
749 306 10 13 0.25694 
757 354 14 22 0.24675468 
389 335 15 22 0.21287881 
548 302 8 10 0.21030489 
761 289 8 10 0.16394383 
373 314 11 14 0.1536414 
722 325 10 12 0.14051297 
935 292 10 13 0.13981311 
914 301 17 19 0.12837295 
195 353 13 22 0.12785524 
572 302 10 12 0.1212033 
134 339 8 11 0.11705475 
735 311 9 12 0.114981264 
744 307 10 13 0.11417835 
811 336 21 29 0.112019844 
607 292 8 11 0.10993148 
232 319 12 15 0.105799995 
548 315 12 16 0.104897566 
189 316 8 10 0.09964164 
336 324 12 14 0.09696093 
590 294 7 9 0.09502143 
588 335 13 20 0.09363125 
893 299 15 17 0.09163211 
706 319 9 13 0.09156836 
1014 296 9 16 0.08702986 
342 334 29 35 0.086896546 
865 373 27 34 0.08174116 
627 309 20 23 0.0699868 
947 279 8 11 0.06997421 
889 272 8 9 0.06760244 
784 280 8 10 0.06716022 
1008 271 9 11 0.06676949 
147 417 34 48 0.06666042 
781 318 17 25 0.06653523 
236 352 10 13 0.06636247 
945 284 10 13 0.06514488 
810 317 21 28 0.06349867 
586 293 8 10 0.062118705 
112 328 10 11 0.061499685 
390 328 15 18 0.061060995 
80 305 7 9 0.060381714 
144 334 10 13 0.059783842 
919 308 24 29 0.059683915 
962 271 8 11 0.05930991 
648 355 22 32 0.059178546 
873 273 8 9 0.05767009 
728 286 7 9 0.057608046 
966 270 8 10 0.05643166 
791 231 7 9 0.055887636 
393 337 26 36 0.055170473 
63 318 9 11 0.052240234 
547 308 12 16 0.051907476 
121 313 8 10 0.051533755 
210 317 8 11 0.050342053 
805 272 8 10 0.0486769 
652 325 10 13 0.048601966 
0 333 8 13 0.048210576 
1007 276 10 13 0.047740005 
562 294 7 9 0.046735898 
961 276 10 12 0.046661086 
339 329 16 20 0.046259653 
1009 285 10 12 0.045884036 
72 294 7 9 0.04444963 
726 318 11 13 0.043309193 
840 292 11 12 0.043141507 
18 311 8 10 0.04306054 
576 296 7 9 0.04304432 
148 336 14 16 0.04280869 
190 334 10 12 0.042710252 
830 273 7 9 0.04209343 
24 357 12 19 0.041614335 
664 293 8 12 0.041401178 
129 335 8 11 0.04030464 
1 310 7 10 0.04003036 
25 328 9 12 0.039978288 
955 293 11 13 0.03944619 
217 346 15 21 0.039425634 
917 294 13 15 0.03907456 
566 294 8 9 0.038917474 
855 276 9 11 0.03857956 
846 276 10 11 0.038266454 
1010 293 11 15 0.037636604 
529 360 28 34 0.03746963 
95 335 9 11 0.037397526 
975 291 11 13 0.036774173 
764 290 9 13 0.036522374 
143 326 8 10 0.036062635 
965 278 9 11 0.03583526 
664 320 10 13 0.035698444 
69 319 8 10 0.035565604 
93 340 10 13 0.0350338 
904 311 23 29 0.035033252 
783 299 15 17 0.034316033 
756 304 10 13 0.034035884 
102 335 9 11 0.033604745 
730 310 9 11 0.033447783 
909 271 8 11 0.033229347 
805 291 19 22 0.032780442 
744 293 8 10 0.032754254 
814 289 11 12 0.03272515 
353 309 10 13 0.03264612 
40 304 8 9 0.031985156 
922 300 13 15 0.031523217 
806 345 18 24 0.030653609 
161 303 7 9 0.030331517 
84 357 13 16 0.03024786 
516 305 21 28 0.028896146 
851 307 17 19 0.028874155 
340 308 9 11 0.02884124 
1012 269 9 12 0.02864689 
224 319 8 12 0.028621884 
981 278 10 12 0.028582847 
785 300 22 28 0.028143972 
831 277 7 10 0.027297935 
663 335 13 15 0.027188309 
81 350 9 12 0.027116733 
259 327 17 20 0.026836153 
58 318 8 11 0.026817262 
801 275 9 12 0.026737789 
-1 407 12 22 0.026571289 
924 293 12 15 0.026396312 
846 298 14 19 0.02594843 
210 311 9 12 0.02580084 
792 255 7 9 0.025248997 
150 346 14 16 0.025158245 
32 359 22 25 0.02509631 
568 306 10 13 0.025009545 
439 307 10 13 0.024801826 
878 272 7 9 0.024611095 
167 302 7 9 0.024586668 
750 294 9 11 0.02451538 
183 350 19 28 0.024448955 
52 348 10 14 0.024426965 
969 284 9 12 0.024227777 
998 272 9 12 0.024211159 
1007 299 12 16 0.02418344 
55 295 7 9 0.024149641 
7 312 7 9 0.024136625 
86 351 10 12 0.02407937 
64 302 8 9 0.024002278 
168 327 7 9 0.023949705 
0 360 12 17 0.023913149 
102 319 8 10 0.023577143 
110 362 14 21 0.023488631 
766 279 8 9 0.023320382 
577 337 21 27 0.02331302 
47 343 12 15 0.023157619 
799 377 38 54 0.023091484 
103 341 11 12 0.023026148 
795 319 24 32 0.022621501 
188 337 14 18 0.02244321 
72 303 7 9 0.022337496 
118 330 11 13 0.022311518 
841 277 9 11 0.02223504 
110 295 8 10 0.021919006 
766 309 10 14 0.021806626 
389 318 11 13 0.021800352 
71 310 8 10 0.021718988 
789 285 11 12 0.021687068 
670 286 7 10 0.021611135 
380 315 12 15 0.02153759 
901 303 21 24 0.021464925 
138 296 7 8 0.021430971 
177 294 7 10 0.021332897 
110 301 8 10 0.021236368 
356 315 12 14 0.021145076 
922 323 44 52 0.02103959 
248 338 10 15 0.021031946 
186 312 8 10 0.020967107 
867 300 14 19 0.02075207 
666 288 8 10 0.020565463 
957 299 13 15 0.020545965 
394 321 26 33 0.020513652 
769 316 12 17 0.020481752 
264 303 7 9 0.020458309 
50 295 6 9 0.020381665 
561 302 8 11 0.020331942 
