3_Riot_Riot_3_710
20
613 81 61 59 0.9936098 
1 194 26 32 0.9815425 
492 176 60 76 0.9663843 
293 64 41 71 0.685496 
31 189 21 29 0.5795514 
744 7 62 82 0.1285017 
63 184 12 16 0.09597207 
574 131 41 50 0.07364105 
40 200 18 22 0.069072105 
36 182 18 22 0.0687489 
78 191 9 13 0.041541133 
122 206 17 21 0.040506497 
56 180 13 17 0.033824723 
526 148 38 41 0.029881017 
42 210 23 27 0.02838015 
24 181 13 18 0.027556747 
60 174 12 16 0.024026098 
50 203 16 21 0.021681463 
45 182 22 25 0.021104407 
450 147 28 43 0.020020537 
