3_Riot_Riot_3_263
47
865 221 22 29 0.9888348 
478 165 22 28 0.97038615 
546 172 18 20 0.9541577 
388 164 15 22 0.94788724 
436 164 18 23 0.93843347 
6 131 22 26 0.90902585 
419 164 15 20 0.85215443 
925 212 13 17 0.41894758 
352 145 11 15 0.32916623 
277 149 11 14 0.21330975 
351 168 9 12 0.14293233 
857 209 15 22 0.11673042 
319 195 10 13 0.09838342 
15 135 23 32 0.09304192 
53 9 9 11 0.08734963 
312 158 9 15 0.08545001 
206 141 16 22 0.06868162 
524 178 15 18 0.067284256 
95 119 23 29 0.06385438 
921 193 25 34 0.059868112 
517 187 16 19 0.05519288 
846 196 22 32 0.055058945 
359 182 12 15 0.05153511 
0 94 13 21 0.050845467 
429 163 16 21 0.048397984 
489 286 31 30 0.04184956 
883 150 33 33 0.038801305 
232 29 26 33 0.035318583 
147 106 23 33 0.03274751 
879 184 10 13 0.028981354 
519 172 15 17 0.028521497 
404 181 13 16 0.02677509 
262 151 8 13 0.026079716 
449 12 8 11 0.025441123 
346 142 11 14 0.024761379 
206 85 12 15 0.02460297 
0 103 11 19 0.023263315 
773 172 11 15 0.023235653 
26 137 17 25 0.02298179 
397 175 12 18 0.022752866 
910 233 22 31 0.022497002 
531 170 21 24 0.021623556 
221 0 14 11 0.021183966 
455 161 14 18 0.021155018 
531 184 15 19 0.020324228 
162 6 19 20 0.02013835 
911 265 30 42 0.020040482 
