3_Riot_Riot_3_542
245
454 397 25 36 0.99266714 
193 333 32 37 0.97978115 
228 255 19 23 0.94985247 
310 272 16 20 0.9334719 
70 265 22 26 0.9332307 
103 257 16 20 0.9228755 
173 260 18 24 0.9220064 
805 274 13 16 0.91849196 
139 257 19 22 0.91223246 
697 275 11 14 0.816613 
896 267 14 17 0.7851733 
768 261 11 14 0.7162641 
294 255 12 15 0.6968119 
360 266 13 17 0.6747534 
827 261 12 16 0.65843374 
18 188 9 12 0.6445053 
123 258 13 16 0.63022524 
941 262 22 26 0.60155046 
542 271 14 18 0.5482392 
0 264 18 24 0.54082835 
615 257 11 15 0.48967436 
438 248 9 11 0.46169382 
460 260 11 15 0.46131647 
333 243 10 13 0.4398253 
362 259 14 19 0.42935047 
396 246 9 11 0.41572377 
420 249 10 12 0.38383707 
594 261 9 11 0.37298247 
401 272 9 13 0.37234145 
843 273 13 17 0.36942053 
961 141 8 10 0.34819406 
577 259 11 13 0.3437719 
219 273 13 18 0.33749378 
254 267 11 13 0.3328854 
744 272 9 12 0.33233756 
417 386 30 28 0.32558906 
761 259 10 13 0.30589798 
478 248 8 11 0.27700782 
346 231 7 10 0.27133253 
509 253 9 11 0.2634123 
670 255 11 14 0.25748992 
417 270 11 15 0.2533511 
790 260 10 13 0.23096938 
212 251 12 16 0.22048452 
268 279 10 14 0.21391177 
215 216 9 13 0.20730321 
629 268 12 15 0.20649748 
721 258 11 13 0.19338961 
49 277 20 28 0.18229434 
234 291 24 27 0.17402138 
441 284 12 15 0.17312898 
809 234 9 13 0.1726573 
456 246 7 9 0.16496594 
495 238 9 10 0.15452243 
297 214 8 10 0.15387517 
43 255 13 16 0.15272835 
836 240 11 13 0.1429351 
541 255 9 12 0.13667761 
552 260 10 12 0.13173905 
687 256 9 11 0.13033356 
618 286 12 14 0.12895547 
478 274 13 15 0.11734668 
320 253 9 12 0.11624175 
143 187 10 12 0.11369072 
312 245 9 11 0.11269211 
816 252 10 13 0.111468874 
456 254 11 15 0.10695415 
865 155 8 12 0.10489183 
278 264 9 11 0.09867044 
260 268 10 12 0.097674 
118 282 14 16 0.096323915 
341 260 10 14 0.096247196 
796 259 10 12 0.09555981 
41 223 15 17 0.0948996 
352 237 10 12 0.09075811 
859 253 11 14 0.089306675 
551 227 8 11 0.08915765 
677 255 11 13 0.08519279 
349 230 9 13 0.08215761 
324 231 8 10 0.082070194 
136 213 8 10 0.07895015 
253 243 11 13 0.07881264 
381 239 8 10 0.07844908 
747 275 10 13 0.07720914 
625 225 8 9 0.07667625 
509 271 9 11 0.07455078 
181 192 8 10 0.071838036 
298 256 13 16 0.07181401 
637 231 8 11 0.07051189 
896 246 10 12 0.07003653 
619 260 12 14 0.06993063 
848 243 12 14 0.06986686 
542 258 13 15 0.068723075 
422 291 12 14 0.0682704 
790 266 10 13 0.0668254 
596 254 10 12 0.06432974 
290 255 10 13 0.0631941 
407 262 8 10 0.0630618 
558 255 8 11 0.06295287 
566 244 8 10 0.06251344 
535 268 11 14 0.06018867 
645 260 9 12 0.059822872 
359 225 9 11 0.059751227 
58 270 21 27 0.058983292 
317 246 9 11 0.057044327 
673 278 9 13 0.056961287 
694 254 8 11 0.056910947 
72 180 13 16 0.054321762 
497 244 8 11 0.052748118 
577 240 8 11 0.052042436 
745 245 10 12 0.051962487 
928 315 23 30 0.05144787 
561 246 9 11 0.050796483 
382 245 8 11 0.050617877 
863 268 13 18 0.049544107 
163 230 12 14 0.049159802 
128 190 9 11 0.049150277 
660 276 10 12 0.04849418 
500 285 10 12 0.0484488 
704 253 10 12 0.048403796 
575 285 11 13 0.047572564 
528 269 10 12 0.04755313 
771 266 11 14 0.04754339 
709 253 9 12 0.047537412 
534 262 9 12 0.045685846 
344 236 8 11 0.04564116 
485 271 10 13 0.04495153 
719 332 9 11 0.044793397 
990 250 17 19 0.04354356 
447 246 8 10 0.043093495 
494 269 8 11 0.043072645 
731 244 11 14 0.041927554 
284 229 8 11 0.04184769 
261 263 9 12 0.040748715 
656 247 8 11 0.040724665 
935 259 17 20 0.040263142 
738 270 9 12 0.040259685 
264 246 9 12 0.039270688 
326 252 9 12 0.039152898 
393 286 11 15 0.039131 
503 248 8 10 0.03797668 
213 290 13 16 0.037840456 
845 261 13 17 0.03769694 
869 167 9 12 0.03760972 
820 254 13 16 0.037336055 
633 232 9 11 0.037193727 
726 242 13 14 0.037100315 
357 484 31 31 0.036257744 
828 272 13 17 0.036180366 
207 244 14 19 0.036015537 
321 224 7 9 0.035978172 
377 245 9 11 0.035812717 
329 239 10 12 0.035413336 
264 253 10 13 0.0350581 
425 298 15 18 0.034884818 
58 284 15 23 0.03454747 
509 260 9 12 0.034491744 
394 251 9 12 0.033972625 
479 263 9 11 0.033731956 
846 252 13 15 0.032315787 
889 267 12 16 0.032267846 
393 232 8 9 0.031498447 
353 267 12 16 0.031493273 
448 260 10 12 0.030912973 
495 263 8 12 0.030684335 
461 246 8 10 0.03065203 
705 261 9 12 0.030385261 
853 257 14 16 0.03025386 
353 242 9 13 0.029844996 
311 262 13 16 0.029695848 
324 424 31 49 0.029683994 
330 216 7 9 0.02962757 
606 248 8 10 0.029522352 
296 267 12 16 0.029387454 
358 245 8 11 0.029350923 
835 262 13 17 0.029177617 
325 270 11 16 0.029119134 
454 285 11 13 0.029089073 
897 251 13 16 0.028709337 
528 262 10 12 0.028656807 
709 261 9 12 0.028456703 
270 291 12 16 0.028154502 
510 275 10 12 0.028073734 
580 286 10 12 0.027915139 
887 260 12 16 0.027601069 
380 278 11 15 0.027410824 
621 245 9 11 0.027272789 
271 269 10 14 0.02710066 
310 253 11 13 0.02689143 
411 384 20 22 0.02687619 
527 255 9 11 0.02687552 
649 225 8 9 0.026837997 
505 263 9 11 0.026802257 
877 248 9 12 0.026649918 
593 222 9 12 0.02655111 
656 271 10 12 0.026447218 
599 247 10 12 0.026414022 
744 252 10 12 0.026374936 
423 264 9 12 0.026183251 
397 241 9 11 0.025918359 
241 231 10 13 0.025338087 
801 269 13 17 0.02510205 
609 253 9 13 0.024981195 
513 287 10 11 0.024925537 
158 249 12 17 0.02475656 
12 253 14 18 0.024721915 
327 222 7 10 0.024677081 
503 278 10 12 0.02452359 
251 293 13 18 0.024451965 
490 238 8 10 0.02437946 
44 268 21 28 0.024239987 
837 250 12 16 0.024214076 
576 266 10 12 0.024173234 
871 252 12 16 0.023952803 
381 252 10 13 0.02395062 
447 254 10 13 0.023813298 
815 258 11 15 0.023607874 
394 239 8 11 0.023234066 
808 252 9 13 0.023225533 
1005 263 16 20 0.023152268 
374 254 9 12 0.023079628 
273 262 9 12 0.023068424 
965 274 15 22 0.023067484 
334 252 11 14 0.022991344 
5 253 24 30 0.022970013 
636 268 10 14 0.022827085 
253 271 14 17 0.022742702 
302 269 14 18 0.02263869 
949 238 11 12 0.022571888 
950 243 12 14 0.022420058 
710 270 9 11 0.022389384 
653 335 15 17 0.022339651 
223 253 14 18 0.022183659 
758 278 10 11 0.021896314 
649 229 8 11 0.021869777 
350 259 12 17 0.021708423 
649 237 9 10 0.0213497 
868 256 14 21 0.021180173 
583 268 9 12 0.02095338 
368 223 7 10 0.020613117 
994 253 22 25 0.020550014 
614 279 11 13 0.02053315 
562 239 9 12 0.020532608 
455 264 13 16 0.02040613 
906 268 12 15 0.020076979 
