3_Riot_Riot_3_393
46
443 132 36 42 0.9966528 
539 119 27 30 0.96850735 
788 155 13 17 0.9487942 
729 179 10 13 0.9330436 
224 132 17 19 0.8771924 
125 142 14 16 0.8439562 
167 158 10 12 0.74072665 
852 173 12 15 0.6594641 
343 154 13 15 0.5851881 
326 119 19 29 0.40539408 
192 151 10 12 0.34703237 
629 129 26 45 0.3226416 
814 165 11 14 0.29518813 
92 122 16 20 0.2463963 
658 219 23 30 0.13083017 
673 158 11 15 0.1288148 
737 205 9 11 0.060262065 
847 177 12 15 0.057859026 
82 114 19 24 0.056722265 
98 130 14 19 0.049855255 
195 155 10 13 0.04439114 
623 112 29 47 0.04355051 
732 222 10 13 0.04280709 
84 125 19 22 0.040141318 
810 164 10 14 0.03964249 
159 111 9 11 0.037336033 
318 118 17 25 0.031830207 
709 231 10 13 0.02986729 
765 199 9 11 0.029678622 
552 121 24 32 0.027750518 
108 131 10 16 0.02518392 
120 118 13 16 0.025152428 
108 138 11 16 0.02437392 
651 106 27 37 0.024323208 
337 121 15 25 0.024213577 
776 197 10 13 0.023960056 
662 111 15 21 0.02359489 
740 199 10 12 0.023418153 
858 172 11 15 0.02302958 
224 103 10 13 0.022734247 
785 134 9 11 0.021099994 
634 107 29 39 0.021061778 
227 142 15 18 0.020547222 
92 308 17 25 0.02030338 
99 115 14 24 0.020037292 
115 178 12 15 0.020007359 
