3_Riot_Riot_3_438
32
837 210 41 42 0.98719645 
451 150 17 23 0.90461415 
654 147 15 18 0.8076975 
191 160 20 24 0.5455987 
693 171 15 21 0.4968157 
739 180 23 29 0.42324015 
698 168 17 21 0.32053584 
706 164 15 20 0.24300505 
572 172 13 16 0.16268651 
748 179 26 33 0.12744635 
688 149 11 14 0.09306555 
675 155 13 16 0.081411496 
243 211 30 34 0.063635364 
211 162 16 23 0.04835656 
677 160 13 18 0.043885525 
658 219 14 15 0.04172607 
272 188 9 12 0.038441207 
726 158 23 27 0.037515517 
593 167 10 13 0.034086134 
149 190 10 14 0.031758778 
683 154 13 16 0.029574681 
761 185 19 27 0.023709808 
712 167 16 23 0.022043288 
307 170 20 22 0.0218093 
659 144 12 15 0.021799676 
566 174 16 20 0.021114215 
671 150 11 16 0.02104792 
651 213 25 26 0.020877466 
692 144 12 15 0.020851864 
773 202 15 22 0.020714585 
396 145 17 18 0.020437257 
294 193 8 10 0.020429723 
