3_Riot_Riot_3_1037
40
56 496 51 64 0.9978764 
674 410 44 56 0.99759054 
602 180 29 36 0.99754876 
678 136 34 45 0.99713033 
771 177 29 33 0.9968959 
969 210 36 42 0.9950889 
298 156 34 44 0.99490935 
-1 680 98 117 0.99258924 
717 154 24 28 0.9853963 
75 158 70 76 0.9358911 
104 182 51 60 0.5723652 
434 444 9 13 0.50661933 
447 453 9 11 0.29035583 
329 439 11 15 0.26629952 
421 456 8 11 0.13863945 
518 207 49 48 0.105364904 
687 187 21 29 0.101958305 
317 446 11 14 0.09875765 
120 202 40 47 0.07447657 
465 427 10 12 0.04884607 
84 149 11 12 0.04403558 
368 452 26 30 0.040725317 
411 485 11 13 0.03666463 
407 455 10 12 0.028684525 
275 449 13 18 0.027873423 
305 443 10 13 0.027717276 
718 208 25 28 0.026696604 
271 461 10 15 0.026448863 
713 149 38 48 0.025976324 
312 442 12 16 0.02563306 
439 450 11 13 0.025554173 
217 572 58 74 0.025527319 
271 444 13 18 0.024677854 
270 440 22 33 0.023270434 
416 458 11 13 0.023124402 
508 223 46 39 0.02262106 
756 574 37 70 0.022401096 
378 454 15 17 0.021663912 
285 459 26 30 0.020906687 
293 437 10 12 0.020237487 
