3_Riot_Riot_3_790
61
206 275 26 33 0.9884162 
986 274 15 18 0.9768961 
787 251 16 21 0.96328175 
812 268 19 23 0.95892227 
929 274 14 16 0.954462 
483 263 10 13 0.89202315 
245 253 18 22 0.81573594 
326 259 14 19 0.80868345 
513 261 15 18 0.7834038 
431 273 13 15 0.67345077 
259 240 17 18 0.59410405 
433 291 11 13 0.37523106 
773 252 13 17 0.25741997 
349 416 45 48 0.17696916 
848 267 12 15 0.16075747 
449 287 10 13 0.15472612 
984 254 12 13 0.12083924 
219 251 12 15 0.10295743 
510 286 12 15 0.09851613 
994 249 15 18 0.09754069 
252 243 21 27 0.08911862 
839 259 11 15 0.08597607 
852 263 11 15 0.085966595 
61 319 9 13 0.07509124 
585 265 9 11 0.07474751 
1012 267 11 17 0.061550207 
514 301 13 17 0.05860744 
847 274 13 16 0.053723376 
517 271 13 17 0.05108766 
987 256 16 19 0.04552308 
1012 251 11 17 0.041920733 
1007 274 13 17 0.03743304 
387 388 12 14 0.03492752 
236 349 16 19 0.03370635 
1008 245 13 17 0.033431582 
829 269 11 17 0.033405423 
243 281 17 23 0.032915767 
517 245 12 15 0.029898593 
415 290 10 14 0.0286892 
600 237 11 14 0.028628338 
533 284 12 16 0.028280074 
640 257 13 15 0.02819287 
895 268 10 13 0.027788807 
709 268 9 12 0.027574623 
565 264 8 10 0.026797663 
860 266 10 13 0.026628789 
588 266 9 13 0.026294852 
385 278 8 10 0.024987713 
1005 289 15 21 0.024829531 
511 274 13 16 0.024719693 
1000 247 20 28 0.024611404 
240 268 21 29 0.023465913 
435 341 10 12 0.023145808 
1004 261 18 27 0.022673303 
521 266 14 16 0.02165859 
437 333 9 12 0.021555996 
559 264 9 11 0.020911265 
515 290 13 17 0.020815635 
318 256 14 19 0.020538116 
448 280 9 11 0.02041488 
527 289 12 16 0.020134928 
