3_Riot_Riot_3_106
26
663 155 216 242 0.9953679 
288 239 8 9 0.35278285 
240 252 9 11 0.2546232 
334 230 8 10 0.10942757 
236 312 13 16 0.09310925 
99 532 11 16 0.08383873 
216 257 8 9 0.06797468 
296 299 10 13 0.06087508 
222 286 9 11 0.05691105 
356 286 9 11 0.049052823 
252 236 8 11 0.047767937 
341 284 9 11 0.039732955 
372 269 9 11 0.037538838 
560 932 30 36 0.03662738 
207 285 10 12 0.031336557 
250 233 8 10 0.03098969 
686 930 32 39 0.029591372 
409 657 69 66 0.027887689 
215 285 10 12 0.027757313 
342 295 9 11 0.02631498 
347 349 10 10 0.025665345 
270 248 8 10 0.022969441 
971 931 35 38 0.022535654 
255 246 8 10 0.021263829 
193 511 10 12 0.021235943 
294 252 13 14 0.020569157 
