3_Riot_Riot_3_199
386
978 331 28 41 0.9903446 
64 286 39 61 0.9790165 
957 181 15 19 0.9542315 
195 234 22 29 0.94249743 
845 175 13 17 0.9394448 
85 158 17 22 0.9387006 
923 192 14 18 0.9316599 
428 317 30 37 0.9276891 
856 251 19 32 0.9168301 
855 203 15 20 0.9070291 
331 180 18 22 0.90435207 
661 172 12 16 0.88723904 
606 172 13 16 0.86555636 
894 189 17 21 0.8525365 
779 224 21 28 0.84722316 
771 182 14 18 0.84437066 
974 195 15 20 0.8415134 
529 186 15 20 0.8353564 
818 188 14 19 0.82989115 
115 122 12 16 0.77296007 
118 277 26 38 0.7622585 
391 109 9 11 0.74854577 
1010 188 14 21 0.7254828 
398 195 18 21 0.71991247 
717 182 12 16 0.68037784 
93 92 10 13 0.6622848 
981 157 9 12 0.64270544 
898 220 13 18 0.5896997 
368 175 17 24 0.58463943 
756 173 12 15 0.548155 
483 280 21 23 0.53325796 
875 193 11 15 0.50558233 
825 166 11 14 0.4934241 
62 110 12 14 0.45640394 
635 161 11 14 0.4290764 
162 174 13 16 0.36690024 
502 345 31 49 0.36424264 
199 141 9 12 0.35445595 
412 158 11 16 0.33793643 
468 149 11 14 0.33702648 
538 143 8 12 0.32817972 
83 125 12 16 0.31981862 
791 176 13 16 0.30444312 
478 148 10 12 0.295799 
581 161 12 15 0.28557864 
884 166 11 14 0.27338088 
596 385 34 55 0.26035574 
979 191 15 19 0.25744677 
958 157 8 11 0.230405 
434 267 17 23 0.22831817 
717 173 12 14 0.22805911 
390 155 11 13 0.22300975 
615 155 9 12 0.209835 
212 183 12 18 0.19304408 
24 56 7 9 0.19270599 
927 172 10 14 0.18891789 
149 110 10 11 0.18860143 
737 160 8 11 0.18455082 
136 78 8 10 0.17944929 
848 157 9 11 0.16938767 
494 117 8 11 0.16935053 
687 172 9 13 0.168946 
144 84 9 12 0.16824408 
248 323 45 66 0.15926334 
366 149 9 12 0.15391074 
374 159 11 12 0.15113914 
909 173 12 13 0.1426143 
932 174 11 13 0.1424844 
278 148 10 13 0.13804913 
741 159 9 11 0.13272654 
814 167 10 13 0.13089979 
934 179 11 14 0.13047718 
297 214 17 22 0.1292204 
718 168 9 11 0.12782793 
589 159 10 13 0.12752125 
199 136 10 12 0.12623072 
441 179 16 19 0.12342573 
654 158 12 17 0.122680545 
198 176 14 19 0.12067937 
442 186 18 23 0.11989422 
557 140 8 11 0.119054206 
584 142 7 10 0.11483616 
175 127 9 12 0.11427903 
181 113 8 9 0.11316409 
120 84 9 12 0.11235428 
678 164 10 14 0.112157755 
724 183 11 16 0.10527935 
265 118 7 10 0.10420988 
667 173 10 15 0.10004964 
943 172 10 13 0.099377304 
577 165 10 13 0.09898862 
204 179 15 20 0.09693127 
983 181 12 14 0.09681158 
633 137 9 11 0.096300706 
214 102 10 13 0.096299805 
722 134 7 9 0.09613538 
548 162 10 13 0.09516762 
223 167 11 13 0.094679005 
701 172 9 12 0.09405519 
374 133 11 14 0.09225707 
417 113 7 10 0.09160743 
713 172 10 14 0.09102012 
273 141 9 12 0.08884349 
487 142 8 10 0.086031705 
343 124 10 13 0.08590068 
638 137 8 11 0.08538736 
158 197 16 19 0.08412232 
335 116 12 14 0.08364444 
272 118 7 9 0.08292214 
60 103 12 15 0.08187685 
279 118 7 10 0.0813358 
67 113 11 14 0.08053309 
447 128 8 10 0.08045926 
277 73 8 10 0.08004228 
224 63 9 11 0.07979597 
759 157 8 10 0.07971856 
521 110 7 10 0.078689314 
464 102 6 9 0.077708654 
79 120 13 15 0.07725121 
508 143 10 12 0.07591907 
968 200 15 18 0.07545778 
910 157 8 9 0.074921004 
989 196 11 16 0.07453084 
225 69 8 10 0.07383284 
559 166 11 13 0.0728222 
208 102 8 9 0.07253254 
357 112 9 11 0.07213721 
54 62 7 9 0.0719422 
788 165 13 15 0.07097379 
47 85 8 10 0.07043127 
686 205 10 12 0.07038183 
558 173 13 16 0.06884003 
428 158 13 15 0.06855424 
262 93 8 10 0.068373896 
1000 165 9 11 0.06752258 
250 72 8 10 0.06707241 
160 108 9 12 0.06594784 
353 219 15 18 0.06466057 
161 117 9 12 0.06464093 
540 147 10 12 0.062754646 
31 94 10 13 0.06219869 
598 157 9 11 0.06149445 
828 171 10 13 0.05953038 
446 132 9 12 0.05937531 
827 190 12 15 0.058758702 
375 110 8 10 0.058589987 
918 172 10 13 0.05830833 
806 180 10 14 0.057282317 
430 219 13 20 0.05695446 
128 78 9 11 0.05520088 
292 96 9 11 0.054922663 
661 158 10 15 0.054886036 
981 162 10 13 0.054578427 
250 387 16 23 0.05431987 
62 95 8 11 0.05347673 
591 141 7 10 0.053128734 
863 182 10 12 0.05196101 
694 172 10 13 0.05160417 
1014 143 8 12 0.05084895 
175 85 8 11 0.050722346 
987 189 12 16 0.050677024 
785 166 10 12 0.04992985 
305 215 14 20 0.04883536 
581 168 12 15 0.048485793 
550 187 13 18 0.0484216 
760 152 8 9 0.04803776 
983 174 10 14 0.047748037 
749 198 11 13 0.047569003 
934 166 8 10 0.0473277 
297 110 9 12 0.047140617 
526 110 7 9 0.046904758 
274 76 7 10 0.04677207 
807 191 15 19 0.04662872 
139 252 24 35 0.04597254 
117 79 9 13 0.045883533 
178 116 9 12 0.04579642 
578 142 8 11 0.0456762 
386 109 9 12 0.04537736 
814 231 15 21 0.04527864 
745 151 7 9 0.04519736 
534 166 11 14 0.045170326 
752 179 12 14 0.044676065 
531 322 27 43 0.04461026 
228 171 10 13 0.044333976 
253 76 8 10 0.04239848 
308 177 12 15 0.042374164 
722 112 7 9 0.042258818 
205 110 8 10 0.042025156 
483 169 15 18 0.041717358 
514 118 7 9 0.041704837 
792 159 9 11 0.04157701 
241 125 8 11 0.040815894 
600 152 8 11 0.040807184 
430 224 19 26 0.040661074 
263 89 8 10 0.03999826 
422 157 12 16 0.039706685 
388 159 16 20 0.039263163 
389 113 11 14 0.03911643 
633 553 18 23 0.038986523 
494 112 8 9 0.038728613 
366 143 11 14 0.03871104 
128 258 27 41 0.0385217 
863 187 11 15 0.03844339 
504 148 10 12 0.0379888 
248 119 7 10 0.037934247 
627 526 14 18 0.03793364 
518 117 8 10 0.037680842 
830 160 9 10 0.03749489 
800 134 7 9 0.03746795 
496 150 9 12 0.03678328 
320 111 7 10 0.036713656 
733 183 9 13 0.03641435 
367 155 12 14 0.036197938 
993 288 16 22 0.03614177 
152 103 9 11 0.035587396 
951 173 10 14 0.03554906 
478 155 13 16 0.03523881 
806 174 9 12 0.03513544 
554 137 8 11 0.03512472 
527 135 7 10 0.035095137 
844 166 12 14 0.03461457 
559 211 14 16 0.034408998 
256 150 9 12 0.03433932 
200 61 8 10 0.034301557 
486 148 9 12 0.034220476 
446 141 10 13 0.034219757 
796 168 12 14 0.0341411 
614 141 8 10 0.034033474 
610 142 7 9 0.033926457 
591 173 9 12 0.033916418 
653 151 12 13 0.0338747 
396 156 13 16 0.033787947 
712 184 13 17 0.033770572 
672 158 9 13 0.03360144 
300 79 10 13 0.03344609 
222 279 21 29 0.033238802 
496 128 9 10 0.03291232 
614 137 8 9 0.032795556 
1005 166 8 11 0.032739505 
672 164 11 15 0.032687366 
779 181 12 16 0.032588962 
422 266 25 30 0.03237264 
240 120 8 10 0.032358207 
552 179 13 17 0.032095507 
527 142 7 9 0.03202723 
369 110 8 10 0.031910636 
271 113 7 10 0.03181159 
356 280 24 32 0.03163896 
453 150 11 13 0.031589553 
440 140 9 12 0.03146174 
869 148 11 13 0.03140125 
696 167 8 12 0.031336386 
488 135 8 11 0.030972019 
396 147 13 15 0.030819342 
490 112 8 10 0.030795125 
656 141 8 11 0.030761445 
977 165 10 12 0.030589562 
587 330 49 66 0.03052614 
311 102 7 9 0.03029066 
177 269 22 30 0.030203719 
617 502 29 38 0.030172925 
245 125 8 11 0.030163476 
749 187 12 16 0.030154102 
413 151 12 15 0.030114887 
728 166 9 11 0.030052442 
536 187 14 18 0.030009484 
558 159 10 12 0.029964015 
448 147 11 14 0.029855145 
204 142 10 13 0.029736469 
348 126 10 13 0.029651802 
901 181 15 18 0.029390255 
138 63 8 11 0.029181316 
785 171 12 15 0.029175146 
56 73 9 10 0.028751476 
261 215 24 30 0.028607475 
57 99 11 13 0.028504398 
907 187 13 17 0.028412366 
570 128 7 10 0.028302206 
751 150 7 10 0.028119328 
202 104 7 9 0.028096698 
164 110 9 11 0.028015485 
888 194 11 15 0.027983824 
542 291 31 29 0.02782762 
521 134 8 10 0.027696153 
272 137 8 11 0.027531669 
859 199 14 19 0.027510896 
63 85 8 10 0.027474945 
810 167 9 12 0.027344322 
401 118 8 11 0.027295232 
569 133 8 10 0.02727993 
1005 159 9 11 0.027263625 
521 143 8 10 0.026992025 
218 177 14 18 0.026925026 
71 125 13 15 0.02673061 
441 135 8 11 0.026722692 
807 223 14 22 0.026642082 
296 79 9 11 0.026625132 
892 166 10 13 0.026606016 
102 94 9 12 0.02659334 
255 117 7 10 0.026361564 
940 181 10 14 0.026349852 
336 327 25 40 0.026246747 
744 134 7 9 0.026181547 
879 183 10 13 0.026118224 
153 95 10 11 0.026067698 
877 226 16 18 0.026059767 
383 156 11 14 0.025927354 
434 157 12 14 0.025852194 
935 161 8 9 0.025839118 
752 167 10 14 0.025818136 
141 69 9 11 0.025255557 
866 204 13 16 0.025116615 
995 197 11 14 0.024924526 
609 151 8 12 0.024841217 
989 173 11 13 0.024798274 
262 179 14 17 0.024699412 
703 151 7 10 0.024669576 
504 133 9 11 0.024496945 
600 166 9 13 0.024478545 
368 127 10 12 0.024404025 
261 198 22 29 0.024272313 
577 160 10 12 0.024262125 
536 136 9 11 0.024254723 
406 118 8 10 0.024199322 
182 361 35 61 0.024196122 
528 166 12 15 0.024134694 
609 136 7 9 0.02396249 
681 204 10 13 0.023938447 
849 153 8 10 0.023913074 
180 126 10 13 0.023762299 
396 110 8 10 0.023758763 
760 103 7 9 0.023732267 
137 70 9 12 0.02371311 
842 166 9 11 0.02367655 
505 327 41 56 0.023607435 
794 128 6 8 0.023572871 
502 128 8 10 0.023509484 
510 134 8 12 0.023405557 
744 144 7 9 0.023323387 
430 151 12 16 0.02329347 
737 134 7 8 0.023138462 
742 181 12 14 0.023126194 
156 184 17 22 0.022984907 
681 171 9 13 0.02288939 
647 173 11 15 0.022887856 
521 106 7 8 0.02285413 
848 202 15 20 0.022764156 
187 267 14 18 0.022748733 
367 163 22 28 0.02273862 
706 159 8 10 0.0227051 
221 211 13 18 0.022537693 
797 158 8 10 0.022314921 
766 174 10 13 0.022295488 
209 97 8 10 0.02224832 
624 142 8 11 0.022133812 
229 70 8 10 0.022034451 
495 132 8 11 0.021944601 
916 180 11 14 0.021921702 
32 330 41 40 0.021914521 
322 216 26 31 0.021902952 
148 84 10 12 0.021802131 
62 77 8 11 0.02139533 
647 163 10 15 0.021294406 
928 177 12 16 0.021247735 
574 134 8 10 0.02117971 
663 134 8 10 0.021146445 
670 151 8 11 0.021101253 
179 254 22 28 0.02108408 
664 151 9 11 0.02107286 
213 143 9 12 0.021071274 
280 112 7 10 0.021063726 
710 215 12 15 0.021052485 
229 210 14 21 0.021046268 
539 309 27 37 0.021016175 
913 273 18 20 0.020945203 
744 173 10 13 0.020920135 
600 178 11 14 0.020697113 
407 150 12 15 0.020690752 
655 175 13 16 0.020643454 
975 172 11 14 0.02061168 
905 167 11 13 0.02057064 
1010 143 8 11 0.020333512 
896 159 8 10 0.020211412 
144 143 12 14 0.02016849 
585 137 8 10 0.02012782 
200 129 10 12 0.020026298 
