3_Riot_Riot_3_415
52
842 417 27 36 0.9860677 
517 267 21 28 0.9361542 
138 209 22 27 0.93206173 
391 267 24 29 0.91825545 
714 234 16 27 0.91167474 
798 237 15 26 0.9103622 
654 242 15 26 0.8855071 
309 278 22 32 0.8744777 
907 217 16 21 0.81638986 
443 225 16 28 0.7880508 
978 361 16 27 0.7837199 
290 238 22 30 0.70680016 
656 301 19 31 0.6940185 
747 263 17 21 0.45591977 
870 392 22 25 0.34860703 
554 259 15 23 0.25310555 
510 249 21 28 0.2119253 
790 364 20 32 0.13783628 
865 385 19 27 0.108211175 
921 425 23 32 0.08050293 
300 269 24 29 0.074834846 
894 240 15 23 0.073465586 
294 249 25 30 0.07288345 
903 221 25 30 0.068551056 
726 348 15 21 0.04043468 
1004 278 12 17 0.03731397 
959 293 19 23 0.034897134 
959 426 31 48 0.03414108 
211 264 17 22 0.0332165 
234 275 16 22 0.033177674 
752 267 18 24 0.03138827 
875 338 18 20 0.030646069 
665 309 16 22 0.029374678 
519 249 19 22 0.027820947 
760 438 19 23 0.027596835 
544 259 22 29 0.027177991 
248 329 28 35 0.026979968 
896 247 18 25 0.0255425 
355 271 17 22 0.025269093 
243 278 21 30 0.025022648 
877 394 25 30 0.024240984 
552 267 25 32 0.024096848 
853 404 27 34 0.023614058 
135 204 16 20 0.022655232 
291 264 21 23 0.022580547 
336 319 19 24 0.022278558 
838 260 13 17 0.022248331 
957 301 22 29 0.022063455 
276 189 16 22 0.021573534 
608 349 10 12 0.0214526 
710 335 13 17 0.021436015 
881 343 16 21 0.02055332 
