3_Riot_Riot_3_725
55
728 261 26 33 0.9969338 
815 248 28 30 0.9965364 
386 276 25 35 0.9918853 
390 230 21 27 0.9916397 
636 220 37 41 0.9907142 
518 284 22 28 0.9887677 
262 238 21 25 0.98604393 
462 243 22 27 0.9768067 
298 246 21 27 0.9699517 
307 221 22 25 0.92055994 
325 238 19 25 0.90099454 
732 232 22 25 0.878489 
280 215 16 21 0.8629311 
940 150 14 17 0.68940496 
836 131 11 15 0.60925704 
680 249 28 31 0.6056223 
900 155 11 15 0.55104667 
410 235 16 20 0.48838922 
227 284 12 15 0.36040926 
245 253 13 17 0.3237959 
544 121 14 18 0.28930348 
780 283 16 24 0.23388125 
530 128 14 18 0.1536572 
418 270 22 27 0.12952715 
888 189 10 14 0.12802751 
835 145 15 19 0.1257954 
728 244 27 34 0.12306475 
316 322 12 15 0.106185146 
867 142 12 16 0.10385779 
836 136 14 19 0.1006302 
862 147 14 18 0.09701869 
526 141 14 22 0.069703005 
400 233 20 26 0.06951408 
946 155 13 14 0.0674084 
297 280 16 20 0.051114507 
302 228 22 28 0.045908608 
314 242 21 27 0.0415026 
891 192 13 17 0.040864922 
542 256 21 26 0.04037642 
767 250 14 17 0.039245352 
260 204 12 15 0.03700061 
692 242 18 24 0.035343044 
442 240 21 27 0.03357791 
561 235 26 32 0.033264033 
855 156 13 16 0.031844053 
481 306 11 14 0.028156055 
495 241 17 22 0.027768904 
876 146 13 18 0.026721124 
918 140 13 18 0.024222966 
694 290 16 21 0.02158577 
395 271 24 34 0.02096755 
831 355 17 19 0.020795908 
846 183 15 18 0.020642642 
296 201 13 17 0.020385114 
648 234 34 38 0.020323124 
