3_Riot_Riot_3_306
43
746 82 63 88 0.99963427 
264 140 60 71 0.99874675 
657 172 75 66 0.9976956 
480 191 54 61 0.99320257 
917 63 80 86 0.99213153 
147 151 18 24 0.9354227 
324 128 19 28 0.8874548 
236 184 32 43 0.86429983 
293 238 36 69 0.79236305 
473 137 29 33 0.4116225 
179 150 19 27 0.20998144 
-4 12 102 142 0.14851242 
222 90 15 17 0.1365335 
73 206 10 13 0.11112235 
485 107 16 18 0.080618456 
524 79 10 12 0.07234704 
463 295 30 29 0.07204067 
473 133 20 22 0.062376365 
416 143 25 28 0.060547072 
526 315 40 49 0.057215307 
44 462 11 13 0.053854596 
106 174 16 23 0.04961651 
840 130 13 17 0.046535783 
235 265 63 80 0.042415254 
262 250 52 74 0.040820576 
615 106 15 17 0.03637182 
552 91 9 13 0.033693507 
426 136 17 23 0.030174695 
621 114 12 13 0.02975544 
509 94 14 16 0.029065123 
531 305 63 77 0.028835732 
206 142 14 20 0.028222563 
555 125 14 17 0.028118039 
255 151 10 14 0.026685802 
14 149 11 12 0.026597714 
95 268 11 13 0.024926389 
654 126 22 31 0.024343448 
249 174 43 60 0.024281668 
866 100 10 13 0.0236369 
458 304 22 22 0.023114596 
84 223 9 12 0.0226166 
305 131 27 40 0.021855656 
402 133 20 31 0.020161102 
