3_Riot_Riot_3_101
25
723 332 51 59 0.8001817 
162 60 67 58 0.74444646 
784 62 54 50 0.60032296 
666 122 57 68 0.25314257 
735 27 39 54 0.17573611 
422 286 50 55 0.17236583 
170 211 53 44 0.16759884 
718 13 42 57 0.12701356 
555 227 45 56 0.10596794 
628 138 61 55 0.09688557 
-2 251 43 83 0.07370232 
883 196 50 63 0.052542653 
749 44 44 53 0.04950811 
535 236 47 53 0.049190454 
691 331 47 55 0.047176074 
508 240 48 47 0.04486284 
868 219 55 75 0.04402634 
187 221 53 41 0.03715153 
702 17 39 44 0.03591527 
272 120 47 61 0.03540709 
496 236 40 43 0.025798198 
882 233 56 85 0.025748786 
469 211 23 30 0.02475309 
617 116 56 62 0.02305298 
831 257 10 16 0.020194966 
