44_Aerobics_Aerobics_44_3
19
570 130 26 38 0.9547487 
707 153 21 29 0.8722153 
809 132 23 33 0.82092994 
393 174 24 31 0.1474453 
418 167 17 22 0.09826917 
167 312 555 392 0.085956916 
325 186 13 15 0.074283786 
451 138 13 16 0.069297895 
403 171 24 28 0.04548162 
466 181 17 25 0.04175669 
156 169 27 31 0.03773255 
577 101 14 20 0.033757463 
317 180 21 26 0.02705342 
622 152 10 15 0.02676824 
447 176 25 31 0.026156446 
324 163 10 13 0.023347283 
728 155 26 31 0.02207481 
338 209 13 19 0.021769367 
689 108 17 25 0.020761674 
