44_Aerobics_Aerobics_44_127
22
784 249 37 56 0.95504725 
96 277 26 43 0.26329422 
203 288 15 24 0.16209081 
614 289 21 28 0.14256532 
620 294 23 30 0.13299553 
289 311 16 20 0.11081415 
245 302 16 19 0.09915266 
138 271 31 48 0.09319678 
719 243 26 41 0.08108304 
664 258 39 48 0.052327756 
847 135 23 33 0.04466856 
241 300 12 17 0.042038288 
210 291 14 21 0.040596083 
794 149 25 36 0.03935952 
533 309 12 18 0.03782724 
492 306 16 18 0.031397577 
193 280 23 34 0.031296156 
317 310 11 15 0.028036872 
613 303 16 23 0.025691489 
657 268 27 34 0.02345452 
264 420 10 12 0.021134306 
707 241 27 42 0.020591151 
