44_Aerobics_Aerobics_44_916
22
518 312 48 61 0.9987122 
702 300 46 56 0.99717194 
249 308 46 55 0.99581003 
129 206 45 52 0.99367625 
493 65 43 58 0.9929091 
789 199 44 53 0.9927435 
617 201 44 51 0.98888636 
370 195 43 56 0.9885161 
344 183 36 47 0.9848396 
488 188 40 51 0.96450436 
602 192 30 38 0.6855661 
549 585 49 49 0.45442247 
461 193 29 38 0.1606456 
860 158 88 108 0.03833114 
339 157 25 28 0.03714964 
615 346 45 51 0.032352228 
250 119 16 19 0.032167044 
527 516 26 33 0.029065449 
589 535 53 59 0.027402991 
610 187 19 25 0.023421876 
871 238 36 43 0.023165265 
380 75 495 607 0.022854635 
