44_Aerobics_Aerobics_44_216
24
730 63 20 33 0.9514198 
325 340 13 15 0.93378043 
794 80 15 18 0.9185248 
578 135 24 33 0.8983392 
336 246 29 41 0.7833874 
236 393 14 17 0.6951756 
223 410 13 16 0.37930554 
680 132 16 21 0.3620179 
151 382 19 31 0.32922202 
82 472 13 17 0.2572178 
572 172 14 19 0.21525402 
316 365 10 13 0.123052254 
839 18 15 19 0.0855396 
125 482 10 13 0.0675861 
687 133 17 22 0.050343055 
252 409 16 21 0.033743884 
238 411 15 18 0.030331403 
245 410 14 20 0.029059812 
739 90 17 21 0.024433712 
227 405 14 18 0.022753889 
121 484 10 12 0.022214577 
764 62 11 15 0.021827813 
228 414 14 19 0.021150712 
160 390 16 23 0.020929711 
