44_Aerobics_Aerobics_44_343
27
590 175 31 40 0.99510264 
288 180 38 47 0.99427795 
895 199 22 31 0.9720167 
385 161 21 27 0.93074405 
760 172 17 22 0.7970819 
943 236 14 17 0.73582834 
799 179 11 15 0.6754783 
926 160 13 17 0.45888007 
687 171 10 13 0.3141325 
836 169 12 17 0.2749945 
663 165 10 12 0.16774753 
570 177 16 25 0.1313652 
578 177 25 32 0.060126003 
658 187 16 18 0.044159345 
816 181 9 11 0.043642934 
821 200 13 17 0.03358135 
858 181 14 17 0.030928249 
844 172 11 15 0.028836539 
660 189 21 26 0.028093286 
974 278 17 22 0.027242843 
676 193 15 20 0.02488778 
855 174 11 14 0.023928111 
853 185 15 18 0.023593504 
815 161 11 15 0.02264152 
845 189 15 17 0.022457954 
1002 230 17 24 0.02239998 
844 191 21 26 0.02203132 
