44_Aerobics_Aerobics_44_329
23
325 71 16 20 0.9265226 
683 323 19 25 0.9098883 
947 254 14 21 0.75256765 
874 293 16 24 0.38449523 
807 314 32 32 0.23184814 
497 503 38 29 0.176062 
822 262 9 13 0.15092191 
514 288 19 23 0.130944 
802 337 17 23 0.085856654 
829 260 12 15 0.07443034 
84 396 29 24 0.061978363 
692 250 15 18 0.053111695 
508 292 16 20 0.049496055 
685 252 14 17 0.041096535 
838 276 11 13 0.04021869 
505 484 31 34 0.03142111 
188 389 15 18 0.028132021 
681 253 11 16 0.02541862 
798 331 15 23 0.023002228 
951 258 16 22 0.022544142 
516 307 16 18 0.022132788 
158 358 14 17 0.020600343 
625 283 11 15 0.020461176 
