44_Aerobics_Aerobics_44_167
30
273 305 69 95 0.99815756 
886 320 60 78 0.997841 
887 493 134 183 0.9971998 
611 307 27 31 0.9956109 
373 283 30 41 0.9947797 
682 268 23 30 0.9919795 
176 278 25 29 0.9892747 
792 273 39 49 0.9881031 
845 233 15 21 0.9868997 
925 243 22 29 0.9852963 
770 272 24 35 0.9550964 
957 261 15 20 0.947845 
748 246 14 17 0.93893105 
724 264 17 21 0.9032417 
574 245 17 20 0.90092945 
880 260 14 16 0.8252706 
1004 268 15 19 0.77542704 
375 264 21 26 0.7284359 
908 281 18 21 0.18950422 
990 261 11 14 0.12758115 
528 355 9 12 0.055614956 
719 262 15 19 0.049790837 
207 298 15 21 0.040923033 
1012 262 12 19 0.040148854 
646 266 12 18 0.039114814 
871 259 16 18 0.03886183 
982 231 11 14 0.0308461 
975 233 11 15 0.02914299 
985 260 11 16 0.027577635 
993 220 9 11 0.022673348 
