44_Aerobics_Aerobics_44_332
56
427 307 27 34 0.99698085 
124 300 14 18 0.97949195 
547 306 14 20 0.9701063 
75 300 10 13 0.9575043 
180 305 22 28 0.9513158 
750 307 13 17 0.9411435 
987 304 14 17 0.91455585 
702 310 20 25 0.9128682 
21 294 13 17 0.9128393 
209 299 15 19 0.8990746 
242 287 15 21 0.8924105 
298 306 11 15 0.85829043 
656 298 11 15 0.84279954 
868 302 11 14 0.8143544 
383 305 16 19 0.7547953 
833 303 16 21 0.6889621 
396 298 16 19 0.6521937 
769 296 10 13 0.63612264 
534 286 11 15 0.6199107 
333 292 7 10 0.5540583 
312 298 10 13 0.5112329 
49 308 9 12 0.45345312 
932 299 11 13 0.21315363 
0 299 7 12 0.20366897 
939 319 13 17 0.17773138 
261 315 10 14 0.15241556 
53 304 8 12 0.14020433 
146 315 14 17 0.1246034 
670 304 10 13 0.07319021 
941 300 9 12 0.0697468 
644 327 9 11 0.06706559 
73 325 8 10 0.06577771 
712 309 15 25 0.06335814 
78 325 8 11 0.056909658 
590 288 9 13 0.05117129 
577 302 11 14 0.03993128 
438 300 24 31 0.039051395 
888 325 10 13 0.038639724 
860 356 10 13 0.03720664 
48 313 10 13 0.033796515 
37 340 9 13 0.033167027 
277 344 8 11 0.032518454 
928 318 11 15 0.030045042 
893 326 10 13 0.027612427 
648 295 9 12 0.027523978 
93 317 9 12 0.026283676 
824 305 14 19 0.025962204 
863 293 9 11 0.025378067 
103 302 8 12 0.024905518 
675 306 12 15 0.023647876 
754 302 13 17 0.022998903 
316 295 9 12 0.022924384 
267 317 11 15 0.02229925 
65 320 9 12 0.021791857 
653 294 17 23 0.021437492 
645 319 10 13 0.020717485 
