44_Aerobics_Aerobics_44_194
63
462 139 12 15 0.9741276 
640 101 12 15 0.31384534 
673 161 8 10 0.22168009 
367 136 14 18 0.17895785 
396 159 11 13 0.17082569 
671 81 16 18 0.15463343 
432 316 11 13 0.12661324 
698 163 9 11 0.12502168 
845 195 14 18 0.09849754 
732 83 15 17 0.09557095 
484 268 500 489 0.09218065 
420 323 10 14 0.07627537 
583 70 10 12 0.07414298 
588 336 18 19 0.07399531 
414 156 9 13 0.06721534 
694 91 12 14 0.059591867 
583 387 30 34 0.058245003 
645 157 11 14 0.056032762 
515 302 10 12 0.050688516 
701 159 9 12 0.04931677 
652 221 11 14 0.048338026 
623 190 404 392 0.04752455 
408 157 10 13 0.04592655 
778 156 12 16 0.04552414 
503 311 8 11 0.04373878 
383 135 10 13 0.03924493 
458 352 32 42 0.039152537 
380 148 13 16 0.037714746 
588 135 11 13 0.03699712 
740 236 10 14 0.03632682 
705 188 9 12 0.03604637 
680 149 8 11 0.034420878 
804 143 10 12 0.03401143 
756 91 16 19 0.03394678 
371 163 11 13 0.033191588 
586 346 18 19 0.03302407 
791 84 13 16 0.032863405 
793 149 12 16 0.031449974 
716 92 11 13 0.02894749 
421 155 10 13 0.028234133 
793 178 14 17 0.027673626 
462 310 11 13 0.027645797 
740 175 14 17 0.027621338 
839 199 13 18 0.027077053 
445 300 10 13 0.026802868 
380 139 12 17 0.026124021 
339 253 13 18 0.025856698 
700 82 16 19 0.02571696 
640 124 9 11 0.025055952 
758 85 13 16 0.024726477 
430 156 9 12 0.023998508 
721 164 8 11 0.022892527 
702 134 9 14 0.022828277 
504 315 11 14 0.022504365 
695 183 9 11 0.022203464 
365 124 10 13 0.021977467 
677 163 10 13 0.02146855 
869 189 26 27 0.021084758 
761 148 10 12 0.021079438 
703 183 10 13 0.020473476 
751 207 11 15 0.020437716 
369 119 8 11 0.02020736 
442 216 9 13 0.020147203 
