44_Aerobics_Aerobics_44_246
49
658 638 59 75 0.9996884 
272 604 59 76 0.999129 
774 645 59 68 0.99902415 
790 1028 37 44 0.99255955 
243 1178 21 28 0.9303782 
544 177 37 49 0.7994009 
12 1203 11 14 0.7801657 
104 1205 12 16 0.7496776 
883 150 8 11 0.7270328 
317 1216 11 14 0.60891277 
497 1151 28 57 0.41732493 
341 220 13 19 0.38558584 
382 196 10 13 0.34998378 
677 184 23 27 0.1984514 
78 1212 8 10 0.18529953 
186 1212 8 10 0.14189945 
635 199 13 17 0.1371338 
812 196 11 15 0.11113836 
323 217 16 20 0.09104704 
389 197 10 13 0.07734886 
408 214 11 13 0.07489858 
1 249 13 20 0.0737046 
88 1213 9 11 0.07036545 
218 1194 13 16 0.070186764 
12 1209 11 16 0.062747635 
377 202 12 15 0.057118326 
390 204 11 13 0.055891313 
326 222 24 24 0.05407335 
767 149 13 17 0.049949564 
401 1207 9 12 0.0497404 
689 186 16 21 0.046172094 
41 0 34 33 0.04459077 
505 1144 41 69 0.040654328 
97 1205 10 15 0.037673198 
45 2 57 59 0.037437648 
14 1219 10 12 0.034883633 
397 204 9 13 0.03255679 
74 1207 9 12 0.032153834 
345 223 14 22 0.031048825 
93 1212 9 13 0.030065976 
58 21 51 68 0.026667984 
119 54 48 82 0.026095686 
74 1213 8 10 0.025876822 
830 156 10 13 0.025540346 
805 199 16 17 0.025318293 
332 1195 16 23 0.022910476 
297 1054 10 10 0.022188293 
174 1205 8 10 0.02162689 
421 198 10 14 0.020790214 
