44_Aerobics_Aerobics_44_852
68
387 275 37 42 0.99748826 
438 252 29 35 0.99684274 
238 258 24 32 0.9966311 
120 290 26 37 0.99514693 
486 230 24 30 0.9932678 
698 260 42 47 0.9916049 
946 202 19 23 0.9793284 
169 242 16 20 0.97860754 
349 213 15 20 0.9780804 
92 257 22 25 0.96965134 
328 223 18 24 0.9693447 
909 191 15 19 0.9581498 
223 224 15 19 0.9537626 
264 241 21 27 0.94886434 
191 237 14 18 0.94036955 
847 198 13 17 0.8592614 
675 225 16 18 0.8415948 
0 242 13 17 0.78747845 
494 202 13 17 0.76033795 
685 239 23 29 0.6542063 
715 227 17 19 0.5932275 
564 245 16 20 0.39758945 
532 250 18 21 0.26532355 
874 173 9 11 0.2072312 
805 221 9 11 0.18855587 
288 235 15 19 0.18207397 
649 197 10 13 0.1692979 
612 201 12 17 0.15792368 
120 261 13 16 0.11582289 
982 173 10 14 0.10140298 
278 236 21 27 0.096230544 
341 216 17 23 0.094435275 
631 228 12 14 0.089903295 
34 314 14 18 0.08966841 
930 175 12 14 0.08372738 
574 232 9 11 0.0804671 
869 213 12 15 0.0638101 
861 213 13 16 0.060238928 
619 204 12 15 0.056524683 
622 230 11 13 0.052340157 
535 239 11 15 0.051041793 
788 216 9 11 0.045539595 
833 185 9 11 0.043012183 
614 206 13 19 0.04137616 
547 248 13 18 0.04074939 
573 236 11 13 0.040117975 
729 228 13 16 0.03882756 
597 197 9 12 0.03673204 
935 160 9 12 0.036495477 
251 246 24 30 0.035449076 
712 223 12 15 0.035002265 
525 221 11 14 0.03402504 
837 184 10 12 0.03391646 
615 230 11 14 0.032165572 
638 238 12 14 0.03189416 
856 218 13 15 0.027662236 
824 174 8 10 0.027365107 
565 215 9 11 0.026662217 
801 216 10 13 0.026236363 
176 242 16 18 0.023793504 
544 200 9 11 0.023368001 
591 270 10 12 0.023312854 
841 196 12 17 0.022997802 
1015 229 8 14 0.02234598 
880 70 7 9 0.021562112 
622 242 12 15 0.021235341 
983 167 12 16 0.020268565 
527 255 15 20 0.020223033 
