2_Demonstration_Demonstration_Or_Protest_2_419
18
29 405 53 71 0.99884367 
284 241 54 72 0.99808204 
85 422 53 73 0.997227 
307 600 46 80 0.99507433 
456 273 64 79 0.99478596 
794 178 69 89 0.9881287 
636 479 50 77 0.9858111 
27 593 80 85 0.9756174 
137 404 42 69 0.9560172 
597 163 55 74 0.7482663 
67 415 51 68 0.30824363 
971 571 38 61 0.15004265 
422 568 39 42 0.06768172 
-2 470 35 68 0.06068133 
1 393 39 59 0.045929357 
-5 380 34 52 0.035519443 
0 603 25 43 0.03005952 
990 574 28 47 0.026620857 
