2_Demonstration_Demonstration_Or_Protest_2_176
38
541 291 32 39 0.99806184 
65 299 32 41 0.99703395 
752 277 30 44 0.99274033 
356 302 29 34 0.97019356 
476 319 23 28 0.96376294 
572 295 25 33 0.9292028 
631 314 25 28 0.77952665 
133 332 12 16 0.69066143 
937 325 19 23 0.63578844 
813 321 21 25 0.48269105 
557 292 31 36 0.34233543 
257 326 11 14 0.28808936 
143 315 12 16 0.1922673 
194 335 12 14 0.18221086 
910 312 14 17 0.10990301 
631 309 16 18 0.10868646 
11 315 13 23 0.09176358 
296 391 8 10 0.06029675 
627 298 18 21 0.04384952 
874 325 16 19 0.043365583 
612 496 11 13 0.036551703 
268 323 10 14 0.03259203 
925 315 12 16 0.028593512 
584 303 17 23 0.02741483 
934 318 14 16 0.027347028 
458 334 15 17 0.02682783 
866 326 27 31 0.026808081 
252 317 13 18 0.02649984 
317 332 15 18 0.026495842 
137 317 19 25 0.0258291 
311 393 8 10 0.025770815 
903 315 13 16 0.02442124 
599 366 11 15 0.0241667 
939 320 15 17 0.023389546 
249 310 12 18 0.020619981 
894 318 13 16 0.020590521 
1012 306 11 17 0.020573514 
254 320 19 24 0.020246668 
