2_Demonstration_Protesters_2_456
19
850 440 97 134 0.9992925 
658 477 54 75 0.99902 
306 482 109 170 0.99813735 
764 518 45 49 0.9677316 
857 337 29 35 0.9563822 
-1 472 80 110 0.61262053 
235 397 12 14 0.29029047 
269 391 11 14 0.11205625 
613 455 39 55 0.06385915 
311 451 14 16 0.051511176 
38 454 48 88 0.039119214 
775 256 31 41 0.038724348 
49 437 41 66 0.035815716 
981 478 38 79 0.032158583 
606 516 42 52 0.029098064 
238 408 23 29 0.026767367 
62 435 31 39 0.026449427 
769 237 32 43 0.026214808 
445 502 57 78 0.024599893 
