2_Demonstration_Political_Rally_2_341
60
565 330 24 29 0.98711383 
62 369 13 16 0.96280366 
128 342 21 25 0.94721746 
207 362 14 17 0.92386824 
506 344 16 27 0.92104995 
472 355 15 20 0.86723906 
109 349 13 19 0.79538673 
182 352 17 19 0.7453752 
154 353 20 25 0.5832151 
404 362 13 16 0.4718606 
922 411 15 17 0.43193743 
236 366 10 13 0.26292166 
906 428 36 59 0.16831201 
870 340 14 19 0.14715864 
412 364 14 17 0.13825649 
104 353 12 17 0.12890525 
663 346 14 18 0.12030726 
795 336 15 18 0.11173257 
236 391 14 17 0.08466672 
256 367 13 16 0.070381865 
917 324 10 13 0.06591703 
753 275 11 14 0.05918772 
805 338 15 18 0.055877462 
835 346 13 19 0.0520093 
199 323 13 17 0.050372817 
853 347 16 18 0.04621613 
819 382 14 22 0.04280029 
47 366 10 14 0.041326113 
261 355 10 12 0.04003682 
23 326 8 12 0.037447285 
898 412 13 16 0.037405733 
49 343 10 13 0.036869504 
831 341 13 20 0.03646328 
41 372 10 13 0.035477307 
161 347 15 20 0.034256984 
634 421 17 21 0.0313879 
857 354 15 17 0.030365007 
860 339 14 18 0.03019451 
929 412 15 17 0.030100433 
234 380 15 17 0.030016158 
192 325 10 14 0.02983487 
176 354 13 17 0.029046642 
231 373 13 15 0.028713401 
647 357 16 19 0.028621446 
915 420 26 35 0.02800038 
873 335 20 26 0.026064739 
98 356 11 14 0.02568488 
221 332 9 12 0.024699612 
169 310 8 10 0.02441394 
1 411 9 12 0.024388028 
158 318 9 11 0.023854967 
-1 364 10 15 0.023770256 
230 360 11 13 0.023647802 
887 421 11 15 0.022076495 
144 324 10 13 0.02128314 
56 365 12 16 0.020804973 
843 348 15 18 0.02075641 
829 331 11 14 0.020563258 
224 358 10 12 0.02055051 
647 341 15 18 0.020102207 
