2_Demonstration_Demonstration_Or_Protest_2_158
79
517 184 41 55 0.993149 
856 239 19 24 0.97459215 
985 217 33 41 0.973945 
473 233 26 33 0.95468336 
6 192 29 43 0.84506196 
184 215 24 38 0.777486 
180 252 25 40 0.66845596 
102 254 13 16 0.5810071 
63 266 12 16 0.55934995 
694 260 8 10 0.5065275 
676 256 11 13 0.36947763 
636 251 9 12 0.2749512 
727 249 14 18 0.26802483 
521 132 16 20 0.24498779 
396 254 11 13 0.21368667 
826 241 8 10 0.20517518 
29 161 20 33 0.19586572 
419 224 20 32 0.18512774 
671 253 12 15 0.15426293 
252 261 11 13 0.15139972 
665 254 10 12 0.12946302 
427 221 23 29 0.12853405 
372 240 17 20 0.12390646 
32 246 11 15 0.11898652 
808 250 11 14 0.10538302 
305 255 9 12 0.092721485 
269 261 9 12 0.0917581 
309 256 10 12 0.07356261 
280 255 10 13 0.0720022 
500 236 15 19 0.0719998 
101 261 16 19 0.064031936 
444 215 18 21 0.058470406 
172 225 36 49 0.054064397 
622 253 7 11 0.05085887 
387 248 20 26 0.04810227 
436 218 23 28 0.046548836 
253 268 11 13 0.045243435 
879 137 14 17 0.042629246 
670 247 10 12 0.04132795 
742 271 43 42 0.04051908 
379 248 14 21 0.039271027 
283 254 14 16 0.039229184 
882 131 28 30 0.039116666 
40 264 11 16 0.038571727 
560 21 17 22 0.03728762 
863 147 9 12 0.03597654 
414 228 16 23 0.033894945 
879 246 11 14 0.031852663 
392 222 9 13 0.030405657 
14 174 27 45 0.029712558 
616 253 9 11 0.029131444 
871 227 13 17 0.028756179 
721 230 8 10 0.028508427 
95 260 14 16 0.027754284 
395 265 12 18 0.027630737 
319 235 10 14 0.027159704 
332 253 12 20 0.025864234 
123 246 11 13 0.024655193 
396 223 10 13 0.024100207 
294 254 10 14 0.024082918 
192 261 16 25 0.023896217 
677 248 10 11 0.02369974 
119 240 10 11 0.023622286 
238 263 9 12 0.023622027 
676 267 12 14 0.022871548 
56 255 11 13 0.022370037 
516 150 13 15 0.022289837 
352 235 10 14 0.02214924 
654 292 13 18 0.021303603 
728 294 11 15 0.021233702 
392 248 11 15 0.020968523 
88 264 11 13 0.020839285 
493 234 16 21 0.020794837 
624 249 8 11 0.02039947 
758 260 39 40 0.020354219 
272 257 9 12 0.0202611 
384 228 9 13 0.020218683 
869 203 12 14 0.020136436 
141 247 13 15 0.020124886 
