2_Demonstration_Demonstration_Or_Protest_2_54
94
667 137 28 32 0.9966139 
775 135 34 41 0.9964348 
445 135 36 45 0.9957384 
240 149 30 41 0.99545443 
732 165 30 39 0.9949942 
983 230 33 40 0.9948559 
107 160 24 31 0.993156 
322 204 43 51 0.98821324 
567 152 22 29 0.98743397 
859 128 41 53 0.9828128 
505 140 23 27 0.97713464 
181 173 21 31 0.9770328 
195 57 19 25 0.97420293 
576 204 29 39 0.9678285 
531 150 20 26 0.9638701 
268 144 20 25 0.9591566 
637 154 23 27 0.95844394 
170 110 22 25 0.95564026 
373 92 14 17 0.950095 
402 170 18 24 0.93776554 
170 147 24 28 0.9305468 
613 164 20 24 0.9143725 
105 89 23 26 0.90624756 
319 153 20 26 0.89729834 
353 174 24 30 0.89624524 
124 97 17 19 0.87515855 
131 153 23 29 0.850046 
120 155 24 31 0.5721397 
241 117 15 17 0.53755283 
693 156 23 31 0.5237193 
270 192 22 31 0.39170313 
308 41 9 10 0.34241685 
402 118 9 11 0.3198264 
381 163 14 19 0.30736557 
487 57 19 34 0.19521928 
724 161 26 35 0.19069393 
275 186 14 17 0.16329677 
718 155 23 30 0.1498886 
-2 128 36 32 0.14908773 
271 172 21 29 0.13468702 
313 13 11 14 0.12665287 
534 124 12 15 0.117450744 
493 112 14 18 0.10708721 
437 27 12 15 0.095545836 
393 102 9 12 0.09356862 
397 67 10 13 0.08972839 
429 148 12 17 0.08649441 
614 99 10 13 0.08268766 
554 126 11 13 0.080536485 
275 171 14 18 0.07557329 
971 64 12 14 0.07250958 
113 95 23 25 0.06357735 
283 170 12 14 0.06143489 
711 131 14 18 0.05876065 
334 43 10 14 0.05331895 
333 8 10 12 0.053220112 
327 64 9 11 0.046696037 
366 113 9 11 0.042374443 
603 140 14 16 0.04214939 
476 160 21 28 0.041585818 
610 127 16 21 0.041026797 
209 103 15 20 0.040535122 
852 133 28 38 0.039475612 
582 113 13 19 0.03817467 
597 93 10 13 0.037865523 
632 93 10 11 0.036378436 
201 137 15 19 0.03501393 
271 162 15 18 0.03259562 
621 129 14 20 0.03227015 
306 209 25 33 0.031194456 
926 348 14 18 0.029433863 
475 112 14 20 0.029215032 
280 198 17 22 0.028724613 
369 148 14 16 0.028192442 
296 131 13 16 0.028174417 
596 98 11 14 0.02751886 
368 165 21 29 0.02740816 
386 165 19 24 0.027129363 
659 145 28 31 0.027022783 
134 227 41 42 0.026448464 
137 209 18 21 0.02577626 
280 5 10 13 0.025743032 
914 157 13 15 0.025703805 
347 92 10 14 0.024382925 
715 137 13 18 0.024298096 
1005 197 20 32 0.023286836 
568 195 26 35 0.023036191 
363 151 16 18 0.02248351 
491 77 14 21 0.022109028 
696 172 25 33 0.021751635 
605 155 14 18 0.021506673 
581 100 11 15 0.021487493 
684 143 27 33 0.020681817 
520 111 10 13 0.02010933 
