2_Demonstration_Demonstrators_2_781
49
254 167 50 70 0.9996965 
545 142 57 80 0.99843127 
694 220 48 55 0.99341846 
462 200 41 53 0.992082 
393 196 23 33 0.9920465 
924 273 34 39 0.9833924 
930 228 26 33 0.9823294 
236 129 31 55 0.97071606 
537 211 32 45 0.965045 
861 245 14 19 0.87267876 
815 228 19 21 0.8072583 
532 191 20 28 0.8004444 
760 226 22 29 0.6813982 
757 255 22 27 0.6652102 
498 207 26 37 0.35052127 
108 228 17 20 0.32761264 
792 239 10 13 0.2791148 
938 275 32 33 0.1950354 
978 251 15 22 0.17570116 
890 239 13 14 0.1719076 
664 145 8 10 0.14548758 
129 217 11 15 0.13077542 
437 225 11 13 0.1223917 
996 239 20 22 0.12235592 
357 205 13 18 0.09606908 
534 192 33 43 0.08489738 
502 204 15 21 0.06494555 
1006 245 16 21 0.049312636 
748 227 17 21 0.042882472 
749 253 12 15 0.042283073 
125 227 11 17 0.036492977 
752 229 34 49 0.034732234 
39 244 9 10 0.031837523 
782 332 12 15 0.028452348 
891 244 15 20 0.028144782 
500 219 32 42 0.0270027 
660 227 11 14 0.026864592 
847 248 15 19 0.025849119 
653 189 7 9 0.025807451 
416 189 13 18 0.025463693 
838 310 14 21 0.02363538 
984 255 19 22 0.02342132 
48 199 8 10 0.023169432 
916 233 17 21 0.023108738 
85 208 10 12 0.022795198 
665 175 8 10 0.022025988 
120 269 11 13 0.021902781 
769 236 16 25 0.021805378 
782 237 11 17 0.021695677 
