2_Demonstration_Demonstrators_2_517
101
464 360 65 76 0.9992987 
139 291 73 87 0.9987942 
777 297 79 90 0.99847513 
166 124 47 56 0.9982486 
704 128 49 60 0.9977996 
108 93 28 33 0.9967278 
653 147 29 46 0.99615353 
885 98 34 34 0.9947876 
503 112 40 46 0.99430877 
802 110 34 40 0.9934862 
989 86 23 28 0.9881444 
261 120 44 66 0.98763555 
789 88 26 28 0.9822657 
426 75 16 21 0.9688704 
921 105 23 26 0.9657141 
219 108 24 28 0.8656061 
485 97 13 17 0.8436953 
766 65 16 19 0.8433196 
616 69 12 15 0.81564033 
479 116 20 28 0.7700808 
515 84 12 15 0.581087 
699 81 11 15 0.54393625 
570 94 14 17 0.51560926 
530 69 8 11 0.45490688 
240 92 13 15 0.2398556 
508 68 9 11 0.22972833 
457 71 11 15 0.20258506 
558 69 9 11 0.16132225 
638 63 9 11 0.1575362 
219 100 15 19 0.149725 
147 96 12 18 0.13664304 
858 86 14 20 0.13636279 
588 122 22 28 0.12607357 
549 29 8 10 0.123959936 
797 99 28 34 0.11943963 
637 68 8 11 0.10667073 
722 87 13 15 0.09662231 
720 56 7 9 0.085456006 
700 69 9 11 0.08173376 
712 64 7 8 0.077244185 
444 66 9 13 0.07341335 
303 43 13 15 0.07053674 
671 46 7 10 0.066484734 
220 96 12 14 0.064904585 
750 81 12 16 0.064395785 
736 64 10 13 0.0573779 
650 69 8 11 0.05610782 
970 83 17 23 0.0535632 
593 69 9 12 0.0514456 
553 67 9 12 0.050172582 
245 85 12 14 0.04861875 
544 123 13 19 0.047413938 
703 65 8 10 0.047165006 
534 66 8 11 0.04628538 
681 126 28 39 0.04170013 
456 91 10 14 0.04024352 
478 69 10 14 0.039790235 
122 92 25 32 0.039172076 
454 52 8 11 0.038095433 
195 67 12 13 0.037555635 
713 79 9 11 0.034818977 
782 90 16 21 0.03413901 
719 61 7 10 0.03322523 
741 68 11 15 0.032991122 
518 37 8 11 0.032862145 
656 56 7 9 0.031668838 
480 103 19 24 0.031169768 
252 84 9 12 0.030787317 
682 54 8 10 0.030558946 
640 57 8 10 0.030478386 
718 77 9 11 0.029827382 
977 81 22 27 0.02977156 
179 296 55 71 0.029049397 
465 55 8 11 0.028735861 
744 75 12 16 0.02864102 
932 139 12 15 0.028548066 
180 85 11 15 0.028547866 
821 93 16 19 0.027924573 
206 285 27 35 0.027424306 
323 106 16 20 0.02741735 
683 122 16 22 0.027405806 
635 64 8 11 0.027126037 
527 75 10 12 0.027046317 
456 32 10 13 0.026834505 
512 89 13 16 0.026644869 
486 40 8 12 0.025530385 
545 70 8 11 0.024678424 
626 0 28 28 0.024551956 
675 141 28 43 0.024203205 
445 83 11 15 0.022709722 
597 48 8 10 0.022501783 
565 70 9 11 0.022181012 
721 72 8 11 0.022054406 
446 77 11 14 0.021752764 
812 72 10 13 0.021690028 
697 64 9 11 0.021552466 
513 79 10 14 0.021531852 
536 77 9 13 0.021051893 
713 56 7 9 0.020363357 
598 69 8 12 0.020190332 
680 48 7 9 0.020143276 
