2_Demonstration_Demonstration_Or_Protest_2_471
36
170 166 98 128 0.99963 
749 223 74 92 0.99803215 
582 284 68 84 0.9976718 
433 457 28 34 0.9889749 
450 513 26 36 0.9864824 
416 517 26 34 0.97758394 
472 462 25 34 0.9675725 
219 413 36 43 0.9652727 
78 139 64 112 0.9450539 
430 258 50 81 0.9193531 
620 499 27 37 0.9168132 
590 495 24 32 0.9067595 
618 451 24 29 0.9034817 
234 482 37 51 0.87909615 
372 517 28 38 0.877036 
199 479 31 47 0.86930907 
391 468 26 32 0.8247457 
651 332 43 53 0.7463366 
470 410 23 30 0.43126035 
214 476 36 53 0.22952525 
818 450 26 30 0.14610958 
863 168 35 33 0.11047575 
451 258 50 74 0.10752086 
407 247 52 71 0.053662732 
520 134 7 10 0.052343164 
540 441 25 32 0.050603554 
394 215 49 65 0.044333212 
615 304 54 71 0.039302807 
575 357 33 37 0.0381887 
530 443 21 29 0.03058355 
259 375 30 43 0.027054297 
411 490 23 29 0.02664244 
548 563 23 32 0.02639924 
267 439 26 36 0.023129223 
663 499 19 22 0.022743283 
481 522 24 33 0.022200283 
