2_Demonstration_Demonstration_Or_Protest_2_813
46
836 375 18 24 0.9172817 
255 328 22 36 0.90844744 
539 357 18 27 0.7782639 
701 391 12 16 0.49187744 
700 457 13 20 0.3553133 
694 456 13 19 0.20015515 
495 368 19 30 0.16208982 
685 455 13 17 0.15604483 
352 359 11 15 0.14753464 
309 351 13 18 0.13199343 
470 366 15 20 0.12518801 
89 348 11 13 0.11835133 
710 381 11 13 0.10213017 
889 382 16 28 0.095652044 
481 333 8 10 0.094528995 
581 352 9 11 0.08857086 
918 378 19 29 0.074665725 
351 363 13 20 0.06976538 
718 471 13 16 0.06410072 
659 445 13 18 0.05294923 
681 454 11 16 0.04976306 
705 388 14 17 0.048259664 
661 389 12 16 0.045555156 
804 289 16 20 0.042540815 
445 332 8 11 0.041691896 
915 391 18 25 0.04125912 
341 361 19 26 0.039218787 
493 362 14 24 0.034348853 
360 381 10 12 0.032689717 
529 358 20 30 0.032042284 
670 450 11 17 0.031952024 
321 342 10 14 0.02975555 
448 368 10 13 0.029677311 
698 442 19 27 0.027505757 
326 349 12 15 0.027474256 
315 353 14 18 0.026543219 
470 342 8 11 0.024853824 
366 382 8 11 0.02473094 
332 355 16 20 0.024350839 
381 392 8 11 0.024147963 
685 446 15 17 0.02369351 
361 390 8 11 0.023296924 
355 369 12 18 0.022529636 
381 325 9 11 0.022364318 
365 389 9 11 0.02218817 
463 368 16 20 0.020220712 
