2_Demonstration_Protesters_2_822
44
720 382 87 112 0.99824727 
95 421 56 70 0.99818474 
205 382 47 60 0.99488443 
300 343 49 71 0.994179 
27 364 40 56 0.99399084 
940 385 34 38 0.9931486 
580 430 61 78 0.990607 
678 363 39 47 0.9791972 
1003 368 17 22 0.954884 
270 392 34 55 0.6383069 
979 366 14 20 0.55714965 
846 478 45 54 0.38546658 
138 370 23 27 0.3402345 
80 389 24 33 0.3038456 
719 333 12 17 0.29122078 
998 401 21 28 0.22040002 
192 371 12 15 0.09437169 
0 396 33 61 0.071739726 
11 371 39 54 0.059870094 
456 410 26 31 0.054803517 
513 396 27 42 0.042534426 
78 372 40 51 0.041166138 
247 384 43 61 0.040383443 
686 342 13 15 0.036022823 
1004 416 14 17 0.035822757 
83 403 48 57 0.034781 
374 391 33 49 0.034595836 
476 359 11 13 0.03389174 
566 283 11 15 0.03253732 
472 459 12 15 0.03236298 
125 371 37 48 0.030229997 
314 412 28 34 0.029797442 
193 372 18 24 0.029706525 
0 369 31 46 0.028924579 
89 427 32 49 0.028901247 
988 371 11 16 0.028740147 
676 315 11 15 0.025654646 
473 446 39 50 0.025351487 
972 354 15 20 0.023544343 
560 292 10 12 0.02326054 
159 474 29 40 0.02225239 
967 358 24 29 0.020671332 
443 403 40 54 0.020650357 
480 352 10 12 0.020328335 
