2_Demonstration_Demonstrators_2_518
30
392 142 50 60 0.99869245 
85 254 65 79 0.99861157 
941 417 61 85 0.9984842 
473 147 47 57 0.9982058 
618 411 57 70 0.99801874 
698 143 34 45 0.9928768 
762 54 28 43 0.97321486 
939 46 29 41 0.97199655 
190 0 29 30 0.95272785 
341 152 37 67 0.950067 
234 189 38 71 0.94838196 
754 129 26 38 0.91071403 
561 137 32 44 0.9002076 
835 84 29 41 0.89806145 
980 259 37 63 0.87775886 
189 287 37 66 0.7380713 
607 141 30 41 0.6723408 
576 136 40 50 0.51354486 
1004 81 21 30 0.23245426 
191 477 43 78 0.20956223 
618 146 18 25 0.08681173 
533 207 33 48 0.0694192 
734 224 36 44 0.05232144 
188 207 52 63 0.04097846 
500 -2 36 33 0.034868423 
737 131 32 39 0.032889362 
356 119 25 29 0.032834638 
847 92 20 28 0.027745523 
953 117 19 24 0.022946391 
809 83 32 36 0.02068429 
