2_Demonstration_Political_Rally_2_64
78
633 458 31 35 0.99491924 
585 394 31 33 0.98627454 
852 383 27 35 0.98524636 
791 262 21 29 0.9508716 
638 397 16 24 0.7458759 
924 185 9 11 0.6389906 
635 296 8 10 0.5763049 
512 353 19 26 0.43314153 
705 335 19 22 0.256909 
559 294 10 13 0.24211343 
197 260 8 10 0.21212597 
293 352 10 13 0.19746546 
829 264 15 21 0.12466716 
248 239 9 11 0.10604489 
909 248 12 15 0.10563575 
615 351 12 16 0.08545064 
477 363 25 30 0.08082613 
523 284 12 15 0.07529268 
648 357 21 25 0.071391374 
903 244 13 20 0.07024361 
611 464 13 16 0.057570327 
144 236 9 11 0.051670954 
226 192 6 8 0.051464487 
398 356 9 12 0.04985377 
520 353 23 28 0.049442835 
712 335 23 24 0.048861664 
321 313 10 11 0.043078747 
183 223 7 9 0.04250844 
579 300 19 19 0.042088505 
552 286 8 11 0.04154463 
623 397 20 27 0.04150643 
733 358 16 21 0.041124824 
222 248 8 10 0.039021213 
302 302 9 11 0.03858093 
701 340 15 20 0.037732095 
252 240 9 11 0.03705252 
503 359 13 19 0.036478225 
677 342 15 17 0.036248546 
581 356 14 17 0.035028033 
301 309 9 12 0.034589432 
194 239 7 10 0.032702953 
654 366 23 27 0.032538094 
193 225 8 10 0.032083355 
197 240 7 9 0.031801295 
175 256 9 12 0.031627238 
637 307 8 13 0.030900419 
201 213 8 9 0.030744927 
217 248 8 11 0.030379953 
206 214 7 9 0.029156351 
264 223 8 11 0.028528104 
264 214 7 10 0.027303617 
223 255 8 9 0.027008476 
297 420 13 16 0.026620101 
193 230 7 9 0.02616257 
226 239 8 9 0.025757639 
541 448 26 33 0.025732659 
289 386 16 20 0.025555689 
158 224 7 9 0.024706926 
426 228 9 13 0.024622224 
169 231 7 8 0.024564892 
671 340 12 14 0.023560857 
285 451 10 13 0.023096105 
242 238 8 10 0.022965292 
607 395 25 31 0.022403635 
199 223 7 10 0.021948516 
321 287 10 12 0.021906253 
664 412 27 33 0.02165388 
200 207 7 10 0.021626715 
487 399 25 29 0.021394001 
491 362 15 19 0.021380318 
270 427 10 14 0.02108744 
657 357 14 18 0.021003855 
326 358 10 13 0.02098135 
765 342 24 31 0.020673532 
310 372 12 14 0.020462941 
401 325 10 12 0.020353194 
184 246 7 10 0.020075276 
216 302 8 9 0.020033665 
