2_Demonstration_Demonstration_Or_Protest_2_102
118
425 607 24 33 0.9943731 
979 512 19 24 0.96880203 
265 583 20 25 0.92746735 
759 578 16 19 0.8955961 
671 544 20 26 0.8474453 
1004 499 15 20 0.82814246 
951 489 19 21 0.73545796 
77 603 25 31 0.7060048 
401 608 20 30 0.49412087 
237 583 21 28 0.44111338 
773 543 12 14 0.4121483 
844 580 18 27 0.40435442 
381 609 26 29 0.29394472 
759 533 11 15 0.27298924 
777 517 10 11 0.25143665 
703 540 13 18 0.23565137 
841 524 12 15 0.2269955 
458 586 22 24 0.21886069 
730 617 21 25 0.20293774 
313 582 11 14 0.1854447 
634 584 15 23 0.16825779 
227 512 13 16 0.12615559 
660 576 20 26 0.111869365 
629 570 14 18 0.110802054 
281 613 18 23 0.11005765 
667 369 14 17 0.10870272 
803 531 12 15 0.10267078 
628 573 19 27 0.10165981 
797 520 9 11 0.09808869 
281 643 20 27 0.082273245 
863 544 14 18 0.079922594 
835 550 18 23 0.07920626 
1002 475 11 14 0.07624027 
800 524 10 14 0.067775555 
437 573 13 16 0.06691262 
362 517 10 13 0.06483964 
234 563 13 14 0.06423374 
622 584 21 29 0.058169674 
215 605 15 18 0.057290055 
780 512 9 12 0.05652473 
1011 533 12 18 0.055750303 
248 554 13 15 0.053115435 
800 497 8 11 0.052554406 
437 575 21 28 0.052443948 
604 587 14 16 0.052310694 
973 491 11 15 0.04946126 
783 556 12 16 0.048095997 
703 551 13 19 0.04589134 
900 515 13 18 0.045698497 
784 535 9 12 0.04553161 
620 651 22 30 0.045210622 
236 597 16 22 0.045020554 
780 549 12 15 0.044996474 
643 440 10 14 0.04342979 
219 508 19 23 0.041589413 
836 450 10 15 0.038052525 
2 653 12 17 0.037762623 
652 543 10 13 0.03764184 
1007 537 12 18 0.037283 
720 548 12 19 0.036461506 
561 605 22 27 0.036399387 
790 540 10 12 0.035942644 
659 407 12 14 0.03541301 
0 637 9 14 0.035384867 
194 493 13 15 0.034252245 
627 642 22 29 0.034221157 
772 441 12 13 0.03416672 
443 582 22 29 0.033578385 
52 541 9 13 0.033512373 
780 540 11 14 0.031955495 
997 572 12 15 0.03195462 
409 604 15 24 0.03137666 
175 472 10 13 0.030684223 
557 603 17 21 0.030378463 
962 491 14 16 0.030107671 
862 501 14 18 0.029904338 
362 536 14 17 0.029246138 
2 641 13 20 0.028873699 
976 449 12 16 0.028192338 
753 533 12 16 0.027493566 
888 504 12 17 0.027143685 
160 512 10 13 0.027070016 
228 607 18 23 0.02675397 
729 502 8 11 0.026713349 
884 582 12 17 0.026708787 
775 536 11 15 0.026383456 
235 545 14 16 0.025809456 
717 511 8 11 0.025797432 
792 501 8 11 0.025483757 
563 616 24 33 0.02533416 
844 571 15 24 0.02475188 
815 569 14 21 0.02469436 
740 578 15 22 0.024366267 
379 605 18 23 0.024252987 
261 548 11 14 0.024202881 
317 637 13 17 0.02415735 
772 469 9 11 0.023920309 
291 644 16 23 0.023839245 
608 584 22 27 0.023614598 
398 514 18 19 0.02354317 
707 533 13 20 0.023098418 
685 511 10 12 0.022933746 
423 484 8 11 0.022324508 
64 531 17 27 0.022185685 
770 511 9 11 0.022145575 
907 515 16 20 0.021739503 
726 542 12 17 0.02169087 
723 550 15 21 0.021644073 
597 651 17 23 0.021424837 
928 438 9 10 0.021192158 
246 563 12 15 0.02110417 
718 541 12 18 0.020901421 
744 556 13 16 0.020843098 
595 595 13 19 0.020457285 
570 612 17 21 0.020401763 
779 577 15 18 0.02031605 
532 643 24 33 0.020270035 
842 557 16 26 0.020002568 
