2_Demonstration_Demonstration_Or_Protest_2_655
37
277 112 26 30 0.96406573 
76 182 14 19 0.94095826 
512 96 24 28 0.74527085 
676 64 30 39 0.5121317 
22 211 22 27 0.40146837 
478 40 17 20 0.32685742 
85 128 12 15 0.16251694 
334 109 15 22 0.09966318 
860 88 24 35 0.0959331 
480 65 17 19 0.086175784 
625 124 12 16 0.07615099 
221 107 16 18 0.061678335 
152 211 39 59 0.06084998 
235 108 11 14 0.05645447 
119 190 45 53 0.050638426 
828 89 27 41 0.048073556 
289 114 26 32 0.047355793 
496 5 13 15 0.04335565 
175 219 13 20 0.04122362 
218 110 23 26 0.03739133 
476 45 22 27 0.03673277 
549 -38 390 462 0.036249265 
552 61 229 261 0.035875257 
228 103 15 18 0.031336363 
35 223 16 19 0.027154086 
909 0 12 11 0.026587348 
657 1 23 18 0.02561382 
27 205 17 21 0.024844833 
168 215 23 37 0.023512123 
45 219 14 19 0.0222948 
829 131 13 16 0.021643223 
491 10 24 33 0.021588584 
32 210 17 22 0.021331144 
627 118 20 24 0.0211101 
147 230 50 75 0.020906653 
14 210 15 20 0.020672087 
13 178 12 13 0.020392315 
