2_Demonstration_Demonstration_Or_Protest_2_385
821
755 473 25 33 0.9969357 
285 536 30 42 0.99675816 
506 538 31 37 0.9942737 
679 559 35 39 0.99237025 
685 463 24 31 0.9915182 
397 531 29 36 0.9912442 
582 454 23 30 0.98971516 
780 460 21 26 0.98858464 
359 454 25 30 0.9885318 
213 470 25 29 0.9882755 
617 496 24 27 0.9833076 
323 427 18 24 0.9734167 
99 519 23 30 0.970248 
634 415 16 21 0.96253556 
131 500 22 29 0.96225655 
190 518 28 35 0.95273083 
972 425 18 25 0.9510706 
883 483 25 34 0.9490187 
819 391 14 17 0.94482565 
570 416 16 20 0.9315076 
737 421 19 25 0.9307889 
456 412 13 18 0.92277163 
21 548 26 39 0.9199405 
83 453 22 26 0.91572124 
164 403 14 20 0.9025 
593 387 14 17 0.9024451 
96 394 14 18 0.9003394 
295 367 8 10 0.8927404 
939 460 16 26 0.88418967 
918 415 15 22 0.8739048 
354 403 13 16 0.87056756 
670 381 11 15 0.865895 
336 471 20 26 0.85280955 
174 382 13 16 0.8421078 
863 420 18 21 0.8301033 
874 390 15 19 0.82834715 
806 432 15 18 0.8202194 
539 413 14 17 0.8067982 
591 367 11 14 0.8065975 
142 434 14 20 0.7995138 
547 387 11 15 0.7835446 
786 386 11 14 0.76614773 
294 403 11 13 0.76290476 
476 376 8 11 0.7281792 
986 368 9 12 0.72352636 
687 408 14 18 0.69193834 
204 396 13 16 0.6918679 
827 592 35 49 0.66392756 
396 488 17 19 0.61728984 
464 356 8 11 0.58415633 
208 356 8 10 0.5596574 
372 352 8 10 0.5363457 
983 341 8 10 0.5334491 
448 342 7 9 0.52385014 
864 459 20 28 0.521951 
24 401 12 16 0.5082147 
125 402 13 15 0.48538718 
707 349 11 15 0.48517781 
805 369 9 11 0.4819049 
277 359 9 11 0.48154306 
80 388 10 13 0.473421 
723 479 18 23 0.47313678 
739 368 9 12 0.471013 
975 352 10 13 0.4659079 
593 339 8 11 0.4544744 
891 473 20 32 0.44038388 
24 360 9 12 0.43273818 
73 346 11 14 0.42501867 
622 410 11 15 0.42415744 
25 379 10 13 0.39782396 
632 352 10 12 0.39684063 
612 394 12 15 0.38974243 
528 336 7 10 0.38908777 
714 377 13 16 0.37578225 
959 357 8 10 0.37476403 
555 445 12 19 0.37107217 
401 358 8 10 0.35616717 
953 344 7 10 0.34825632 
767 399 12 15 0.34666336 
517 381 9 11 0.3419224 
127 373 7 10 0.34121397 
0 424 10 20 0.33549818 
1012 371 11 16 0.33383223 
430 371 9 12 0.32617694 
392 392 8 11 0.32404435 
619 342 7 10 0.3186241 
456 392 11 12 0.3181981 
384 361 8 10 0.3163798 
729 351 10 13 0.31565943 
828 463 15 19 0.31085074 
348 541 14 21 0.31014776 
922 358 9 11 0.3032286 
255 349 9 11 0.29590958 
888 343 8 9 0.29334924 
533 352 8 9 0.28960618 
959 336 7 9 0.28946283 
265 383 10 12 0.2850976 
649 381 11 15 0.28274807 
223 360 9 11 0.27293897 
503 368 8 11 0.2676709 
719 334 7 9 0.2606983 
699 379 11 15 0.24485148 
663 352 9 11 0.2438503 
818 340 7 10 0.2337282 
412 404 11 14 0.2327612 
514 361 8 10 0.22272265 
49 338 7 9 0.22218916 
411 342 7 10 0.22194344 
263 389 10 12 0.21764244 
272 335 7 9 0.21624757 
74 450 21 28 0.21053325 
896 344 8 10 0.20846052 
454 373 8 11 0.2071218 
849 346 7 8 0.19940332 
645 364 9 11 0.19813682 
869 342 9 10 0.19619618 
839 334 7 9 0.1958862 
311 403 11 14 0.19444337 
396 500 27 28 0.19284877 
502 343 7 9 0.18910894 
209 375 9 13 0.1840571 
487 389 9 12 0.18161768 
192 351 8 10 0.17958497 
367 373 8 10 0.1784743 
554 343 7 9 0.17702167 
967 318 6 8 0.17435305 
877 357 8 10 0.17315629 
456 319 8 9 0.16783488 
544 335 6 8 0.16765483 
642 366 8 10 0.16744362 
256 356 9 11 0.16604306 
158 367 8 11 0.16105752 
730 402 15 17 0.16090001 
676 380 11 14 0.15856421 
222 387 10 12 0.15755115 
655 366 9 10 0.15706569 
902 346 7 10 0.15552902 
605 415 9 12 0.15316875 
110 453 14 18 0.15314637 
926 341 7 10 0.15287668 
902 382 11 14 0.14778088 
954 327 7 9 0.14680144 
1 345 8 11 0.14616983 
848 360 7 10 0.14550322 
511 478 25 29 0.1442162 
679 349 9 11 0.1431516 
498 271 7 9 0.14201982 
69 451 15 23 0.14096148 
762 324 8 10 0.14029914 
997 341 8 10 0.13943978 
413 343 8 10 0.13678007 
785 350 7 9 0.1360928 
418 362 8 9 0.135589 
187 294 6 9 0.13475753 
922 341 7 9 0.13368179 
984 320 7 9 0.13320619 
406 383 9 11 0.13232768 
229 358 9 11 0.13012393 
735 327 7 9 0.12975758 
733 398 14 14 0.12930287 
256 345 8 9 0.12813719 
862 328 7 8 0.12716675 
685 381 9 12 0.12641299 
529 382 10 12 0.12515587 
113 333 8 10 0.12482811 
997 325 9 11 0.122710146 
648 361 9 11 0.12227548 
341 372 8 11 0.12070928 
925 353 9 10 0.12031438 
429 329 8 9 0.11971922 
442 342 8 9 0.11921745 
441 360 7 10 0.118117206 
40 349 9 10 0.11808413 
393 343 7 9 0.117597915 
614 325 7 9 0.117402405 
369 369 8 11 0.115504034 
1012 311 9 13 0.11527666 
737 335 7 9 0.114759594 
504 334 7 9 0.11417832 
326 366 8 11 0.11346181 
265 373 9 11 0.11196841 
517 325 8 11 0.111265875 
160 325 8 10 0.11012591 
512 363 9 12 0.10880433 
281 375 8 11 0.108468994 
766 352 8 10 0.10834262 
904 367 11 13 0.105967075 
344 419 12 15 0.10547694 
649 334 7 9 0.10511895 
493 407 10 13 0.10491486 
442 365 7 10 0.10443997 
410 399 9 13 0.10434094 
144 335 8 10 0.1038037 
673 326 7 9 0.10318153 
957 340 8 11 0.10277166 
150 355 9 11 0.10240281 
100 380 9 11 0.101615824 
261 395 10 11 0.10066504 
473 334 7 9 0.09851368 
154 369 8 10 0.09825219 
25 474 15 21 0.09661457 
1007 457 14 16 0.095615044 
40 344 7 9 0.094741926 
680 327 7 9 0.09411103 
657 326 7 9 0.09389437 
740 399 11 13 0.093368545 
422 366 10 12 0.09320213 
1015 334 7 10 0.09220967 
392 368 8 10 0.09199941 
370 326 7 9 0.091134235 
353 352 8 9 0.09075461 
435 352 6 8 0.08846511 
303 342 7 9 0.08768266 
577 357 10 13 0.08749963 
169 337 8 10 0.08667369 
430 334 8 10 0.08593681 
558 343 7 9 0.08558709 
919 337 8 10 0.08389439 
2 433 16 19 0.08329271 
607 334 8 9 0.08115529 
38 375 9 12 0.08094742 
657 321 7 9 0.08084482 
903 327 8 10 0.07981006 
288 349 8 10 0.07926108 
193 465 15 24 0.07923623 
216 389 9 11 0.079118036 
709 344 9 12 0.078687765 
992 351 8 11 0.078426465 
299 403 12 14 0.07791346 
873 352 8 10 0.07789203 
980 349 11 14 0.07770233 
400 319 6 8 0.07698666 
23 343 6 9 0.07681125 
911 386 10 14 0.07661496 
633 334 7 9 0.07649075 
286 346 7 9 0.075247996 
928 326 7 9 0.075235635 
247 326 6 9 0.07480825 
762 351 8 11 0.07473868 
241 366 7 10 0.07472608 
854 344 8 10 0.07464597 
112 426 11 15 0.07457338 
584 366 11 12 0.0744902 
863 334 7 10 0.07430254 
944 335 8 9 0.07357667 
143 318 8 9 0.07257298 
792 364 9 12 0.07248789 
264 334 7 10 0.0723963 
328 360 8 10 0.072208814 
235 343 7 9 0.07185705 
397 389 9 12 0.071680844 
332 397 13 16 0.07164979 
358 358 7 9 0.07157699 
184 352 8 10 0.07114504 
641 317 8 10 0.07064069 
687 388 10 12 0.07038758 
808 349 8 9 0.06994919 
793 342 8 10 0.06972886 
882 317 7 9 0.06892927 
886 349 8 10 0.06808706 
622 337 8 9 0.067860454 
582 351 9 11 0.067669995 
159 319 8 10 0.06645519 
865 302 6 8 0.0663329 
686 326 8 10 0.06522304 
392 336 7 9 0.06501836 
394 351 7 9 0.064878106 
375 367 8 10 0.06478122 
383 406 9 12 0.06452653 
838 330 7 8 0.06440048 
446 366 8 9 0.06438662 
687 335 7 9 0.06417537 
398 367 8 10 0.064006224 
113 350 9 11 0.06389738 
261 356 8 11 0.06330543 
946 342 7 9 0.06266654 
798 341 8 10 0.061988346 
248 382 9 11 0.061892927 
702 334 8 10 0.061756104 
568 341 8 10 0.061605938 
110 365 10 13 0.061179627 
582 328 7 8 0.061142847 
647 343 8 9 0.061074883 
480 395 9 12 0.06068125 
617 348 9 12 0.06044361 
522 335 8 10 0.06030094 
358 352 7 9 0.059741132 
610 328 7 9 0.059572052 
95 335 7 10 0.059527997 
456 369 8 10 0.059173025 
698 373 9 12 0.059153505 
1015 342 8 10 0.05903701 
215 318 6 8 0.05891496 
962 319 8 10 0.058786023 
802 371 10 12 0.058273707 
822 341 7 9 0.057813425 
645 375 9 13 0.05759518 
551 326 7 9 0.057543553 
406 389 9 11 0.057376508 
718 328 8 10 0.057360157 
77 404 11 15 0.057177745 
1001 293 6 8 0.056973297 
776 318 6 8 0.056109086 
886 317 7 9 0.055669278 
958 327 7 10 0.055611055 
808 344 8 10 0.055431474 
670 342 8 10 0.055257395 
353 358 8 9 0.055191327 
697 328 7 9 0.055188514 
144 328 8 10 0.054892942 
576 364 10 12 0.054876156 
362 375 8 9 0.054782372 
618 397 13 16 0.054671474 
416 382 8 10 0.05450845 
398 352 8 9 0.05446579 
882 343 7 9 0.054454878 
982 326 8 9 0.054441176 
242 327 7 8 0.05421702 
596 341 9 11 0.05405794 
769 365 10 13 0.053973343 
537 333 6 9 0.053885028 
703 329 7 9 0.053843692 
937 358 8 11 0.05378894 
655 334 8 9 0.053754803 
859 328 6 8 0.05364053 
714 326 6 9 0.053629532 
281 351 8 9 0.053294603 
283 344 7 9 0.052845046 
872 337 7 9 0.05277887 
876 471 24 31 0.052375574 
905 320 7 9 0.052176926 
673 366 9 10 0.05214571 
730 326 8 10 0.051937465 
882 303 6 8 0.051743876 
556 436 13 17 0.051549487 
882 311 7 10 0.051467117 
143 374 9 11 0.05125697 
216 358 7 11 0.050568055 
374 356 8 10 0.050411947 
870 366 8 10 0.050386112 
201 329 7 9 0.049884815 
911 320 8 9 0.04981031 
535 329 7 9 0.049701635 
749 387 11 13 0.049355097 
18 343 8 10 0.04931214 
803 327 6 8 0.049242757 
598 336 8 11 0.049217224 
552 434 11 15 0.048962627 
30 376 10 13 0.04886438 
78 396 12 16 0.048778653 
702 312 7 9 0.0482663 
681 333 7 9 0.048176702 
995 402 11 14 0.048075464 
360 334 7 9 0.047996186 
400 327 6 9 0.047658723 
160 312 7 10 0.047562614 
478 335 7 9 0.04697797 
560 376 10 12 0.046974424 
666 342 8 10 0.04695861 
553 350 8 10 0.04662407 
88 341 8 10 0.046598855 
304 366 7 10 0.046581864 
665 288 6 8 0.04645261 
402 385 8 10 0.046252526 
385 327 7 8 0.0460767 
897 373 9 13 0.045836926 
671 321 6 8 0.04565242 
184 335 7 8 0.04545873 
618 337 8 9 0.045409635 
622 417 13 17 0.045208532 
175 337 7 8 0.04516139 
210 318 7 8 0.044940524 
176 353 8 9 0.04481156 
432 343 8 9 0.044675127 
221 403 10 13 0.044058535 
452 342 8 10 0.04400667 
215 382 9 12 0.04391837 
530 328 8 10 0.043878324 
695 367 9 11 0.043866362 
937 327 7 8 0.043815713 
298 344 7 10 0.043789312 
578 329 7 8 0.04363849 
184 357 7 9 0.04334189 
552 321 6 8 0.043271296 
576 317 6 9 0.043202102 
114 318 7 9 0.043153916 
799 337 7 9 0.043137893 
697 334 8 10 0.043027833 
855 421 17 18 0.042878088 
513 350 8 10 0.042848296 
485 429 10 12 0.04253419 
832 358 8 10 0.04236243 
94 303 6 9 0.042311665 
789 350 8 10 0.042288173 
765 327 7 9 0.04218361 
639 334 7 8 0.042071212 
369 321 7 9 0.04179998 
978 305 6 9 0.0417989 
255 391 11 13 0.04168362 
759 398 15 16 0.041652072 
649 351 8 9 0.0416054 
494 349 8 11 0.041330658 
568 336 7 9 0.041276246 
494 388 9 11 0.04127023 
424 342 7 10 0.04090866 
654 359 9 11 0.040898763 
921 362 9 12 0.040887825 
608 343 8 10 0.040708333 
621 347 9 12 0.040689677 
706 342 8 10 0.04051832 
175 367 8 11 0.040437765 
463 318 7 9 0.0399204 
104 334 7 9 0.03975639 
317 399 9 13 0.039589215 
831 321 6 8 0.039587613 
271 365 9 12 0.0395223 
215 403 10 14 0.039519623 
495 373 8 10 0.039412532 
459 357 7 9 0.039396442 
463 365 7 10 0.039290834 
423 383 7 9 0.039234713 
641 373 9 11 0.03892323 
672 336 8 9 0.038843438 
641 343 7 10 0.038813826 
885 313 8 9 0.03877019 
191 355 8 11 0.03849271 
192 345 7 9 0.038464446 
485 394 10 13 0.03845924 
277 400 9 12 0.038407624 
685 375 9 12 0.038394082 
193 319 6 8 0.038330577 
247 321 8 9 0.038329612 
978 342 9 11 0.038316946 
468 358 8 10 0.03826455 
858 334 7 9 0.038247954 
223 397 10 15 0.038239237 
863 321 7 8 0.038206235 
826 353 7 9 0.038151946 
510 375 10 12 0.03814502 
745 286 7 10 0.037989616 
951 428 12 18 0.037931852 
546 417 12 15 0.037662677 
15 388 10 13 0.037555616 
912 350 7 10 0.03748593 
271 329 7 8 0.037055243 
25 326 7 9 0.036992077 
211 397 11 15 0.036950834 
426 335 7 10 0.03691739 
719 320 7 9 0.036894966 
906 302 6 9 0.036861677 
936 352 8 10 0.03684828 
375 383 8 10 0.036751956 
640 312 8 9 0.036739092 
662 397 11 14 0.03662971 
713 321 7 8 0.036571108 
694 386 10 13 0.036545526 
678 358 9 10 0.036545288 
334 359 8 10 0.03650066 
414 348 8 11 0.036392897 
511 332 7 10 0.03636017 
679 376 10 14 0.036351692 
17 349 8 9 0.03631569 
537 318 6 8 0.03618568 
745 295 7 9 0.036166377 
601 350 9 11 0.036142204 
9 327 7 10 0.036111027 
897 380 11 14 0.036096897 
489 384 9 12 0.036075637 
664 321 8 9 0.036019426 
465 328 7 9 0.03598509 
29 363 9 12 0.03597741 
441 320 6 8 0.035936326 
175 357 8 10 0.035917778 
502 388 8 11 0.035889767 
384 342 6 9 0.035767563 
686 311 7 9 0.035764337 
97 327 7 9 0.035693895 
912 343 7 9 0.035472915 
374 326 6 8 0.035463434 
783 334 6 9 0.035443887 
656 373 9 11 0.03543771 
994 336 9 11 0.035394493 
759 304 7 8 0.035320804 
663 336 8 10 0.035242137 
167 366 8 11 0.035229117 
273 403 10 13 0.035169918 
390 359 8 9 0.03514927 
192 328 6 9 0.0351025 
176 326 7 9 0.03507051 
744 350 6 8 0.03495534 
295 349 7 9 0.034902748 
504 350 8 9 0.034827586 
121 368 8 12 0.0347369 
701 384 12 15 0.034735754 
16 382 9 12 0.034716602 
898 348 9 10 0.03469305 
812 595 34 37 0.034679238 
641 329 6 9 0.0346548 
954 334 8 10 0.034524564 
936 342 7 9 0.03439608 
480 344 7 8 0.034393907 
656 351 7 10 0.034370564 
478 280 7 9 0.034344647 
175 321 7 8 0.034248732 
232 350 8 11 0.034188095 
470 83 9 11 0.034165412 
218 365 8 10 0.03412241 
568 319 7 8 0.03408689 
18 360 9 11 0.034085196 
662 325 8 10 0.034034982 
495 317 7 10 0.03387471 
794 337 7 9 0.03386737 
117 333 7 10 0.033818536 
528 302 7 9 0.03381743 
615 418 11 14 0.0336403 
611 319 7 9 0.033473007 
767 336 7 8 0.03339164 
65 350 10 12 0.0333878 
703 317 7 9 0.03337138 
410 349 8 10 0.033336885 
340 398 12 15 0.033298336 
395 396 11 13 0.033288665 
751 359 7 10 0.033279862 
432 383 9 12 0.033238556 
232 365 8 10 0.033150762 
897 319 7 9 0.03305906 
576 334 7 9 0.033024248 
567 356 9 12 0.033011924 
896 387 13 16 0.03296764 
536 314 6 8 0.032837473 
438 383 9 12 0.032834686 
854 312 7 8 0.032760177 
687 319 7 9 0.03273296 
296 363 8 10 0.032704283 
33 343 8 9 0.032694604 
664 373 9 12 0.03268217 
52 336 9 11 0.032556474 
810 310 6 8 0.032550484 
142 413 11 14 0.032501027 
908 372 10 13 0.032244742 
328 402 11 15 0.03220836 
518 322 8 9 0.03220638 
397 344 7 10 0.03215495 
616 413 12 14 0.032110088 
768 279 7 9 0.032075867 
959 310 7 9 0.032024037 
498 335 7 9 0.0319696 
807 382 9 12 0.031935 
516 386 11 13 0.03191643 
552 336 7 9 0.031836852 
417 312 6 8 0.03170615 
310 367 7 9 0.031666417 
118 313 8 9 0.031617373 
1010 344 7 10 0.03147657 
633 343 8 10 0.031442698 
225 327 7 9 0.03142696 
377 407 9 12 0.03140215 
409 338 7 8 0.031250782 
288 383 9 11 0.031244576 
110 287 7 9 0.031088866 
369 382 8 10 0.031078057 
279 379 9 12 0.030989816 
201 333 7 9 0.030857727 
240 360 8 11 0.030731756 
721 350 8 11 0.030721614 
518 352 8 10 0.03071449 
938 320 7 9 0.0306813 
811 306 5 7 0.030643733 
398 372 7 10 0.030544637 
454 381 9 11 0.030542245 
71 439 19 28 0.03047125 
186 290 7 10 0.030430121 
719 367 9 11 0.030139145 
118 351 8 11 0.03013226 
632 329 8 9 0.029921751 
103 358 9 12 0.029896883 
256 365 8 11 0.029894533 
745 280 7 9 0.029839031 
954 355 9 12 0.029833015 
840 359 8 10 0.029721206 
1015 348 8 11 0.029703312 
450 412 11 16 0.029650731 
849 318 6 9 0.029630283 
56 405 11 13 0.029627528 
206 329 7 9 0.02952024 
185 344 7 9 0.02945542 
98 376 9 12 0.029443383 
251 349 8 10 0.029428259 
87 396 12 15 0.029424015 
1009 329 8 10 0.029365188 
680 405 15 18 0.029362377 
578 313 6 8 0.02935861 
465 333 7 9 0.029336553 
802 289 7 8 0.029225962 
912 358 9 10 0.029167937 
449 327 7 8 0.029151749 
472 343 8 9 0.029098542 
638 359 9 11 0.029015025 
16 396 12 14 0.029010162 
237 398 10 13 0.028937614 
136 334 7 10 0.02892131 
337 368 8 10 0.02889724 
943 329 7 9 0.028873472 
400 406 9 12 0.028869823 
406 365 8 10 0.028867016 
574 342 8 10 0.02886143 
424 352 7 8 0.028784346 
261 342 8 10 0.028767325 
881 389 13 17 0.028706865 
490 349 7 10 0.028631521 
850 312 7 8 0.028629242 
145 341 8 9 0.028470898 
287 373 9 11 0.028405668 
625 303 7 8 0.028389465 
94 341 8 10 0.028320571 
90 336 8 10 0.02821133 
72 366 9 12 0.028130796 
760 342 7 9 0.028125994 
111 371 10 12 0.028119333 
304 337 7 10 0.028113222 
528 312 8 9 0.028108481 
968 351 8 10 0.028081687 
915 336 6 9 0.028069714 
391 327 7 9 0.028069438 
806 327 6 8 0.028050076 
303 321 7 8 0.027954161 
288 334 6 8 0.02793984 
303 361 7 8 0.02782054 
660 368 10 11 0.027810842 
573 438 14 17 0.027756637 
479 319 7 8 0.02774643 
743 345 7 9 0.027701043 
407 375 9 10 0.027567893 
902 333 8 10 0.027475022 
104 363 10 12 0.027440071 
857 319 7 9 0.02742371 
937 294 6 9 0.027420739 
954 309 7 9 0.027333455 
560 337 7 8 0.027312951 
384 382 8 10 0.027222935 
473 319 6 8 0.027160663 
112 344 8 9 0.027157215 
352 335 7 10 0.027153874 
384 312 6 7 0.027129453 
802 294 6 9 0.02705544 
585 334 7 9 0.027045703 
737 288 7 8 0.027045425 
360 367 7 9 0.027031578 
942 366 9 11 0.027028756 
352 343 7 10 0.026929779 
168 387 12 16 0.026912788 
456 353 7 9 0.026887413 
879 335 7 9 0.026787212 
450 397 8 11 0.026786517 
718 304 7 8 0.026734546 
839 309 7 9 0.02671472 
272 341 7 9 0.026689585 
941 358 8 10 0.026685866 
640 289 6 8 0.0266278 
246 365 8 11 0.026616063 
936 365 9 11 0.026612395 
228 390 10 12 0.026577832 
977 334 8 9 0.026510594 
241 374 8 10 0.026485605 
754 304 6 8 0.02645267 
245 376 9 11 0.02644697 
1015 359 10 14 0.02642785 
778 329 6 9 0.026418755 
544 342 7 9 0.02631427 
565 438 13 16 0.02630958 
168 351 7 10 0.026297433 
289 319 6 8 0.026274702 
835 334 7 10 0.02623742 
424 319 6 8 0.026216144 
830 352 8 9 0.026162997 
274 294 6 9 0.025980754 
333 391 12 14 0.025975725 
504 330 7 8 0.025846718 
303 325 7 9 0.025810257 
529 317 7 9 0.025781631 
591 297 7 9 0.025727225 
250 345 7 9 0.025637798 
24 351 7 9 0.025635676 
326 371 8 12 0.025517188 
777 334 8 9 0.025430001 
173 286 8 10 0.02532455 
450 391 8 11 0.025318239 
474 264 6 8 0.025271209 
62 455 16 21 0.025200767 
648 329 7 9 0.025120389 
721 359 8 10 0.025118025 
744 389 10 13 0.025061145 
70 373 8 11 0.025052853 
513 345 8 10 0.025035577 
672 358 8 11 0.02498352 
399 412 11 14 0.024979837 
249 289 7 9 0.024920337 
407 410 11 15 0.024908684 
66 525 21 29 0.02478633 
967 327 7 10 0.024637012 
439 374 8 10 0.02463307 
418 318 6 9 0.02455235 
888 336 8 10 0.024505008 
831 344 7 9 0.024467746 
79 327 8 9 0.024455216 
761 337 7 9 0.024452709 
168 359 8 10 0.02436875 
224 352 9 10 0.024328075 
897 335 7 10 0.02428823 
192 334 7 9 0.024286274 
824 326 7 8 0.024235198 
864 360 8 10 0.02422416 
814 305 6 8 0.024187878 
567 312 6 8 0.024108425 
446 361 7 9 0.024088109 
335 341 8 10 0.023955286 
715 304 6 8 0.023949318 
567 326 6 9 0.023929898 
268 387 9 13 0.023916826 
298 326 6 9 0.02387219 
606 350 8 10 0.023854414 
609 312 7 9 0.023787258 
562 326 6 9 0.02370026 
448 381 9 11 0.02368775 
67 430 19 27 0.023670664 
682 310 6 8 0.023654686 
152 327 8 10 0.023642978 
301 277 8 9 0.023580436 
825 357 7 10 0.023565715 
551 357 8 11 0.023558553 
44 350 9 12 0.023508998 
249 388 9 13 0.02348063 
497 367 8 11 0.023466606 
728 335 7 10 0.023464078 
361 329 7 8 0.02345926 
232 319 8 10 0.023397505 
473 256 6 8 0.023384765 
110 357 11 13 0.02315587 
272 319 6 8 0.023090763 
29 473 20 27 0.023077134 
259 335 6 9 0.02305091 
128 294 7 9 0.023050437 
737 342 7 10 0.023044774 
56 327 7 9 0.023025718 
688 367 8 10 0.023025645 
664 387 11 14 0.022939675 
583 311 6 8 0.022907326 
943 319 6 9 0.022901842 
387 473 23 28 0.02287744 
777 313 6 8 0.022666162 
32 336 7 9 0.022645637 
469 351 8 11 0.022478424 
727 391 12 14 0.022456164 
535 368 9 11 0.022324609 
329 343 7 9 0.022311874 
167 326 8 9 0.02225177 
111 296 7 9 0.02223857 
110 434 15 19 0.022237616 
978 327 7 10 0.022117259 
599 358 9 12 0.02209507 
632 364 9 11 0.022062378 
816 359 7 9 0.02201091 
945 350 8 10 0.02200819 
118 317 7 9 0.02192047 
224 320 7 9 0.021910124 
842 343 7 9 0.021901626 
472 329 7 9 0.021884559 
608 391 10 14 0.0218662 
776 350 7 9 0.021823497 
98 320 7 9 0.02181912 
558 390 10 12 0.021807017 
199 351 7 9 0.021758312 
504 360 8 10 0.021745108 
563 311 6 8 0.021721998 
106 287 7 9 0.021716133 
581 404 13 16 0.021645283 
859 256 7 9 0.021638589 
174 341 7 9 0.021614319 
737 294 7 9 0.021597011 
265 318 7 9 0.021528507 
297 320 6 8 0.021442274 
903 312 7 9 0.021393247 
280 336 6 8 0.021378312 
253 382 11 12 0.021353478 
697 318 7 9 0.021324327 
872 318 7 9 0.021307439 
118 357 9 11 0.02126757 
733 391 12 15 0.021260316 
230 327 8 9 0.021137532 
834 327 7 8 0.02112964 
448 407 10 14 0.021123659 
810 435 16 21 0.021074401 
661 413 14 17 0.021052819 
46 434 15 20 0.021043643 
503 384 9 11 0.021025898 
655 342 8 10 0.020996552 
827 389 12 16 0.020933218 
586 304 6 8 0.020885494 
424 312 6 8 0.02088132 
37 441 11 17 0.02087401 
416 374 9 11 0.020787317 
326 350 8 9 0.020764656 
248 359 8 11 0.020757224 
657 304 6 9 0.020757155 
360 344 7 9 0.020756831 
982 311 7 9 0.020747168 
838 601 40 43 0.020737423 
474 270 7 8 0.020719787 
800 351 8 9 0.02065996 
695 279 7 10 0.020591777 
373 373 9 11 0.020556696 
665 309 7 9 0.020545287 
751 287 6 8 0.020544117 
185 328 7 9 0.020394402 
390 412 11 13 0.020333918 
784 310 6 8 0.020304305 
862 257 7 8 0.020281032 
8 332 8 10 0.020248016 
632 303 6 8 0.020245012 
913 326 7 9 0.020141969 
921 305 7 8 0.02012337 
