2_Demonstration_Protesters_2_369
47
536 368 113 138 0.99938166 
268 453 119 112 0.99877506 
639 348 49 66 0.99046373 
609 303 34 41 0.98303276 
605 268 24 29 0.9467741 
187 85 44 54 0.9344877 
660 310 37 48 0.93223006 
961 197 60 98 0.8505164 
422 56 13 18 0.64421767 
65 533 73 89 0.61982983 
696 279 21 30 0.40824795 
457 51 11 14 0.2444349 
23 521 96 109 0.2268196 
637 262 16 21 0.19621536 
740 244 53 58 0.18206298 
763 297 45 59 0.12866649 
702 232 17 20 0.11716412 
333 291 10 12 0.108809255 
625 261 21 29 0.09921447 
281 295 10 13 0.08001302 
758 266 36 45 0.078287005 
585 350 85 111 0.07548986 
722 296 30 43 0.05705463 
402 2 17 15 0.051684435 
910 144 58 70 0.05143165 
770 279 31 42 0.045985207 
630 254 15 17 0.04105116 
22 589 80 84 0.035561353 
616 265 19 28 0.034989886 
665 251 15 20 0.03498079 
613 327 49 61 0.0342488 
289 310 9 13 0.03226324 
427 61 14 18 0.03214188 
96 563 45 53 0.031868532 
747 283 47 55 0.03078206 
705 249 18 21 0.028488116 
695 212 13 15 0.028399466 
311 299 11 14 0.02823578 
696 209 25 31 0.027201938 
737 243 33 38 0.0237286 
1014 47 10 16 0.022293948 
670 301 40 46 0.02223643 
306 384 47 60 0.021934727 
609 62 16 21 0.021788692 
657 297 25 30 0.020872284 
741 227 13 15 0.020741189 
214 15 176 226 0.020712277 
