2_Demonstration_Protesters_2_54
80
21 210 23 30 0.993479 
149 206 23 29 0.985137 
333 65 16 20 0.9809811 
315 142 18 22 0.9715893 
418 99 18 25 0.96802205 
16 160 21 26 0.9631291 
520 67 16 21 0.959276 
296 86 13 18 0.95648396 
599 138 21 25 0.95173734 
392 76 14 19 0.90901494 
172 161 18 24 0.9052772 
525 136 19 22 0.9018265 
812 107 16 19 0.8979695 
227 162 19 23 0.88299805 
410 266 26 30 0.864655 
870 138 17 20 0.8633283 
677 124 20 26 0.862337 
440 135 17 22 0.8547151 
548 59 14 17 0.7893018 
363 78 14 16 0.7475547 
87 57 9 11 0.5406732 
331 105 15 18 0.4074632 
143 166 19 24 0.34153488 
949 54 10 13 0.3054153 
172 51 9 11 0.30006698 
874 123 17 20 0.27187097 
854 102 13 17 0.252499 
156 67 10 12 0.22286844 
819 104 14 19 0.2056769 
687 163 15 17 0.16043004 
203 106 18 21 0.14230567 
659 109 19 23 0.121575736 
589 107 12 14 0.117590465 
339 104 14 18 0.09766482 
279 55 9 10 0.09286127 
76 101 10 13 0.089821294 
372 150 11 15 0.08043409 
145 55 9 11 0.07558386 
351 228 22 21 0.07461462 
196 112 16 23 0.07204185 
936 56 9 10 0.06881184 
95 81 13 16 0.06749577 
14 294 11 14 0.06620514 
459 162 16 19 0.065200806 
11 65 21 28 0.06438198 
649 138 18 22 0.061449997 
942 82 17 19 0.056509044 
49 75 10 14 0.05576117 
396 271 18 21 0.04846815 
145 63 10 12 0.041998222 
1001 70 7 10 0.041365977 
808 103 13 18 0.04077348 
151 64 11 14 0.04021392 
686 258 24 26 0.03973574 
91 55 10 13 0.03920733 
671 15 12 15 0.03487318 
0 111 9 14 0.034153346 
134 75 11 13 0.032950845 
80 78 9 11 0.031135354 
190 109 10 15 0.030570827 
174 71 11 13 0.029514337 
55 98 11 14 0.029230082 
685 272 19 25 0.029001515 
542 62 16 20 0.028385645 
215 161 15 20 0.027456746 
220 157 17 22 0.027250273 
368 81 15 17 0.026007658 
182 76 10 12 0.025433056 
403 269 22 25 0.0254044 
646 135 14 20 0.025063185 
488 173 12 14 0.024558147 
363 85 15 19 0.02394941 
992 54 9 11 0.023428164 
414 253 25 31 0.022436168 
191 115 13 18 0.022424635 
32 134 12 16 0.02235548 
0 118 11 18 0.021983217 
0 399 9 16 0.021882696 
429 139 18 23 0.021305233 
881 130 14 19 0.020469949 
