2_Demonstration_Political_Rally_2_22
36
78 383 102 124 0.99963 
577 477 47 66 0.99339974 
860 400 54 84 0.99145365 
453 382 23 27 0.98683447 
380 329 59 92 0.97678417 
426 442 20 28 0.91277695 
574 410 26 34 0.9121845 
765 364 27 41 0.68847215 
586 408 32 38 0.38768083 
713 428 22 34 0.307473 
559 365 21 34 0.3059637 
448 426 12 17 0.17047942 
552 376 27 35 0.09833107 
473 497 41 52 0.09767026 
749 337 47 69 0.05799749 
1008 395 14 19 0.049923886 
435 383 14 21 0.035812385 
475 521 35 44 0.035507537 
779 338 30 45 0.034107286 
428 391 15 20 0.034006268 
443 324 14 19 0.03316039 
568 369 16 25 0.03197391 
541 383 29 31 0.028840076 
500 279 16 22 0.027663285 
366 292 14 18 0.027222216 
536 138 62 108 0.025352512 
470 471 43 53 0.0250236 
487 254 27 28 0.024879286 
716 414 27 40 0.024452625 
331 285 14 20 0.023886394 
429 249 25 29 0.023603337 
970 328 40 51 0.023573872 
888 292 17 19 0.023146497 
601 400 28 39 0.02053751 
781 316 45 64 0.020177383 
241 101 61 65 0.020078503 
