2_Demonstration_Demonstration_Or_Protest_2_578
213
941 321 28 36 0.9983308 
569 308 27 31 0.99817574 
668 296 27 33 0.9965065 
323 321 23 30 0.9958312 
853 334 29 36 0.99540895 
255 333 22 29 0.9950772 
502 304 24 31 0.99458236 
147 322 22 28 0.99247134 
748 253 17 21 0.99018127 
780 347 26 33 0.9866029 
70 308 20 27 0.98620284 
810 231 15 19 0.9764766 
704 213 11 13 0.975117 
579 278 18 22 0.9717234 
880 247 18 22 0.9708406 
423 307 23 27 0.9522864 
211 355 22 27 0.9468002 
961 225 15 18 0.9288243 
1 311 21 25 0.92767745 
296 222 8 11 0.8810576 
231 274 11 15 0.8711409 
383 251 15 21 0.855666 
94 269 11 15 0.855291 
549 222 9 11 0.79181975 
575 219 9 12 0.78618056 
586 251 13 18 0.7708495 
697 245 16 18 0.7458662 
982 232 15 18 0.7248432 
614 224 10 13 0.7040888 
497 258 14 18 0.63976026 
304 251 10 12 0.51845306 
801 202 9 13 0.5126112 
667 189 7 10 0.47039092 
906 226 10 14 0.43641502 
167 238 8 10 0.4288358 
281 224 7 9 0.42422074 
316 223 9 11 0.38080126 
713 231 14 18 0.3545116 
812 211 10 12 0.3473981 
471 335 13 16 0.32395706 
805 204 10 12 0.3044281 
559 190 7 9 0.24007116 
543 204 9 11 0.23537457 
984 243 12 16 0.22706352 
661 224 10 13 0.20088634 
520 191 8 10 0.18568577 
959 203 10 12 0.16041085 
749 227 12 15 0.15706126 
733 183 9 10 0.15397178 
745 189 8 11 0.1535698 
885 208 9 12 0.14614177 
655 211 9 11 0.14179997 
891 356 14 16 0.1391075 
488 188 8 10 0.13681193 
626 182 9 12 0.13245082 
581 173 8 9 0.12266288 
6 202 10 13 0.104273885 
628 206 8 12 0.101744264 
329 187 10 13 0.10125539 
769 136 6 7 0.08820305 
496 279 12 15 0.08795315 
952 143 8 10 0.083771035 
813 189 9 11 0.08286384 
271 221 7 9 0.08052716 
288 224 8 10 0.078219086 
625 255 11 14 0.07162008 
629 189 7 10 0.065395825 
609 159 8 9 0.06470163 
456 327 12 15 0.06468525 
757 231 10 14 0.06317102 
360 267 12 15 0.062021457 
711 250 11 15 0.059133243 
741 214 9 12 0.058781702 
549 200 8 11 0.05827737 
769 197 8 10 0.057381127 
600 190 8 10 0.055291284 
670 203 8 11 0.05460804 
184 247 9 13 0.054400973 
553 167 7 9 0.054042898 
321 174 8 10 0.05340803 
150 233 9 10 0.05264035 
593 197 8 11 0.05236371 
521 196 8 10 0.051577076 
957 150 8 9 0.051528044 
519 143 7 9 0.0505051 
706 173 8 11 0.049098063 
618 357 12 17 0.048763976 
565 204 8 10 0.048469845 
744 222 11 14 0.046520904 
238 243 8 12 0.045154035 
400 306 10 14 0.043483492 
361 254 11 14 0.042839102 
663 206 8 11 0.042737305 
325 173 8 10 0.042307943 
741 199 9 11 0.041220963 
381 229 8 11 0.04087019 
816 151 8 10 0.040652674 
628 238 9 12 0.04045025 
741 204 9 12 0.03977917 
801 145 8 10 0.03968038 
645 120 8 10 0.039307527 
713 159 7 8 0.038707063 
397 231 11 13 0.03857429 
1014 204 9 15 0.037928566 
622 222 9 13 0.037892547 
528 167 7 9 0.037660327 
728 189 8 11 0.036728863 
600 126 6 9 0.036475457 
330 253 8 11 0.036296025 
591 191 8 10 0.035185695 
130 315 15 21 0.035117242 
628 222 9 12 0.034818094 
320 239 9 12 0.03468213 
510 221 8 11 0.033911947 
863 238 12 14 0.033388425 
189 247 8 11 0.033200618 
833 157 8 11 0.032748993 
697 130 8 9 0.032345835 
286 229 8 10 0.032072466 
313 227 9 11 0.03199942 
496 201 6 8 0.031547565 
481 167 7 10 0.03106028 
282 228 8 10 0.031048836 
830 233 11 15 0.031023208 
669 186 8 10 0.030964082 
207 247 9 11 0.030839417 
735 166 7 9 0.03039445 
882 212 10 12 0.03026522 
560 186 8 10 0.030126005 
560 198 8 12 0.029938227 
526 200 7 9 0.0298731 
581 153 8 9 0.029812539 
734 175 8 11 0.029803544 
616 117 9 12 0.029787388 
744 134 8 10 0.029693358 
737 199 9 12 0.029618043 
816 168 8 10 0.02937227 
681 150 7 9 0.02925637 
715 244 12 16 0.029115006 
599 198 7 11 0.029051792 
767 144 7 9 0.02835401 
525 190 7 10 0.028320082 
736 161 7 8 0.028201865 
601 205 9 11 0.028050091 
790 174 10 12 0.027738834 
794 198 10 13 0.02762295 
169 234 8 11 0.027399786 
749 185 8 9 0.02734761 
77 254 10 13 0.027320366 
358 231 10 12 0.027047632 
614 159 8 9 0.026324792 
163 238 8 11 0.026314931 
333 253 11 13 0.026211949 
571 216 9 11 0.026183262 
638 142 7 9 0.026049783 
344 174 8 11 0.02604873 
937 174 7 10 0.02602065 
719 118 7 9 0.025972255 
995 191 12 14 0.025869492 
961 191 8 10 0.025814094 
206 251 11 14 0.025484264 
512 231 8 10 0.025371535 
1012 243 13 19 0.024992764 
321 168 8 11 0.024955122 
287 175 7 8 0.024951378 
560 215 7 10 0.024899386 
766 244 14 17 0.024883011 
358 236 9 13 0.024764383 
767 150 7 9 0.024668107 
2 204 9 13 0.02453194 
384 225 8 10 0.0245041 
528 184 7 9 0.024323793 
1014 196 8 13 0.02429842 
280 217 8 11 0.02397619 
398 269 12 15 0.023911165 
628 212 9 12 0.023843793 
695 158 7 9 0.023842439 
3 221 12 18 0.023788746 
270 190 10 12 0.023555811 
126 230 8 9 0.023036107 
705 168 8 10 0.022875074 
764 237 10 14 0.022758422 
933 182 8 11 0.022696298 
864 151 9 11 0.02255095 
929 182 8 10 0.022528492 
750 151 7 9 0.022477066 
600 168 7 8 0.022302201 
127 226 8 9 0.022282112 
767 214 10 13 0.022272713 
765 181 8 10 0.022201167 
137 222 9 12 0.022191785 
790 167 9 11 0.022179531 
713 120 8 9 0.022036325 
690 182 8 11 0.021947676 
616 124 8 11 0.021939298 
306 198 8 11 0.021914843 
706 182 8 10 0.021871226 
747 151 6 8 0.02167628 
896 236 11 15 0.021673104 
586 189 7 10 0.021380585 
520 186 7 10 0.021311007 
901 233 13 17 0.021298831 
943 173 7 9 0.021175142 
617 95 9 10 0.020932905 
647 124 7 10 0.020808546 
234 270 12 16 0.020711638 
111 224 9 11 0.020643337 
312 157 7 10 0.020340921 
610 143 7 9 0.020266257 
711 181 7 10 0.02024994 
745 168 7 9 0.020133575 
993 182 9 11 0.020121105 
687 152 7 8 0.020114841 
