2_Demonstration_Protesters_2_213
62
961 589 50 71 0.9990823 
591 544 65 86 0.99682224 
362 302 74 100 0.99210984 
753 543 38 49 0.98734784 
525 470 21 28 0.96956414 
847 699 61 62 0.8056679 
116 456 24 30 0.70236826 
268 291 44 62 0.66960925 
494 476 14 20 0.65422493 
48 399 11 15 0.5373981 
20 402 11 14 0.44930753 
68 393 9 11 0.2947232 
101 404 11 13 0.23429398 
0 422 9 14 0.23368794 
24 420 10 13 0.21679412 
68 422 14 16 0.1959811 
97 398 10 14 0.19232526 
0 427 11 20 0.16473196 
236 287 56 69 0.14849618 
730 501 21 27 0.13943037 
773 609 42 59 0.12114067 
118 454 16 20 0.08738062 
949 378 10 13 0.07980034 
89 397 8 12 0.075574726 
710 376 10 10 0.07546603 
29 416 10 13 0.064672284 
888 376 9 11 0.063425 
856 390 7 9 0.06247801 
816 389 7 10 0.05536901 
107 406 10 13 0.053743213 
0 396 8 13 0.049408387 
126 461 20 24 0.04807058 
594 482 16 20 0.04775313 
881 383 8 11 0.04738994 
6 469 15 22 0.04546399 
808 385 8 10 0.04358322 
904 387 10 13 0.043231435 
909 646 21 32 0.04069033 
42 445 15 19 0.039618794 
16 419 11 15 0.03795787 
885 386 10 13 0.037107985 
842 377 8 10 0.036353223 
53 453 11 14 0.035844274 
975 377 9 10 0.034152873 
920 380 9 11 0.033814125 
69 414 13 17 0.03235458 
680 377 9 11 0.03180836 
43 397 9 12 0.029325977 
28 389 9 12 0.027101181 
635 47 19 22 0.026764771 
22 388 11 14 0.025999684 
12 433 13 18 0.02381126 
942 395 10 12 0.023146292 
46 392 10 14 0.022401301 
23 385 9 11 0.021969182 
893 375 9 11 0.021952104 
844 380 9 11 0.021875024 
-1 430 17 29 0.02152664 
996 378 11 13 0.021209544 
813 385 8 10 0.020695403 
769 377 9 11 0.020293511 
738 491 16 26 0.02025135 
