2_Demonstration_Demonstration_Or_Protest_2_617
39
55 414 55 65 0.99881893 
729 81 70 80 0.99650925 
591 486 58 67 0.99514693 
155 393 49 62 0.994156 
6 400 40 45 0.9917076 
538 440 43 49 0.9861618 
645 461 43 50 0.97878337 
314 439 42 57 0.96889794 
417 453 38 41 0.96526563 
230 411 33 42 0.9246249 
789 499 179 126 0.70665574 
264 465 53 69 0.6765679 
195 465 53 77 0.62630457 
367 431 27 35 0.5512846 
506 414 25 29 0.34433147 
188 389 48 64 0.17623179 
711 519 29 38 0.16051655 
244 460 50 69 0.08621617 
360 334 18 19 0.06439028 
447 446 40 51 0.052239873 
412 402 24 29 0.05067013 
213 405 34 49 0.044192605 
215 448 50 67 0.042646445 
493 423 43 49 0.038292885 
103 281 26 30 0.038128477 
472 449 38 49 0.037450004 
354 431 31 44 0.03650609 
270 419 39 46 0.03355614 
332 439 39 45 0.030207524 
487 405 37 44 0.026156828 
405 462 23 33 0.024359705 
782 496 33 49 0.023870256 
291 463 48 63 0.023031544 
548 389 17 23 0.022598477 
776 484 97 129 0.022118755 
408 416 27 31 0.021479845 
484 420 14 19 0.02073722 
718 527 33 44 0.020534845 
138 221 13 16 0.020093476 
