2_Demonstration_Protesters_2_779
35
3 343 115 147 0.99977905 
554 396 88 107 0.9963329 
612 231 31 38 0.995814 
729 367 72 88 0.98951334 
977 417 40 51 0.9867938 
101 419 61 82 0.9656069 
699 434 25 34 0.89710546 
931 413 16 22 0.8663698 
56 396 97 111 0.3788935 
844 409 38 46 0.2447306 
859 342 15 17 0.20944536 
270 371 30 33 0.11376888 
901 395 16 24 0.103509106 
439 340 11 14 0.070112325 
701 412 44 57 0.066281945 
422 347 13 15 0.051107142 
916 379 10 14 0.05071717 
405 342 13 14 0.046963803 
421 357 14 18 0.046956282 
923 424 15 20 0.04426054 
390 370 31 38 0.042833492 
637 257 21 32 0.037551314 
234 439 14 19 0.03348484 
449 389 10 12 0.032771252 
884 405 11 15 0.02862016 
473 348 9 12 0.027624385 
959 411 37 53 0.02648603 
241 299 58 70 0.026279228 
854 352 16 18 0.025873724 
493 347 11 15 0.023004971 
269 381 34 42 0.022612805 
630 217 14 17 0.02206279 
927 382 11 14 0.020977942 
449 382 11 15 0.020476805 
917 420 15 20 0.020289047 
