2_Demonstration_Demonstration_Or_Protest_2_1
119
224 0 33 41 0.99816716 
605 247 41 56 0.99671006 
481 32 34 43 0.9956831 
306 513 46 71 0.99543756 
897 118 39 43 0.99509406 
848 90 36 42 0.994852 
566 233 37 44 0.9943453 
517 471 39 44 0.9940943 
959 275 43 53 0.9939335 
408 246 40 48 0.9935435 
347 10 36 43 0.9932788 
206 245 43 48 0.989717 
355 255 41 51 0.9875738 
481 284 40 51 0.98681355 
960 168 40 40 0.9867849 
206 126 43 53 0.98273945 
173 165 35 47 0.98139095 
300 265 37 41 0.97878784 
109 301 45 41 0.97836655 
889 253 40 45 0.9749147 
482 249 32 36 0.9739897 
528 267 34 49 0.96567273 
926 269 36 47 0.96439904 
321 475 42 53 0.9638253 
123 483 47 63 0.95805097 
314 405 24 29 0.94661075 
227 549 17 21 0.94658107 
612 525 45 62 0.9427369 
815 527 39 48 0.9263745 
147 234 33 52 0.85857743 
784 261 35 49 0.8530283 
545 155 14 18 0.8445661 
747 574 36 57 0.7920164 
701 245 35 37 0.56943595 
806 227 27 56 0.5669209 
749 283 26 33 0.5502692 
510 565 44 67 0.4967191 
192 602 39 66 0.48635364 
1002 115 23 42 0.46635774 
792 237 37 64 0.40248734 
205 463 28 41 0.39790773 
148 486 36 50 0.22931978 
338 522 41 68 0.21969722 
992 157 29 40 0.20473872 
198 485 31 37 0.17223379 
369 539 26 49 0.15279593 
265 327 16 21 0.13093182 
57 126 41 58 0.12262061 
38 64 9 13 0.111925244 
38 247 39 53 0.10757327 
710 252 42 55 0.097480096 
577 525 30 35 0.09342639 
735 275 33 40 0.09043526 
247 271 21 30 0.09013742 
81 18 8 11 0.08276385 
67 181 34 42 0.077832885 
645 285 18 21 0.07136972 
589 156 15 19 0.06707906 
371 437 39 43 0.06512281 
110 488 41 48 0.061194666 
670 621 31 45 0.05146262 
303 307 15 18 0.05128003 
90 576 49 71 0.04957696 
184 153 40 52 0.048980914 
73 193 37 44 0.04894975 
580 243 42 55 0.047079433 
362 358 15 20 0.046804883 
728 191 8 10 0.045089427 
100 616 39 63 0.043733213 
26 265 43 60 0.04347415 
721 53 9 11 0.043221906 
501 256 39 52 0.042793028 
677 125 11 15 0.042096637 
345 237 28 32 0.04147507 
763 261 39 53 0.040671267 
585 148 11 15 0.038922593 
596 525 29 37 0.038593773 
529 545 31 46 0.035843547 
537 255 37 50 0.03583828 
192 499 31 33 0.035684932 
594 158 18 20 0.03561667 
410 543 40 54 0.035256438 
210 606 49 73 0.03520878 
612 150 11 14 0.034601554 
586 157 11 15 0.03382363 
59 21 10 13 0.033436697 
63 145 43 60 0.03237838 
908 267 34 43 0.031707145 
377 617 46 53 0.03167937 
670 124 12 16 0.0312921 
806 243 41 64 0.02952427 
617 568 36 40 0.028894126 
759 281 18 24 0.028724233 
676 509 37 57 0.02802688 
341 263 23 34 0.026913041 
443 636 47 48 0.026909875 
690 544 27 50 0.02634608 
687 119 8 11 0.026192129 
578 644 33 38 0.026154257 
516 276 29 40 0.025897156 
145 304 26 32 0.02572351 
680 120 9 12 0.025428193 
671 121 10 11 0.02418981 
563 528 38 45 0.02369407 
161 503 27 40 0.023549512 
283 438 34 46 0.02331565 
53 250 17 20 0.022708684 
56 188 25 39 0.022465222 
646 265 13 17 0.022167554 
375 259 33 42 0.021876074 
545 542 30 42 0.021706248 
822 230 47 67 0.021613145 
539 283 18 26 0.021561006 
208 501 19 22 0.021118782 
885 126 25 37 0.02101538 
418 630 47 52 0.020443568 
46 244 26 34 0.02039743 
949 269 36 46 0.020223102 
395 623 44 53 0.020102147 
