2_Demonstration_Demonstration_Or_Protest_2_360
398
651 619 49 57 0.99901986 
856 599 63 72 0.99897766 
619 592 28 39 0.99706143 
60 634 58 64 0.99448 
681 561 27 32 0.9936226 
513 602 44 53 0.99312454 
475 577 29 37 0.9924076 
955 583 50 58 0.98472244 
562 646 48 53 0.9833847 
777 584 26 32 0.97935873 
142 602 35 40 0.976641 
782 551 22 27 0.96630293 
582 556 22 27 0.96303004 
195 631 47 52 0.95450914 
556 569 23 27 0.9459975 
787 629 32 35 0.9427258 
665 544 16 19 0.9327493 
500 554 21 26 0.9267683 
537 541 18 21 0.9182834 
615 550 20 25 0.90755105 
799 530 15 18 0.8995921 
519 530 11 14 0.8651707 
318 563 20 25 0.8489589 
393 627 40 52 0.7961992 
646 572 17 21 0.785802 
598 535 9 12 0.73122376 
372 559 14 17 0.70677775 
325 639 47 58 0.6918202 
921 571 28 43 0.6760126 
613 536 9 11 0.6639691 
574 616 32 37 0.6104536 
821 534 14 18 0.5839874 
863 525 12 15 0.53698134 
345 588 19 22 0.49440417 
437 578 13 16 0.45609987 
41 625 33 43 0.43342748 
100 591 26 31 0.42559522 
457 548 16 18 0.40732932 
150 573 14 18 0.33099863 
367 580 15 19 0.3258316 
134 549 15 18 0.32091945 
905 519 9 12 0.3167744 
140 574 17 21 0.29785183 
329 544 8 11 0.2693461 
733 552 21 28 0.25467622 
9 538 13 16 0.2530441 
304 559 11 16 0.2425167 
190 526 12 15 0.22346911 
636 541 12 14 0.21946537 
442 664 33 40 0.2135235 
777 516 8 11 0.21166202 
818 581 25 30 0.20822951 
102 551 14 18 0.18087287 
387 569 24 32 0.17861772 
756 570 17 21 0.17823146 
773 530 10 14 0.1771972 
782 528 9 12 0.17154142 
158 543 10 11 0.17097078 
749 534 10 13 0.16805106 
481 519 8 11 0.16638286 
585 526 7 9 0.16385987 
578 540 14 16 0.16301747 
396 557 15 17 0.15711217 
40 594 29 33 0.15430188 
768 531 10 13 0.15412912 
985 559 34 47 0.15206692 
325 626 37 44 0.15153949 
959 532 16 20 0.14705431 
381 544 9 12 0.14180629 
541 518 7 10 0.1335389 
166 551 11 13 0.13285594 
815 520 10 12 0.1317014 
827 532 12 16 0.12585053 
28 570 16 20 0.12536456 
250 562 19 23 0.12287327 
277 564 11 13 0.11986308 
938 573 40 55 0.117868416 
909 523 10 12 0.11663993 
209 578 29 31 0.11457223 
758 522 10 12 0.11239629 
31 566 25 30 0.109094 
856 524 12 16 0.10880674 
161 610 32 38 0.10676138 
437 640 33 43 0.1043254 
61 548 10 13 0.10394686 
173 553 15 17 0.103671014 
212 671 39 46 0.10315496 
399 549 13 15 0.1013373 
408 515 9 13 0.09930977 
413 631 34 44 0.09874954 
41 541 10 13 0.098044656 
571 625 40 50 0.096909314 
437 558 8 12 0.096720204 
424 567 11 13 0.095177345 
414 471 9 11 0.095175534 
453 542 14 17 0.09386197 
7 533 12 14 0.09037325 
477 557 11 14 0.09036143 
882 532 10 13 0.08963825 
462 514 10 13 0.089502275 
389 488 8 10 0.08848177 
447 549 10 13 0.0847009 
846 534 10 15 0.08456618 
129 605 23 30 0.08386769 
105 502 7 9 0.08246949 
764 556 14 17 0.08163721 
618 576 17 19 0.078717425 
870 561 16 19 0.07820958 
684 532 11 13 0.07815493 
488 539 10 14 0.077562116 
350 541 9 11 0.07677359 
31 528 8 10 0.0756856 
455 532 12 15 0.07411388 
909 356 11 13 0.07402962 
417 548 10 13 0.07378373 
378 562 14 17 0.072998255 
648 533 9 12 0.07229799 
700 536 17 20 0.07221446 
340 556 11 13 0.07219083 
360 525 8 10 0.07203442 
907 545 18 19 0.071749546 
815 537 16 21 0.071566656 
593 562 16 20 0.07060533 
63 609 30 33 0.06954742 
390 562 15 18 0.06898101 
33 583 30 35 0.06834309 
904 573 35 43 0.06723924 
708 532 13 15 0.067139775 
813 510 9 11 0.06658619 
939 344 15 17 0.0664506 
885 525 10 12 0.06433545 
462 532 12 14 0.06366918 
54 601 29 34 0.063223965 
419 644 46 58 0.06300128 
189 517 10 13 0.062471297 
115 602 25 32 0.062340904 
345 540 10 11 0.061853457 
605 539 11 14 0.06168524 
448 630 39 50 0.061428133 
693 536 16 19 0.060664758 
944 501 9 11 0.060543276 
445 574 13 18 0.060118493 
632 535 9 11 0.059941594 
753 519 10 13 0.059850395 
349 510 8 10 0.059475176 
94 550 13 15 0.05902334 
592 539 12 15 0.058801867 
572 559 21 27 0.057555515 
867 528 12 16 0.05666349 
654 533 10 12 0.05661426 
428 564 11 13 0.05649931 
838 533 10 15 0.056097187 
760 576 20 30 0.055472422 
762 562 16 21 0.054949068 
626 528 6 9 0.054844264 
398 542 11 14 0.054166485 
881 526 10 12 0.05397482 
245 565 17 23 0.05379519 
527 519 8 9 0.053491384 
897 512 7 10 0.05315342 
53 627 41 51 0.052610967 
884 546 12 15 0.05195755 
830 527 13 14 0.051915914 
191 560 20 25 0.051517937 
220 553 15 17 0.051228248 
524 569 14 17 0.050397042 
274 548 10 14 0.05030713 
779 592 37 47 0.049619615 
76 575 16 23 0.049361728 
120 525 11 13 0.048996504 
758 534 12 14 0.048814427 
694 512 9 12 0.0487019 
337 527 7 9 0.048691303 
189 513 8 10 0.048653387 
579 545 16 18 0.048509005 
161 547 11 13 0.04791103 
314 534 8 11 0.04758599 
22 524 9 11 0.04755854 
796 511 10 12 0.04744051 
307 562 14 18 0.04679012 
457 464 8 10 0.046454694 
15 525 8 11 0.046042528 
576 536 10 13 0.045334183 
94 518 8 10 0.044993646 
468 620 30 40 0.044769358 
21 594 25 33 0.04442495 
55 527 9 10 0.04423474 
147 574 24 29 0.0440385 
421 544 8 11 0.04374431 
374 520 8 9 0.04370971 
215 562 26 31 0.043667216 
430 599 25 29 0.043277558 
440 485 7 10 0.0418844 
310 550 9 12 0.041842263 
170 534 9 10 0.041587368 
627 546 16 19 0.04099281 
793 510 8 11 0.040823158 
368 544 8 11 0.040638708 
4 557 12 17 0.04046447 
19 606 16 20 0.040382452 
258 577 16 20 0.040381383 
880 512 8 10 0.039951783 
331 494 6 9 0.039895974 
610 526 8 10 0.039892092 
725 558 15 21 0.039537184 
421 533 8 10 0.03948823 
467 554 15 17 0.038885806 
270 563 13 17 0.038759515 
158 556 13 14 0.03808263 
437 577 22 26 0.03800649 
235 562 22 30 0.03788316 
189 636 30 40 0.03779037 
375 547 12 14 0.03773656 
200 651 59 57 0.03766264 
693 597 24 28 0.03722401 
567 526 8 10 0.03698499 
179 550 14 19 0.036983382 
649 527 8 11 0.03695645 
485 518 8 10 0.036712606 
450 574 17 21 0.036540758 
433 472 8 10 0.036510777 
802 496 8 10 0.036508344 
335 549 9 12 0.03638424 
448 542 11 15 0.03637453 
880 518 9 11 0.03633645 
141 566 14 16 0.036177203 
435 599 39 50 0.036039513 
663 528 9 11 0.03586766 
89 548 11 13 0.035814915 
158 616 45 56 0.03571926 
855 541 11 15 0.03571246 
592 603 24 31 0.035695534 
688 512 8 11 0.035488755 
886 580 48 59 0.035211008 
385 512 8 9 0.035197787 
1 532 7 11 0.03468997 
792 532 12 15 0.03444331 
392 492 9 11 0.034193743 
334 494 6 8 0.034163713 
523 527 12 15 0.033970527 
129 547 11 16 0.033932347 
613 528 8 10 0.03299998 
992 528 18 22 0.032902252 
391 512 7 9 0.032894522 
311 542 9 12 0.032508515 
164 544 11 14 0.032469567 
442 551 9 13 0.032440215 
194 581 25 30 0.032371454 
424 489 7 9 0.03232468 
375 526 7 10 0.032061048 
345 535 8 11 0.032058876 
414 464 10 13 0.031984035 
430 573 12 15 0.031812143 
686 536 13 17 0.031648275 
186 515 8 11 0.031390857 
783 513 8 10 0.031314258 
349 504 7 9 0.031306293 
467 533 11 14 0.031239398 
2 503 8 11 0.030892095 
313 494 7 9 0.030846117 
420 612 38 49 0.030740177 
680 527 11 13 0.030692426 
39 546 12 14 0.03042362 
8 528 9 11 0.03036825 
624 553 16 20 0.030029962 
793 517 8 11 0.029892065 
104 521 7 9 0.029797707 
989 578 33 47 0.029797457 
39 558 13 12 0.029747827 
705 526 12 14 0.029514004 
488 471 7 9 0.029497808 
199 560 23 27 0.02945174 
675 541 14 17 0.029415386 
6 647 30 40 0.029085869 
871 520 9 13 0.029066833 
494 526 8 10 0.02901895 
18 521 8 10 0.028982084 
416 555 10 12 0.028834658 
480 512 8 9 0.028827598 
559 534 9 13 0.028764024 
924 350 10 12 0.028644428 
0 560 11 17 0.028296782 
849 525 10 14 0.028079545 
742 525 12 14 0.027982056 
176 615 26 34 0.027948722 
368 535 7 9 0.02791338 
398 495 7 10 0.027872097 
397 536 9 11 0.027828962 
66 605 18 21 0.027785148 
356 581 20 25 0.027678553 
496 556 15 19 0.027578555 
76 564 14 18 0.027553448 
743 560 20 26 0.027486065 
717 559 15 21 0.027474357 
371 566 14 20 0.027468652 
614 570 16 20 0.02745286 
764 565 23 29 0.02732106 
351 590 23 28 0.027263252 
471 518 8 11 0.027260717 
765 584 21 31 0.027260225 
801 586 29 34 0.027185217 
623 532 10 12 0.02713319 
153 541 9 12 0.02707645 
417 378 18 19 0.026993517 
497 510 6 9 0.026737768 
31 558 11 12 0.026529726 
40 563 17 20 0.026500205 
6 545 13 17 0.026365893 
553 518 8 11 0.026345123 
90 518 8 9 0.026159104 
631 519 7 9 0.025990266 
509 541 10 12 0.025863327 
488 566 24 32 0.025841942 
318 548 10 12 0.025841113 
655 541 11 14 0.025743835 
886 572 37 40 0.025691003 
301 535 9 13 0.025684042 
536 524 9 12 0.025587637 
564 557 15 17 0.025547033 
640 520 8 10 0.025407042 
493 536 9 12 0.025257647 
880 540 12 17 0.024978548 
969 531 16 22 0.024870323 
644 539 10 14 0.02477679 
46 524 9 12 0.024719706 
71 562 11 16 0.024702042 
552 525 8 11 0.02468406 
626 519 7 8 0.024586624 
885 521 9 11 0.024518788 
316 560 14 17 0.024500092 
447 534 10 13 0.024328604 
921 525 8 12 0.02406792 
758 550 14 16 0.024028404 
183 626 28 38 0.02393662 
897 516 9 11 0.023892667 
153 535 9 11 0.023715843 
926 533 11 15 0.023679944 
582 535 10 12 0.023666048 
359 565 12 15 0.0236376 
821 527 12 15 0.02349865 
933 538 10 14 0.023380563 
378 535 8 10 0.02325117 
512 518 7 9 0.023219604 
189 583 18 24 0.023165796 
895 526 8 12 0.023078185 
768 516 10 12 0.02298618 
881 374 24 26 0.022981063 
558 540 11 14 0.02296833 
566 519 8 10 0.022897808 
55 534 9 9 0.022774857 
424 493 7 10 0.022724492 
560 518 8 10 0.022673558 
359 542 9 12 0.022588175 
139 544 14 16 0.022470634 
774 555 14 19 0.022456603 
630 527 8 10 0.022209205 
504 535 8 11 0.022142066 
1 508 8 12 0.022114588 
126 566 11 14 0.021978166 
314 478 7 9 0.021957409 
45 546 12 14 0.021922152 
391 519 7 10 0.021880442 
672 527 9 11 0.021861078 
540 561 14 17 0.021822471 
272 556 13 17 0.021662295 
76 615 50 57 0.021627204 
909 529 11 14 0.021544315 
464 495 6 8 0.021520037 
466 540 13 16 0.021493249 
227 562 18 22 0.021482153 
382 570 16 21 0.02138742 
805 546 13 19 0.021355938 
514 561 14 18 0.02130685 
421 558 11 13 0.021302683 
353 526 8 9 0.02125026 
685 572 27 33 0.021193603 
423 519 7 10 0.021156278 
97 525 9 11 0.021111146 
641 509 7 9 0.02110334 
532 564 14 18 0.021032013 
790 471 9 11 0.020988349 
812 554 16 19 0.020973926 
227 557 14 17 0.020838292 
360 535 8 10 0.020816026 
542 522 9 13 0.020687552 
830 386 12 14 0.020677665 
187 556 17 21 0.020664861 
584 521 8 11 0.020645369 
374 580 42 54 0.020477213 
337 533 7 10 0.020460423 
456 469 8 11 0.020454716 
386 491 8 12 0.02038065 
102 525 8 10 0.020380607 
84 573 22 26 0.02036904 
0 542 9 13 0.020330738 
263 558 22 27 0.020227153 
318 527 8 10 0.0201067 
839 511 8 10 0.020061472 
