2_Demonstration_Demonstration_Or_Protest_2_183
18
289 321 95 127 0.9991736 
103 510 50 54 0.9955804 
1 512 27 41 0.22655854 
164 562 32 42 0.15493272 
3 494 22 39 0.12318914 
7 525 27 37 0.086452164 
156 551 28 45 0.054455437 
210 653 14 15 0.048114773 
16 488 21 40 0.03954856 
563 714 13 16 0.035866693 
145 545 28 42 0.032877415 
38 529 28 34 0.029054167 
158 574 50 59 0.02790457 
93 600 48 66 0.023986882 
230 553 23 34 0.023761963 
0 511 15 24 0.022842877 
10 503 26 43 0.02242637 
848 591 56 64 0.021620385 
