2_Demonstration_Demonstration_Or_Protest_2_79
99
899 625 28 35 0.9921858 
605 564 12 15 0.9048401 
702 540 11 13 0.88319945 
641 574 11 14 0.8330067 
864 571 13 19 0.7710957 
690 509 10 12 0.6896629 
635 624 14 16 0.6456838 
649 521 8 10 0.5615834 
818 523 9 12 0.51880187 
663 571 9 12 0.45373276 
552 590 9 12 0.42331114 
534 597 9 12 0.39536592 
730 550 7 11 0.27229434 
754 499 8 12 0.2566041 
758 643 14 21 0.20544297 
541 599 9 12 0.17878166 
572 589 10 14 0.14802353 
737 558 9 12 0.14485128 
688 586 12 15 0.13267004 
676 566 10 12 0.12545179 
558 613 8 11 0.12339057 
965 622 25 29 0.09687078 
556 596 9 13 0.09544299 
754 606 10 13 0.08920824 
857 475 10 12 0.0877469 
688 568 8 10 0.077723436 
615 597 11 14 0.07704946 
949 590 25 38 0.0723473 
761 643 24 32 0.06963872 
727 591 8 11 0.06935241 
732 551 9 12 0.06600328 
678 559 8 10 0.06346581 
674 558 8 11 0.06201594 
744 615 9 12 0.05954304 
765 566 9 11 0.055922296 
758 519 8 10 0.05518649 
759 584 11 13 0.05433237 
841 582 16 21 0.053624265 
652 523 8 11 0.053593084 
703 564 7 10 0.051548608 
639 659 12 19 0.050862625 
688 559 7 9 0.050255384 
557 607 9 11 0.050011087 
809 565 9 12 0.04739547 
940 588 24 32 0.046261888 
724 664 13 14 0.044348307 
658 568 10 12 0.043373037 
761 567 9 11 0.042465985 
571 637 13 16 0.04177909 
751 613 9 12 0.041241575 
750 551 9 12 0.039128568 
567 629 11 14 0.03882313 
572 584 10 12 0.038410615 
614 605 13 16 0.038214605 
981 651 32 27 0.037607815 
950 608 14 19 0.03545046 
766 559 8 10 0.03525069 
620 594 11 15 0.035110455 
875 574 10 13 0.034222275 
952 598 40 50 0.034090295 
741 564 9 11 0.03374068 
689 551 8 10 0.033316746 
610 566 11 13 0.031140076 
968 629 47 52 0.029541148 
670 570 10 14 0.029340027 
743 543 7 10 0.028942304 
656 580 9 12 0.027559744 
533 666 16 15 0.027389567 
753 643 12 18 0.027310388 
671 549 8 11 0.027017033 
655 555 9 12 0.026798043 
433 584 8 10 0.026560929 
671 545 7 10 0.02644289 
583 619 9 11 0.026120903 
582 590 9 12 0.025908127 
622 573 9 11 0.02579809 
775 618 15 21 0.025614154 
549 628 9 12 0.025511676 
737 628 11 15 0.025447616 
746 484 8 11 0.025188956 
695 566 8 11 0.0247041 
696 560 8 11 0.024353733 
744 550 9 13 0.024169993 
926 605 12 15 0.024090262 
611 590 12 14 0.024081957 
624 589 11 15 0.023741515 
768 550 8 11 0.023462515 
569 594 10 13 0.022710592 
742 634 13 17 0.022603707 
592 620 9 12 0.022277687 
656 616 10 13 0.021739535 
749 637 11 16 0.021662045 
647 548 11 13 0.021474281 
624 635 11 13 0.020883815 
737 520 7 10 0.02085222 
769 485 8 11 0.020620035 
734 611 10 13 0.02044805 
690 639 9 14 0.02014673 
703 667 9 11 0.020058436 
