2_Demonstration_Demonstrators_2_700
35
252 146 95 117 0.9980572 
509 73 8 11 0.2928217 
487 61 8 11 0.12640561 
537 57 8 10 0.10594159 
526 71 8 10 0.085468635 
580 18 452 618 0.045670882 
473 105 7 10 0.036172878 
472 181 7 10 0.034117877 
481 95 8 10 0.032612003 
465 38 7 9 0.03218033 
480 79 7 9 0.0319956 
503 90 7 9 0.031232078 
534 85 8 10 0.029954689 
569 93 9 11 0.029302262 
464 153 9 12 0.02815591 
560 140 9 12 0.027885187 
493 157 8 11 0.027740628 
584 29 8 10 0.027549213 
518 87 7 9 0.027287688 
1004 331 17 26 0.027156096 
456 100 10 15 0.026935203 
259 473 15 17 0.026578903 
561 54 8 10 0.026532508 
510 55 7 9 0.026274629 
236 563 22 28 0.025257094 
445 70 8 9 0.024957335 
99 40 13 16 0.02449566 
570 71 8 11 0.02398168 
545 72 8 11 0.02366081 
559 68 8 9 0.023181537 
529 39 9 11 0.023006396 
553 53 8 11 0.022924121 
500 134 8 10 0.02223435 
119 48 15 18 0.021933315 
480 199 9 11 0.021724857 
