2_Demonstration_Protesters_2_840
23
917 155 21 31 0.9764181 
321 174 19 23 0.9566471 
792 170 20 27 0.95653105 
679 191 18 27 0.94106686 
256 194 14 21 0.8908489 
101 188 18 22 0.7648397 
185 187 17 20 0.54363966 
951 216 15 20 0.16784914 
712 172 12 16 0.1587065 
177 184 19 25 0.11793737 
989 193 12 15 0.04322746 
393 171 16 22 0.03907869 
414 170 15 21 0.037266307 
992 167 11 13 0.0371858 
227 214 11 16 0.035381574 
69 199 13 17 0.034962106 
884 162 13 18 0.03016451 
389 117 11 16 0.026097612 
884 153 13 19 0.025804047 
1014 286 9 13 0.022297671 
1012 252 9 15 0.022039756 
997 191 13 17 0.021386497 
412 161 15 22 0.020462608 
