2_Demonstration_Demonstration_Or_Protest_2_114
24
116 294 90 127 0.9984017 
361 125 85 144 0.99723697 
586 280 71 96 0.9966601 
823 123 27 30 0.9858218 
498 320 38 60 0.9771249 
766 374 47 62 0.9744305 
905 125 27 32 0.92813647 
940 135 27 34 0.7618744 
812 229 25 33 0.68164784 
738 290 25 28 0.55798817 
748 333 11 14 0.14937483 
493 647 19 20 0.10095481 
472 636 13 17 0.082395196 
940 120 46 64 0.07571567 
901 41 22 31 0.046072405 
766 350 28 33 0.044096693 
915 234 28 34 0.04133131 
914 46 25 30 0.038313944 
754 361 14 19 0.03413824 
751 251 345 485 0.02996218 
933 92 80 122 0.026555711 
887 44 23 30 0.023545468 
753 394 11 16 0.021495575 
776 368 79 107 0.020030254 
