2_Demonstration_Protesters_2_508
58
951 176 32 36 0.9953839 
715 165 40 42 0.99091816 
957 111 23 30 0.9828566 
313 180 32 37 0.9781236 
867 141 26 38 0.9716433 
987 146 23 30 0.9686363 
653 157 23 27 0.9464849 
936 159 18 25 0.9065861 
239 180 25 37 0.9062872 
789 140 23 27 0.8960286 
180 209 25 27 0.8582762 
93 178 23 30 0.66867924 
542 164 27 42 0.5524523 
28 186 17 24 0.47246698 
777 147 22 26 0.38718212 
440 209 30 33 0.32086846 
865 123 15 17 0.2715081 
113 224 23 26 0.14839198 
110 233 25 31 0.13065952 
453 197 23 29 0.11076757 
663 155 23 29 0.109781 
510 151 16 21 0.07371508 
262 177 24 35 0.068262674 
585 162 24 40 0.065050595 
177 197 23 29 0.05416215 
369 82 16 16 0.04906522 
864 130 21 29 0.04542074 
255 190 23 36 0.04351635 
302 186 27 35 0.043425877 
309 134 18 21 0.042617925 
987 98 16 19 0.0407523 
702 179 11 17 0.037157197 
582 152 24 34 0.036944434 
152 354 24 25 0.036070127 
466 194 14 24 0.03574558 
980 117 15 22 0.03532225 
342 157 26 39 0.03212266 
86 181 17 24 0.027582891 
447 292 26 36 0.027124338 
94 163 26 33 0.027055893 
174 197 13 21 0.026157452 
457 215 18 22 0.026070068 
699 186 14 21 0.025599457 
493 204 15 18 0.025161427 
6 236 23 31 0.024734143 
15 184 26 31 0.02280476 
443 195 21 23 0.022443589 
491 211 15 19 0.022419628 
99 153 18 21 0.02229773 
698 189 20 31 0.022292001 
231 189 24 34 0.02209989 
1012 125 12 19 0.021609563 
450 219 26 37 0.020804528 
766 176 12 17 0.020448927 
371 228 18 22 0.020259915 
48 156 21 24 0.020185927 
351 166 27 36 0.020183593 
106 161 17 19 0.02001144 
