2_Demonstration_Protesters_2_884
57
525 155 31 37 0.9920845 
933 429 94 128 0.9901726 
365 85 21 28 0.98437667 
885 178 34 44 0.9573032 
700 46 21 29 0.9392946 
585 91 23 25 0.93603784 
661 260 27 54 0.7363824 
36 80 17 18 0.6692204 
293 99 12 17 0.6342356 
516 222 32 32 0.5735134 
868 159 28 32 0.5495136 
299 102 12 15 0.32346866 
201 94 10 15 0.17914717 
733 36 14 18 0.16661619 
136 245 48 49 0.15370914 
554 70 13 15 0.13215193 
234 91 15 18 0.12828837 
17 159 30 37 0.0865139 
203 89 18 24 0.07913325 
437 169 13 16 0.07109673 
113 134 12 14 0.06750328 
686 69 16 18 0.062042683 
695 50 13 18 0.05853151 
404 195 14 16 0.04942407 
413 353 32 36 0.049119536 
285 101 16 21 0.04838246 
315 120 16 21 0.045672484 
718 120 12 14 0.042325016 
758 163 13 14 0.041757256 
689 51 11 14 0.04129282 
704 13 11 15 0.041192412 
110 259 38 42 0.03975859 
895 251 30 31 0.039162107 
155 95 19 23 0.03670327 
739 41 11 16 0.03606072 
210 86 17 21 0.03567512 
721 189 25 29 0.035631906 
218 96 16 19 0.034850378 
792 28 11 14 0.03386489 
841 135 18 20 0.031259604 
780 271 24 30 0.029258726 
305 102 11 15 0.029248165 
228 96 15 18 0.02784699 
706 38 15 19 0.027182488 
816 132 11 15 0.026406238 
661 40 16 21 0.025852537 
700 27 12 15 0.02528955 
556 201 22 31 0.023350727 
164 247 33 44 0.022838663 
4 117 10 13 0.022277657 
968 49 15 21 0.021560391 
28 84 20 23 0.021512752 
242 93 12 16 0.021299357 
388 126 16 22 0.020898571 
844 240 12 15 0.020698175 
593 85 18 23 0.02006287 
733 45 13 17 0.020042546 
