2_Demonstration_Demonstration_Or_Protest_2_159
51
819 343 103 109 0.99930644 
583 343 55 72 0.99871814 
669 382 33 41 0.9969416 
267 373 54 62 0.99665654 
427 181 43 56 0.9927483 
525 410 36 43 0.9857325 
563 392 26 33 0.9639239 
174 160 46 56 0.9362927 
240 393 26 39 0.9146609 
288 196 23 28 0.8691625 
217 416 16 22 0.8674574 
463 378 20 28 0.63833565 
327 400 25 33 0.53366727 
123 403 21 35 0.2262786 
951 316 61 85 0.21863516 
332 414 18 23 0.2003012 
527 170 27 32 0.14741589 
244 377 42 53 0.13315085 
233 383 22 35 0.123472 
202 408 15 19 0.095055684 
221 394 10 14 0.08121104 
448 374 20 31 0.079983465 
308 383 40 54 0.07588785 
190 444 21 30 0.072810985 
140 392 15 19 0.06915752 
216 395 10 14 0.06744073 
440 365 20 34 0.06418914 
174 391 19 27 0.05514111 
235 381 15 21 0.05396446 
340 402 13 19 0.04598045 
27 375 44 50 0.045265764 
129 393 22 33 0.038515463 
23 341 46 61 0.03507468 
173 191 31 38 0.0343349 
172 400 16 26 0.033536438 
656 79 8 10 0.032097746 
705 64 49 48 0.03197414 
670 94 8 11 0.030098246 
613 84 8 11 0.030070422 
204 418 15 20 0.027680205 
779 316 46 60 0.02659549 
569 390 38 55 0.025447119 
201 389 10 14 0.025091546 
12 321 43 59 0.02508861 
288 207 24 37 0.024772003 
116 392 21 38 0.023914801 
230 393 11 17 0.023056515 
224 410 20 26 0.02283334 
167 197 23 30 0.022072194 
165 405 17 25 0.02128199 
204 398 13 17 0.020599153 
