2_Demonstration_Protesters_2_131
694
478 561 15 19 0.96758926 
266 583 14 19 0.9638533 
190 562 12 15 0.9608552 
212 618 17 23 0.95705867 
88 586 18 20 0.95342404 
124 616 20 25 0.9504557 
307 555 12 16 0.9433178 
955 557 16 20 0.9392665 
410 541 10 14 0.9392417 
130 584 14 18 0.9382101 
36 597 18 23 0.9312334 
45 570 18 19 0.92106634 
185 589 14 19 0.91726685 
978 572 16 24 0.9011588 
460 617 19 22 0.87808853 
937 526 10 12 0.8754765 
316 595 16 20 0.86162955 
360 559 11 14 0.82547694 
867 569 16 22 0.7908147 
219 554 12 14 0.7906638 
404 521 10 11 0.7583865 
297 628 16 22 0.73411703 
552 550 12 15 0.7208603 
884 610 15 22 0.72051007 
296 597 10 13 0.70747 
823 515 10 13 0.67469996 
377 612 17 24 0.6614211 
414 584 14 19 0.6112653 
464 535 9 12 0.60855585 
256 525 8 10 0.6040835 
182 524 9 11 0.596847 
135 525 9 12 0.59591776 
220 515 9 12 0.588039 
711 544 10 12 0.58618534 
319 540 9 12 0.552298 
36 538 13 16 0.4946053 
94 491 9 12 0.4867875 
426 516 8 10 0.47789386 
266 662 25 27 0.4432587 
169 541 10 13 0.44107425 
606 555 10 13 0.42728326 
61 531 9 12 0.41520372 
513 542 8 11 0.40188873 
726 508 7 10 0.39499664 
742 548 9 12 0.39121446 
743 509 8 10 0.3853409 
627 603 14 20 0.36807027 
99 518 8 12 0.3671104 
182 509 8 9 0.3596472 
28 644 15 23 0.3541661 
286 525 8 11 0.35374337 
624 525 7 9 0.3523307 
580 567 9 12 0.3495204 
790 535 8 11 0.34272438 
722 619 20 21 0.33010253 
377 533 9 11 0.32248047 
149 535 9 12 0.32036057 
119 524 8 10 0.30863026 
902 493 7 11 0.27079523 
502 525 8 10 0.26994628 
696 550 8 12 0.26983893 
206 512 8 9 0.26498702 
208 528 9 11 0.25768766 
905 520 7 9 0.251857 
200 511 8 10 0.24943085 
303 520 7 10 0.24082671 
1 508 9 13 0.23782445 
883 519 8 10 0.23369847 
289 549 9 12 0.23291746 
766 502 7 9 0.22589254 
998 536 8 11 0.22387518 
896 558 11 14 0.22130568 
146 538 9 12 0.20620656 
113 541 9 12 0.20543566 
566 524 8 11 0.20136248 
421 559 11 13 0.20062213 
776 515 8 11 0.1983933 
776 497 7 9 0.19272633 
129 508 8 11 0.19061615 
892 540 10 12 0.18700744 
666 517 8 10 0.18013455 
752 525 8 10 0.17768143 
64 513 9 10 0.17216027 
608 526 8 10 0.17092377 
31 501 7 10 0.16966848 
168 512 7 9 0.16879295 
697 585 11 14 0.16461718 
869 517 7 10 0.16416484 
41 496 8 10 0.16255197 
105 472 7 9 0.16056968 
655 518 8 10 0.1574877 
321 525 7 9 0.15714055 
154 526 8 11 0.15616977 
84 549 10 13 0.1555289 
140 558 10 13 0.15318687 
369 509 8 10 0.15205471 
367 525 8 11 0.15122814 
246 525 8 10 0.14708602 
194 664 28 22 0.14547573 
1009 564 11 16 0.14430639 
282 523 8 12 0.14301252 
599 577 9 11 0.14100632 
17 486 7 9 0.13999511 
166 558 9 13 0.13843963 
959 528 9 11 0.13664132 
173 495 8 10 0.13586865 
815 470 8 10 0.13441437 
667 581 12 17 0.1336591 
689 559 9 12 0.13327588 
911 517 8 10 0.13208829 
713 578 9 15 0.13140075 
390 518 8 9 0.13096 
79 509 8 10 0.13007003 
661 552 9 11 0.12948863 
397 575 11 15 0.12825063 
257 559 9 12 0.12737542 
233 549 9 12 0.12686256 
807 503 8 10 0.12410428 
351 541 8 10 0.12387682 
648 574 11 14 0.122983836 
551 532 9 11 0.12198085 
446 534 9 11 0.12123153 
328 526 8 10 0.121123634 
131 486 6 9 0.11910487 
168 517 8 10 0.117330976 
73 502 8 10 0.11690181 
194 511 7 10 0.11675539 
591 495 6 8 0.115557685 
689 541 7 10 0.11132839 
444 550 9 13 0.10833022 
77 504 9 11 0.10482624 
974 528 8 11 0.10282362 
84 562 11 15 0.10275456 
785 511 8 11 0.10184635 
633 511 7 9 0.101627834 
457 549 9 11 0.10063104 
687 505 7 9 0.100130536 
670 536 8 11 0.099712186 
802 446 7 9 0.097850874 
909 547 9 12 0.09714776 
514 513 8 11 0.09578656 
344 560 10 12 0.095164865 
56 547 10 12 0.093276724 
890 509 7 9 0.09241299 
711 510 8 11 0.091953196 
847 544 8 12 0.09138473 
168 536 10 12 0.09079915 
923 614 14 19 0.090657204 
806 445 7 10 0.0891892 
257 520 9 11 0.08865558 
521 533 9 12 0.088096425 
134 531 10 11 0.08764756 
208 566 10 13 0.086197086 
114 519 8 11 0.084725246 
176 557 10 13 0.083883844 
265 510 7 9 0.083367065 
381 528 9 12 0.083270654 
786 486 7 9 0.08320211 
36 546 14 16 0.0830191 
829 566 13 17 0.081136055 
525 532 9 11 0.078800686 
744 554 11 16 0.07868803 
985 576 15 20 0.07857703 
503 560 10 12 0.07838529 
158 531 9 12 0.07821278 
759 525 8 10 0.07760021 
789 512 8 11 0.07739475 
806 511 8 10 0.07720098 
80 556 13 16 0.07647369 
68 516 8 11 0.07429224 
416 565 12 14 0.07424151 
66 479 7 8 0.074149795 
782 448 7 9 0.07393263 
287 519 8 12 0.07260016 
345 511 7 8 0.0725796 
941 501 9 10 0.07181642 
912 513 8 10 0.071680315 
273 527 7 10 0.07157824 
633 495 7 9 0.07072053 
260 558 10 12 0.07025116 
216 487 7 10 0.070242435 
26 497 8 11 0.07005813 
262 526 8 10 0.06841423 
207 241 59 87 0.06836415 
710 503 7 10 0.0681698 
353 537 8 10 0.06800245 
447 512 7 9 0.06768287 
889 616 15 20 0.0674933 
56 509 7 10 0.06712168 
458 495 7 9 0.06662654 
215 494 8 9 0.06643592 
368 520 8 11 0.066142194 
654 557 11 14 0.06569124 
687 510 7 10 0.06433221 
298 518 7 10 0.06400094 
695 518 7 9 0.063915454 
799 541 12 15 0.062801935 
174 548 10 13 0.06267889 
72 496 8 9 0.06251215 
966 502 8 10 0.062424943 
262 519 8 10 0.06200362 
242 521 8 10 0.061699063 
677 565 9 12 0.061372682 
592 511 8 10 0.06097226 
71 533 9 11 0.05955868 
784 504 7 9 0.058839 
785 453 6 9 0.058823664 
182 551 10 12 0.05847835 
37 553 14 17 0.058312107 
330 502 7 9 0.05802067 
848 489 8 10 0.057842046 
948 632 24 34 0.05760707 
441 489 7 9 0.057551 
560 453 7 9 0.05725906 
71 511 8 11 0.056666862 
178 509 7 10 0.056370623 
32 534 12 16 0.056307882 
170 478 7 8 0.05615405 
266 488 7 9 0.05580344 
0 525 9 14 0.055583086 
783 516 8 11 0.05533495 
992 503 7 9 0.05521687 
576 594 11 15 0.05516637 
768 497 8 10 0.05495752 
655 486 6 8 0.054635506 
244 565 11 14 0.054464575 
746 464 6 8 0.05416982 
792 594 11 16 0.053891044 
39 500 8 10 0.053542558 
270 550 8 12 0.053377062 
86 525 8 10 0.05311813 
111 595 13 16 0.052957185 
537 517 7 10 0.052855674 
615 511 6 8 0.05267337 
607 495 6 8 0.052385826 
625 494 6 8 0.05235442 
412 574 13 17 0.052249495 
692 555 10 13 0.052051257 
1009 542 11 14 0.05197335 
674 502 7 8 0.051958703 
1 531 9 14 0.051455945 
847 493 7 9 0.05140722 
650 487 6 8 0.051076986 
320 522 7 8 0.050179668 
43 540 10 13 0.05000014 
648 565 10 13 0.049230304 
967 527 10 12 0.049097516 
162 511 7 9 0.048965625 
469 540 9 12 0.048155665 
126 543 9 11 0.0478529 
611 511 6 8 0.047622073 
714 518 7 9 0.04755652 
784 422 9 10 0.04755313 
269 533 8 10 0.047261246 
152 548 9 11 0.046879005 
132 503 9 10 0.046538703 
333 606 11 15 0.046500422 
31 542 13 17 0.04645032 
736 534 8 10 0.046443295 
223 496 7 9 0.045925144 
200 504 7 9 0.04577932 
264 551 10 11 0.045770854 
61 546 9 13 0.045552757 
466 511 7 8 0.045434136 
962 502 8 10 0.04527718 
407 503 6 8 0.045074224 
111 511 8 9 0.045071274 
801 440 8 9 0.044578604 
466 433 8 11 0.044459745 
705 533 8 10 0.0444204 
996 585 11 16 0.044314884 
617 525 8 11 0.044225328 
81 518 9 11 0.04417409 
324 541 9 11 0.04402941 
260 564 12 14 0.04395476 
112 504 7 9 0.043889105 
38 577 15 18 0.043781783 
721 494 7 9 0.043772403 
580 595 13 16 0.04365897 
374 510 8 10 0.04359702 
715 547 10 13 0.04293037 
32 517 9 11 0.042528678 
723 625 25 27 0.042267658 
238 543 9 12 0.042201668 
1001 517 9 11 0.04205744 
893 509 8 10 0.04192796 
161 556 10 13 0.041894566 
993 510 7 10 0.04188088 
895 552 9 12 0.04187916 
496 543 8 11 0.04147445 
686 536 8 11 0.041469704 
278 555 11 14 0.041445885 
576 502 6 8 0.041039426 
29 581 13 16 0.04093734 
612 549 9 13 0.040837876 
803 544 14 18 0.04075376 
665 514 7 9 0.04065881 
44 550 11 14 0.04055788 
70 478 7 9 0.040512677 
329 497 7 9 0.04040974 
175 479 6 8 0.040397998 
807 440 7 9 0.04016624 
142 519 7 10 0.04010641 
287 554 10 13 0.039949328 
442 512 7 9 0.039927863 
448 494 7 8 0.039874256 
836 634 12 18 0.03978867 
562 519 7 9 0.039753787 
417 558 9 13 0.03974892 
327 535 9 10 0.03962225 
402 502 6 9 0.039410893 
609 503 6 9 0.03933967 
125 423 8 11 0.03929841 
976 517 8 11 0.039254967 
736 446 7 9 0.039074108 
1013 558 11 19 0.03890376 
89 504 7 9 0.038888667 
799 496 7 8 0.03882669 
870 502 7 9 0.038713425 
290 513 7 9 0.038635764 
757 586 13 20 0.038300138 
359 541 9 11 0.03822822 
562 525 8 11 0.038048774 
753 521 7 9 0.038001716 
142 422 7 10 0.037924528 
745 526 8 10 0.037645448 
529 543 9 11 0.03758566 
664 496 6 8 0.037566278 
240 570 11 14 0.037512686 
869 513 8 10 0.037479542 
585 495 7 9 0.037412427 
110 547 11 14 0.037287172 
976 496 7 8 0.037197966 
561 513 8 9 0.037135437 
927 503 6 9 0.03708024 
210 494 7 9 0.036860064 
785 481 7 8 0.036787234 
456 519 8 9 0.036769148 
616 543 9 12 0.036729563 
521 422 7 9 0.036654282 
625 477 7 9 0.036639407 
839 465 8 10 0.03655009 
669 641 14 23 0.036411848 
239 535 8 11 0.03640298 
736 441 7 9 0.036330156 
5 526 9 13 0.036233976 
457 502 7 9 0.036105976 
137 563 11 14 0.03609196 
249 479 7 9 0.03603523 
738 504 8 10 0.036027808 
939 497 7 10 0.0359412 
104 512 8 10 0.035920627 
34 478 7 9 0.035913616 
70 542 9 11 0.03582849 
1013 547 9 14 0.03563939 
727 439 7 10 0.035543922 
688 518 8 10 0.03533699 
140 525 9 12 0.035312526 
32 527 10 12 0.035279315 
551 579 10 13 0.035244845 
334 502 7 9 0.035176374 
693 543 9 12 0.03500494 
703 567 11 14 0.034983706 
533 541 9 12 0.034899876 
362 495 7 9 0.0348646 
129 525 9 12 0.034864318 
633 604 14 18 0.034831706 
471 510 6 9 0.034827363 
213 528 8 11 0.034726873 
215 532 9 11 0.03463242 
532 550 11 13 0.034525592 
248 541 9 11 0.034470115 
478 544 8 11 0.03432115 
214 572 11 13 0.03427118 
386 518 8 9 0.034138076 
474 504 6 9 0.034098547 
160 519 8 10 0.034000944 
596 588 12 20 0.033984423 
528 550 9 12 0.033750724 
690 549 9 12 0.033736542 
801 501 8 11 0.033687994 
723 505 8 10 0.03363131 
679 496 7 8 0.033458687 
705 511 7 9 0.033282977 
145 406 7 9 0.033138547 
986 487 7 9 0.033113874 
590 594 13 17 0.032960687 
805 516 9 11 0.032788683 
24 516 8 11 0.03278575 
429 514 8 10 0.03273837 
80 544 10 13 0.0326362 
748 559 12 16 0.032422733 
104 477 7 9 0.032381695 
369 534 8 11 0.032352913 
511 546 9 11 0.032315377 
361 586 11 14 0.03230872 
752 647 23 28 0.032300804 
656 513 7 9 0.03221598 
255 551 9 11 0.032184195 
796 535 11 13 0.032130234 
193 495 7 8 0.032096148 
1006 518 8 11 0.031914923 
447 455 7 8 0.031902112 
928 496 8 9 0.031786747 
865 496 7 9 0.03170646 
212 564 12 15 0.03166735 
72 472 7 9 0.03163441 
374 518 8 10 0.0315681 
722 571 14 17 0.031555977 
752 472 6 8 0.031534474 
523 529 8 10 0.031476025 
967 510 8 9 0.031456627 
296 498 6 8 0.031321377 
816 486 7 9 0.03130647 
333 582 10 14 0.031259753 
365 494 8 9 0.031231053 
479 503 6 8 0.031229291 
264 505 7 9 0.03121004 
760 473 7 8 0.031105971 
557 564 9 12 0.031035455 
666 536 8 10 0.030904945 
505 544 7 10 0.030834166 
448 516 7 10 0.030774986 
391 525 9 12 0.030733671 
185 478 7 8 0.030529689 
446 540 9 12 0.030506792 
759 487 7 9 0.030379653 
417 504 6 9 0.030288734 
718 519 7 9 0.03027702 
593 489 6 8 0.030232923 
779 447 7 9 0.03022964 
201 517 8 10 0.030177664 
652 574 12 17 0.03005537 
840 549 9 12 0.030040145 
975 501 7 9 0.029988697 
953 518 7 9 0.029955043 
744 487 6 9 0.029954301 
130 480 7 9 0.029871225 
790 503 8 10 0.029718583 
200 527 8 11 0.029713575 
758 520 8 10 0.029690085 
706 503 8 9 0.02967486 
760 478 7 9 0.029493926 
457 463 7 8 0.029478053 
15 495 8 10 0.02940647 
192 518 7 10 0.029402956 
170 473 7 9 0.029351018 
209 549 9 13 0.029340157 
945 510 8 10 0.029332396 
712 496 8 9 0.029228764 
57 488 8 9 0.029210184 
670 514 8 9 0.0291774 
87 510 7 10 0.02914156 
639 495 7 8 0.029036853 
81 525 9 11 0.028998507 
753 488 8 9 0.028949875 
280 503 7 8 0.028885497 
177 503 7 10 0.028796894 
450 503 6 9 0.028776962 
135 454 7 8 0.02863522 
85 519 9 12 0.02860778 
93 565 12 16 0.028583318 
481 519 7 9 0.028581109 
950 512 8 10 0.028518299 
535 557 10 14 0.028506873 
603 495 7 9 0.028460016 
794 495 6 9 0.028435934 
514 438 6 9 0.028358923 
256 494 7 9 0.028344788 
188 543 10 11 0.028284894 
297 502 6 8 0.028281368 
160 541 10 12 0.028264396 
0 515 8 15 0.02824477 
168 504 8 9 0.028145479 
101 522 8 12 0.0281429 
176 463 8 9 0.028081696 
118 588 14 19 0.028061742 
654 482 7 8 0.027841983 
471 464 7 8 0.027827313 
391 533 10 12 0.027826315 
227 621 13 17 0.027754143 
249 510 7 9 0.027706191 
298 438 6 9 0.027659658 
129 457 7 8 0.02764961 
296 456 7 9 0.027635451 
383 512 8 9 0.027608931 
726 494 7 9 0.02749829 
168 525 9 11 0.027484324 
842 494 7 9 0.027484108 
824 504 7 10 0.027482871 
612 556 9 12 0.027450703 
830 646 11 15 0.027397104 
689 488 7 8 0.027366638 
729 535 8 10 0.027283018 
322 503 6 9 0.027257504 
717 573 12 17 0.027247367 
334 527 7 10 0.027190017 
415 510 7 9 0.02718479 
729 400 8 11 0.027162412 
790 486 7 10 0.02713375 
159 550 10 12 0.027104827 
751 464 7 8 0.027085306 
21 486 8 10 0.027035346 
1007 510 8 10 0.026990252 
801 456 7 9 0.026965518 
97 513 8 11 0.026742186 
745 470 7 9 0.026703278 
90 433 6 8 0.02668159 
120 440 8 9 0.02663067 
976 513 7 9 0.026622687 
682 512 7 9 0.026585147 
16 531 11 14 0.026578516 
912 495 6 9 0.026538456 
873 574 15 19 0.026527777 
197 609 13 17 0.02641665 
1000 510 8 10 0.026298083 
294 557 10 13 0.026100786 
610 488 6 9 0.026034942 
85 568 13 17 0.026030483 
566 512 7 9 0.025951797 
248 559 11 14 0.025944086 
322 588 14 18 0.025928821 
744 518 8 10 0.025905577 
173 535 9 12 0.025833217 
519 417 7 9 0.02582604 
591 503 7 9 0.025723696 
730 471 7 8 0.025646899 
598 511 7 9 0.025642378 
177 520 8 11 0.025631892 
366 581 10 15 0.025613038 
716 584 14 17 0.025562417 
440 517 8 10 0.025545184 
929 486 8 10 0.025437968 
350 559 10 12 0.02541403 
464 519 7 9 0.025232945 
58 528 10 12 0.025176195 
463 503 7 10 0.025149103 
673 486 6 8 0.02506727 
650 559 10 13 0.025055183 
680 502 6 9 0.025051722 
110 471 7 10 0.02501547 
841 544 9 12 0.024965083 
457 471 6 9 0.024942968 
249 504 7 10 0.024936084 
224 501 8 10 0.024810195 
358 536 8 11 0.02480904 
183 473 8 9 0.024771595 
992 640 14 22 0.024732562 
119 536 9 12 0.024679864 
855 488 7 8 0.024579603 
615 488 7 8 0.024529934 
618 520 7 10 0.024501286 
542 512 8 10 0.024422256 
783 441 7 9 0.024413407 
153 521 7 9 0.024348805 
392 502 7 9 0.024323178 
50 509 7 10 0.024215948 
815 504 7 9 0.024205409 
748 550 11 15 0.0242023 
176 472 7 9 0.024198284 
679 488 7 9 0.024187421 
769 510 8 10 0.024176778 
744 494 7 9 0.024036314 
543 433 6 9 0.024022343 
697 513 7 9 0.024016675 
37 628 13 16 0.024001354 
1001 503 8 10 0.023913104 
577 497 7 9 0.023876347 
34 473 6 8 0.023810504 
743 561 13 17 0.023796415 
293 544 9 12 0.023707703 
129 495 7 10 0.023688298 
199 495 7 9 0.023597559 
499 520 7 10 0.023568306 
756 575 13 16 0.023561219 
49 504 8 10 0.02347668 
681 517 8 10 0.023440665 
391 513 7 9 0.02341688 
507 649 15 24 0.02337183 
648 505 7 9 0.023304885 
232 511 7 10 0.023304293 
735 471 6 9 0.023300344 
328 521 7 9 0.023285735 
376 504 7 9 0.023274893 
607 521 8 10 0.023271766 
94 502 8 10 0.023264809 
157 594 11 15 0.023210661 
737 543 10 13 0.023197008 
518 463 7 9 0.023168286 
128 462 6 9 0.023150822 
592 463 7 9 0.023106765 
812 470 6 9 0.023103824 
793 440 6 8 0.023085412 
633 504 8 9 0.023033926 
256 511 7 9 0.023027103 
801 461 7 9 0.023008052 
542 518 7 9 0.022950303 
295 513 7 9 0.022937635 
270 487 7 9 0.022935169 
112 495 8 11 0.022864066 
504 549 9 11 0.022840183 
338 473 7 9 0.022744726 
753 478 7 9 0.022703437 
546 550 10 14 0.022696752 
547 470 7 10 0.022624496 
624 535 7 11 0.022539487 
458 488 7 9 0.02246889 
878 551 12 14 0.02246142 
1007 525 9 11 0.022433866 
866 502 8 9 0.022358265 
753 456 6 8 0.022342741 
801 487 7 9 0.022337915 
471 547 11 13 0.022234993 
514 462 7 9 0.022228707 
442 534 9 11 0.022204071 
187 665 19 20 0.022195557 
77 534 8 10 0.02210693 
256 504 7 9 0.02208232 
241 503 7 10 0.022065727 
228 611 15 18 0.022054715 
41 489 7 9 0.022051275 
990 583 12 17 0.021999493 
650 520 7 8 0.021994384 
593 575 10 13 0.0219768 
665 542 8 10 0.021951003 
297 525 8 10 0.021946892 
137 437 8 9 0.021930695 
821 646 14 17 0.021868156 
235 667 20 20 0.021766052 
725 558 11 14 0.02176131 
625 597 13 19 0.021731434 
662 575 10 15 0.021716293 
121 462 7 8 0.021599384 
65 495 7 9 0.021578956 
737 495 6 8 0.02145092 
745 456 7 9 0.021443523 
63 488 7 9 0.021371704 
519 433 6 8 0.021353425 
664 471 6 8 0.021351133 
18 482 7 9 0.021318613 
456 512 7 9 0.021315156 
136 449 7 9 0.021288786 
264 479 8 9 0.021245081 
400 496 6 9 0.02124091 
192 534 8 10 0.021210583 
264 543 10 12 0.021201707 
802 511 8 11 0.021190627 
992 496 7 9 0.021180442 
986 503 7 9 0.021178104 
442 456 6 8 0.021137435 
533 535 9 11 0.021135213 
461 488 8 10 0.021114612 
366 541 9 10 0.0210831 
134 481 8 10 0.021081572 
514 433 7 8 0.021053866 
482 431 7 9 0.021010034 
103 493 7 10 0.02100022 
37 518 9 10 0.020962724 
106 464 8 9 0.020933209 
322 599 14 19 0.020882612 
273 504 6 8 0.020875381 
487 519 7 9 0.020863904 
129 472 7 8 0.02083588 
552 454 8 10 0.020800775 
446 489 7 9 0.020792576 
497 534 9 11 0.020781556 
728 480 7 9 0.020774873 
121 416 7 10 0.020771971 
673 559 8 10 0.02077175 
927 479 7 9 0.020751184 
114 524 9 11 0.020733349 
227 555 11 14 0.020721424 
231 471 7 10 0.020713408 
127 429 8 9 0.020676063 
142 551 10 13 0.020619433 
128 534 9 11 0.020601315 
255 488 7 9 0.020530768 
37 478 7 9 0.02049242 
384 503 7 8 0.02033656 
172 562 11 14 0.020332817 
143 438 7 8 0.020330377 
207 505 7 9 0.020325387 
998 548 12 17 0.020308485 
751 424 7 9 0.020218141 
57 495 8 9 0.020214334 
270 510 7 9 0.020203061 
536 438 7 9 0.020192634 
472 417 7 9 0.020163063 
701 549 9 12 0.020119404 
720 558 10 12 0.020091834 
343 519 7 9 0.020043358 
390 564 10 13 0.020038856 
194 463 6 8 0.020028729 
263 666 17 20 0.020013526 
