2_Demonstration_Protesters_2_561
285
139 312 17 22 0.99037457 
747 233 16 23 0.9878181 
339 447 15 19 0.9868956 
445 462 17 21 0.98528546 
865 496 18 24 0.9846587 
201 83 17 21 0.98326117 
753 443 18 21 0.98294395 
105 385 17 22 0.9777299 
490 136 17 22 0.97746265 
643 379 17 21 0.9769305 
445 139 16 20 0.9763901 
499 324 18 20 0.9746036 
178 394 17 21 0.97317356 
426 367 16 23 0.97200656 
782 411 16 22 0.96854836 
548 304 17 20 0.96708864 
401 131 16 20 0.96631825 
290 439 16 20 0.964714 
299 337 16 21 0.9618642 
28 378 16 21 0.961017 
381 403 15 20 0.9600389 
724 412 15 18 0.9566291 
577 414 19 24 0.9554898 
236 291 17 21 0.951974 
739 515 19 23 0.94961065 
941 505 18 20 0.9494859 
600 497 19 20 0.9489423 
814 264 16 19 0.9475181 
394 257 15 20 0.94656354 
666 499 18 20 0.94574535 
774 226 17 20 0.9454369 
161 424 15 20 0.94385463 
902 521 16 18 0.9435909 
951 652 19 25 0.94161034 
553 140 18 22 0.93950003 
642 219 18 24 0.93581814 
308 407 14 18 0.9344802 
40 411 17 22 0.9324809 
462 379 16 21 0.9299316 
186 359 17 21 0.92468506 
718 468 17 22 0.9244195 
735 370 13 16 0.92378694 
212 446 15 18 0.9205797 
790 456 20 25 0.9183174 
15 259 15 20 0.91254 
861 316 15 19 0.9114873 
262 236 16 18 0.91098654 
804 493 15 20 0.90736604 
497 483 18 22 0.90484565 
93 318 18 23 0.89085585 
434 437 14 19 0.88947517 
132 213 17 20 0.88264287 
867 607 15 22 0.88214076 
585 460 17 21 0.8805734 
680 427 19 23 0.87921786 
544 493 18 20 0.87914205 
889 190 16 23 0.8771754 
645 472 18 22 0.87549335 
257 389 15 20 0.87166977 
105 428 15 22 0.86444974 
440 286 17 21 0.862971 
288 92 14 20 0.8594548 
74 266 17 19 0.85569525 
851 532 19 20 0.8538719 
115 200 13 17 0.84863347 
850 413 15 20 0.83308107 
479 304 15 19 0.832938 
954 536 14 19 0.8289607 
872 641 18 22 0.8251431 
238 372 15 18 0.8238103 
711 238 16 21 0.82304764 
930 235 15 19 0.8172268 
838 452 13 21 0.8146703 
582 386 15 21 0.8141923 
623 442 17 20 0.79998416 
993 461 16 20 0.7985062 
647 424 15 20 0.7885373 
287 318 16 20 0.7624679 
768 389 15 19 0.7470739 
534 128 16 21 0.74104744 
826 428 14 19 0.73158956 
218 261 13 17 0.72472763 
409 301 15 18 0.716774 
768 526 19 21 0.70100826 
179 309 16 20 0.68512547 
20 325 15 19 0.6387009 
95 223 14 19 0.6049589 
700 419 14 17 0.59940064 
955 490 13 16 0.5719767 
322 88 20 23 0.55743676 
26 300 14 17 0.53375477 
118 358 17 19 0.5210983 
835 398 15 19 0.5024984 
227 343 15 19 0.48331597 
205 227 15 18 0.44864577 
858 362 16 20 0.4243249 
327 389 11 16 0.4033978 
881 260 10 14 0.39538556 
775 335 12 18 0.37411124 
899 664 16 21 0.36345387 
936 481 11 17 0.3550761 
913 469 11 16 0.31239483 
797 613 12 16 0.30809456 
167 220 12 13 0.29649693 
878 471 11 15 0.27849844 
524 486 12 15 0.25553784 
314 308 16 19 0.2544921 
230 462 15 17 0.23705538 
101 293 15 18 0.2204817 
356 135 15 20 0.21755089 
818 404 13 16 0.21350953 
172 219 12 15 0.20773698 
40 221 11 14 0.19825472 
334 110 16 17 0.19126105 
216 328 12 16 0.18961367 
20 339 14 18 0.16729015 
221 129 13 18 0.15990058 
802 338 13 16 0.15690258 
926 467 13 16 0.15354922 
172 238 14 19 0.15281288 
60 312 12 16 0.1503585 
141 278 15 19 0.1412216 
992 492 13 17 0.14027457 
857 417 14 18 0.129581 
-1 333 10 17 0.12703831 
166 241 15 20 0.12121194 
469 284 13 17 0.114200644 
82 272 16 17 0.11382988 
950 485 14 17 0.110917605 
349 110 10 16 0.10899427 
295 258 12 15 0.10894097 
310 527 8 11 0.106612474 
442 521 15 16 0.10459766 
36 360 15 18 0.10322807 
373 261 12 15 0.1000641 
332 529 11 15 0.09846934 
759 547 14 16 0.09316033 
394 330 15 18 0.09284409 
565 352 16 20 0.08633745 
531 448 17 20 0.08610619 
233 373 12 15 0.08526589 
284 395 14 17 0.083800465 
529 562 13 14 0.08102451 
500 286 11 15 0.08041213 
547 555 16 22 0.07875827 
895 262 12 13 0.07721591 
1011 606 12 16 0.07546565 
200 242 15 17 0.07338429 
509 272 15 19 0.07234775 
933 625 15 20 0.06944753 
446 555 12 15 0.06940743 
534 140 14 19 0.06448391 
816 333 12 15 0.06323755 
188 261 11 15 0.062418997 
331 304 14 19 0.06125334 
236 218 12 14 0.05942561 
925 484 15 18 0.058570895 
688 427 16 18 0.056460064 
40 315 14 17 0.055925433 
749 405 12 16 0.05310836 
844 460 14 18 0.05278309 
819 460 15 21 0.052080747 
323 306 15 19 0.051566727 
346 306 17 19 0.050937593 
32 226 11 13 0.048845258 
67 330 13 16 0.048340097 
612 457 12 16 0.048239455 
501 273 13 17 0.04812005 
914 391 9 11 0.047800332 
42 364 14 19 0.047539484 
135 262 12 19 0.04643786 
558 354 13 17 0.045543972 
267 298 16 20 0.0442198 
170 248 14 19 0.043917183 
364 546 15 16 0.04366985 
430 292 12 16 0.043334436 
764 519 14 19 0.042861674 
813 409 14 19 0.04187264 
126 197 12 15 0.041693453 
320 86 14 18 0.041124575 
1008 475 13 16 0.04037074 
645 367 14 18 0.039493807 
74 213 13 17 0.039214745 
41 217 10 11 0.039200544 
815 399 13 16 0.03919768 
215 436 18 21 0.038995527 
87 226 14 19 0.038964264 
51 245 15 19 0.037346236 
383 281 12 18 0.03733508 
45 227 11 14 0.036960695 
630 459 14 18 0.03668628 
367 286 10 14 0.036402006 
967 64 10 12 0.035427805 
871 300 14 17 0.034594838 
155 393 13 18 0.034517113 
562 468 17 21 0.03419673 
463 258 14 20 0.03409087 
258 212 12 14 0.034061495 
819 338 12 15 0.033886578 
63 325 13 17 0.033649925 
174 225 14 18 0.0331966 
180 322 16 21 0.03250878 
605 583 12 13 0.032467935 
741 456 14 19 0.03235141 
982 145 16 18 0.03219966 
530 436 14 19 0.031975634 
876 671 17 18 0.031496108 
16 387 10 14 0.030960662 
123 202 13 18 0.0309514 
506 354 17 22 0.030931707 
228 236 13 16 0.030875554 
259 357 13 17 0.030679462 
918 481 15 17 0.030617038 
610 494 14 19 0.02952811 
428 536 14 19 0.029307539 
906 326 10 13 0.02921112 
744 411 12 16 0.029060416 
105 291 21 24 0.028650435 
657 425 15 19 0.028328246 
535 259 14 19 0.02824909 
155 274 15 19 0.028002497 
593 387 15 19 0.027544472 
464 550 11 16 0.02726092 
842 404 14 19 0.027238278 
342 301 13 18 0.027190173 
35 370 16 20 0.0271898 
34 477 16 20 0.026883196 
829 646 12 16 0.026764816 
173 272 15 20 0.026423924 
878 649 25 28 0.026333483 
959 552 13 18 0.026213873 
149 232 15 19 0.026196385 
830 455 14 20 0.025978642 
306 484 13 15 0.025856603 
615 425 13 16 0.025718085 
967 74 44 68 0.025528653 
468 555 13 17 0.025463065 
528 137 13 18 0.025131632 
1008 65 14 17 0.025101474 
767 580 13 19 0.025041774 
924 474 14 17 0.024918431 
77 208 10 11 0.024488743 
320 387 13 17 0.024479238 
317 396 14 18 0.024052097 
936 608 11 14 0.024046024 
823 422 14 17 0.023966296 
187 252 13 18 0.02377241 
-1 343 11 19 0.023532836 
727 518 13 16 0.023407144 
159 242 15 18 0.023339218 
1001 460 13 17 0.02315109 
26 223 10 12 0.023106558 
111 332 14 18 0.022985829 
622 472 12 16 0.02296184 
883 338 13 17 0.022822868 
278 273 12 15 0.022733886 
284 517 11 15 0.022648651 
1011 597 13 19 0.02257981 
803 616 14 16 0.02255609 
227 261 14 17 0.02248893 
177 220 13 15 0.02232683 
716 397 13 17 0.022304637 
904 670 19 19 0.02213307 
102 215 11 16 0.022038454 
750 397 13 17 0.021976557 
949 479 12 15 0.021842327 
137 206 15 19 0.02143631 
785 247 17 24 0.02140176 
80 261 18 21 0.021228148 
417 298 14 18 0.021024792 
164 273 13 19 0.020972393 
839 410 13 18 0.020806856 
192 356 16 20 0.020665048 
340 119 13 18 0.020632498 
440 226 16 19 0.02056082 
300 264 13 15 0.020400956 
539 138 19 24 0.020312948 
288 259 11 16 0.020285655 
159 305 14 18 0.020261144 
694 316 18 20 0.020250557 
1000 508 13 17 0.020184733 
179 267 13 16 0.02014291 
808 411 12 17 0.02009801 
578 398 21 26 0.020064587 
1006 531 12 16 0.020029169 
