2_Demonstration_Demonstration_Or_Protest_2_367
31
387 247 69 87 0.9982572 
121 259 26 33 0.99556655 
260 277 26 36 0.9931886 
40 275 25 33 0.99145234 
181 305 32 41 0.9901051 
506 242 45 56 0.9895242 
306 303 23 30 0.9870467 
781 347 48 57 0.98146665 
201 271 18 23 0.97770405 
91 260 16 21 0.975817 
49 251 20 24 0.90894127 
292 283 17 22 0.60493636 
334 307 15 20 0.39057603 
236 275 15 22 0.35478857 
630 309 15 21 0.22670843 
320 302 21 29 0.12134668 
343 285 13 15 0.12037776 
300 296 22 29 0.04716478 
241 278 18 24 0.04623356 
668 286 29 47 0.046225335 
156 143 10 13 0.04417839 
454 228 44 56 0.041187935 
339 164 11 14 0.034412894 
667 266 24 38 0.030007774 
297 276 16 21 0.027249308 
629 290 26 38 0.025759151 
294 146 12 14 0.02445565 
694 352 41 49 0.023268266 
326 287 13 16 0.023200026 
646 296 39 51 0.023181127 
629 298 39 48 0.021588134 
