2_Demonstration_Political_Rally_2_456
113
397 307 30 37 0.9959287 
150 359 27 33 0.9910424 
85 373 22 34 0.8874488 
487 333 14 18 0.762821 
811 213 19 23 0.72253627 
643 308 14 18 0.68980986 
485 240 18 26 0.4558632 
355 209 15 19 0.44979593 
468 237 14 19 0.44725046 
349 207 14 22 0.38290057 
558 242 11 15 0.36337468 
294 243 14 18 0.29872563 
624 252 10 13 0.2573702 
477 272 15 21 0.24636501 
661 256 17 23 0.22912537 
721 215 11 15 0.15746075 
635 230 10 12 0.15464166 
660 237 11 15 0.15393892 
661 215 12 15 0.15322895 
503 260 16 20 0.1483786 
601 246 11 14 0.14023174 
815 219 21 26 0.13898173 
819 231 17 20 0.1350624 
773 230 11 14 0.08963701 
870 216 9 11 0.083123095 
676 212 10 12 0.07962766 
196 249 16 19 0.07714558 
671 213 11 14 0.064088695 
149 244 14 18 0.063755 
629 214 9 11 0.06372327 
591 261 10 13 0.063549995 
854 238 13 17 0.057379615 
519 223 11 12 0.056779977 
695 244 13 15 0.0542392 
565 238 10 14 0.054182865 
638 242 12 17 0.054138713 
518 227 13 16 0.05365513 
780 237 11 14 0.049414862 
703 299 13 15 0.047530547 
234 233 17 18 0.046805475 
574 232 8 11 0.04659703 
616 281 12 18 0.046489213 
526 251 10 14 0.046184275 
527 243 10 15 0.044326678 
952 231 12 17 0.044319186 
171 238 13 18 0.04415627 
420 195 10 13 0.042605035 
187 222 17 18 0.042080708 
518 346 9 13 0.042068124 
558 260 11 17 0.041993592 
70 372 29 32 0.04023291 
443 210 11 15 0.03932774 
551 251 10 14 0.039268088 
287 244 15 19 0.038683433 
605 238 11 13 0.037116468 
680 230 10 12 0.036372036 
913 207 31 38 0.03616518 
553 245 11 14 0.03613972 
865 213 9 11 0.035912838 
857 231 10 13 0.033853892 
658 239 20 26 0.033382166 
637 236 11 15 0.032400552 
573 254 14 17 0.0322468 
643 283 14 17 0.03192611 
549 259 13 18 0.031776875 
495 338 16 19 0.03133872 
876 214 10 13 0.031287022 
700 250 12 15 0.0310841 
630 246 11 15 0.030794429 
577 272 208 243 0.030543368 
709 227 10 14 0.030488681 
516 234 15 20 0.030396728 
968 239 12 14 0.030258855 
627 257 12 15 0.029985532 
290 209 13 20 0.029508179 
662 232 10 12 0.029354036 
597 260 12 15 0.029200451 
477 241 14 19 0.028835924 
799 254 11 14 0.028054062 
566 260 11 16 0.027864777 
153 220 13 17 0.027664954 
274 234 14 18 0.027620709 
774 206 9 11 0.027438974 
491 248 19 29 0.027346471 
462 228 13 17 0.026186949 
187 232 17 19 0.026126375 
710 253 10 14 0.025852721 
673 205 9 13 0.025711779 
180 243 12 16 0.0256767 
188 250 18 21 0.02549949 
767 218 14 18 0.025122402 
688 238 10 13 0.02511654 
655 240 13 19 0.024919646 
218 264 16 19 0.024593279 
643 243 12 17 0.024368946 
616 216 7 9 0.023873279 
601 240 10 13 0.023857636 
663 288 13 16 0.023504943 
669 218 12 15 0.022843063 
277 249 16 17 0.022708166 
228 237 21 24 0.022572268 
977 275 11 14 0.022123262 
481 331 14 20 0.022049194 
519 251 13 15 0.02154148 
156 237 14 18 0.021513155 
657 218 11 14 0.02119859 
227 229 17 20 0.021132307 
758 213 10 13 0.020907845 
676 219 11 14 0.020666733 
189 244 15 17 0.020648709 
544 251 12 14 0.020523408 
717 210 19 24 0.020230774 
201 244 14 18 0.02018878 
