2_Demonstration_Political_Rally_2_171
27
851 652 55 88 0.99611974 
618 662 53 85 0.99395543 
103 627 44 54 0.9933297 
125 568 17 21 0.97299296 
406 706 44 54 0.93974435 
148 708 33 52 0.9177351 
44 714 41 44 0.9158277 
446 652 27 45 0.8989258 
949 622 17 19 0.76789486 
552 659 24 43 0.72763205 
1005 627 16 21 0.48733008 
735 725 43 47 0.35839114 
199 666 33 38 0.10247207 
417 593 22 39 0.08387041 
302 652 31 33 0.078026466 
703 637 39 51 0.039445646 
190 657 29 38 0.034083106 
348 667 37 52 0.03331445 
681 143 7 9 0.031704146 
428 665 38 39 0.030503271 
410 671 48 51 0.02998848 
973 700 10 13 0.028564418 
598 724 15 18 0.026713349 
290 652 37 52 0.026158478 
255 715 44 46 0.023594812 
206 651 32 35 0.021303644 
383 700 51 58 0.021166833 
