2_Demonstration_Political_Rally_2_107
88
170 588 57 78 0.99937963 
227 489 30 37 0.9956863 
234 560 46 54 0.9783303 
860 504 21 32 0.97664386 
733 558 36 43 0.9687073 
130 510 28 41 0.9245316 
923 540 19 24 0.8337295 
627 517 103 120 0.73801255 
133 587 35 46 0.6000633 
277 495 19 31 0.5710929 
170 515 35 42 0.55947256 
527 554 54 85 0.42106274 
263 495 22 31 0.40259683 
935 488 14 19 0.3924313 
758 621 56 59 0.2808619 
169 503 29 36 0.26614526 
965 584 31 53 0.26226956 
709 518 24 36 0.23007232 
835 505 16 20 0.13217002 
897 539 22 24 0.119117826 
891 506 21 29 0.11848506 
809 479 9 11 0.112709425 
148 520 29 41 0.10779906 
972 545 21 22 0.10615148 
160 521 30 41 0.09794396 
204 485 19 23 0.09622282 
816 518 13 15 0.09313281 
178 500 19 22 0.091999546 
800 559 23 29 0.07789141 
150 587 34 50 0.077185616 
841 501 16 21 0.07365742 
813 621 63 53 0.07080031 
790 498 11 13 0.06817204 
288 494 25 33 0.060534306 
980 570 17 24 0.06046922 
675 502 55 79 0.05506257 
911 634 63 51 0.05324004 
252 487 24 37 0.049732637 
81 531 45 66 0.048655476 
718 564 55 69 0.047128536 
892 501 13 18 0.045029864 
841 477 10 12 0.04321245 
767 533 19 29 0.04318819 
806 547 37 41 0.043009393 
232 601 47 65 0.04231815 
972 573 25 43 0.04226048 
793 473 8 9 0.039542798 
729 611 63 69 0.039455563 
812 484 10 12 0.03944429 
557 547 92 121 0.03803778 
1 466 79 115 0.037113808 
920 511 11 14 0.03487381 
903 491 10 13 0.033655286 
420 588 33 37 0.03364786 
103 513 39 59 0.033503532 
797 485 9 11 0.03274391 
831 511 15 19 0.03240818 
924 525 16 18 0.031703018 
793 478 9 10 0.030851109 
894 626 56 52 0.030522402 
776 479 9 12 0.029748252 
79 436 22 28 0.029377056 
732 543 31 37 0.029200265 
142 510 27 38 0.028572917 
748 492 11 13 0.028502343 
887 483 11 13 0.027150642 
625 478 165 201 0.027073348 
814 520 19 24 0.026929466 
388 597 32 37 0.02689164 
894 494 12 14 0.026736293 
312 633 42 50 0.02668568 
663 545 99 112 0.026611049 
972 555 23 31 0.026171725 
876 603 53 62 0.026024103 
335 515 26 31 0.025506904 
924 515 12 16 0.024477616 
217 485 25 34 0.023346508 
735 494 12 14 0.023119366 
218 531 28 34 0.023111934 
299 484 26 33 0.02217824 
815 470 8 9 0.021848124 
764 506 12 14 0.021683866 
767 480 8 10 0.021059273 
825 485 8 12 0.0210174 
483 532 88 114 0.020934552 
725 491 11 13 0.020512205 
797 494 10 13 0.02032739 
181 518 42 50 0.020106953 
