2_Demonstration_Demonstration_Or_Protest_2_915
40
411 300 258 327 0.9991775 
298 283 22 27 0.9442503 
201 272 18 24 0.879731 
263 267 14 17 0.7295152 
227 273 14 18 0.5087916 
798 237 11 13 0.17522395 
721 243 11 14 0.1438538 
743 217 10 11 0.12383178 
772 222 11 13 0.11098138 
326 259 13 15 0.10169373 
916 201 15 19 0.057698857 
769 226 10 13 0.055713743 
363 236 10 13 0.05539538 
368 261 9 12 0.053075466 
757 209 8 10 0.049856346 
725 239 10 14 0.048634775 
58 346 17 18 0.035300724 
325 267 22 29 0.034912918 
669 220 10 13 0.032263495 
681 237 10 13 0.030918542 
685 243 10 13 0.03066928 
71 285 10 11 0.030214407 
390 255 10 13 0.029523477 
173 256 20 27 0.02886028 
371 263 11 12 0.028742071 
750 213 9 11 0.027549617 
661 219 12 15 0.026590792 
881 205 10 12 0.02637063 
671 214 11 14 0.024669027 
703 236 8 11 0.024297867 
719 232 9 10 0.024162011 
373 270 13 16 0.02414641 
320 257 14 17 0.02408288 
773 205 8 10 0.022763127 
52 283 10 12 0.022563921 
87 306 10 14 0.021952026 
324 281 15 21 0.021907285 
677 215 10 12 0.02096549 
332 278 16 21 0.020775907 
696 239 8 11 0.020354819 
