2_Demonstration_Demonstrators_2_188
88
220 347 51 57 0.9991072 
375 451 97 128 0.99869245 
225 242 34 44 0.997171 
875 364 32 41 0.9963516 
190 288 34 43 0.99487716 
3 422 36 47 0.9947537 
288 339 37 51 0.99353963 
783 1084 110 113 0.9928093 
483 385 38 47 0.98636484 
155 410 41 55 0.98515284 
855 224 21 27 0.8023255 
1007 363 14 18 0.7719578 
390 349 30 38 0.7638624 
307 275 22 35 0.6858389 
108 355 16 21 0.4761236 
357 355 24 29 0.45568582 
550 407 24 36 0.3933252 
979 374 15 19 0.23918626 
957 375 13 16 0.22507355 
21 397 26 33 0.18271478 
519 334 19 21 0.14149256 
990 343 11 13 0.13366614 
926 395 14 17 0.1127274 
996 403 26 37 0.111602604 
13 350 16 21 0.09233934 
890 332 14 16 0.08463982 
558 409 33 37 0.08000421 
0 399 17 24 0.07936345 
967 406 19 27 0.076697536 
1005 368 18 30 0.075144246 
934 378 12 16 0.06498512 
923 381 15 17 0.06287999 
927 365 10 13 0.06218142 
45 938 13 19 0.057783097 
136 482 50 64 0.05386675 
4 363 14 19 0.05095952 
924 560 29 32 0.05085186 
425 386 27 31 0.05037975 
541 409 16 25 0.04845331 
907 397 16 19 0.047544215 
993 419 28 36 0.0474379 
946 333 10 13 0.046457104 
48 383 18 21 0.04493815 
234 1299 179 279 0.043893095 
10 359 16 21 0.043315757 
72 407 32 46 0.042652108 
917 395 15 19 0.040520243 
6 355 15 19 0.039197575 
995 340 11 14 0.03919136 
636 373 17 19 0.03847193 
57 914 22 32 0.037099328 
805 1107 159 128 0.037018806 
656 370 13 18 0.036868256 
923 369 14 17 0.036492072 
896 768 101 157 0.036099542 
574 410 28 37 0.035658542 
941 410 21 24 0.035637133 
820 238 12 14 0.034348316 
912 330 11 13 0.033318512 
984 377 16 19 0.03279449 
630 374 15 17 0.031591956 
711 366 48 60 0.03152262 
355 368 23 29 0.02728002 
613 410 23 30 0.027233254 
625 373 27 33 0.027211837 
0 366 11 18 0.027205339 
25 411 18 26 0.025318624 
1011 331 10 16 0.025311764 
965 332 10 12 0.025309712 
954 407 21 27 0.025122823 
131 262 33 42 0.025103308 
988 567 27 44 0.024619795 
610 387 25 27 0.024564803 
997 376 13 19 0.024246551 
396 359 41 50 0.02350862 
1012 337 12 18 0.023151727 
99 487 56 57 0.022969322 
4 398 25 30 0.022788573 
837 355 11 13 0.022060083 
671 371 12 16 0.02201138 
776 371 39 50 0.02176619 
937 420 22 27 0.021494571 
326 365 20 30 0.02136775 
150 1223 344 459 0.021225132 
962 328 9 11 0.021160807 
108 159 18 25 0.020554084 
939 375 11 14 0.020551817 
348 377 14 19 0.020265007 
