2_Demonstration_Protesters_2_221
162
515 203 60 80 0.9994941 
11 16 30 40 0.9963812 
4 201 48 76 0.9960122 
713 371 44 78 0.99471384 
576 147 45 58 0.9939122 
206 121 47 63 0.99207944 
286 334 44 73 0.9917367 
117 12 30 42 0.99122286 
742 179 45 67 0.99056846 
312 12 30 42 0.990069 
387 54 38 49 0.98906076 
690 95 36 51 0.9877939 
412 300 42 74 0.98751664 
541 71 33 45 0.98391944 
136 57 39 42 0.9833909 
830 126 33 51 0.9805711 
715 1 26 33 0.9801862 
397 206 53 74 0.97939223 
293 129 39 55 0.97755927 
457 85 42 52 0.97627556 
673 53 34 44 0.9757155 
239 79 32 46 0.9750334 
904 105 41 54 0.9737458 
922 182 34 58 0.9705649 
858 171 38 55 0.9670932 
406 131 38 54 0.96205986 
978 155 38 59 0.9540588 
145 245 40 62 0.9419057 
959 71 28 35 0.93920434 
115 97 38 53 0.93501776 
652 91 25 36 0.9315835 
744 146 36 50 0.9267826 
889 294 68 80 0.92471665 
721 54 37 41 0.9099042 
227 127 46 58 0.9095027 
80 173 36 65 0.9026472 
177 12 19 28 0.8752551 
338 108 34 52 0.85586643 
81 340 28 57 0.80654365 
593 0 20 20 0.7872891 
0 106 25 59 0.78399414 
897 31 31 45 0.73445916 
422 27 26 40 0.6531372 
232 519 75 66 0.6371049 
231 6 28 38 0.6164584 
786 327 60 70 0.6081949 
45 0 27 31 0.5986092 
441 66 28 39 0.5094344 
715 203 32 48 0.5031389 
152 134 34 45 0.4436728 
733 110 29 37 0.43950525 
195 124 35 57 0.43588397 
242 12 31 40 0.36823022 
419 269 38 49 0.3474246 
992 0 24 26 0.2887957 
1 84 26 52 0.28642362 
448 1 28 24 0.28429884 
783 45 24 33 0.2285962 
524 1 21 20 0.22324239 
486 439 116 92 0.19921978 
56 1 20 23 0.17810388 
312 72 29 37 0.17543672 
814 91 26 29 0.1623567 
506 35 27 33 0.15571828 
32 9 29 36 0.1520491 
639 136 27 44 0.13742648 
909 0 32 28 0.12767448 
598 87 26 38 0.12738243 
746 0 18 20 0.121906415 
427 66 29 41 0.111811645 
780 0 26 23 0.101932876 
185 121 33 45 0.09844182 
582 52 24 37 0.09805803 
1 6 23 30 0.0971904 
546 51 26 41 0.09677287 
224 67 36 53 0.08252822 
673 243 48 55 0.08091291 
310 247 39 56 0.0763356 
741 54 28 38 0.074127726 
364 16 29 35 0.072926804 
192 0 20 20 0.07166179 
187 9 22 26 0.06963779 
375 12 28 32 0.069399424 
129 74 41 46 0.0691121 
731 124 31 48 0.06439599 
734 0 24 27 0.061330404 
215 183 35 44 0.060079325 
407 35 31 46 0.058820862 
516 17 24 30 0.058567215 
164 123 38 53 0.058237948 
432 19 29 35 0.055888675 
531 5 18 24 0.054365084 
222 3 24 26 0.05436381 
183 101 44 52 0.053657208 
477 -1 17 20 0.05195475 
248 1 26 29 0.050469775 
183 75 41 51 0.050072312 
957 142 39 49 0.049989674 
386 11 18 19 0.048693467 
628 -1 20 14 0.048644032 
314 1 20 22 0.048207074 
694 143 38 52 0.047766585 
636 148 42 56 0.047320407 
439 9 31 34 0.04647829 
518 5 24 27 0.045608193 
671 3 23 30 0.045189552 
597 0 30 30 0.045157254 
199 216 46 48 0.0449316 
696 0 19 20 0.044675004 
372 0 18 17 0.04426935 
263 316 48 71 0.044129517 
860 71 27 32 0.042178966 
278 0 16 16 0.04067181 
349 -1 16 13 0.040390722 
213 102 44 50 0.039957907 
567 4 24 29 0.039299235 
379 38 38 45 0.039193977 
41 22 29 40 0.03882083 
502 48 28 35 0.03831862 
890 46 27 39 0.03725685 
366 299 14 17 0.035156168 
506 74 29 37 0.035144445 
309 129 35 47 0.034555867 
132 244 35 51 0.034531154 
713 141 39 52 0.033625204 
54 121 43 55 0.03292264 
555 44 24 31 0.032754622 
12 3 28 30 0.032341693 
750 129 29 41 0.030933766 
354 0 18 17 0.030648738 
251 204 50 59 0.030387806 
210 198 45 54 0.029522821 
565 52 29 39 0.028332934 
271 230 49 64 0.027651135 
299 28 28 36 0.027591309 
692 334 48 77 0.027463846 
966 62 34 38 0.025093218 
225 0 17 16 0.025024585 
732 192 36 53 0.024501923 
376 0 24 22 0.02447157 
181 16 29 36 0.024308184 
399 287 43 66 0.024303561 
449 202 52 62 0.024260528 
426 43 33 47 0.023766892 
674 248 29 34 0.023740971 
899 1 23 22 0.023523148 
7 2 20 20 0.023464218 
372 24 29 39 0.022819538 
1008 1 15 22 0.022181282 
680 145 36 53 0.021965435 
126 5 31 36 0.021766035 
524 56 37 52 0.021658536 
707 4 19 21 0.021561498 
23 0 27 29 0.021337144 
318 81 39 49 0.021092016 
292 25 19 25 0.02101174 
703 198 29 40 0.020726504 
993 65 25 35 0.020662012 
68 151 42 57 0.020281639 
847 0 20 20 0.020265462 
501 63 28 37 0.020091774 
613 30 25 32 0.020061562 
