2_Demonstration_Political_Rally_2_867
142
796 425 37 43 0.9951905 
647 496 32 40 0.99415827 
915 370 29 36 0.9927786 
68 519 46 52 0.99208915 
174 550 50 66 0.9866701 
924 512 45 50 0.9804931 
130 489 16 19 0.979784 
616 504 21 27 0.9384438 
170 505 34 50 0.93355936 
884 578 73 86 0.93165505 
821 401 25 32 0.8675945 
952 375 18 21 0.77523077 
0 523 17 22 0.6402644 
168 386 10 13 0.6081883 
122 521 17 22 0.54950064 
73 458 14 16 0.52158177 
819 360 12 16 0.49244437 
855 380 12 15 0.4657813 
151 402 9 12 0.4098577 
45 421 12 15 0.3837451 
191 384 9 11 0.37868372 
164 441 14 18 0.34592316 
866 360 9 12 0.34058195 
331 546 30 55 0.297097 
837 366 10 14 0.29288414 
120 403 9 11 0.28530586 
882 360 9 11 0.28308 
797 369 10 13 0.25563744 
818 383 14 18 0.22611067 
171 523 49 61 0.21817248 
895 367 8 10 0.20780368 
8 399 10 12 0.19475237 
79 399 9 12 0.18045467 
177 416 9 12 0.14624909 
726 375 11 14 0.1318504 
51 420 13 14 0.12736635 
871 393 15 21 0.124772236 
185 384 9 11 0.11271126 
95 396 8 11 0.10736274 
889 395 15 18 0.10394343 
370 496 27 30 0.10314751 
114 491 14 17 0.10314215 
993 335 8 10 0.10187458 
940 371 25 31 0.100796215 
464 524 28 41 0.099058725 
143 381 8 11 0.09905465 
173 437 11 14 0.092359796 
302 507 14 16 0.08711862 
109 515 24 31 0.08571727 
861 607 66 67 0.08484719 
165 486 15 20 0.08340862 
25 507 11 13 0.07999434 
538 475 15 18 0.079224154 
488 470 45 62 0.07892113 
29 397 9 12 0.072749816 
884 363 10 14 0.07180421 
20 468 10 13 0.07093812 
415 512 25 43 0.07061415 
159 439 14 18 0.070334546 
198 389 8 11 0.06884174 
607 477 15 20 0.06711603 
785 369 8 10 0.06670039 
476 514 26 40 0.05932619 
806 371 10 12 0.058224577 
0 423 8 11 0.05498 
176 431 12 15 0.053418517 
204 466 16 23 0.05232533 
0 403 10 13 0.051448613 
769 375 9 10 0.051341284 
157 403 10 14 0.049902096 
86 400 8 10 0.04956114 
793 368 10 12 0.04936665 
474 488 40 61 0.04815738 
815 392 22 30 0.04800476 
967 356 9 12 0.04680422 
128 525 19 21 0.04621863 
626 499 25 34 0.045830768 
767 357 8 11 0.04380671 
838 361 10 13 0.03952589 
170 447 14 18 0.037281644 
144 399 10 14 0.036893018 
123 399 9 12 0.036007628 
179 435 13 15 0.035036866 
804 406 38 45 0.034698777 
870 382 9 11 0.034260955 
142 465 12 15 0.034253806 
31 393 8 11 0.034079887 
196 384 8 11 0.0332232 
40 383 7 9 0.03295796 
737 411 9 13 0.032722693 
759 375 7 10 0.032578383 
89 382 8 9 0.031221893 
415 510 12 17 0.030503359 
427 514 42 61 0.030418321 
951 349 8 10 0.030013403 
761 357 8 10 0.029669711 
505 479 48 59 0.029483829 
486 490 12 16 0.028299784 
56 398 7 10 0.028283142 
151 383 8 10 0.027965337 
750 368 9 11 0.027749378 
744 373 8 10 0.026739795 
175 -72 473 555 0.026727647 
1004 305 18 23 0.026609156 
167 459 14 16 0.026475623 
801 351 8 9 0.0260727 
768 365 9 11 0.026060017 
461 535 18 25 0.02593994 
734 432 9 12 0.02576124 
726 352 8 10 0.025277179 
153 391 8 10 0.02522723 
282 557 21 32 0.025038823 
161 328 8 9 0.024972437 
158 412 10 12 0.024917077 
858 384 13 17 0.024890311 
421 523 27 42 0.023956535 
119 382 8 9 0.02383961 
558 477 14 19 0.02371474 
174 373 8 10 0.023605892 
3 532 16 20 0.023515359 
59 421 9 12 0.02310087 
531 474 25 30 0.02306021 
385 506 13 17 0.022976095 
135 521 19 21 0.022809336 
62 514 31 39 0.02280846 
26 403 9 12 0.02273127 
453 475 49 66 0.022505928 
179 419 12 14 0.02246655 
166 431 10 13 0.021996224 
859 376 11 14 0.021929754 
1008 343 11 13 0.021882635 
75 399 8 11 0.02175932 
490 490 14 20 0.021705246 
68 449 16 19 0.021565806 
477 452 79 99 0.021486802 
94 381 8 10 0.020981703 
833 618 66 57 0.020768316 
178 443 13 15 0.020397099 
451 527 25 36 0.02034169 
40 391 8 9 0.02033856 
719 532 13 18 0.020333853 
113 504 19 26 0.020022055 
