2_Demonstration_Demonstration_Or_Protest_2_665
25
484 452 208 278 0.9995092 
384 560 115 144 0.99896574 
793 570 66 97 0.9947465 
714 596 49 74 0.9419681 
328 574 44 56 0.9333144 
842 485 56 115 0.912304 
770 469 15 20 0.9001801 
166 387 28 57 0.8623656 
336 622 44 56 0.7491782 
172 463 31 46 0.6121325 
845 607 37 52 0.58994764 
429 511 173 201 0.39449033 
294 606 31 49 0.2643545 
794 499 23 31 0.17633668 
825 589 52 79 0.115681306 
778 472 14 19 0.09505538 
304 549 9 10 0.06266325 
732 602 55 71 0.050387442 
818 558 32 39 0.03363799 
622 1190 46 50 0.032529693 
306 598 40 57 0.027963618 
687 580 48 80 0.026254661 
5 570 134 202 0.021129826 
316 561 73 94 0.02026096 
337 590 86 111 0.020151636 
