2_Demonstration_Protesters_2_460
38
839 67 30 38 0.99807405 
483 237 36 43 0.99803394 
883 204 29 39 0.99682766 
35 66 27 32 0.99648404 
788 69 31 38 0.99446195 
483 95 37 47 0.99415886 
805 178 38 48 0.9938812 
72 85 27 38 0.9919614 
273 230 40 53 0.991871 
639 57 42 50 0.9917944 
163 82 18 23 0.98008794 
955 92 22 35 0.9556903 
435 75 23 24 0.95505816 
132 74 17 21 0.9469199 
706 65 22 29 0.93323636 
281 75 15 18 0.9092033 
995 90 14 17 0.8383489 
750 92 11 13 0.41007665 
2 66 16 21 0.25814152 
1011 194 12 18 0.085238196 
973 72 11 14 0.07744339 
147 193 20 24 0.07706386 
223 119 10 12 0.043572593 
0 92 8 15 0.042656567 
958 84 15 23 0.04259099 
923 275 16 19 0.039765045 
1012 60 10 16 0.038538665 
903 67 12 14 0.032605775 
990 116 14 18 0.029466039 
288 76 14 18 0.029135382 
-1 63 13 19 0.027762903 
678 61 21 29 0.026102498 
141 190 18 24 0.026084315 
990 94 16 18 0.026071992 
153 194 23 28 0.024777723 
273 65 21 28 0.024597969 
22 71 13 19 0.021368429 
860 115 12 18 0.021305729 
