2_Demonstration_Protesters_2_684
1151
950 475 24 28 0.9702833 
909 417 18 22 0.9604716 
773 413 15 19 0.9595721 
694 365 10 13 0.95194316 
206 373 12 14 0.9518018 
661 443 17 20 0.93521976 
852 573 52 61 0.93213457 
108 497 18 24 0.93006915 
737 435 16 21 0.9206363 
78 402 12 16 0.91972506 
870 431 21 25 0.91441756 
166 351 10 12 0.89446694 
649 349 10 13 0.8927622 
307 389 14 18 0.8905379 
615 420 13 16 0.8889801 
830 452 16 21 0.8847608 
681 545 22 29 0.82008225 
396 358 10 12 0.81332576 
398 328 8 10 0.79743296 
808 308 9 11 0.7954465 
739 378 12 15 0.77551115 
306 498 14 19 0.7679861 
232 424 14 18 0.7638621 
537 375 11 14 0.76094824 
365 375 9 12 0.7434376 
859 388 15 19 0.7247885 
372 354 10 13 0.72109526 
816 339 10 12 0.6955913 
524 427 12 16 0.6913499 
620 348 11 13 0.68508106 
854 363 13 16 0.67526525 
575 363 9 12 0.66863596 
570 343 9 12 0.6379396 
886 335 11 14 0.6212817 
958 272 7 10 0.6203909 
343 488 8 12 0.6103803 
478 318 8 10 0.5911362 
3 480 18 24 0.5839902 
335 333 9 12 0.58329827 
688 330 11 13 0.58162767 
647 329 9 12 0.5699071 
754 326 9 12 0.56045705 
420 342 9 12 0.5517792 
337 352 11 14 0.5495027 
881 480 25 41 0.54867166 
799 293 9 11 0.5388333 
294 318 8 11 0.535724 
380 334 9 11 0.5127342 
1005 311 12 14 0.50542206 
506 325 7 10 0.5050322 
448 375 9 11 0.5030594 
186 342 7 10 0.50010985 
428 459 13 15 0.48587924 
470 373 9 13 0.47789904 
611 477 16 18 0.47667357 
804 356 12 15 0.47244495 
839 309 9 11 0.4557328 
654 477 14 16 0.45473465 
308 307 10 12 0.44367486 
466 340 9 11 0.43272018 
591 315 7 11 0.42235488 
479 431 12 14 0.42137295 
393 301 7 9 0.41787848 
326 373 10 12 0.41249117 
994 331 8 12 0.40842262 
114 356 9 12 0.39935943 
442 324 9 11 0.39898062 
201 347 9 11 0.39601493 
208 325 8 10 0.3878768 
8 372 10 12 0.38782364 
377 293 8 10 0.37755778 
240 328 8 10 0.3694486 
39 360 9 12 0.36644503 
351 318 8 10 0.3611373 
830 325 11 13 0.3588651 
791 558 22 25 0.3587982 
209 305 8 10 0.35750985 
289 303 8 10 0.34746826 
336 319 8 10 0.3442544 
384 316 8 11 0.34072718 
564 466 16 20 0.33988276 
670 292 9 11 0.33582273 
694 388 13 16 0.33279246 
735 400 12 15 0.32590413 
144 317 8 11 0.32206804 
464 372 10 13 0.3210525 
849 296 7 9 0.30663425 
685 294 8 10 0.30265924 
94 366 10 13 0.29429618 
306 345 8 10 0.29224637 
360 434 12 14 0.29055855 
888 294 8 10 0.28832632 
121 344 9 11 0.28368402 
270 317 8 10 0.28179243 
310 325 7 10 0.2789057 
162 336 7 10 0.27030015 
727 342 11 15 0.2702028 
831 344 11 13 0.26968178 
413 295 7 9 0.2676987 
551 432 11 14 0.26164225 
991 273 8 9 0.2573031 
92 371 10 13 0.25700974 
146 335 8 11 0.24346478 
190 320 8 9 0.24169846 
574 321 8 10 0.23610389 
502 356 8 11 0.22920294 
453 309 8 10 0.22440949 
919 296 7 9 0.22268817 
730 295 7 9 0.21864748 
774 324 9 12 0.21771626 
931 357 15 19 0.21642533 
635 229 7 9 0.21572618 
693 301 9 11 0.21451353 
426 383 8 11 0.21236646 
93 328 9 11 0.20802033 
544 313 8 10 0.20729253 
430 302 7 9 0.20392501 
46 329 8 11 0.20105751 
1007 339 10 13 0.20082678 
457 327 7 10 0.20011626 
305 304 10 13 0.2000586 
850 412 17 23 0.20004189 
480 340 9 10 0.1955632 
277 383 9 12 0.19055401 
292 358 10 12 0.19010107 
365 406 9 11 0.18776175 
937 287 9 11 0.1867261 
832 285 8 10 0.18439198 
676 232 9 11 0.18261155 
6 333 9 12 0.18156628 
569 294 8 11 0.18115044 
906 284 8 10 0.17823192 
0 358 6 11 0.17764536 
231 305 8 9 0.17706834 
664 357 10 13 0.17542787 
344 399 8 10 0.17332315 
423 365 8 9 0.17318219 
555 435 10 13 0.1657386 
736 263 8 10 0.16446035 
598 352 7 10 0.16424266 
505 351 9 11 0.16412944 
546 351 9 13 0.1608872 
605 333 8 11 0.15913641 
13 329 9 10 0.15831383 
668 359 11 14 0.1561945 
720 406 12 14 0.1542662 
638 317 8 11 0.15391774 
233 310 7 9 0.15253365 
422 346 9 12 0.15242562 
639 206 6 8 0.15221134 
34 357 9 11 0.14958051 
358 328 8 10 0.14918742 
217 320 7 9 0.14676522 
639 293 8 10 0.14609845 
707 419 11 15 0.14023194 
1 486 41 62 0.13963577 
413 324 8 11 0.13942595 
707 293 8 11 0.13933599 
633 319 8 10 0.13914257 
456 304 8 10 0.13768807 
171 312 7 10 0.13701503 
135 340 8 11 0.13559705 
572 239 7 9 0.13465947 
614 209 8 10 0.13387313 
20 412 12 15 0.13369377 
614 300 7 10 0.13185973 
708 414 10 13 0.13157812 
115 305 6 9 0.13092354 
293 302 7 10 0.13056462 
855 295 7 9 0.12849216 
213 413 14 19 0.1266134 
509 349 7 10 0.12566347 
926 278 7 9 0.12485541 
440 341 8 10 0.12467843 
335 326 10 11 0.12086807 
192 277 7 10 0.119554356 
478 444 10 12 0.11953378 
252 335 8 10 0.117736846 
329 255 7 9 0.11743858 
936 292 9 12 0.116924465 
975 272 8 10 0.11639349 
429 297 7 9 0.116267666 
319 350 9 10 0.11501516 
728 303 8 10 0.11464179 
406 311 7 9 0.11434358 
551 317 7 10 0.114138916 
497 357 8 10 0.112620614 
936 483 24 29 0.11241569 
394 533 11 14 0.111996196 
293 325 9 11 0.11108104 
186 303 6 8 0.11093744 
948 505 17 21 0.11010218 
201 295 7 9 0.109133534 
59 598 28 51 0.10898727 
414 382 8 10 0.1087805 
219 295 6 9 0.10847457 
223 318 7 9 0.10754585 
601 372 9 11 0.10657392 
601 328 8 11 0.10581114 
446 294 7 9 0.10528751 
720 278 7 9 0.10353595 
602 318 7 9 0.102650784 
668 342 10 11 0.100956544 
224 364 8 11 0.10085518 
489 253 7 10 0.09977058 
986 393 17 21 0.099511616 
447 351 7 10 0.09919155 
510 230 8 9 0.09902005 
43 363 9 12 0.098914854 
678 364 9 12 0.098611064 
233 319 7 9 0.09830801 
750 396 13 15 0.096163 
600 301 7 10 0.09595395 
78 321 9 11 0.09541541 
218 261 8 10 0.095182024 
761 217 6 8 0.09429526 
868 309 9 11 0.09418203 
674 235 9 12 0.09410292 
361 333 9 11 0.093923494 
570 325 9 10 0.09322044 
773 309 9 11 0.09246393 
726 308 8 10 0.09234668 
317 364 9 11 0.09212026 
834 309 8 10 0.091970146 
669 409 12 15 0.091330096 
118 420 13 17 0.09108504 
837 342 9 13 0.09097879 
998 291 8 11 0.090638205 
605 328 9 11 0.09061833 
319 359 9 11 0.090551935 
624 296 6 9 0.09024834 
186 319 8 9 0.090085454 
31 324 7 10 0.09003985 
439 239 8 9 0.08959958 
824 294 8 9 0.08863284 
172 571 11 15 0.08858586 
381 294 8 9 0.088530555 
254 286 8 10 0.088460706 
633 324 8 10 0.08596701 
860 465 17 21 0.08596181 
217 288 7 9 0.084363416 
501 273 8 10 0.08429935 
630 367 10 12 0.08411726 
119 348 10 12 0.08381828 
825 288 7 10 0.08371838 
178 328 7 9 0.082045004 
583 439 12 15 0.08161926 
584 255 6 8 0.081574254 
534 341 8 11 0.08154552 
258 363 9 12 0.08088714 
638 365 10 12 0.08085881 
56 336 9 11 0.08052585 
400 285 7 10 0.07910907 
911 269 7 9 0.078276135 
193 273 8 10 0.078147285 
453 373 10 12 0.07758697 
614 262 7 9 0.0770358 
410 319 8 10 0.07666422 
653 254 8 10 0.07653468 
222 296 7 9 0.075670704 
463 300 8 10 0.07541801 
503 302 7 9 0.07538818 
547 395 11 14 0.07531091 
669 348 10 13 0.07531068 
367 310 8 10 0.07486334 
344 318 8 11 0.07481986 
641 313 8 10 0.07481205 
289 335 7 10 0.07473958 
944 231 7 9 0.073619045 
680 262 8 10 0.073598966 
951 296 8 9 0.07342691 
149 339 8 11 0.07330117 
25 320 7 10 0.072899304 
685 350 10 11 0.07240566 
942 248 7 9 0.07176336 
731 341 11 13 0.07145515 
375 395 9 12 0.07134227 
370 304 7 10 0.07121254 
345 404 10 12 0.07116213 
398 302 7 9 0.071131535 
455 416 9 11 0.0710828 
887 363 11 13 0.070738286 
162 273 7 8 0.07042116 
600 240 6 8 0.069918364 
281 303 7 10 0.06860745 
878 321 8 10 0.06855617 
278 329 8 10 0.06823239 
336 286 7 9 0.067549266 
600 277 7 8 0.06753204 
624 301 8 9 0.067215145 
353 295 6 9 0.06684697 
529 329 7 9 0.06667251 
464 263 7 9 0.06666668 
760 278 8 11 0.06651552 
281 310 7 9 0.06636346 
263 280 7 9 0.066192515 
310 255 7 9 0.06567623 
945 270 6 8 0.06545021 
165 334 7 10 0.06515118 
904 230 8 10 0.06469199 
639 326 9 11 0.064399794 
25 367 8 10 0.064309895 
213 304 8 10 0.06428666 
168 295 6 8 0.064106785 
616 297 7 10 0.06407127 
365 334 8 11 0.06388729 
941 333 9 12 0.063726574 
119 308 7 10 0.063359156 
695 231 7 9 0.0633411 
214 325 8 10 0.06321358 
225 302 7 9 0.06295117 
981 303 9 12 0.0629046 
511 345 7 10 0.06281739 
374 302 7 10 0.06208296 
610 301 8 10 0.06183009 
672 214 6 9 0.061668266 
449 289 7 9 0.061353233 
410 325 8 11 0.0611404 
71 319 8 11 0.06105886 
899 229 7 9 0.06069665 
870 303 8 10 0.06061118 
583 367 8 10 0.060569216 
831 238 7 9 0.06045949 
775 287 8 11 0.06035284 
720 347 11 14 0.060109142 
752 351 11 14 0.059907198 
468 336 9 11 0.059685104 
277 285 8 11 0.05955236 
250 287 7 10 0.059517663 
536 317 7 9 0.059299927 
536 422 10 13 0.059180953 
288 263 6 8 0.059030104 
599 355 8 10 0.058927793 
528 406 10 12 0.058557913 
713 333 9 10 0.05851828 
263 398 9 11 0.058289893 
410 215 6 8 0.05815245 
447 342 7 10 0.057885893 
511 225 7 10 0.056511756 
398 280 9 11 0.05607018 
398 353 9 11 0.055899292 
987 271 8 10 0.055345334 
802 223 7 10 0.055343438 
648 293 8 10 0.05524965 
769 238 7 9 0.055204332 
123 426 11 14 0.054981545 
442 262 7 9 0.05497813 
529 349 8 11 0.054794464 
490 222 7 9 0.05469132 
973 350 9 12 0.054682624 
687 248 7 10 0.054632183 
425 312 7 10 0.054599937 
290 327 8 10 0.05455494 
1013 253 10 16 0.054552577 
969 254 6 8 0.05379526 
593 273 7 9 0.05349756 
664 262 7 8 0.053106453 
354 324 8 11 0.052789792 
848 216 6 8 0.052770127 
337 396 9 11 0.052567396 
290 286 7 9 0.05255832 
337 313 7 8 0.052525993 
833 281 8 11 0.052295852 
982 294 7 10 0.052295003 
340 334 10 12 0.052086253 
142 387 9 13 0.052055657 
663 311 7 10 0.05184359 
465 348 10 11 0.051720627 
63 350 8 11 0.051638506 
845 309 8 12 0.051517364 
465 231 7 9 0.05118333 
824 310 8 10 0.050807077 
309 333 8 10 0.05078929 
624 327 8 9 0.050647255 
377 311 7 10 0.050249554 
345 293 7 9 0.04994366 
455 286 7 8 0.049891837 
938 247 7 10 0.049870625 
424 238 6 9 0.04981514 
24 373 10 12 0.049766976 
226 278 7 9 0.049709518 
240 447 12 15 0.049530756 
95 361 9 11 0.049486175 
896 303 8 10 0.049471732 
702 254 8 10 0.04945828 
480 314 7 9 0.04941978 
743 341 9 11 0.04939555 
529 359 8 10 0.04927516 
465 224 7 8 0.049222227 
902 301 8 10 0.049161986 
610 262 6 9 0.049076874 
418 338 8 10 0.048868097 
241 280 7 9 0.048568774 
369 421 10 13 0.04851156 
482 271 6 9 0.048497055 
702 247 8 10 0.04825918 
630 343 8 11 0.04814101 
530 333 7 10 0.047811594 
677 159 8 11 0.04760395 
799 278 7 8 0.047549285 
687 389 14 16 0.047507256 
346 232 6 8 0.04750206 
605 469 16 18 0.04748461 
533 350 9 12 0.04744072 
121 384 9 10 0.047414694 
984 431 25 31 0.04731417 
657 206 7 10 0.047066517 
497 311 7 9 0.047028143 
537 313 7 10 0.047025964 
532 427 10 14 0.04676903 
849 223 6 8 0.046742618 
604 394 14 16 0.04667461 
25 324 8 10 0.046512812 
272 326 10 12 0.046322215 
567 300 8 10 0.04620144 
185 297 6 9 0.046078913 
458 262 6 8 0.04603216 
409 382 8 10 0.04589479 
461 326 8 10 0.045868672 
679 359 10 12 0.04579884 
226 246 6 9 0.045700267 
727 230 8 9 0.045685235 
392 389 9 12 0.04567934 
752 296 8 10 0.04553221 
400 231 7 9 0.045441415 
602 256 6 8 0.045293983 
910 231 8 9 0.045277614 
312 295 8 9 0.04525371 
690 231 7 9 0.045196533 
382 279 7 10 0.045075648 
312 288 7 8 0.045069072 
46 493 16 24 0.0449268 
534 206 8 10 0.04488121 
352 342 7 10 0.04479028 
616 286 6 8 0.044672087 
863 294 7 9 0.044592068 
57 302 8 10 0.044486873 
762 222 6 9 0.044428114 
382 288 8 11 0.044387944 
876 325 9 11 0.04427508 
593 302 7 9 0.044213135 
530 343 8 11 0.044201046 
238 321 9 10 0.044193756 
574 288 7 9 0.044175126 
728 207 6 8 0.044162918 
942 295 8 10 0.04412172 
821 455 15 19 0.04410667 
974 276 8 11 0.043926544 
782 374 11 13 0.043921724 
654 263 7 10 0.043740936 
773 347 9 13 0.043735176 
306 280 7 8 0.04365831 
310 400 12 15 0.043441042 
363 271 7 8 0.04334301 
633 313 7 9 0.04333287 
942 328 9 11 0.04327973 
742 311 8 10 0.04320608 
560 333 8 10 0.043176018 
617 281 6 8 0.04300445 
834 424 16 19 0.042884 
94 319 8 10 0.042640142 
296 406 8 11 0.042634573 
425 327 7 9 0.04259486 
605 403 13 16 0.042580996 
471 297 6 9 0.04243108 
649 270 7 9 0.042425286 
720 274 8 9 0.04238646 
448 304 8 9 0.042090826 
224 313 8 9 0.042066045 
536 201 7 8 0.041949563 
798 359 14 18 0.041835096 
905 215 6 8 0.041687515 
669 336 9 10 0.04160201 
442 303 7 9 0.041559033 
383 271 7 9 0.04151073 
534 336 8 11 0.041477315 
754 199 6 8 0.041412987 
240 254 7 8 0.041377384 
222 348 8 11 0.04136085 
288 307 8 11 0.041096274 
656 248 7 9 0.04076345 
294 286 7 9 0.04060535 
455 280 8 9 0.04058195 
421 418 10 13 0.040581208 
587 312 8 11 0.04048907 
455 333 8 10 0.040477168 
720 318 8 11 0.04044372 
923 278 6 9 0.040347267 
138 318 8 11 0.040310025 
506 231 7 9 0.0402937 
198 273 7 9 0.040244404 
334 281 7 9 0.04023669 
497 320 6 8 0.04014738 
191 263 6 8 0.040121574 
62 341 8 11 0.04005041 
901 350 9 12 0.039980292 
472 215 6 8 0.039864995 
432 319 7 9 0.03983652 
498 303 8 10 0.039623123 
5 339 9 12 0.039372176 
416 390 8 9 0.039365467 
888 299 9 11 0.03915882 
896 357 11 14 0.039139595 
114 413 14 19 0.03909056 
184 347 9 12 0.0390426 
334 338 11 12 0.03903017 
431 286 7 9 0.039022554 
358 294 7 9 0.038985536 
98 249 6 8 0.038949482 
592 296 6 8 0.038897365 
700 395 12 16 0.038730204 
862 318 9 11 0.038639937 
241 286 7 9 0.038637012 
199 277 6 9 0.038507853 
666 215 7 9 0.038486656 
751 247 6 8 0.03846692 
693 182 7 9 0.03839497 
581 328 8 10 0.03812972 
327 350 8 11 0.038125258 
760 256 7 8 0.03812296 
465 239 7 9 0.038113996 
416 301 6 9 0.038020186 
343 342 9 11 0.037849773 
294 312 9 10 0.03780739 
703 382 11 14 0.03775336 
311 348 7 11 0.03764792 
344 290 6 8 0.037626624 
709 404 11 14 0.037498426 
46 437 14 18 0.037479896 
760 283 8 10 0.037444845 
504 345 7 9 0.037437994 
143 351 9 12 0.03729166 
472 278 6 8 0.037282836 
947 488 24 31 0.037207182 
377 329 8 10 0.037196252 
158 396 9 12 0.03719076 
972 370 16 19 0.03716578 
974 288 8 9 0.03713935 
974 253 7 9 0.037124436 
897 225 7 8 0.037118286 
186 278 7 9 0.03707608 
348 400 8 10 0.03703713 
366 399 10 11 0.037026454 
809 156 7 10 0.03690208 
818 217 6 8 0.036663584 
573 347 9 12 0.036654815 
533 405 10 12 0.036558144 
393 351 9 11 0.036556788 
184 249 7 9 0.03653822 
426 280 7 9 0.036480103 
625 334 8 9 0.03644391 
617 318 8 9 0.036382172 
977 294 8 10 0.036292017 
407 390 7 9 0.03628397 
654 295 8 11 0.036226615 
96 387 12 15 0.036179926 
328 296 7 8 0.036128167 
809 278 7 9 0.036030553 
665 256 7 10 0.036025513 
710 343 8 10 0.03595976 
201 254 7 9 0.035956956 
729 272 7 9 0.035950214 
87 294 7 9 0.035950106 
41 342 8 10 0.035949465 
457 256 7 9 0.035923135 
847 300 9 12 0.035890378 
332 407 10 13 0.03587329 
490 217 6 9 0.03582393 
190 312 7 9 0.035654984 
431 311 8 10 0.035654347 
472 223 7 8 0.03552237 
202 302 8 10 0.03543776 
534 327 8 9 0.03539904 
806 224 7 9 0.03537708 
367 327 8 10 0.035300095 
213 309 8 10 0.03528032 
111 326 7 10 0.035269696 
749 479 18 21 0.035208788 
826 325 10 13 0.03516804 
278 281 8 10 0.035134953 
584 278 7 8 0.0350146 
464 320 7 9 0.03500507 
189 304 7 9 0.034965098 
609 288 7 8 0.034840997 
854 459 18 22 0.03481098 
296 382 10 12 0.034783565 
110 397 10 12 0.03476374 
994 293 9 11 0.034744307 
393 332 9 11 0.034734387 
416 280 7 8 0.03470265 
191 337 8 10 0.034617092 
697 254 9 10 0.03457741 
890 191 6 8 0.034521706 
696 239 7 9 0.034470588 
729 390 10 12 0.03446602 
975 342 9 12 0.03435505 
520 240 6 8 0.034266382 
43 328 8 10 0.03425722 
288 342 7 9 0.034236226 
635 206 6 9 0.034209356 
593 344 8 10 0.034207087 
711 443 13 15 0.034177955 
266 303 7 9 0.034160532 
768 223 6 9 0.034097534 
727 222 8 10 0.03407421 
585 295 7 9 0.03406531 
1014 247 8 12 0.034046642 
602 478 21 23 0.034029618 
218 417 15 19 0.03402905 
830 294 8 9 0.033991314 
599 247 7 8 0.033887494 
572 397 10 12 0.033854935 
679 381 11 13 0.033674214 
922 239 7 9 0.033637755 
352 336 8 10 0.033634502 
305 287 7 9 0.033475813 
446 262 7 8 0.033449244 
839 271 7 9 0.033427265 
381 339 10 11 0.033406522 
425 317 8 9 0.03340499 
734 268 8 10 0.03328982 
160 294 7 9 0.033265382 
1011 190 10 13 0.033263113 
466 270 7 9 0.033187497 
185 311 8 9 0.033121042 
663 247 7 9 0.0330945 
893 363 11 14 0.033062365 
935 255 7 9 0.032836474 
654 327 9 11 0.032788184 
736 318 8 11 0.032729167 
872 295 8 10 0.03267473 
690 200 7 10 0.032658715 
72 324 9 11 0.032553174 
202 326 7 9 0.032517508 
607 278 6 8 0.032503176 
271 302 7 9 0.03244845 
705 288 8 10 0.032379914 
623 318 8 9 0.032373965 
186 264 6 7 0.032364994 
407 224 6 8 0.032360185 
330 287 7 9 0.03227789 
391 343 8 11 0.032206602 
585 233 6 8 0.032141596 
823 262 6 9 0.032130383 
498 343 7 8 0.031990144 
795 118 7 9 0.031987112 
153 294 8 9 0.031967163 
376 341 10 11 0.031958915 
377 262 7 9 0.031860266 
624 312 7 9 0.031851638 
434 224 6 8 0.031667307 
246 328 9 11 0.031578377 
398 297 7 9 0.031562626 
656 301 8 9 0.031262707 
659 240 7 9 0.031225055 
952 544 28 35 0.0312233 
166 278 7 9 0.031214079 
301 382 12 15 0.031125117 
447 335 8 10 0.031083133 
237 412 11 15 0.031078447 
570 289 8 10 0.031067118 
192 288 7 8 0.030841397 
173 316 8 10 0.030797416 
590 368 8 10 0.03078235 
382 329 8 10 0.030713446 
815 278 7 8 0.030624334 
558 318 7 9 0.030584283 
512 239 7 9 0.030580105 
503 374 8 10 0.030566229 
362 310 7 10 0.030547334 
505 239 7 9 0.030453376 
770 325 8 11 0.030429954 
510 357 8 10 0.030403009 
342 374 9 12 0.030349081 
840 231 6 8 0.030313205 
193 325 7 9 0.03020362 
330 320 7 9 0.030172456 
742 367 12 15 0.030160975 
921 231 7 9 0.030127842 
887 271 7 10 0.030104918 
600 475 15 18 0.030031713 
198 357 9 11 0.029986603 
233 263 7 8 0.02998313 
343 507 11 16 0.029911803 
893 295 8 11 0.02989749 
785 241 7 9 0.029893106 
650 264 8 10 0.029888848 
144 407 11 13 0.029791554 
714 277 7 9 0.029766558 
126 270 7 9 0.029763974 
398 240 7 8 0.029750938 
756 418 12 16 0.029665641 
40 304 7 9 0.029622441 
89 351 8 10 0.029615646 
817 273 6 8 0.029601041 
312 240 6 8 0.029559799 
605 412 13 14 0.02955878 
712 272 8 9 0.029554518 
272 296 7 9 0.029498132 
991 303 9 10 0.029491171 
281 264 7 8 0.029474948 
162 277 7 9 0.029465154 
431 326 8 9 0.029446408 
618 344 9 12 0.029328039 
461 430 9 12 0.029283157 
610 396 13 15 0.02926821 
880 216 6 8 0.029259555 
606 357 9 11 0.029197734 
194 237 8 9 0.02914646 
793 278 7 9 0.029122505 
804 294 8 11 0.029111154 
315 389 11 15 0.029085685 
56 349 9 12 0.028994882 
873 320 8 11 0.02895767 
191 348 9 11 0.028956551 
73 358 9 12 0.028955538 
238 309 7 10 0.028882258 
426 286 7 9 0.0288633 
521 329 7 9 0.028846316 
641 271 7 9 0.028837597 
741 263 8 10 0.028807482 
360 224 6 7 0.028752876 
124 346 9 12 0.028650666 
289 298 7 9 0.028649673 
680 326 10 12 0.028636906 
496 353 8 10 0.02844725 
629 349 9 12 0.028443567 
559 461 14 19 0.028413055 
497 336 7 9 0.028317867 
559 239 7 10 0.028315995 
687 342 10 12 0.028313138 
960 294 8 10 0.02825752 
679 214 7 9 0.028252227 
102 335 8 10 0.028188078 
442 351 8 10 0.028187122 
969 288 8 10 0.02818613 
688 309 10 12 0.028183818 
117 363 10 12 0.028156158 
542 420 8 12 0.02815445 
928 295 9 11 0.028151572 
552 374 8 11 0.028094487 
865 303 8 11 0.02808378 
858 319 8 10 0.028054545 
696 224 7 10 0.02804415 
639 359 10 12 0.02802471 
728 319 8 11 0.02801688 
855 301 8 11 0.027962018 
293 334 8 9 0.02794528 
466 216 6 7 0.027940882 
32 310 6 9 0.027940731 
329 326 8 10 0.027940538 
208 263 7 9 0.027917042 
678 388 12 16 0.027905645 
607 342 7 9 0.027875915 
564 483 13 16 0.02783402 
328 341 8 11 0.027808964 
405 511 11 17 0.027785284 
376 382 9 10 0.027778134 
399 389 9 11 0.027762076 
389 317 8 10 0.027749283 
823 217 6 8 0.027611682 
855 309 8 10 0.027571868 
594 240 6 7 0.027567174 
662 206 8 10 0.027535545 
580 446 14 20 0.027492445 
610 389 12 14 0.027479686 
818 223 6 8 0.027435109 
985 254 7 10 0.027408397 
225 273 7 9 0.027387535 
631 359 9 11 0.027385434 
295 352 8 10 0.027325682 
343 392 8 11 0.027284345 
662 317 8 10 0.027248427 
658 311 8 10 0.027148502 
754 400 14 18 0.027093368 
410 375 8 11 0.027090937 
520 215 6 8 0.026985427 
486 271 7 9 0.026981482 
896 308 8 10 0.026934166 
632 272 6 8 0.026931943 
408 303 8 9 0.026924832 
312 247 7 9 0.026908236 
13 379 11 14 0.026890708 
560 358 8 10 0.026883638 
570 246 6 8 0.02686979 
579 255 6 8 0.026815694 
165 272 7 9 0.026795728 
414 376 7 10 0.02679052 
399 271 8 10 0.026788928 
758 198 7 9 0.026777396 
351 301 7 9 0.026729694 
62 336 7 10 0.026723882 
424 387 9 11 0.026706548 
1000 256 8 10 0.02668625 
353 358 8 11 0.026668208 
817 295 8 9 0.026655314 
136 350 9 11 0.026646348 
434 239 8 9 0.026643466 
905 208 6 9 0.026639825 
770 231 7 9 0.026628891 
736 280 7 9 0.026586369 
175 254 6 8 0.026579779 
818 288 7 9 0.026578644 
535 239 7 9 0.026571034 
430 280 7 10 0.026570454 
682 288 9 11 0.026562316 
350 233 7 8 0.02654999 
827 239 6 8 0.026477031 
928 255 8 10 0.026469626 
594 248 6 8 0.026412738 
737 286 7 10 0.02640009 
681 247 8 10 0.026359184 
514 214 6 9 0.026329145 
790 309 9 11 0.0263205 
698 247 8 10 0.02631371 
361 289 6 8 0.026239054 
218 349 8 11 0.026218422 
67 320 6 9 0.026217436 
321 295 7 9 0.02620685 
458 296 7 10 0.026183482 
378 272 6 8 0.026179476 
240 304 8 10 0.026173186 
9 511 31 32 0.026166076 
431 378 8 10 0.026131496 
294 388 11 14 0.026054839 
812 303 9 13 0.026038384 
149 319 7 9 0.02598097 
871 223 7 8 0.025964819 
636 370 11 14 0.025953777 
414 215 7 8 0.025940906 
518 373 9 12 0.025935646 
937 281 8 10 0.025929676 
654 269 7 9 0.025916873 
945 300 8 11 0.025892153 
796 340 11 13 0.02586403 
176 304 6 9 0.025859125 
610 212 8 10 0.025808861 
40 310 7 10 0.025807176 
776 230 6 9 0.0257739 
23 397 10 12 0.025749706 
616 327 7 9 0.025685295 
463 378 10 13 0.025679916 
873 332 9 12 0.025661431 
815 451 15 20 0.025651047 
643 332 9 11 0.025643682 
352 273 6 8 0.025634332 
746 246 7 9 0.025574706 
231 273 7 8 0.025572687 
645 363 10 13 0.025539225 
260 565 12 15 0.025495665 
377 317 8 10 0.025486877 
127 265 8 9 0.025480807 
760 272 8 10 0.025480134 
733 388 12 15 0.025425099 
390 312 8 11 0.025412802 
896 207 6 8 0.025388967 
600 232 7 8 0.025362905 
65 325 7 10 0.025343081 
657 319 8 10 0.025290748 
415 289 7 9 0.025286237 
416 360 8 9 0.025280336 
753 331 9 12 0.025182012 
888 206 7 9 0.025175564 
926 239 7 9 0.025174756 
176 334 7 10 0.025168397 
664 350 11 13 0.0251454 
481 233 7 8 0.025137816 
182 326 7 9 0.025065035 
690 206 7 9 0.025060091 
258 281 7 9 0.02505383 
873 217 6 8 0.025024906 
394 363 10 12 0.025015157 
717 328 9 11 0.024978299 
485 342 7 10 0.024916504 
240 250 6 8 0.024893392 
505 248 6 8 0.024782138 
647 289 7 9 0.024678333 
680 319 9 11 0.024648441 
722 207 7 9 0.024620302 
193 358 9 12 0.024606701 
206 296 7 9 0.024568595 
976 308 10 12 0.024506142 
592 255 6 8 0.024493175 
95 254 7 9 0.024480604 
669 300 10 11 0.024468519 
714 499 17 20 0.02445735 
744 326 8 10 0.024436386 
330 412 10 13 0.024432747 
51 414 11 13 0.024396313 
441 288 7 9 0.024386475 
231 278 6 9 0.024375655 
599 193 7 9 0.024370065 
793 334 9 13 0.02436986 
693 342 9 11 0.024360271 
488 311 7 9 0.02434377 
362 279 6 8 0.024340928 
439 311 7 10 0.02433278 
693 307 10 12 0.024327122 
25 359 8 11 0.024319077 
634 294 7 9 0.024301626 
797 334 10 13 0.024282772 
349 502 10 14 0.024231162 
402 224 7 9 0.024230475 
456 320 8 10 0.024145152 
665 336 9 11 0.024096709 
570 359 8 11 0.024076363 
729 183 6 8 0.024071509 
722 224 7 9 0.023988679 
223 344 8 11 0.023913225 
416 365 8 11 0.023904901 
865 224 7 9 0.02388824 
638 226 7 9 0.02386918 
761 261 7 9 0.023798423 
530 288 7 9 0.02378972 
288 351 8 11 0.023768974 
506 225 7 9 0.02375768 
336 304 7 9 0.023744235 
470 272 7 9 0.023726985 
311 272 7 8 0.023722485 
727 216 7 9 0.023674289 
169 255 7 8 0.023652233 
942 340 10 13 0.023648052 
320 435 10 13 0.023618765 
295 297 7 9 0.023618463 
368 318 8 10 0.023616757 
104 395 11 15 0.023616277 
193 295 6 9 0.023558378 
783 230 6 8 0.023498913 
319 344 9 11 0.023465553 
585 273 6 8 0.023463674 
703 240 7 9 0.023455458 
593 357 7 9 0.023430498 
55 357 8 11 0.023407994 
708 381 12 16 0.023381991 
454 272 8 10 0.023380203 
864 289 6 9 0.023370907 
672 248 7 9 0.023342941 
199 321 8 9 0.023341365 
559 328 9 10 0.023320872 
442 258 7 9 0.023316897 
816 326 9 11 0.02328171 
721 286 8 10 0.023250405 
530 295 7 9 0.023241486 
599 345 8 9 0.023152139 
728 248 7 10 0.023147691 
473 326 7 10 0.023135763 
736 207 5 8 0.023100603 
360 341 8 10 0.023079144 
811 357 10 14 0.023071866 
338 382 9 11 0.023070235 
319 488 10 12 0.023042532 
334 374 9 12 0.023035398 
120 388 11 13 0.023029452 
559 247 8 9 0.023016553 
856 216 6 8 0.02298387 
690 239 7 9 0.022945065 
357 358 9 11 0.022919618 
74 311 7 9 0.022903025 
160 319 7 9 0.02288261 
728 254 7 9 0.0228798 
149 349 9 12 0.022836247 
480 351 8 10 0.022830617 
453 380 10 13 0.022808906 
527 410 11 14 0.022789856 
944 265 7 9 0.02277161 
550 423 11 14 0.022760184 
530 207 8 9 0.02275949 
922 273 7 9 0.022758493 
345 312 7 9 0.0227524 
313 360 9 11 0.022726111 
14 420 12 15 0.022702344 
103 248 7 9 0.022702303 
575 234 7 9 0.022670183 
560 453 11 16 0.022584159 
616 257 6 9 0.02256847 
96 341 8 10 0.022565776 
342 382 8 10 0.022558877 
320 380 10 14 0.022551225 
1011 378 11 16 0.022519981 
819 335 10 13 0.022512894 
620 416 13 16 0.022500042 
853 352 11 13 0.022486601 
735 302 7 10 0.022484297 
337 491 10 12 0.022473525 
550 405 9 11 0.022465063 
266 311 8 10 0.022443755 
180 408 11 15 0.022431934 
273 332 9 12 0.02241628 
775 239 7 8 0.022400647 
207 255 7 9 0.022399552 
112 362 11 14 0.022378385 
609 296 7 10 0.022372492 
320 320 7 9 0.02233031 
495 217 6 9 0.022307724 
743 285 7 9 0.02230157 
99 365 9 12 0.0222598 
489 352 7 9 0.022254383 
710 289 8 10 0.02224234 
942 279 7 10 0.022219453 
837 286 7 10 0.022201218 
758 296 8 12 0.02218038 
126 365 9 11 0.022140577 
591 289 7 9 0.022130283 
544 327 8 10 0.022128586 
305 320 8 10 0.022124268 
684 413 13 16 0.02211941 
231 383 9 11 0.022064064 
833 233 7 9 0.02205702 
744 239 6 9 0.022054309 
780 324 10 13 0.022027636 
584 303 8 9 0.02200861 
584 250 6 8 0.021998087 
111 335 7 9 0.02197664 
753 240 6 9 0.02197309 
273 264 6 8 0.021941926 
935 262 7 9 0.02194006 
235 326 8 10 0.021937223 
967 293 8 10 0.021934558 
358 254 7 9 0.021926317 
70 350 8 12 0.021905007 
672 279 7 9 0.021875747 
782 261 7 9 0.021862905 
111 321 8 10 0.021826776 
612 403 11 14 0.021813035 
782 335 8 10 0.021783518 
663 223 7 9 0.02177507 
737 246 7 9 0.021763826 
185 254 7 9 0.021758629 
711 348 10 13 0.021746753 
177 271 6 8 0.021713752 
328 302 7 10 0.02169066 
177 265 6 8 0.021678954 
248 294 8 9 0.021675577 
860 340 10 12 0.021668216 
90 334 8 10 0.021657536 
439 244 8 10 0.021642948 
824 222 6 8 0.02163944 
431 420 9 12 0.021627808 
617 312 8 9 0.021604802 
353 216 7 8 0.02156172 
866 230 7 9 0.021552859 
882 208 6 8 0.021550234 
735 324 9 12 0.021546649 
850 356 12 16 0.021529045 
39 319 7 9 0.021518042 
533 358 8 10 0.021514269 
681 279 8 10 0.021481728 
559 256 7 8 0.021479994 
494 222 7 9 0.021460159 
408 333 8 10 0.021436205 
372 405 9 12 0.02143517 
311 279 7 9 0.02140177 
719 182 7 9 0.021366494 
357 319 9 11 0.021366443 
94 382 11 14 0.021357283 
985 350 8 12 0.021349551 
511 381 8 11 0.021344922 
942 236 8 11 0.02134013 
606 351 8 11 0.021274893 
759 239 8 9 0.021221466 
728 278 7 9 0.02121889 
543 403 10 13 0.02120702 
442 272 6 8 0.021179207 
711 367 9 12 0.021172797 
1010 258 9 13 0.02114272 
513 367 8 10 0.021098632 
720 262 7 9 0.021094568 
902 320 9 12 0.021079978 
586 442 13 18 0.02106797 
777 256 8 10 0.02106021 
776 225 7 9 0.02105685 
529 364 8 11 0.021048803 
929 247 7 9 0.021032251 
464 359 8 10 0.021031702 
544 232 7 8 0.021031613 
800 215 7 10 0.02102161 
433 341 8 11 0.021007765 
464 256 7 9 0.021005789 
146 271 7 8 0.020974275 
123 247 6 8 0.020974206 
606 273 7 9 0.020970251 
255 292 9 11 0.020969663 
286 389 10 13 0.020956676 
704 279 7 9 0.020913076 
440 222 7 9 0.020893829 
680 268 9 10 0.020883927 
672 210 7 9 0.020873921 
73 364 9 12 0.02082985 
616 271 7 8 0.02082425 
475 437 10 13 0.020807004 
294 281 7 9 0.020790061 
881 294 8 11 0.020769762 
843 215 5 8 0.020756725 
231 297 7 9 0.020750238 
336 295 7 8 0.020744178 
800 273 6 9 0.020743536 
705 300 9 11 0.020742206 
528 381 9 13 0.020680899 
151 271 6 8 0.020675445 
102 296 7 9 0.020665618 
889 254 7 9 0.020643882 
223 289 7 9 0.020637818 
367 341 8 11 0.020633316 
170 239 6 9 0.0206298 
398 246 8 9 0.020629603 
198 233 7 9 0.020624885 
808 230 7 9 0.020609025 
351 351 8 11 0.020608798 
618 247 6 8 0.020565208 
728 336 10 13 0.020545917 
626 271 6 8 0.020533636 
167 329 7 9 0.02052589 
247 272 7 9 0.02052303 
441 216 6 8 0.020505471 
888 279 7 8 0.020484257 
839 316 9 11 0.020466002 
631 303 8 10 0.020457296 
558 312 8 10 0.020456215 
534 415 11 13 0.020446673 
378 279 7 9 0.020443369 
767 216 6 9 0.020398002 
30 365 9 11 0.020369707 
98 295 7 9 0.020360105 
626 288 6 8 0.020337759 
391 396 9 12 0.02033489 
810 334 9 13 0.02029924 
320 280 7 8 0.020285731 
446 389 8 11 0.020282935 
362 399 8 10 0.020267079 
470 263 7 9 0.020259712 
738 240 7 8 0.020254217 
633 288 7 9 0.02023973 
1014 326 9 13 0.020214826 
341 427 11 14 0.020196024 
409 367 8 10 0.020193398 
78 311 8 9 0.020169165 
331 280 6 8 0.020152677 
891 493 21 39 0.020125495 
513 209 7 8 0.020122457 
215 280 7 9 0.020112857 
344 303 8 9 0.020110456 
552 326 7 9 0.020101247 
670 311 9 10 0.020087438 
583 335 7 9 0.020071272 
178 205 8 10 0.020067608 
50 442 13 18 0.020062834 
886 232 7 9 0.020046046 
446 398 8 11 0.020042783 
713 230 7 8 0.020012738 
723 215 6 9 0.020010477 
178 215 7 9 0.02000399 
