2_Demonstration_Demonstration_Or_Protest_2_368
93
735 217 30 37 0.99611664 
644 230 17 23 0.97300816 
609 239 22 27 0.96832263 
374 223 16 22 0.954305 
881 240 20 33 0.95403755 
4 217 16 18 0.9030347 
35 249 15 17 0.9020427 
299 233 15 20 0.88730145 
427 229 11 15 0.7791703 
174 242 14 17 0.7604699 
978 262 20 25 0.71517646 
519 221 16 19 0.7036604 
954 276 15 19 0.6315596 
561 240 16 20 0.56950617 
458 237 13 17 0.53360623 
73 232 10 13 0.42307502 
152 220 11 12 0.39600736 
207 244 14 16 0.35759893 
94 231 12 15 0.34327915 
150 237 9 14 0.34262538 
86 215 9 11 0.2572825 
1008 256 13 17 0.2507554 
54 211 9 12 0.24358778 
723 238 15 19 0.23932374 
976 257 14 20 0.23443891 
573 222 17 20 0.20181763 
128 208 9 11 0.17452937 
455 230 11 17 0.1405512 
775 248 14 18 0.11708875 
868 250 14 20 0.11218568 
507 245 16 19 0.11083669 
687 259 19 20 0.08937616 
949 269 12 16 0.08769065 
828 243 10 13 0.08361778 
56 230 11 14 0.08313541 
50 208 9 12 0.075508624 
69 213 10 12 0.07482746 
156 237 12 16 0.06435493 
568 242 15 19 0.06406783 
42 247 15 19 0.0608528 
403 205 12 17 0.05847026 
164 226 11 14 0.058117606 
460 244 17 21 0.056698017 
157 226 12 16 0.054278266 
586 247 16 18 0.05160218 
151 229 12 16 0.050599724 
6 267 14 22 0.048446056 
98 227 13 17 0.04639173 
666 261 14 17 0.044900447 
828 206 9 12 0.044208985 
216 229 10 13 0.042704985 
188 228 12 15 0.042046435 
861 254 15 21 0.03914459 
101 222 13 15 0.038699213 
1005 232 17 24 0.037124325 
131 213 10 13 0.036741003 
64 213 9 11 0.03645678 
96 224 11 14 0.03557914 
43 228 14 16 0.03386762 
132 220 10 14 0.033812348 
176 223 9 12 0.033498842 
329 301 9 12 0.031975143 
286 243 12 15 0.031820256 
82 214 9 11 0.03170584 
90 234 11 15 0.030841844 
54 234 12 15 0.029584952 
726 230 25 30 0.028901156 
182 227 12 15 0.028757052 
550 235 13 16 0.02857233 
169 277 14 16 0.028355703 
211 238 14 17 0.028108027 
949 265 9 12 0.028075997 
198 209 13 17 0.027619824 
166 237 12 15 0.027606536 
203 248 21 26 0.027487768 
553 224 9 11 0.027326312 
968 253 12 19 0.02670127 
552 228 10 14 0.025659619 
63 223 8 12 0.024305863 
293 236 16 22 0.024200639 
597 244 13 17 0.023877883 
420 241 13 17 0.02385133 
475 243 14 17 0.02317116 
109 226 14 16 0.023160744 
200 244 13 15 0.023066064 
56 223 11 14 0.02229854 
573 231 20 25 0.02158938 
326 252 12 14 0.021244992 
145 220 11 14 0.02081286 
220 231 11 15 0.02054366 
676 260 12 16 0.020331848 
81 221 10 13 0.0203196 
447 236 12 17 0.020057492 
