2_Demonstration_Demonstration_Or_Protest_2_606
59
217 296 45 61 0.9991732 
903 263 56 64 0.9990791 
765 257 60 65 0.99853814 
635 243 57 63 0.9984976 
186 247 30 38 0.99673414 
712 259 35 43 0.996479 
43 252 45 50 0.9959513 
828 238 35 44 0.9949668 
744 274 34 47 0.99233866 
218 240 39 45 0.9891704 
543 300 84 117 0.9883773 
333 281 82 106 0.98666334 
505 237 40 69 0.9829972 
6 279 38 45 0.97394186 
708 221 23 27 0.96309394 
446 222 35 51 0.95554703 
106 303 47 50 0.94567007 
288 235 24 35 0.94565225 
149 256 24 28 0.8596894 
997 282 27 50 0.7942118 
312 230 36 44 0.74990106 
115 238 20 30 0.40157604 
729 259 42 53 0.30111954 
298 228 34 48 0.28634065 
880 310 31 39 0.28139338 
80 233 28 35 0.16113104 
615 204 11 14 0.15412508 
97 232 27 36 0.13038258 
51 212 11 14 0.10055402 
459 228 46 60 0.09939326 
630 196 8 11 0.08278797 
425 215 9 12 0.07934643 
124 291 34 37 0.07198554 
699 226 22 28 0.061553698 
978 157 9 12 0.059001025 
73 242 32 43 0.04863717 
318 234 46 60 0.048060827 
259 203 25 30 0.047878377 
963 239 14 19 0.045822993 
0 251 12 22 0.041991048 
56 219 11 13 0.04167676 
715 226 25 31 0.041527096 
623 236 30 43 0.03935659 
732 236 18 21 0.03528618 
367 233 44 53 0.034724876 
947 231 28 34 0.03226662 
332 253 54 67 0.031372298 
694 229 15 22 0.0313021 
687 203 11 13 0.029843947 
148 243 18 19 0.029666295 
890 276 46 58 0.028027859 
241 241 32 34 0.027504427 
263 163 14 16 0.027004313 
883 290 28 43 0.026023904 
204 236 36 48 0.025568772 
25 270 34 43 0.02496608 
755 267 42 55 0.023525244 
77 231 19 25 0.020218631 
1011 229 13 21 0.02007783 
