2_Demonstration_Protesters_2_65
21
559 248 62 86 0.9995085 
934 317 44 62 0.9953988 
732 214 74 104 0.99517125 
320 294 34 45 0.98986065 
271 273 31 41 0.98810893 
127 295 30 41 0.98659766 
168 273 39 52 0.9494155 
98 326 24 33 0.6914501 
279 320 32 39 0.6682588 
225 270 25 31 0.25789982 
55 306 25 32 0.15327385 
77 263 39 53 0.1435507 
0 298 21 51 0.07833071 
993 281 28 36 0.052806415 
432 327 25 39 0.03812181 
158 282 31 42 0.028263196 
411 342 26 32 0.0260542 
95 269 38 52 0.023958523 
209 256 29 37 0.02082137 
227 233 25 32 0.02080583 
56 312 39 47 0.020143388 
