2_Demonstration_Protesters_2_563
31
813 309 112 121 0.99953854 
669 167 28 38 0.99918133 
725 242 66 89 0.9989213 
819 187 32 39 0.99881184 
565 220 30 38 0.99869823 
873 210 64 76 0.9983754 
392 188 68 98 0.9972633 
633 184 27 37 0.997045 
227 254 38 49 0.9961761 
99 242 88 103 0.99596256 
664 249 49 68 0.99535036 
300 233 27 31 0.9927303 
237 213 25 32 0.9914101 
498 183 26 31 0.80722487 
772 199 30 31 0.7861118 
984 207 34 37 0.41857117 
-1 172 69 152 0.27472183 
64 286 28 37 0.055769052 
61 277 41 64 0.045150027 
457 261 44 62 0.042616315 
494 179 42 50 0.03963886 
524 283 38 50 0.037350353 
620 46 23 28 0.03471882 
638 251 43 58 0.029000543 
73 292 16 21 0.026259668 
82 263 65 80 0.02536123 
612 30 11 15 0.024252446 
637 447 43 40 0.023073446 
419 217 54 74 0.021688858 
484 203 14 19 0.021526178 
777 259 51 66 0.0209943 
