2_Demonstration_Protesters_2_260
23
709 55 118 147 0.9992392 
112 178 105 128 0.99890995 
580 113 86 107 0.9972058 
949 197 18 24 0.8342779 
321 170 99 121 0.4630463 
10 307 24 29 0.3949674 
459 182 30 33 0.30536228 
416 183 32 44 0.2765732 
988 473 23 30 0.1782181 
991 228 27 33 0.14246392 
9 316 30 36 0.068885006 
977 158 22 31 0.05766299 
933 209 16 20 0.04192882 
939 201 18 22 0.041504104 
993 168 17 19 0.04015453 
950 470 15 18 0.039539214 
37 305 17 20 0.035720345 
438 215 31 44 0.033871207 
987 162 17 22 0.030239528 
774 306 97 110 0.026697818 
412 194 47 63 0.02332564 
314 213 25 34 0.022713471 
5 308 18 23 0.022066524 
