2_Demonstration_Political_Rally_2_137
51
10 365 90 131 0.99907184 
234 296 70 98 0.9971974 
906 276 28 37 0.9965397 
300 298 60 83 0.99645823 
396 278 26 35 0.9941251 
756 272 36 43 0.99061865 
420 316 50 67 0.986858 
932 267 22 31 0.9801695 
650 274 37 48 0.971026 
785 277 30 42 0.96407485 
843 270 27 32 0.9606554 
-1 305 23 47 0.92174673 
563 323 29 48 0.8656665 
715 278 15 19 0.8569067 
372 277 23 29 0.81693506 
199 281 38 50 0.74794173 
369 330 45 60 0.65319127 
465 274 20 29 0.33469436 
383 276 23 31 0.2984249 
485 322 30 57 0.2838575 
614 316 28 43 0.12571019 
1009 283 11 16 0.120410964 
84 292 18 20 0.105233796 
740 330 33 38 0.097180784 
115 344 29 38 0.093005456 
65 305 24 29 0.08675802 
206 288 45 66 0.07706218 
734 273 16 21 0.07028609 
612 295 33 41 0.06123651 
71 298 25 28 0.060135487 
178 277 38 49 0.059921056 
593 316 39 54 0.053285114 
1007 403 11 14 0.039672453 
968 298 14 19 0.03566599 
827 277 16 21 0.032871127 
619 164 10 12 0.032557756 
639 162 13 16 0.03031386 
43 298 11 14 0.030228537 
226 286 51 77 0.029704394 
751 274 25 33 0.029667811 
472 275 25 33 0.027443754 
677 591 13 18 0.025424464 
639 282 34 45 0.024735967 
898 263 16 23 0.02384296 
500 321 36 51 0.022391347 
492 166 10 12 0.02236906 
455 278 22 27 0.022224154 
745 269 22 30 0.021903353 
959 444 9 11 0.021224812 
535 170 12 17 0.02030998 
597 174 11 12 0.020169815 
