2_Demonstration_Demonstrators_2_306
32
111 415 11 15 0.121147335 
165 428 11 13 0.11991803 
183 429 14 16 0.11078137 
140 408 14 19 0.082006276 
155 418 14 16 0.07926873 
0 481 13 21 0.07732553 
65 375 9 10 0.068448104 
50 397 9 12 0.06759359 
148 413 13 17 0.055325124 
131 407 17 21 0.05261218 
113 396 13 16 0.051790915 
46 391 9 11 0.051019985 
0 381 8 12 0.050787754 
42 388 8 11 0.05066408 
188 361 11 16 0.045493443 
41 383 8 11 0.0428795 
386 358 21 29 0.038560975 
168 334 10 13 0.035072844 
159 424 13 16 0.034221787 
141 396 12 15 0.033755597 
45 385 8 10 0.032127384 
33 400 9 11 0.031059038 
270 365 9 13 0.030152962 
204 393 12 14 0.029668696 
0 338 30 42 0.024645854 
174 435 10 13 0.024575554 
38 377 8 10 0.023983948 
63 383 11 13 0.023274196 
34 376 8 10 0.02214218 
167 432 12 15 0.022065744 
133 397 15 16 0.022060597 
111 401 13 17 0.021739444 
