2_Demonstration_Demonstrators_2_488
21
229 43 119 150 0.99976355 
512 0 139 140 0.9992478 
-1 73 39 54 0.98998874 
165 35 48 64 0.96398103 
468 88 83 126 0.9469015 
384 -2 56 43 0.7487614 
974 136 43 78 0.47889727 
421 1 74 60 0.3868739 
156 167 28 36 0.26938015 
88 122 28 39 0.12245164 
946 152 43 73 0.11915667 
80 129 39 58 0.07857377 
152 17 48 61 0.048343927 
391 2 71 66 0.029544363 
443 8 72 76 0.029369317 
185 12 61 74 0.027552007 
125 -1 51 59 0.026278071 
200 28 95 126 0.022611357 
207 6 62 68 0.021925006 
260 -3 61 47 0.021618648 
942 165 32 43 0.020525364 
