2_Demonstration_Demonstrators_2_314
113
112 262 27 30 0.95572025 
414 258 27 32 0.9544394 
380 277 24 37 0.92851496 
205 269 27 34 0.86539465 
66 229 24 30 0.7965831 
255 270 26 30 0.78445256 
485 300 24 40 0.7746575 
608 355 35 67 0.7467562 
212 687 43 65 0.6917832 
243 392 32 48 0.567212 
70 331 26 34 0.54325885 
6 317 20 30 0.4906488 
128 300 28 32 0.39703333 
66 295 24 29 0.32851326 
72 493 45 59 0.32026896 
19 391 29 47 0.301453 
0 254 18 31 0.22157986 
872 402 29 49 0.20141315 
520 251 20 27 0.19206673 
525 304 20 36 0.18954088 
763 298 32 34 0.16484135 
749 352 43 51 0.16263781 
540 252 19 29 0.15704739 
281 296 26 33 0.14881875 
140 367 34 50 0.14479057 
59 331 25 32 0.13202183 
140 260 20 27 0.13158493 
529 250 19 27 0.13043395 
114 308 33 30 0.12333399 
572 309 30 35 0.11680393 
335 291 20 23 0.11461237 
127 258 23 28 0.103221245 
171 247 18 24 0.09969951 
2 303 25 34 0.094085254 
74 289 22 29 0.09381708 
194 706 55 62 0.08938991 
0 251 12 19 0.07944023 
306 336 26 36 0.07695902 
15 319 19 32 0.06409902 
142 291 23 29 0.0588305 
655 271 25 37 0.054643083 
610 261 17 24 0.051160388 
509 253 24 32 0.048169687 
5 400 43 59 0.048002917 
0 340 11 23 0.046158027 
758 300 52 53 0.045337636 
329 376 32 37 0.044803437 
49 300 28 29 0.04320969 
39 489 58 67 0.04221211 
46 441 8 11 0.041475557 
1 273 11 18 0.041415267 
294 480 47 35 0.040626746 
879 403 47 54 0.039443858 
130 249 19 23 0.039164193 
277 300 18 24 0.038873237 
469 302 30 40 0.036848728 
224 316 22 28 0.035516176 
271 301 39 51 0.034636434 
756 360 69 67 0.034236133 
8 259 14 20 0.034179922 
54 290 26 27 0.03317732 
184 331 30 34 0.032704014 
273 286 25 31 0.031990077 
1 332 18 26 0.031132188 
733 293 15 16 0.030791141 
49 332 23 31 0.03072379 
672 253 41 46 0.03062518 
24 322 20 30 0.030369107 
176 242 21 23 0.029151734 
90 480 35 61 0.02825529 
170 397 25 38 0.028049363 
497 287 20 35 0.027990505 
250 266 20 27 0.027070947 
681 380 47 73 0.027055705 
288 335 33 38 0.026598057 
155 290 23 27 0.026593218 
48 318 24 30 0.026443966 
95 61 568 570 0.026414014 
855 404 35 44 0.025946895 
656 257 24 33 0.025856052 
179 289 19 23 0.02585393 
1 468 37 63 0.025765477 
233 265 14 20 0.025627831 
277 324 29 40 0.025162179 
196 256 24 29 0.024803571 
158 387 30 44 0.024663666 
741 349 29 43 0.024044095 
660 259 13 17 0.023975654 
321 337 32 42 0.023874402 
40 304 25 31 0.023854133 
169 288 20 22 0.02381341 
138 279 24 32 0.023761846 
261 403 25 37 0.023749916 
17 483 48 68 0.023155756 
94 311 26 32 0.022749037 
728 268 13 18 0.022669045 
93 299 22 32 0.022493508 
592 258 25 28 0.022342712 
584 253 12 17 0.022202931 
781 405 69 68 0.02199424 
601 338 33 55 0.02182649 
204 506 19 23 0.021616854 
106 480 30 56 0.02149403 
0 321 15 24 0.021492686 
185 248 18 23 0.021360941 
69 393 27 34 0.021319423 
258 258 20 24 0.021152768 
191 250 22 26 0.020920089 
690 376 76 104 0.020654272 
871 425 54 65 0.020625435 
586 256 18 24 0.02031647 
65 414 23 31 0.020234007 
220 580 34 32 0.02003712 
