2_Demonstration_Protesters_2_12
53
827 328 46 64 0.99827516 
485 311 52 62 0.9980268 
292 279 53 63 0.9977162 
48 305 57 66 0.9976404 
918 325 55 69 0.9968304 
370 316 53 67 0.9947254 
640 314 52 65 0.99382234 
20 347 56 69 0.9929542 
682 278 44 56 0.9924039 
396 264 38 46 0.9890237 
177 302 49 57 0.9843275 
637 339 51 75 0.9835154 
592 307 49 56 0.973801 
418 337 40 54 0.96503884 
768 286 40 46 0.9539154 
666 585 30 54 0.76042974 
221 291 20 30 0.5031306 
397 321 48 65 0.3994825 
476 267 17 22 0.3890843 
116 336 24 37 0.32777247 
769 340 34 42 0.28315273 
337 317 42 59 0.19955255 
141 316 31 40 0.1601266 
720 309 24 35 0.15852849 
544 570 15 20 0.15157185 
516 263 41 53 0.086226195 
635 534 10 13 0.07877188 
205 293 33 40 0.07710597 
156 315 28 43 0.066618934 
910 305 43 54 0.0658684 
767 310 44 52 0.06265643 
592 570 32 37 0.05877965 
487 272 23 31 0.057939224 
539 262 26 37 0.05232458 
624 601 11 16 0.051170226 
167 311 33 47 0.050299488 
547 263 16 21 0.049752474 
822 286 27 32 0.04415788 
1005 315 19 43 0.041985843 
129 335 31 40 0.033171542 
597 570 17 18 0.032242496 
497 276 23 31 0.031405292 
718 315 36 51 0.030040074 
628 573 10 14 0.027161267 
777 333 44 59 0.025575163 
901 322 34 53 0.023783421 
714 600 48 67 0.023638288 
468 585 25 27 0.023619652 
160 340 27 41 0.023138631 
623 585 38 58 0.023130065 
710 296 30 40 0.02309502 
619 596 24 33 0.021408163 
593 565 12 16 0.020991582 
