2_Demonstration_Demonstration_Or_Protest_2_586
151
471 146 26 33 0.9959785 
835 199 30 39 0.9930355 
690 145 31 39 0.9918811 
384 188 25 34 0.9909848 
138 145 25 32 0.9889021 
637 167 23 34 0.986795 
760 118 18 23 0.9639443 
173 125 17 20 0.93875927 
133 119 12 15 0.93473834 
524 120 14 19 0.9288592 
789 112 12 16 0.9241188 
27 130 16 18 0.91292125 
961 104 16 23 0.88089085 
286 157 18 29 0.8136052 
409 103 15 20 0.77428496 
578 154 20 28 0.7602711 
996 145 17 27 0.75757545 
29 103 12 16 0.7493543 
384 134 17 23 0.7319125 
70 137 15 20 0.68863237 
127 101 11 14 0.68261045 
168 101 8 11 0.6803229 
599 117 10 15 0.60878 
452 117 17 21 0.58225447 
70 93 8 10 0.52553654 
539 94 9 11 0.49055925 
359 87 9 12 0.48836166 
400 95 8 13 0.4613235 
431 96 11 14 0.45487306 
438 127 12 15 0.43576118 
344 93 11 14 0.40435538 
109 129 13 15 0.37152597 
13 86 10 14 0.32591462 
803 222 21 34 0.29906505 
10 4 10 12 0.26947153 
572 124 11 15 0.23917428 
0 70 8 12 0.22684254 
17 65 9 10 0.22243305 
0 96 9 13 0.22194445 
196 123 11 14 0.22029452 
66 93 8 10 0.1944924 
211 112 14 17 0.17981054 
183 103 10 13 0.17155513 
382 103 9 12 0.1603576 
722 127 9 12 0.16030386 
247 121 14 18 0.14486827 
1 116 10 13 0.1418181 
120 146 17 24 0.12046208 
85 111 11 14 0.1202257 
571 173 16 20 0.11956684 
760 100 10 12 0.116542704 
399 164 12 15 0.10253577 
149 103 10 12 0.10179069 
97 92 9 11 0.101446085 
79 44 9 11 0.10125158 
523 107 13 16 0.10102964 
445 121 14 19 0.098196104 
65 61 14 15 0.09732419 
570 129 11 15 0.08941289 
570 160 23 29 0.08166201 
326 143 13 19 0.079331085 
81 109 11 13 0.076884314 
436 180 14 18 0.06811711 
665 133 11 13 0.068083555 
329 136 22 26 0.067765936 
48 116 11 13 0.06550535 
4 130 12 16 0.06452028 
53 85 8 10 0.06341394 
301 91 11 13 0.06207555 
283 116 14 18 0.061012827 
620 318 13 18 0.059006643 
172 101 9 12 0.055979766 
56 95 8 10 0.0540482 
676 122 22 27 0.05404538 
149 94 8 11 0.053258643 
53 110 10 12 0.05310902 
339 132 19 22 0.052494578 
93 110 10 14 0.05243489 
419 108 12 16 0.051727884 
1 124 11 15 0.05087091 
34 106 11 15 0.050623786 
221 166 12 15 0.04915774 
335 335 95 89 0.046924777 
872 156 10 14 0.045458894 
997 95 9 11 0.04433011 
431 87 19 25 0.04391174 
55 102 9 11 0.04325568 
625 137 9 11 0.041890066 
331 156 11 17 0.04135747 
404 93 10 13 0.039996237 
246 87 11 14 0.03995104 
31 94 9 12 0.039508395 
3 100 10 13 0.03892388 
88 93 9 11 0.038430635 
305 109 10 13 0.038264163 
315 171 14 19 0.037594873 
295 91 11 13 0.036117304 
430 76 10 16 0.036028158 
12 80 11 14 0.03575503 
3 111 11 14 0.035461757 
188 104 9 12 0.035121296 
39 93 7 10 0.034599148 
373 137 21 27 0.03390532 
395 292 36 55 0.03356238 
430 84 13 17 0.03313211 
64 108 8 11 0.032116763 
519 -36 466 483 0.031932432 
347 98 11 13 0.03126694 
86 55 10 13 0.031215237 
29 88 9 11 0.030683074 
445 93 13 14 0.030590137 
117 141 16 21 0.030423006 
4 68 9 13 0.02972686 
871 74 9 12 0.0293867 
69 116 11 15 0.029380322 
655 143 12 14 0.028679317 
537 98 10 13 0.028381892 
424 100 10 14 0.028181896 
426 94 9 13 0.025928061 
69 125 14 20 0.02570338 
109 110 10 12 0.025666943 
262 83 13 14 0.025434246 
353 87 10 13 0.025234131 
46 124 12 14 0.024773698 
247 61 13 16 0.024548184 
177 85 8 9 0.02446779 
271 58 15 16 0.024338104 
101 109 11 13 0.02417104 
259 122 13 16 0.024151208 
965 207 26 30 0.02401255 
20 67 9 11 0.023803666 
293 134 11 16 0.023615176 
377 305 59 76 0.023402404 
88 77 8 11 0.023323072 
103 102 9 12 0.023081347 
158 118 10 13 0.022808855 
810 229 24 37 0.022697505 
627 140 10 12 0.022224873 
290 86 9 13 0.022178138 
405 89 10 12 0.022167407 
251 118 20 26 0.021744741 
5 93 11 14 0.021736056 
23 87 10 12 0.021725716 
287 102 11 13 0.021551019 
332 108 13 16 0.021496248 
48 95 8 10 0.021460507 
309 167 14 19 0.021384317 
46 67 9 11 0.021263083 
54 130 13 16 0.020960173 
569 119 11 14 0.020192323 
190 76 9 12 0.020041207 
