2_Demonstration_Demonstration_Or_Protest_2_120
421
661 444 27 29 0.9971655 
4 487 80 79 0.9970174 
966 580 47 54 0.9934875 
821 511 29 40 0.99320203 
900 507 40 46 0.9923872 
716 427 21 28 0.9918766 
932 470 31 39 0.9903503 
980 417 28 28 0.9893867 
483 293 22 27 0.9891072 
994 480 30 37 0.98875004 
860 417 24 26 0.98103446 
979 368 19 20 0.97260207 
837 385 15 19 0.9720086 
817 392 18 23 0.9718607 
890 391 21 26 0.9703516 
395 259 14 20 0.9687657 
919 341 12 16 0.96587324 
958 396 17 21 0.9642846 
856 349 12 15 0.9596112 
723 561 36 38 0.9591349 
961 347 16 18 0.95651025 
934 426 25 26 0.95392936 
748 377 15 17 0.95086604 
988 341 14 16 0.9417013 
798 379 15 17 0.9414632 
359 281 16 19 0.940959 
868 389 16 20 0.93027025 
807 323 10 12 0.928973 
882 355 13 16 0.92848647 
504 265 18 22 0.92434263 
470 256 18 21 0.9191403 
724 395 15 19 0.9115058 
289 298 15 18 0.903327 
917 390 18 22 0.9014637 
910 374 17 19 0.8889113 
774 363 12 14 0.8764362 
29 286 14 16 0.8708094 
759 327 9 12 0.8367159 
120 294 13 17 0.81323844 
275 286 13 17 0.76960975 
560 328 10 13 0.75535333 
1002 371 13 16 0.74522734 
206 417 22 34 0.72764736 
623 530 22 32 0.6828456 
725 339 9 12 0.64611906 
334 359 17 22 0.63410795 
1 300 10 14 0.6126307 
749 361 12 15 0.4982675 
828 319 8 9 0.49324065 
813 364 11 13 0.4842327 
900 342 10 12 0.47165248 
838 304 8 10 0.47040477 
780 338 10 14 0.46640143 
582 308 9 11 0.4064038 
738 326 8 11 0.40239987 
837 467 23 29 0.39523733 
583 334 11 14 0.39518458 
692 361 11 14 0.38547122 
895 328 10 11 0.37934825 
259 277 10 13 0.3622225 
764 356 9 12 0.34924248 
177 300 10 13 0.32924092 
528 284 9 12 0.32857752 
855 304 9 11 0.3049939 
15 289 9 11 0.30492634 
871 311 6 9 0.30239853 
526 279 10 13 0.30160648 
696 332 9 11 0.2932972 
562 308 8 11 0.28796756 
81 286 8 10 0.2843709 
792 304 7 10 0.27613953 
569 287 7 9 0.274069 
841 322 8 9 0.263647 
748 318 8 10 0.26087448 
319 291 10 14 0.2545109 
591 296 8 9 0.247658 
710 321 8 10 0.24291186 
896 467 20 29 0.2383183 
871 351 10 13 0.21920416 
814 295 7 9 0.21113639 
957 447 20 27 0.21074972 
782 312 8 10 0.2079013 
815 310 7 9 0.20713203 
770 405 17 21 0.20633835 
1014 350 9 12 0.19185211 
208 284 11 13 0.18431473 
941 334 11 14 0.16663772 
421 267 10 13 0.16130772 
741 326 9 11 0.15954591 
205 406 37 52 0.15734078 
848 337 8 11 0.15495987 
326 277 10 12 0.15310635 
200 347 13 20 0.15234926 
903 348 11 14 0.15234432 
245 277 8 11 0.14842236 
736 303 7 9 0.14572552 
715 356 12 14 0.14511524 
761 295 7 8 0.14194405 
839 362 10 14 0.14067988 
929 328 9 12 0.1392965 
136 286 9 12 0.13686226 
551 288 6 8 0.13640599 
230 405 39 42 0.1343277 
953 293 8 10 0.13290784 
590 356 11 12 0.13182254 
198 279 9 11 0.12641461 
222 269 11 14 0.12617353 
945 278 9 11 0.12511459 
212 280 11 13 0.12452024 
937 340 11 13 0.12289098 
821 366 10 13 0.12179336 
846 319 8 10 0.113877475 
911 327 10 12 0.11151495 
336 308 11 15 0.111112215 
791 342 8 10 0.106225565 
933 326 10 13 0.10614547 
824 313 8 10 0.10359411 
759 309 7 9 0.10300164 
593 312 8 10 0.100149445 
945 441 23 28 0.09860396 
810 310 8 9 0.09843857 
590 372 14 18 0.097846396 
834 332 8 11 0.09528795 
244 351 20 20 0.09368829 
814 349 9 11 0.092310004 
761 304 7 9 0.09203887 
583 328 10 11 0.09110245 
441 248 9 12 0.09076602 
812 369 14 17 0.08841834 
481 230 11 14 0.087972574 
598 311 7 10 0.08789757 
114 281 9 11 0.08686928 
778 310 9 11 0.08462592 
296 275 9 12 0.084135324 
881 302 7 8 0.08397658 
742 309 7 9 0.08369576 
203 292 12 13 0.083563164 
533 287 8 10 0.083411135 
162 273 6 9 0.081308246 
280 322 21 26 0.08122651 
711 371 13 15 0.080792874 
468 235 13 16 0.0805278 
461 242 12 16 0.080434464 
814 344 8 10 0.07987996 
141 268 8 10 0.079742566 
343 293 11 15 0.0794578 
142 341 10 14 0.07891608 
150 296 8 11 0.078234844 
551 305 8 10 0.07670806 
831 365 10 14 0.07506174 
634 404 10 13 0.07322399 
977 334 11 14 0.07277653 
253 262 9 11 0.07238386 
733 376 10 13 0.07127027 
12 278 9 11 0.07104893 
981 335 14 15 0.0709438 
307 376 15 21 0.07066832 
815 305 7 9 0.069139615 
754 362 12 15 0.06695092 
128 262 7 9 0.06691385 
764 326 9 11 0.06657207 
912 382 19 25 0.06624109 
136 292 10 12 0.066144645 
873 332 9 12 0.06573881 
941 293 8 10 0.06526629 
581 366 13 18 0.06394228 
823 371 11 14 0.06388301 
810 295 7 9 0.06234213 
693 301 7 10 0.06197648 
936 332 10 14 0.06176408 
311 352 12 17 0.061663006 
727 318 7 9 0.0613744 
478 235 13 15 0.060004573 
148 412 22 35 0.0593043 
26 285 10 15 0.058815796 
845 365 11 14 0.057688955 
301 275 10 12 0.057647184 
923 371 13 15 0.057386808 
144 334 10 14 0.057298377 
139 309 13 17 0.056689937 
822 352 9 11 0.056630783 
863 336 8 10 0.05646637 
218 270 9 11 0.056324076 
1004 391 16 20 0.055498768 
597 365 12 16 0.05523943 
727 327 8 10 0.054480635 
701 334 8 10 0.054410182 
586 294 7 8 0.054215465 
261 295 10 15 0.05404937 
138 265 8 10 0.053845767 
854 328 8 10 0.0535775 
574 287 7 9 0.053181663 
122 321 13 16 0.052717 
241 272 9 11 0.05254278 
104 292 10 13 0.052212235 
596 357 11 13 0.05116217 
598 303 7 9 0.05115967 
712 351 11 13 0.051078007 
326 284 10 13 0.050992608 
421 292 14 18 0.050817743 
457 252 10 13 0.05077873 
655 350 7 9 0.05063221 
691 410 12 15 0.049691852 
784 304 7 9 0.04948082 
553 349 10 13 0.049113303 
952 340 10 13 0.048979193 
886 316 8 10 0.048925806 
583 356 14 17 0.04891995 
777 304 7 9 0.048775945 
64 286 9 11 0.048677452 
95 271 8 9 0.048336904 
803 324 10 12 0.048313506 
743 305 7 9 0.04809141 
524 272 10 13 0.047208663 
730 302 7 9 0.047063876 
593 280 6 8 0.046557687 
105 270 7 9 0.04633258 
110 268 8 10 0.045977186 
822 357 10 12 0.04579626 
705 285 6 9 0.04574214 
853 317 8 10 0.04549038 
706 302 7 9 0.045483105 
535 292 8 10 0.044814497 
592 316 8 10 0.0444565 
145 285 8 12 0.04387024 
246 272 8 11 0.043852825 
896 346 11 15 0.042984426 
63 262 7 10 0.042932563 
322 271 8 11 0.04263338 
594 301 8 10 0.042631894 
719 301 7 10 0.0425948 
899 326 10 13 0.04223163 
846 325 8 10 0.0422312 
744 296 7 9 0.042167157 
456 245 11 15 0.042148344 
580 361 23 29 0.04209365 
141 299 11 15 0.04206426 
546 304 8 11 0.042029668 
832 312 8 10 0.04170318 
150 278 8 11 0.041308377 
866 317 7 10 0.04108725 
866 311 8 10 0.041071992 
705 326 8 10 0.04088055 
777 318 8 11 0.040813483 
712 302 7 9 0.040737107 
794 319 8 10 0.04022522 
599 319 7 10 0.039799523 
704 366 10 13 0.039775312 
842 342 10 12 0.039445337 
640 352 7 10 0.03941037 
546 288 7 9 0.038723096 
694 297 7 9 0.038714826 
802 297 6 9 0.03821962 
148 428 18 27 0.038219273 
366 349 13 14 0.037862368 
837 334 9 10 0.03750899 
753 312 8 10 0.037174832 
886 342 9 11 0.03713 
447 282 12 16 0.0365929 
792 336 9 11 0.036568888 
969 348 13 15 0.03635699 
753 326 10 11 0.036269616 
633 360 8 11 0.03608071 
227 271 11 12 0.0359395 
808 350 10 12 0.035858616 
799 319 8 9 0.03569845 
846 369 13 16 0.03567445 
241 253 8 11 0.035385143 
808 357 11 14 0.035364907 
144 294 9 13 0.03531393 
713 270 6 8 0.035311703 
565 306 8 10 0.035024237 
567 293 8 9 0.034946322 
160 309 9 12 0.034914073 
739 309 7 9 0.03481693 
907 354 12 14 0.034426607 
142 325 11 15 0.034083325 
1 260 8 11 0.033758692 
167 271 7 10 0.033679347 
127 271 7 10 0.03349818 
608 281 7 9 0.033469904 
587 339 11 13 0.03342406 
127 277 8 11 0.033387657 
917 326 10 13 0.03338652 
768 311 7 9 0.03332993 
1014 294 7 10 0.033210102 
330 367 23 29 0.032717563 
301 301 11 14 0.032631725 
941 327 10 14 0.032604214 
705 281 7 8 0.032594435 
736 247 7 9 0.032081347 
945 452 24 34 0.0320552 
941 286 10 12 0.031819493 
365 225 8 10 0.031765413 
264 407 24 35 0.031624217 
169 302 8 11 0.031285692 
516 268 13 17 0.031037636 
720 297 6 9 0.030966114 
1015 332 8 13 0.03090473 
775 326 8 10 0.030625265 
854 418 18 21 0.030411543 
737 331 8 11 0.030275228 
331 278 10 13 0.03009378 
949 334 11 14 0.029600125 
768 320 7 9 0.029362423 
40 272 9 11 0.02916599 
608 286 7 8 0.029023651 
760 352 9 11 0.02898426 
841 348 9 11 0.028840186 
766 303 7 10 0.028838903 
792 358 9 12 0.028819064 
785 296 7 8 0.028717289 
561 374 11 14 0.028562907 
166 309 9 12 0.028429313 
530 248 8 11 0.028211888 
47 279 9 12 0.028117087 
466 231 10 13 0.028098322 
783 327 8 9 0.028037488 
899 333 11 13 0.027980946 
255 293 12 17 0.027812926 
832 325 9 12 0.027680118 
493 467 42 51 0.027665466 
335 294 12 15 0.027536256 
753 343 9 11 0.027446048 
78 375 10 16 0.027279006 
806 254 7 9 0.027143294 
573 319 9 11 0.02708682 
346 298 14 15 0.027029594 
577 364 12 16 0.026920408 
727 269 6 9 0.026905948 
877 328 10 12 0.026820535 
717 363 12 15 0.026754906 
579 305 7 10 0.026665287 
599 325 8 10 0.026575346 
713 297 6 9 0.026558742 
103 326 10 15 0.026486043 
348 331 15 18 0.026446594 
799 356 9 12 0.026421838 
933 348 13 16 0.026034119 
791 297 7 9 0.026012596 
888 332 9 11 0.02601118 
754 289 6 8 0.02580371 
887 302 6 9 0.025714237 
248 406 31 36 0.025467122 
614 543 26 31 0.025465004 
765 295 8 9 0.025436964 
136 320 12 16 0.025396934 
400 262 15 19 0.025177816 
793 326 8 10 0.025090348 
552 292 7 10 0.024770726 
224 284 8 11 0.02461398 
693 311 8 10 0.02460883 
110 293 9 13 0.024605516 
838 297 8 10 0.024599502 
585 351 11 13 0.024581745 
810 344 8 10 0.02454348 
80 291 10 12 0.024526943 
568 319 9 11 0.024524037 
719 326 7 9 0.024490407 
745 271 8 9 0.0243344 
575 324 9 12 0.024251465 
601 182 9 10 0.024125066 
119 262 7 10 0.024104722 
861 341 10 12 0.023751045 
855 333 9 11 0.023663491 
869 315 8 11 0.023579065 
871 344 8 11 0.023505414 
-18 185 466 380 0.023453712 
810 304 7 10 0.02337297 
229 275 11 13 0.023318555 
780 387 11 14 0.023278879 
245 286 11 14 0.023159806 
255 282 11 14 0.02304815 
112 247 6 8 0.022916032 
840 265 8 9 0.02284916 
736 321 8 10 0.022816962 
948 380 17 17 0.022768056 
190 294 10 12 0.022695165 
761 321 8 11 0.022561757 
831 380 15 18 0.02254369 
22 263 9 11 0.022438375 
693 351 9 12 0.022414824 
999 389 14 17 0.022409065 
309 325 13 15 0.022176145 
394 374 13 17 0.022158 
341 262 9 12 0.022149106 
737 298 7 9 0.021857522 
85 293 9 12 0.02183543 
230 294 11 15 0.02173557 
848 468 16 21 0.021723613 
882 317 8 10 0.021717397 
276 335 14 18 0.021702493 
726 377 14 16 0.021671977 
821 378 13 16 0.021499373 
39 277 11 13 0.021389019 
201 400 27 39 0.021358708 
703 372 11 13 0.021357952 
95 264 7 10 0.021241967 
728 312 7 10 0.021209074 
752 349 10 11 0.02113177 
848 349 10 12 0.02109627 
776 295 8 9 0.021061549 
17 371 10 14 0.021033889 
919 286 7 10 0.02102259 
179 295 12 16 0.020990368 
721 269 6 9 0.020872606 
584 254 6 9 0.020839207 
721 319 7 10 0.020836588 
315 383 15 21 0.020835064 
801 352 8 11 0.020687303 
127 257 8 9 0.02054043 
70 286 9 11 0.020445134 
45 283 10 13 0.02043889 
314 293 10 13 0.020386714 
593 288 7 9 0.020362768 
305 359 18 27 0.020358244 
195 278 8 10 0.020180082 
822 304 7 10 0.020124359 
246 291 13 16 0.020059317 
344 286 11 15 0.02005605 
799 341 8 11 0.020053687 
