2_Demonstration_Demonstrators_2_307
1146
744 117 8 11 0.9595752 
89 119 9 11 0.93723947 
743 60 8 11 0.9278697 
607 148 9 12 0.92172295 
847 324 10 13 0.90942156 
845 213 8 10 0.9056923 
437 72 8 11 0.9006151 
197 90 11 13 0.8984515 
725 21 9 12 0.86377484 
650 119 9 12 0.8583144 
753 168 9 12 0.8444445 
797 8 9 11 0.81745464 
76 430 13 17 0.81599426 
872 271 9 12 0.7946663 
245 68 9 12 0.79147553 
744 222 9 12 0.7908742 
429 105 8 11 0.7818068 
937 97 8 10 0.77840024 
589 93 9 12 0.777561 
618 105 8 10 0.7428656 
742 195 9 12 0.7423876 
617 168 9 12 0.734725 
880 233 7 9 0.733075 
379 94 9 11 0.72741425 
249 167 10 12 0.72069216 
702 79 9 11 0.6941234 
862 308 8 11 0.6934245 
826 304 9 11 0.63946277 
202 453 13 17 0.6350072 
449 143 9 11 0.63420826 
556 37 7 9 0.61370957 
403 73 9 12 0.6101144 
331 156 9 12 0.60593224 
644 187 9 12 0.5928716 
190 382 12 14 0.5909868 
319 140 7 10 0.5894122 
467 83 9 12 0.5877463 
776 1 8 10 0.58738166 
389 395 12 15 0.5843189 
74 86 6 9 0.5759077 
647 89 9 11 0.5596246 
344 221 7 10 0.55616736 
677 120 9 11 0.55274445 
55 198 9 12 0.5490348 
686 94 8 11 0.53269106 
876 46 9 11 0.5091348 
907 217 10 12 0.49537736 
257 97 8 11 0.4944649 
543 134 7 9 0.490368 
191 3 8 11 0.48728856 
818 220 9 11 0.47926965 
834 238 8 11 0.46848047 
928 197 8 11 0.46214312 
729 55 7 10 0.45494148 
478 128 9 11 0.4522787 
356 124 9 12 0.4459879 
175 234 9 14 0.44320095 
206 500 11 15 0.435519 
611 60 6 10 0.43345478 
50 128 7 10 0.4170834 
574 131 9 11 0.41529888 
491 588 13 18 0.40548995 
66 24 7 10 0.4051314 
296 191 8 10 0.39986694 
793 190 9 11 0.3953256 
712 61 7 10 0.39430442 
135 5 7 9 0.3915877 
552 87 8 11 0.3908545 
573 595 12 16 0.37977493 
101 503 11 16 0.37787476 
620 33 8 9 0.37195265 
112 254 12 15 0.36433128 
724 177 8 11 0.36267003 
241 32 8 11 0.3584357 
736 270 11 14 0.35841718 
178 152 9 11 0.3577482 
196 595 13 16 0.3548553 
694 61 8 11 0.35397202 
108 300 13 17 0.34192324 
856 18 8 10 0.3337137 
922 239 10 13 0.3330556 
651 1 7 9 0.3293097 
878 77 7 10 0.32685667 
801 212 8 10 0.32530683 
240 202 10 13 0.3246451 
114 29 8 11 0.32386437 
125 48 7 9 0.31753537 
798 41 8 9 0.30733383 
373 163 9 12 0.29435506 
1013 80 8 12 0.29324386 
934 494 12 14 0.2910591 
986 87 9 11 0.28228927 
32 158 11 14 0.26576525 
917 260 8 11 0.26568496 
534 503 9 12 0.2605373 
294 79 8 12 0.25685766 
912 307 10 13 0.25612238 
356 143 10 12 0.25497133 
154 20 9 11 0.25222337 
685 40 8 10 0.25192657 
841 453 11 14 0.25167528 
889 19 8 11 0.24453641 
815 409 14 17 0.2427799 
24 54 7 8 0.23780693 
761 13 8 10 0.23731716 
776 80 8 11 0.23097268 
750 46 9 11 0.22939809 
485 47 8 10 0.2291267 
950 165 8 10 0.22780378 
845 54 8 11 0.22668351 
353 10 10 13 0.22540998 
324 212 9 12 0.22292581 
709 12 8 11 0.2224951 
557 61 7 9 0.22117083 
297 143 9 12 0.22102688 
207 23 8 9 0.21218911 
832 348 10 13 0.21078807 
146 411 12 16 0.21069923 
712 144 8 10 0.21035339 
118 180 10 13 0.20639397 
185 168 9 12 0.19714358 
33 97 7 9 0.19676451 
453 572 10 14 0.19404171 
672 68 7 10 0.19271797 
753 0 7 9 0.19137524 
99 39 7 8 0.19116849 
774 471 10 12 0.18948859 
148 302 9 11 0.18772125 
586 173 8 10 0.18764366 
393 168 8 11 0.18660215 
512 194 10 13 0.18552592 
895 165 8 11 0.18510048 
520 129 8 10 0.18464676 
848 78 7 9 0.18416417 
665 227 11 14 0.18395251 
674 9 7 10 0.18351857 
269 150 11 14 0.18058503 
960 471 10 13 0.1784547 
626 188 9 11 0.17740925 
776 411 11 14 0.17700748 
936 169 6 9 0.17628895 
525 72 9 12 0.1759024 
392 598 12 15 0.1701336 
293 441 12 15 0.16506006 
826 191 7 10 0.16235106 
359 221 8 11 0.1596253 
119 96 7 9 0.15867923 
848 6 8 10 0.15812607 
486 110 9 11 0.15369458 
220 77 10 13 0.15311186 
665 152 7 9 0.14876094 
96 85 7 9 0.14594704 
783 283 9 12 0.14469168 
278 167 8 11 0.13901168 
39 1 11 10 0.13887554 
811 152 7 9 0.13699958 
706 10 8 9 0.13621813 
430 527 13 16 0.1360903 
794 297 8 11 0.13295025 
713 190 9 11 0.13189104 
190 56 8 11 0.1309047 
732 244 10 13 0.12943035 
984 78 9 11 0.12848741 
776 62 8 10 0.12525842 
114 300 14 18 0.12421284 
613 62 7 10 0.1238786 
384 63 7 9 0.12336557 
145 79 7 9 0.12257553 
193 23 8 10 0.12218778 
823 108 8 10 0.120194264 
414 110 7 9 0.118830316 
320 172 8 12 0.11800649 
768 161 9 10 0.11787526 
925 0 8 9 0.11755631 
487 539 11 15 0.11750212 
949 263 9 12 0.11746045 
87 30 7 9 0.1145609 
942 149 7 9 0.1133009 
997 247 9 11 0.11308132 
266 131 8 11 0.112826444 
258 406 15 19 0.111226626 
718 134 7 9 0.11064877 
499 46 7 9 0.10914898 
276 560 12 16 0.1085109 
671 53 7 9 0.108157374 
792 223 8 11 0.10730448 
260 23 9 12 0.10725622 
807 526 10 14 0.10632947 
264 222 8 11 0.10589554 
528 37 7 9 0.10519251 
288 14 8 11 0.1042663 
736 142 8 10 0.103150025 
693 186 9 13 0.10217878 
376 45 7 9 0.10190318 
864 417 12 17 0.10178863 
455 529 14 16 0.1005684 
481 109 9 11 0.100292884 
113 163 10 12 0.100245774 
871 396 12 14 0.099859014 
417 119 8 10 0.09969689 
82 95 7 10 0.09921282 
795 39 7 10 0.0991099 
257 450 23 33 0.09699835 
886 478 13 16 0.096043766 
714 135 7 9 0.09462086 
485 104 8 10 0.09416985 
883 463 12 13 0.094063215 
848 272 8 11 0.09361723 
471 143 7 10 0.093167715 
784 307 9 12 0.09297556 
369 9 7 9 0.09068121 
481 104 8 10 0.09026597 
350 37 7 10 0.08983048 
846 355 11 14 0.08932174 
917 279 11 14 0.0891405 
65 102 6 9 0.08880333 
861 22 7 9 0.088421345 
742 15 8 10 0.08704103 
714 506 14 17 0.08559333 
671 152 7 10 0.08464095 
688 22 6 8 0.08429507 
525 414 11 14 0.08382749 
974 391 9 11 0.083682686 
396 192 11 14 0.08362223 
221 71 9 12 0.08341105 
346 38 8 9 0.08237893 
958 256 7 10 0.082015485 
841 149 8 9 0.08188646 
640 41 6 7 0.08162943 
600 134 7 9 0.081553385 
189 429 13 18 0.08053415 
392 581 14 17 0.08051325 
310 107 8 10 0.08042 
669 134 8 12 0.080048405 
496 39 8 9 0.079635955 
369 78 8 10 0.07955082 
847 49 7 10 0.07950826 
430 228 17 24 0.079030365 
633 23 6 9 0.078338526 
942 248 9 11 0.07816274 
120 284 10 13 0.07809715 
497 78 8 11 0.0780692 
750 151 8 10 0.07714341 
738 14 8 10 0.076721296 
672 12 8 10 0.07634197 
188 167 9 11 0.0762606 
495 33 7 8 0.07608443 
586 112 7 9 0.07578413 
529 197 10 12 0.07521537 
804 213 8 10 0.07519325 
802 134 7 9 0.07495881 
800 278 8 10 0.07495534 
973 18 10 13 0.07464768 
621 107 8 12 0.07458765 
784 101 7 9 0.07436275 
751 14 8 10 0.07421406 
742 22 8 9 0.074176945 
760 492 12 15 0.07393398 
120 78 7 9 0.07389782 
832 95 7 9 0.07386239 
962 236 9 12 0.0737165 
832 86 8 10 0.07331312 
278 610 15 18 0.073309734 
806 57 8 9 0.07287829 
839 355 13 16 0.072512634 
391 62 7 9 0.072125316 
780 381 9 13 0.07176933 
896 46 8 9 0.07137178 
33 111 9 12 0.07116545 
584 29 7 10 0.07059253 
327 31 7 11 0.070143946 
215 6 10 12 0.06917772 
149 5 7 10 0.06914239 
153 265 9 11 0.068956085 
385 7 8 11 0.068622485 
151 468 10 12 0.06848028 
790 53 8 10 0.06843717 
614 85 8 10 0.06817618 
280 17 8 10 0.06817173 
99 61 6 9 0.06774373 
292 562 10 12 0.06770415 
137 160 8 10 0.06763954 
765 30 7 11 0.0676361 
735 135 8 10 0.06696812 
850 14 8 10 0.066899344 
343 47 8 10 0.06674095 
424 414 10 12 0.066697836 
293 66 11 14 0.06636312 
269 129 9 11 0.066031344 
544 69 7 9 0.06576504 
199 23 7 9 0.065748885 
937 172 8 9 0.06570786 
792 48 7 10 0.065580234 
120 186 10 12 0.06556599 
915 14 8 10 0.065492325 
297 253 10 13 0.06546788 
847 149 7 9 0.065301225 
886 331 11 14 0.065246746 
321 77 9 13 0.06514177 
844 415 10 14 0.06509651 
877 304 8 10 0.065050356 
56 103 6 9 0.064773396 
678 243 9 13 0.064014785 
482 54 7 9 0.063849844 
144 103 8 11 0.0636668 
144 95 7 9 0.06360647 
862 125 7 11 0.06346289 
150 37 8 9 0.063426085 
495 118 6 10 0.06322134 
345 395 10 12 0.0625458 
179 359 11 14 0.062333707 
358 62 8 11 0.06227599 
649 45 7 9 0.062039915 
897 272 8 12 0.061306354 
322 20 8 11 0.061256316 
345 166 9 11 0.061011523 
767 238 8 10 0.06088614 
673 126 8 10 0.060535762 
439 167 8 11 0.060461275 
326 101 7 10 0.06038678 
271 118 8 9 0.060347144 
129 213 8 11 0.060314666 
87 5 8 10 0.06027129 
713 148 8 10 0.060214985 
98 135 8 10 0.05961423 
985 334 10 13 0.05920019 
4 173 11 13 0.059055477 
759 22 7 10 0.05904462 
113 36 8 10 0.05899311 
469 509 11 13 0.058598217 
434 523 13 17 0.058548562 
505 6 8 10 0.05844198 
729 142 8 10 0.058424402 
503 65 7 8 0.058382213 
580 150 8 11 0.058119938 
775 164 8 10 0.05808621 
856 62 6 8 0.057782263 
905 69 9 11 0.057703797 
704 368 9 11 0.057651393 
765 13 8 10 0.05756272 
279 197 8 10 0.057481423 
937 248 8 11 0.057378013 
432 134 8 10 0.05713671 
263 395 12 13 0.057059288 
609 184 8 10 0.056914147 
579 578 11 14 0.056643203 
266 6 8 10 0.056599326 
901 285 10 14 0.05658292 
553 79 8 10 0.056448426 
257 205 8 11 0.05600097 
982 526 10 12 0.055978425 
946 350 9 11 0.05597798 
802 57 8 11 0.055908073 
154 441 12 16 0.055821028 
150 382 11 14 0.055511136 
484 312 21 29 0.055373073 
727 59 8 10 0.055288684 
690 57 7 9 0.05525744 
198 260 8 12 0.055115964 
454 52 8 10 0.05506292 
286 435 16 19 0.054920778 
826 197 7 9 0.054905836 
125 183 9 11 0.054892905 
144 85 9 10 0.054629777 
150 357 10 13 0.05444601 
559 77 7 10 0.05415476 
737 618 16 18 0.0540291 
687 45 7 10 0.053973634 
409 173 11 13 0.053798992 
414 89 8 10 0.053664066 
352 149 8 11 0.053323876 
464 584 10 13 0.05298758 
945 326 9 12 0.052979298 
113 181 9 13 0.05291681 
823 502 8 10 0.052901533 
719 150 8 10 0.05264986 
309 21 8 11 0.052285388 
879 6 7 10 0.05198091 
878 52 9 11 0.051930446 
894 6 7 9 0.051904395 
514 500 9 12 0.051892366 
905 64 7 10 0.051659223 
630 577 14 19 0.051397145 
503 565 10 14 0.051343605 
957 220 9 11 0.05124907 
665 69 7 9 0.051217586 
857 72 7 10 0.051094662 
872 379 9 13 0.050618604 
542 65 7 9 0.050461877 
489 117 7 9 0.050450858 
881 214 7 10 0.050184418 
744 30 8 10 0.050041128 
167 216 8 10 0.050037187 
662 157 8 11 0.049834598 
784 113 8 10 0.04977397 
451 609 13 20 0.049721785 
915 331 10 12 0.04926659 
784 133 8 10 0.049100414 
629 186 8 10 0.04892893 
246 118 9 12 0.04885775 
961 0 9 10 0.048502363 
815 302 8 11 0.048462037 
448 414 10 13 0.04845747 
473 24 8 9 0.04810669 
333 303 13 17 0.047973998 
586 89 9 11 0.047822542 
792 31 8 10 0.04781116 
121 118 7 10 0.04768412 
351 157 8 10 0.04753834 
544 141 9 11 0.047528494 
729 190 8 10 0.047507852 
832 111 7 10 0.047453936 
984 22 8 11 0.047107983 
503 69 7 10 0.04704614 
373 587 12 15 0.047010433 
888 238 6 9 0.046990905 
262 180 10 12 0.046860926 
745 182 8 10 0.04683418 
944 161 8 10 0.046704993 
411 109 7 9 0.0466639 
830 209 8 9 0.04646037 
980 480 10 12 0.046244495 
719 159 8 10 0.046214335 
632 96 7 9 0.046060797 
126 190 9 10 0.046051137 
557 574 10 14 0.04592787 
246 52 8 11 0.045672983 
826 87 7 9 0.045528624 
297 135 8 11 0.045287356 
606 96 7 9 0.04521206 
910 142 8 10 0.045093138 
540 174 13 18 0.044931643 
509 519 12 15 0.04461314 
529 6 8 10 0.044544775 
841 72 7 9 0.04449774 
497 63 7 9 0.04432078 
589 0 8 9 0.044230234 
880 207 7 9 0.044042327 
291 546 13 17 0.043840848 
766 260 10 12 0.043435957 
534 6 8 10 0.043435007 
592 589 13 17 0.043430787 
501 191 9 12 0.04284192 
767 63 8 11 0.042832866 
808 110 7 9 0.042696618 
68 307 12 15 0.042658485 
881 148 8 11 0.04264641 
509 493 12 14 0.042504996 
62 1 8 8 0.042384103 
293 488 17 24 0.042361137 
558 57 9 11 0.042257212 
945 266 10 13 0.042253528 
578 56 6 9 0.042070612 
394 87 8 10 0.04200475 
942 205 8 10 0.041899797 
151 111 8 9 0.04184628 
395 549 15 19 0.04172176 
985 93 7 10 0.041667253 
313 152 7 10 0.041665945 
371 160 8 11 0.041644797 
302 32 8 10 0.041622456 
686 128 7 9 0.04151897 
77 87 7 9 0.041268885 
799 495 9 11 0.041245833 
841 61 8 10 0.041153546 
775 21 8 10 0.04113622 
345 159 8 11 0.041098263 
327 36 8 12 0.041011684 
914 478 9 12 0.040994547 
271 144 10 14 0.040963445 
768 476 11 13 0.040863097 
557 88 8 10 0.04077773 
333 198 9 11 0.040658128 
680 54 7 9 0.040612858 
114 95 8 10 0.040599443 
575 63 7 9 0.040593226 
480 30 7 8 0.04058022 
543 46 7 9 0.040561963 
381 98 9 13 0.040464576 
135 227 8 11 0.04045479 
89 1 8 9 0.040279433 
75 112 7 10 0.04027702 
936 445 11 14 0.04022137 
820 216 10 13 0.040193003 
759 251 9 12 0.040053263 
622 140 8 11 0.04004626 
712 22 7 10 0.040003616 
118 62 7 9 0.03983394 
422 120 7 9 0.039819825 
633 15 7 10 0.03974278 
569 70 6 9 0.039722875 
319 268 12 16 0.039702784 
529 53 7 10 0.03957032 
114 63 7 8 0.039539516 
504 488 12 15 0.03946643 
833 319 8 10 0.039434586 
80 101 7 10 0.039433636 
837 517 9 13 0.03929563 
706 61 8 11 0.039276592 
937 129 7 9 0.03927397 
998 234 8 9 0.03925179 
395 396 12 15 0.03917598 
593 158 8 9 0.039151978 
720 56 7 9 0.03915154 
295 127 8 10 0.039093476 
746 151 8 10 0.039045766 
940 99 8 11 0.038983837 
301 136 9 11 0.038951445 
311 48 8 11 0.03885724 
638 8 7 8 0.038785294 
486 128 7 9 0.038749088 
624 14 7 9 0.03871218 
723 418 17 20 0.038655598 
1010 143 8 11 0.038438614 
892 333 11 13 0.038429745 
760 238 8 10 0.03842278 
758 594 14 16 0.03840961 
761 516 9 12 0.038293183 
848 191 6 9 0.038250115 
327 443 11 15 0.038107485 
186 59 9 12 0.038048808 
751 39 8 10 0.038040195 
933 523 12 15 0.037987404 
175 7 9 11 0.037897833 
135 103 8 10 0.037861094 
132 6 6 9 0.037679583 
359 158 7 10 0.03763593 
768 23 8 10 0.03758295 
791 24 7 10 0.037557103 
790 518 7 10 0.037432328 
815 276 9 11 0.03741403 
376 89 9 11 0.03739108 
858 126 7 9 0.037367173 
576 144 9 11 0.037316505 
914 256 8 12 0.037221584 
613 513 13 17 0.037122432 
614 47 8 11 0.036875777 
846 74 8 9 0.03686536 
887 64 7 9 0.036835004 
751 7 7 10 0.036817864 
953 255 9 10 0.036776304 
618 136 8 11 0.03666563 
941 199 9 12 0.036548786 
857 1 8 9 0.036458135 
632 141 7 10 0.03639104 
407 573 19 27 0.03624478 
297 30 9 12 0.036242798 
792 391 8 11 0.036177326 
1009 475 10 13 0.03604303 
305 103 10 13 0.036033176 
144 124 8 10 0.035969578 
510 475 11 13 0.0359673 
817 109 8 10 0.035940506 
537 79 8 10 0.035881616 
901 272 8 11 0.035813436 
478 320 18 21 0.03578618 
104 104 7 9 0.035759814 
169 174 9 12 0.035691194 
921 183 7 9 0.035559036 
103 216 9 11 0.035553157 
658 159 8 10 0.03551505 
806 135 6 8 0.035375096 
880 23 7 10 0.035326574 
434 165 8 11 0.035291538 
268 392 10 13 0.035285823 
301 36 8 11 0.035258304 
689 18 6 8 0.035184346 
537 70 8 10 0.03517202 
103 110 7 9 0.035106402 
841 183 7 9 0.03499946 
832 261 8 11 0.034995057 
281 44 10 12 0.03499012 
610 85 8 10 0.034977343 
609 103 7 9 0.034927838 
855 77 6 9 0.034899738 
130 103 6 9 0.034850035 
233 152 8 11 0.03482781 
841 77 7 10 0.034778755 
933 198 9 11 0.03465395 
839 289 8 9 0.03462275 
97 105 7 8 0.0345248 
280 342 14 17 0.03447216 
847 60 7 10 0.0344704 
592 57 7 8 0.03441428 
405 398 10 14 0.034360852 
537 47 7 9 0.034181915 
310 87 8 11 0.03396267 
634 41 6 8 0.033915456 
180 405 11 14 0.033788387 
602 95 7 10 0.033756457 
625 64 8 10 0.033739623 
81 177 7 10 0.03369939 
799 29 9 12 0.03364101 
909 71 8 10 0.033600558 
317 157 8 11 0.033599284 
192 15 8 10 0.03355221 
424 51 8 11 0.033526633 
913 284 9 11 0.033517275 
682 100 8 10 0.03348549 
927 181 7 10 0.033449426 
826 240 8 10 0.03342295 
583 24 8 10 0.033419196 
426 333 15 17 0.03341477 
904 364 9 12 0.03341131 
489 31 6 9 0.03337577 
590 112 7 10 0.03336885 
151 119 8 11 0.0333532 
861 0 7 8 0.033337347 
759 112 8 9 0.033288285 
838 344 10 12 0.033219732 
80 117 7 10 0.033204265 
801 77 8 10 0.03318849 
862 72 7 9 0.033128135 
343 52 8 10 0.033127766 
634 8 7 9 0.03311998 
429 49 8 10 0.033111952 
832 79 7 10 0.03311061 
118 87 8 10 0.03307952 
781 495 13 17 0.033073865 
837 493 12 15 0.03302352 
101 57 7 10 0.03301107 
200 16 7 9 0.033009455 
378 63 8 10 0.033005208 
863 405 11 15 0.033001922 
268 432 15 20 0.032995272 
446 228 13 18 0.032953795 
217 12 8 12 0.0329162 
673 158 9 11 0.032912698 
838 87 7 10 0.03289657 
388 464 10 13 0.0328857 
536 31 7 9 0.032852005 
847 264 8 10 0.032840032 
633 87 7 9 0.032745436 
970 317 9 12 0.03273208 
224 22 9 10 0.032687187 
736 9 7 9 0.03240987 
321 119 8 9 0.032314025 
401 158 8 10 0.03225297 
73 52 8 10 0.032225836 
334 165 8 11 0.03221632 
938 113 7 10 0.032208234 
315 140 9 11 0.032078158 
168 341 9 12 0.03205757 
145 32 7 10 0.031988084 
863 372 10 13 0.031987958 
442 94 7 10 0.03198319 
423 71 8 10 0.031970836 
456 159 7 10 0.03187367 
577 31 7 10 0.031865004 
936 0 8 9 0.031849064 
381 583 12 15 0.031759303 
886 143 7 10 0.031756915 
905 142 8 10 0.03175281 
616 141 9 11 0.031707775 
919 8 8 10 0.031678554 
90 80 6 8 0.031617936 
571 127 8 11 0.03161582 
306 16 9 11 0.03156296 
37 152 9 12 0.0315238 
882 63 7 9 0.031520087 
863 208 7 9 0.03142683 
773 524 11 15 0.03141922 
543 158 9 10 0.03123836 
665 142 9 12 0.031119896 
897 302 8 11 0.031054204 
889 444 10 12 0.031037593 
932 306 11 14 0.031028422 
813 311 9 13 0.030957973 
151 93 7 9 0.030925507 
839 95 7 9 0.030899279 
569 88 7 9 0.030863343 
256 16 9 11 0.03084802 
290 598 13 16 0.03082248 
3 149 10 15 0.03080963 
569 204 9 11 0.030731684 
286 253 9 12 0.03068224 
806 24 8 10 0.030676622 
616 1 7 9 0.03067583 
740 353 10 12 0.030663708 
187 551 17 20 0.030648218 
186 5 9 11 0.030634126 
128 167 8 10 0.030567367 
863 214 7 9 0.03056359 
780 470 10 13 0.030563029 
720 165 8 11 0.03055286 
430 88 7 10 0.030540185 
824 126 7 10 0.030480811 
542 197 9 11 0.030428186 
455 467 13 16 0.03031821 
703 165 8 11 0.030305684 
54 132 9 11 0.030301208 
671 104 7 9 0.0302893 
260 99 9 12 0.030202854 
624 96 7 9 0.030111069 
831 30 7 11 0.03011036 
738 192 9 12 0.030055465 
313 171 9 12 0.030053444 
807 310 10 14 0.030025993 
726 150 7 10 0.029979115 
785 160 8 10 0.029843297 
145 2 9 9 0.029806666 
944 0 8 9 0.029793844 
600 78 8 9 0.029772168 
150 125 9 11 0.02976561 
425 0 9 9 0.029734096 
801 127 7 9 0.029704703 
861 17 8 10 0.02965887 
758 0 7 8 0.029620811 
918 471 12 14 0.029603632 
587 602 13 15 0.029531887 
369 85 8 10 0.029526578 
135 164 9 12 0.029510833 
767 232 8 10 0.029497353 
452 148 9 12 0.029471757 
345 172 9 12 0.029466588 
906 135 8 11 0.029466497 
220 489 14 20 0.029458392 
521 48 7 9 0.02944184 
245 465 11 17 0.029417384 
537 39 7 9 0.02937174 
852 6 9 10 0.029359275 
343 183 8 10 0.02934944 
998 379 9 11 0.029313615 
632 545 12 16 0.029304566 
545 102 8 10 0.029250123 
504 558 11 15 0.029210592 
520 54 7 9 0.029134113 
878 201 7 9 0.029006135 
185 22 8 11 0.028992627 
399 419 10 13 0.028985087 
515 191 10 12 0.028972326 
981 449 8 12 0.02895162 
806 209 8 10 0.028920079 
913 111 8 10 0.028881347 
682 46 7 9 0.028880533 
174 174 9 11 0.028791105 
266 117 8 10 0.028780308 
246 137 9 11 0.028717656 
479 63 8 9 0.028701467 
702 210 9 12 0.028598882 
727 160 8 10 0.028512606 
662 94 8 9 0.028490717 
74 117 7 10 0.028428307 
735 128 7 10 0.028408282 
504 402 9 13 0.028397135 
753 21 8 10 0.028383031 
32 152 11 13 0.028373431 
807 78 7 10 0.028311599 
864 525 14 16 0.028295172 
717 143 9 11 0.028280398 
25 112 8 10 0.028274752 
826 144 6 9 0.02826408 
665 9 6 8 0.028261842 
94 0 8 8 0.02823417 
748 476 13 15 0.028201154 
82 24 7 9 0.028182076 
849 96 7 9 0.02816918 
232 0 9 10 0.028121857 
773 418 14 21 0.028087998 
350 109 8 10 0.028083153 
241 137 8 11 0.028007505 
89 87 7 9 0.02800125 
208 42 12 15 0.027942607 
942 112 6 10 0.027933229 
765 563 14 18 0.027908063 
601 73 7 9 0.027901344 
42 47 7 9 0.027883016 
785 166 7 9 0.027874514 
815 368 12 17 0.027851146 
485 495 11 13 0.027827224 
466 144 7 9 0.027817 
840 263 8 10 0.027798006 
807 30 8 10 0.027765924 
486 52 7 10 0.027765488 
985 55 8 11 0.027743014 
765 516 10 13 0.027705591 
830 196 8 10 0.02769862 
710 532 12 17 0.027637351 
388 237 11 14 0.027614158 
865 87 6 8 0.027599148 
718 61 8 11 0.027585834 
71 103 7 9 0.027504252 
718 197 8 10 0.0274857 
565 158 7 11 0.027481366 
446 5 9 10 0.027453382 
570 65 7 9 0.027433153 
885 232 8 11 0.027414473 
488 499 10 13 0.027302409 
322 96 8 11 0.027301842 
1000 96 8 10 0.027295548 
643 87 8 11 0.027246328 
791 173 8 10 0.02721528 
837 233 8 10 0.027157815 
891 165 8 11 0.02715594 
841 191 7 9 0.02714667 
669 141 9 11 0.027143544 
797 223 9 11 0.027139276 
18 149 9 12 0.027139235 
710 175 8 9 0.027131801 
136 96 8 9 0.027126746 
368 73 8 10 0.027126463 
576 22 7 9 0.027116789 
808 459 9 13 0.02705292 
539 64 7 9 0.02704416 
800 120 7 9 0.026989734 
952 217 8 10 0.026961243 
433 144 9 11 0.026945973 
541 39 8 10 0.0269376 
820 614 11 14 0.026932666 
840 293 7 10 0.026844187 
368 102 8 11 0.026835775 
735 482 10 15 0.02681919 
880 332 9 13 0.026767392 
825 355 9 12 0.026756307 
951 0 8 9 0.02670416 
631 63 7 10 0.026675303 
705 175 8 10 0.026588095 
395 171 10 12 0.026575943 
1008 348 11 16 0.026505904 
736 39 8 10 0.026495751 
681 31 7 9 0.026461191 
346 110 8 10 0.026430367 
793 208 8 9 0.026403679 
321 30 8 10 0.026391387 
815 94 7 9 0.026364787 
489 23 6 9 0.026362231 
744 122 10 12 0.026342938 
640 70 8 9 0.026335834 
302 206 9 12 0.026308516 
872 254 7 9 0.026290683 
942 79 7 9 0.026277216 
944 231 7 10 0.02624815 
347 33 7 10 0.026226485 
648 4 8 10 0.026225982 
533 496 11 12 0.02621774 
846 465 12 16 0.026207676 
975 223 7 9 0.02611861 
398 88 9 11 0.026118476 
160 77 8 11 0.026106048 
585 117 8 9 0.026082167 
102 134 8 10 0.02605037 
303 125 8 10 0.026032899 
72 128 8 9 0.025981976 
873 199 7 9 0.025916252 
326 56 7 9 0.025881987 
210 127 8 12 0.025860624 
861 246 7 9 0.025858512 
90 56 6 9 0.025848579 
544 32 6 8 0.025808146 
897 143 6 8 0.025792686 
697 206 9 12 0.025788767 
472 111 8 10 0.025784003 
255 55 10 13 0.025767824 
949 325 11 13 0.025758786 
289 127 8 10 0.025731187 
264 39 8 11 0.025710749 
416 136 8 10 0.025621591 
895 41 8 10 0.025616795 
314 156 8 11 0.025580091 
120 113 7 10 0.025535451 
785 175 8 9 0.025532484 
184 86 8 11 0.025505612 
150 88 8 10 0.025501655 
994 39 9 11 0.025486529 
377 110 9 12 0.025449358 
24 63 7 9 0.025441023 
96 95 7 9 0.025439303 
602 87 6 9 0.02542373 
534 55 7 9 0.025413433 
809 521 11 14 0.025401069 
929 111 6 9 0.025398238 
517 495 12 13 0.025394777 
449 53 8 10 0.02538813 
965 232 9 13 0.025357813 
326 118 7 10 0.025357483 
320 47 8 11 0.025328262 
448 137 9 12 0.025325568 
677 151 8 10 0.025297845 
122 52 7 10 0.02523101 
727 479 12 15 0.025229301 
310 502 13 18 0.025214327 
601 47 7 9 0.0250952 
348 614 11 15 0.02508587 
987 2 11 12 0.025071995 
922 191 7 10 0.025010934 
311 121 8 10 0.024957964 
825 244 7 10 0.024948884 
953 136 8 10 0.024924818 
561 73 7 9 0.024886444 
303 78 7 11 0.024861222 
466 175 8 11 0.024799036 
162 247 8 10 0.024748059 
616 6 8 9 0.024746343 
766 68 8 10 0.024734749 
133 453 11 15 0.024729664 
524 132 9 12 0.024682458 
759 151 7 9 0.024678973 
750 51 10 12 0.024652371 
545 149 7 11 0.024647983 
56 40 7 9 0.02464135 
776 69 8 11 0.024623908 
383 181 8 10 0.024616376 
722 16 8 11 0.024614688 
735 414 11 15 0.024606649 
809 95 7 9 0.024572715 
625 69 7 10 0.024555834 
693 94 8 10 0.024548419 
306 47 8 11 0.024526853 
504 54 7 9 0.024515558 
280 393 12 15 0.024454283 
781 64 8 10 0.024451442 
313 199 8 10 0.024450243 
589 168 8 11 0.024399394 
561 14 7 9 0.0243897 
550 144 8 11 0.024377266 
424 150 8 10 0.024369733 
865 199 7 9 0.024349593 
247 161 12 14 0.024326252 
64 98 6 9 0.02432281 
841 31 7 9 0.02431837 
181 261 7 10 0.024303196 
966 272 8 11 0.024289148 
735 165 7 9 0.024287434 
761 70 8 10 0.024254605 
167 49 7 9 0.024221094 
801 74 7 8 0.024197266 
405 157 9 10 0.024196872 
831 135 7 9 0.024195518 
825 95 8 9 0.024155479 
524 127 9 11 0.024119988 
393 501 10 13 0.024108771 
539 573 12 16 0.024007978 
256 201 8 10 0.024005378 
145 16 7 9 0.023968715 
462 38 7 10 0.023964422 
745 8 8 10 0.023961306 
787 309 11 13 0.023932075 
552 56 8 10 0.023931729 
800 284 9 11 0.023901988 
609 79 8 10 0.023886949 
918 48 7 9 0.023873677 
104 33 7 10 0.023790242 
458 39 7 9 0.023785818 
551 72 7 9 0.023775015 
446 95 7 10 0.023771 
145 108 8 10 0.023752835 
543 80 8 10 0.023742069 
445 419 9 12 0.023734653 
532 315 12 15 0.023733491 
640 63 8 10 0.02372385 
149 104 9 11 0.0237223 
832 117 7 10 0.02367866 
863 78 7 10 0.02365758 
925 61 8 10 0.023630772 
799 141 8 10 0.02358036 
551 547 11 15 0.023549708 
33 541 9 11 0.023540033 
503 182 8 10 0.023533206 
83 30 7 10 0.023525907 
785 518 9 12 0.023522368 
925 285 10 12 0.023520445 
632 102 7 10 0.02349586 
202 38 8 10 0.023494331 
472 29 8 9 0.023493595 
745 0 8 8 0.023489678 
385 56 7 9 0.023468144 
255 135 7 10 0.023440566 
146 37 8 10 0.023348117 
792 135 6 9 0.023347644 
864 63 7 9 0.023337146 
569 32 7 9 0.023334784 
833 72 6 8 0.02333336 
992 207 7 9 0.023324186 
262 60 9 13 0.023317939 
239 47 9 11 0.02330831 
855 262 8 10 0.023307083 
993 375 10 11 0.023306318 
69 482 11 16 0.023293829 
202 166 7 10 0.023290062 
232 318 9 12 0.02326408 
1011 58 10 15 0.023244297 
863 120 7 9 0.023211563 
151 175 8 10 0.023179924 
806 104 8 9 0.023169847 
177 166 9 12 0.023155559 
727 499 13 14 0.023153039 
160 38 7 9 0.023092166 
455 595 11 13 0.023072362 
126 196 8 11 0.02305304 
272 197 9 10 0.0230284 
792 72 7 9 0.023013514 
766 498 9 13 0.022981875 
528 49 6 9 0.02297843 
437 211 11 14 0.022937529 
194 256 9 11 0.022904497 
928 202 9 12 0.02285201 
677 71 8 9 0.022840075 
775 57 8 10 0.022829803 
775 16 9 11 0.022784265 
756 477 11 13 0.022780534 
818 127 7 8 0.02268806 
829 353 13 15 0.0226825 
687 90 8 10 0.022662507 
915 449 16 18 0.022651386 
502 195 10 12 0.022593917 
863 110 8 12 0.02259173 
478 25 8 9 0.022575319 
665 127 8 9 0.022539718 
438 546 12 14 0.022528995 
672 110 9 10 0.022444598 
457 96 7 9 0.022433614 
735 54 8 11 0.022379324 
141 159 8 11 0.022339728 
501 78 8 11 0.022324588 
695 22 7 9 0.02231415 
576 6 6 8 0.022299144 
364 594 13 15 0.022293158 
34 37 7 10 0.022264855 
879 29 7 9 0.022231374 
496 23 6 8 0.022226358 
703 160 8 11 0.022163069 
971 103 7 9 0.022159789 
831 144 7 8 0.022150906 
920 55 8 10 0.022145608 
481 590 11 15 0.022128679 
102 558 14 18 0.02212171 
944 21 9 12 0.02208544 
503 176 9 11 0.022078043 
188 479 15 19 0.022056112 
765 528 12 15 0.022046981 
262 84 9 12 0.022042962 
381 111 10 13 0.022019735 
927 135 6 8 0.022017937 
558 520 10 13 0.022015432 
809 301 9 12 0.021980017 
148 430 11 14 0.021963676 
738 21 7 11 0.021957643 
719 104 8 11 0.021934338 
938 55 7 10 0.021912381 
936 262 9 11 0.02189798 
851 320 11 14 0.02188954 
262 200 9 10 0.021884887 
856 94 7 9 0.021802772 
46 47 8 9 0.021797575 
302 496 15 20 0.021780288 
755 484 15 20 0.021760898 
755 542 12 16 0.021713054 
464 117 7 10 0.021694796 
528 1 7 9 0.021691328 
257 27 10 12 0.02164305 
640 104 7 9 0.021625347 
175 410 14 16 0.021596394 
950 343 11 14 0.021534054 
766 37 8 11 0.021527564 
294 0 12 12 0.021525284 
727 198 8 10 0.021507261 
831 212 8 11 0.021500291 
528 192 10 13 0.021457193 
438 149 8 9 0.021444594 
65 176 8 11 0.021442892 
120 24 7 9 0.021430867 
912 95 7 10 0.021417452 
339 222 8 9 0.021416016 
351 96 7 9 0.02136437 
849 39 7 9 0.0213638 
718 109 9 11 0.021357145 
409 88 8 11 0.021323841 
265 155 10 12 0.021310447 
785 23 8 10 0.021307157 
781 6 8 9 0.021268375 
712 0 7 9 0.021266289 
730 135 8 11 0.021263106 
75 307 12 15 0.021251235 
609 119 7 10 0.021250753 
591 62 7 9 0.021227488 
647 71 7 9 0.021226944 
322 53 8 11 0.021225378 
103 80 7 10 0.02121299 
504 157 8 11 0.021203794 
5 133 9 12 0.021141617 
601 166 7 9 0.021128904 
546 110 8 11 0.021100812 
623 127 8 9 0.021067265 
255 463 17 22 0.021059776 
117 292 12 17 0.021059295 
742 143 7 10 0.021044198 
641 620 20 30 0.021005003 
950 247 8 10 0.020966548 
978 207 8 10 0.020961741 
177 256 8 10 0.020957228 
825 134 7 10 0.020944064 
617 70 7 9 0.02093429 
761 63 8 11 0.020863282 
727 206 9 10 0.0208573 
439 414 11 13 0.020821802 
351 221 9 12 0.020819299 
430 54 7 10 0.02078239 
551 25 7 9 0.02077426 
512 55 7 9 0.020754801 
290 143 8 11 0.020739516 
649 114 8 10 0.020728381 
285 603 14 17 0.020725142 
896 55 7 9 0.02071629 
800 310 10 14 0.020660304 
528 523 11 13 0.020637421 
447 86 8 10 0.020626338 
858 183 6 8 0.020618593 
165 246 8 10 0.020612262 
734 72 8 11 0.020553114 
602 621 16 21 0.020552183 
58 0 8 9 0.020536227 
128 96 7 9 0.020524673 
17 157 9 12 0.02050278 
743 471 13 15 0.020472609 
135 185 7 9 0.020448606 
829 425 12 13 0.020444926 
492 503 10 12 0.020438422 
231 94 8 10 0.0204176 
585 62 7 9 0.020408953 
720 47 7 9 0.02039583 
363 467 12 16 0.020378085 
346 151 8 10 0.020368256 
849 86 7 9 0.020365689 
873 95 7 10 0.020339373 
546 173 13 17 0.020313667 
807 73 7 9 0.020304503 
812 398 12 15 0.020298576 
306 86 8 12 0.020286713 
801 25 9 10 0.020268029 
256 85 10 12 0.02024185 
759 118 8 9 0.020235404 
50 103 8 10 0.020234866 
452 412 10 13 0.020219827 
102 129 8 10 0.020208245 
647 80 8 10 0.020193068 
49 23 8 9 0.020192564 
807 39 7 9 0.020189341 
864 229 7 10 0.020118386 
916 482 11 14 0.020063462 
575 71 7 9 0.020061119 
910 128 8 10 0.020060513 
263 227 8 11 0.02005626 
832 24 8 11 0.02003359 
317 238 10 12 0.0200239 
57 96 7 9 0.020018043 
664 87 8 10 0.020008832 
