2_Demonstration_Protesters_2_268
21
280 242 33 39 0.99735236 
592 209 35 42 0.99713886 
845 211 34 44 0.9953057 
397 240 31 34 0.99439794 
73 206 42 54 0.9933357 
534 259 27 31 0.98525906 
367 244 23 30 0.9101899 
190 211 27 56 0.82606894 
459 235 23 28 0.29784366 
986 255 25 30 0.21571626 
750 211 21 39 0.20289668 
695 239 16 20 0.085305855 
456 239 14 20 0.08074739 
235 237 31 36 0.062424943 
491 227 15 20 0.031985316 
473 235 26 32 0.030579183 
1013 150 9 14 0.02440997 
461 239 32 38 0.021876581 
692 196 28 38 0.020715907 
813 151 8 10 0.020323748 
223 239 30 37 0.02014917 
