2_Demonstration_Demonstration_Or_Protest_2_32
133
457 1064 47 64 0.99929726 
730 1104 55 68 0.99821377 
525 1149 61 89 0.9980227 
169 1084 54 73 0.9956458 
517 1060 29 38 0.99415636 
242 1239 87 115 0.99324554 
336 1032 30 36 0.99176544 
629 1064 27 37 0.99157035 
895 1021 25 30 0.9901634 
312 1098 54 77 0.98723453 
427 1030 34 48 0.9831648 
524 1109 41 53 0.9739042 
865 1108 29 33 0.9705648 
290 1076 46 62 0.962671 
50 1048 40 49 0.95316803 
369 1032 22 28 0.94762695 
578 1079 22 29 0.9272686 
0 1254 56 105 0.91530246 
937 1080 19 24 0.9110355 
825 1098 26 38 0.90233344 
697 1099 40 58 0.89076257 
271 1058 36 47 0.85162866 
981 1061 15 20 0.6983086 
403 1029 22 33 0.6189738 
692 1044 15 19 0.50652605 
550 1023 12 15 0.48823515 
752 1078 19 21 0.48626736 
542 1058 21 30 0.43236896 
774 1060 20 24 0.42791387 
968 998 22 29 0.3869848 
723 1054 18 19 0.36332592 
492 1020 14 18 0.36314496 
198 1039 27 33 0.30007657 
295 1031 26 30 0.29278243 
971 1172 14 21 0.2531083 
603 1051 13 17 0.2530401 
32 197 38 49 0.23715211 
631 1037 14 16 0.20368992 
910 1153 28 38 0.1760125 
589 1038 13 18 0.17181452 
992 1045 21 28 0.1666915 
415 1031 28 37 0.1617333 
3 1026 27 38 0.15830049 
284 1028 25 28 0.14711274 
526 1030 15 16 0.1373267 
693 1039 12 15 0.12281676 
762 1052 13 17 0.12028236 
578 1026 13 15 0.11306385 
603 1015 11 13 0.099225074 
977 1041 16 20 0.0786374 
990 1040 16 21 0.07668925 
961 1067 16 20 0.06863895 
630 1028 13 16 0.067346826 
980 1052 15 19 0.06696437 
31 1069 25 33 0.058035307 
617 1038 10 12 0.05739039 
974 1063 16 21 0.052161332 
252 1056 32 43 0.051451642 
596 1044 13 18 0.051004045 
971 1127 17 23 0.049643517 
748 1010 17 18 0.04906429 
1007 1102 16 21 0.047284886 
232 1072 24 37 0.045492638 
536 1013 8 10 0.044613205 
668 1060 24 32 0.04341336 
622 1036 10 14 0.043170203 
395 1036 26 37 0.041015133 
973 1103 25 29 0.040853087 
980 1089 18 20 0.04064369 
547 1049 16 24 0.04048628 
926 1023 21 26 0.039793894 
-1 1092 27 43 0.039242998 
725 1030 10 12 0.03864692 
662 1046 12 14 0.038518045 
521 1031 10 12 0.03833456 
248 1047 28 34 0.0380267 
201 1033 21 24 0.03798683 
644 1043 13 17 0.03769528 
906 1019 27 32 0.036427062 
865 1026 16 19 0.036008954 
1012 988 12 22 0.035237145 
357 1252 53 70 0.035162978 
616 1074 24 33 0.03361546 
1006 1015 16 20 0.03316648 
283 1036 31 38 0.031263255 
165 1052 27 31 0.030632522 
542 1027 13 16 0.030387964 
586 1123 23 29 0.030250838 
615 1043 11 15 0.029993802 
381 1035 23 31 0.029926104 
704 689 206 303 0.029719455 
763 1054 22 24 0.029637167 
812 1065 17 19 0.029374339 
567 1044 11 14 0.028762331 
968 1012 24 28 0.028704405 
664 979 13 16 0.028028892 
567 1039 10 13 0.027888328 
957 1059 15 19 0.027528435 
741 1083 27 32 0.027234852 
686 1048 22 29 0.027067758 
827 1051 16 18 0.026885705 
625 1030 11 14 0.026843105 
930 1109 17 24 0.026835488 
443 1048 45 57 0.02645784 
915 1147 18 23 0.025622454 
940 1054 18 20 0.02552609 
120 1032 17 23 0.025523761 
242 1058 26 38 0.024717258 
251 1043 20 22 0.024690708 
582 1035 15 19 0.02465181 
621 1041 13 18 0.02461558 
844 1057 13 17 0.024598697 
628 1045 17 21 0.024501583 
996 1060 16 20 0.024434805 
979 1175 15 21 0.02441901 
528 1037 18 22 0.023694435 
528 1050 25 33 0.023581175 
775 1036 14 15 0.023569526 
588 1030 13 15 0.023268301 
107 1197 46 61 0.02293246 
383 1053 38 49 0.022867858 
554 1025 13 17 0.022861583 
552 1062 17 23 0.022860583 
549 1031 14 19 0.022362834 
820 1059 14 16 0.02198954 
565 1029 9 13 0.021677772 
961 1148 15 16 0.021632431 
955 1150 23 28 0.021410549 
750 987 10 12 0.02073689 
251 1033 20 21 0.020576814 
807 1089 40 52 0.020482067 
734 1030 10 13 0.020249944 
973 1047 16 20 0.020174509 
