2_Demonstration_Demonstration_Or_Protest_2_795
119
451 437 137 153 0.9972179 
620 148 12 14 0.6243095 
573 134 11 13 0.49839884 
676 147 11 13 0.4474259 
134 141 9 11 0.41482976 
465 133 10 13 0.4068125 
655 127 9 12 0.38938034 
407 143 12 14 0.38869542 
446 140 9 12 0.3073198 
261 134 10 12 0.28932023 
552 136 9 11 0.2371665 
152 141 11 13 0.22517994 
758 139 10 12 0.19782615 
368 141 9 11 0.19115794 
752 142 10 12 0.17140102 
692 139 11 13 0.1700252 
588 139 10 12 0.16995713 
93 144 8 11 0.16866933 
382 135 9 11 0.16747837 
678 133 8 11 0.13655773 
616 142 11 15 0.13530073 
534 136 9 11 0.13132833 
73 142 7 11 0.12666138 
752 149 9 10 0.11236269 
334 134 9 13 0.109614894 
608 135 9 13 0.10648689 
719 140 9 12 0.10499174 
639 124 8 11 0.096665815 
529 139 9 12 0.08979433 
335 140 9 11 0.08686664 
189 141 10 12 0.08353662 
745 141 8 11 0.0823824 
224 136 8 10 0.08149823 
344 136 8 11 0.08144909 
582 136 9 12 0.07439128 
728 140 9 11 0.07071699 
105 144 9 10 0.05959063 
487 133 9 12 0.055048876 
629 136 9 12 0.052881714 
543 129 8 10 0.052815154 
662 142 8 12 0.05135798 
645 139 9 11 0.04979157 
568 139 10 12 0.04859022 
694 156 8 11 0.0480315 
733 141 8 11 0.047152597 
165 151 9 12 0.046620972 
373 140 9 12 0.04638979 
693 151 10 12 0.04634818 
612 134 11 13 0.046284027 
297 141 9 11 0.045180123 
712 134 9 10 0.04499913 
487 147 13 15 0.043064818 
674 134 8 10 0.04266825 
600 140 9 13 0.0419721 
88 166 10 13 0.041176375 
494 134 8 11 0.039578255 
309 142 8 11 0.03934229 
605 147 11 14 0.039209258 
334 128 8 10 0.039048947 
544 133 8 10 0.037968826 
368 117 9 11 0.036799345 
303 141 9 12 0.03660277 
688 137 10 12 0.036462042 
624 136 10 13 0.036421705 
486 142 11 13 0.036267865 
557 139 9 12 0.036247283 
765 141 8 10 0.0360096 
377 134 9 12 0.035976525 
657 142 9 12 0.03469655 
599 135 9 11 0.033943698 
384 150 10 12 0.032472897 
49 158 8 11 0.031968288 
237 142 8 9 0.03184505 
89 147 9 12 0.031262685 
620 190 13 14 0.030682493 
705 158 9 10 0.03064747 
517 184 17 20 0.030230667 
520 136 9 11 0.030207377 
688 150 10 12 0.029818306 
702 141 9 11 0.02907477 
639 133 11 15 0.029030655 
348 149 10 13 0.028787358 
316 159 9 12 0.028769221 
56 150 8 10 0.028700873 
64 144 8 11 0.02863964 
445 144 12 16 0.028460914 
306 128 7 10 0.028098103 
647 134 11 14 0.027372692 
424 143 8 11 0.027279198 
661 149 9 12 0.026605817 
656 151 9 11 0.026434796 
159 148 11 13 0.026425194 
479 111 10 15 0.026346067 
769 149 8 11 0.026129097 
511 157 9 12 0.025495075 
407 136 12 14 0.02513991 
734 151 8 10 0.02493835 
309 133 8 10 0.024849897 
574 130 9 11 0.024765937 
297 135 8 11 0.024727069 
346 118 8 10 0.02448598 
527 151 11 13 0.024187703 
304 133 9 11 0.02388328 
648 126 10 13 0.023830466 
674 129 8 10 0.023728013 
112 156 11 14 0.022949608 
309 128 8 10 0.02189122 
588 157 11 13 0.021887217 
72 173 10 13 0.021721676 
55 182 10 12 0.02169252 
493 153 13 15 0.021687014 
613 126 9 12 0.021464925 
349 136 8 11 0.021399243 
278 132 7 10 0.021064695 
62 148 8 11 0.02082237 
21 173 9 10 0.020719545 
551 157 10 12 0.020397665 
592 289 37 41 0.020299269 
824 134 8 11 0.020105766 
