2_Demonstration_Political_Rally_2_339
71
886 457 30 36 0.9942297 
784 492 70 95 0.99188155 
619 292 34 52 0.9502341 
954 430 33 48 0.5805125 
484 438 58 58 0.5554272 
724 424 18 23 0.31226394 
52 419 22 42 0.28142902 
623 416 20 36 0.2695555 
822 445 30 39 0.25447562 
285 445 14 23 0.18090896 
253 420 10 13 0.1500346 
154 421 10 14 0.13092414 
449 424 22 33 0.10521464 
890 398 21 33 0.09906739 
920 474 14 20 0.09709111 
205 423 8 10 0.09405637 
325 433 19 32 0.09073087 
177 423 7 10 0.07422826 
156 427 10 13 0.0726098 
105 439 12 17 0.07085082 
127 425 7 9 0.070464976 
965 420 39 60 0.06829976 
446 428 15 24 0.06695123 
282 423 9 11 0.06669871 
565 461 20 41 0.06236506 
323 419 11 15 0.05535918 
533 470 25 48 0.054062936 
876 403 14 15 0.054054808 
189 452 13 21 0.052016515 
929 421 12 14 0.051125742 
885 401 15 22 0.050356936 
439 406 10 14 0.044071957 
614 433 13 23 0.042495485 
797 469 55 75 0.042068124 
217 417 8 10 0.04110937 
445 407 10 13 0.040901158 
192 441 9 12 0.03971303 
184 456 13 20 0.039649025 
278 444 15 23 0.039393898 
202 428 8 11 0.03844186 
857 419 10 14 0.03634624 
540 461 36 57 0.035431612 
747 437 14 16 0.03462362 
695 428 10 12 0.033052314 
615 424 20 33 0.032673594 
440 428 12 18 0.031972572 
292 443 12 21 0.03045245 
717 420 16 24 0.030092457 
285 427 9 13 0.029476352 
144 431 7 10 0.029443473 
718 418 36 44 0.029295666 
126 444 8 12 0.028607124 
763 430 11 12 0.028412342 
177 428 9 11 0.02795984 
798 437 42 46 0.027762564 
105 383 7 9 0.027586818 
723 358 8 11 0.02555487 
875 407 17 22 0.025327412 
452 418 36 53 0.025154695 
700 428 10 14 0.024724228 
948 425 25 39 0.024318784 
472 420 51 62 0.023723159 
547 453 23 44 0.023202142 
830 431 25 37 0.02173041 
353 422 23 38 0.021675859 
615 415 10 16 0.021634122 
430 422 11 15 0.021410696 
670 428 9 14 0.020846248 
250 448 38 54 0.020696599 
884 416 15 22 0.02043058 
688 430 11 14 0.020191 
