2_Demonstration_Protesters_2_646
29
345 256 106 140 0.99805295 
655 217 73 91 0.99645555 
226 190 52 66 0.9925822 
472 210 80 107 0.9921842 
334 183 23 31 0.988242 
591 178 24 30 0.9850091 
563 213 42 60 0.9712948 
451 165 49 70 0.96982175 
980 221 40 52 0.9636607 
390 178 18 24 0.9025863 
118 170 37 46 0.76830626 
281 171 17 23 0.61155033 
807 343 75 88 0.4948538 
90 185 23 28 0.2263829 
289 171 16 19 0.1778183 
372 182 16 20 0.16989921 
90 197 25 31 0.1327689 
6 197 26 33 0.11897215 
448 182 78 104 0.105686516 
98 175 26 34 0.09177738 
381 180 19 24 0.08854183 
746 194 15 17 0.08442204 
187 185 21 27 0.066500716 
511 197 69 99 0.058905795 
412 180 15 20 0.053709343 
745 192 11 12 0.050482444 
48 82 34 53 0.03568056 
84 188 19 24 0.024402298 
3 176 31 44 0.021552075 
