2_Demonstration_Political_Rally_2_18
136
66 339 17 21 0.98389894 
26 311 17 23 0.9786347 
42 449 18 23 0.97208846 
314 261 18 23 0.9701855 
133 295 18 22 0.9697122 
863 447 19 24 0.9691845 
166 331 21 27 0.9674694 
364 430 15 21 0.96423274 
485 360 17 22 0.9620509 
171 450 20 27 0.9613058 
315 436 21 26 0.959409 
223 274 19 25 0.9559106 
380 436 19 23 0.9556905 
529 395 18 24 0.9549665 
97 448 19 23 0.9507817 
500 448 19 23 0.94765574 
88 264 19 23 0.94667923 
242 420 21 27 0.9458001 
453 295 15 19 0.945036 
354 343 18 23 0.94363874 
146 384 21 26 0.942626 
272 395 19 26 0.94229186 
443 457 20 28 0.9407316 
915 435 17 21 0.9395654 
11 352 20 27 0.93937075 
170 259 18 24 0.9334346 
157 408 19 23 0.93318677 
186 306 16 20 0.9303545 
41 242 16 19 0.925368 
80 289 19 22 0.92110753 
334 202 14 18 0.91398096 
300 332 18 24 0.90997934 
238 311 18 22 0.9085243 
622 454 20 25 0.9064498 
24 258 16 20 0.90630454 
154 300 18 22 0.90239674 
189 228 14 18 0.9020486 
480 404 17 19 0.89023674 
423 427 17 21 0.8871218 
263 205 19 23 0.8865262 
22 459 20 25 0.88368773 
102 239 17 22 0.8777876 
228 252 17 19 0.8652787 
766 419 20 23 0.865075 
57 260 12 15 0.76736146 
398 391 12 15 0.75704664 
127 433 14 18 0.7436128 
228 363 17 21 0.71461195 
75 320 16 20 0.6985536 
461 489 18 22 0.64869726 
278 267 16 19 0.6366232 
436 414 17 20 0.60156167 
368 302 16 21 0.5981163 
42 424 18 19 0.5814156 
0 210 11 17 0.576381 
370 345 14 20 0.537329 
233 383 18 23 0.5263105 
545 434 16 20 0.5256205 
342 275 10 14 0.48602563 
299 317 17 22 0.40711012 
443 315 12 13 0.36996886 
444 370 12 14 0.36692727 
372 380 11 14 0.33266813 
98 310 13 16 0.32806265 
411 274 12 16 0.32783702 
0 259 10 15 0.32231927 
162 221 16 20 0.28648221 
369 431 18 24 0.2741372 
429 357 12 16 0.27140462 
0 468 9 16 0.23849809 
21 435 14 17 0.23276569 
299 441 16 23 0.20008884 
107 285 13 18 0.15858082 
403 468 21 25 0.15038851 
383 396 13 16 0.14863211 
372 277 12 15 0.14108598 
467 387 13 17 0.13606712 
427 371 12 15 0.12782684 
341 389 12 17 0.108920604 
681 438 19 23 0.106273 
336 476 12 15 0.09798479 
253 348 13 17 0.09258828 
37 336 15 19 0.08961208 
354 458 15 17 0.08577757 
274 457 13 17 0.08075052 
387 401 13 16 0.08003172 
125 247 10 15 0.0745058 
44 282 14 17 0.06450589 
268 363 17 21 0.061209172 
462 475 16 20 0.04980726 
427 418 20 25 0.049374484 
41 414 18 22 0.046695188 
894 554 15 18 0.04511021 
304 239 12 16 0.0447115 
68 432 16 19 0.0440734 
60 496 11 16 0.041192137 
62 466 14 19 0.04004296 
338 278 14 19 0.039993975 
28 300 14 20 0.03779509 
314 354 14 20 0.0373851 
119 452 11 15 0.03726438 
116 460 12 17 0.034819078 
149 321 15 21 0.033383776 
398 472 17 22 0.03188117 
326 354 12 16 0.031768903 
332 170 13 17 0.031302065 
21 424 20 25 0.031128446 
692 566 14 22 0.02995361 
337 394 14 18 0.02871433 
193 220 13 17 0.0285906 
381 365 11 13 0.027249668 
309 435 17 22 0.026733974 
120 245 10 15 0.02658632 
283 243 12 14 0.025925945 
351 251 13 18 0.025164567 
395 319 19 22 0.025143132 
26 441 13 17 0.02513574 
185 280 15 18 0.025036681 
434 566 27 31 0.024818018 
169 224 13 18 0.024746131 
437 320 16 18 0.02433638 
0 329 11 17 0.024243707 
285 443 12 16 0.022982515 
92 389 11 16 0.022675553 
470 570 24 33 0.022458255 
394 282 14 18 0.022448812 
302 430 15 19 0.022361252 
87 337 13 18 0.021731313 
389 290 14 16 0.021420373 
106 455 15 20 0.021330677 
435 388 14 17 0.021178478 
2 264 14 19 0.02111015 
86 281 20 25 0.02051782 
0 434 8 13 0.020489005 
186 377 15 18 0.020384155 
181 275 15 19 0.020118661 
