2_Demonstration_Demonstrators_2_329
48
252 94 61 79 0.99963653 
932 182 33 38 0.9967632 
859 167 40 45 0.99665785 
202 46 49 63 0.9961195 
375 98 27 32 0.99447435 
134 87 50 56 0.99143827 
707 165 25 36 0.9874399 
110 31 40 52 0.98418796 
26 -2 48 57 0.97630477 
958 192 25 32 0.97475237 
665 151 25 33 0.96609336 
730 168 22 27 0.9638701 
793 191 21 28 0.95162374 
980 221 25 29 0.92034966 
606 176 11 13 0.87871087 
68 46 35 45 0.7418731 
622 157 9 11 0.6893194 
815 202 15 19 0.36709243 
993 221 26 31 0.16743375 
89 32 36 54 0.12949462 
905 169 24 38 0.10685486 
770 211 19 30 0.09417841 
910 163 14 18 0.089470714 
550 211 11 13 0.07451098 
1004 220 17 21 0.07023541 
646 174 11 13 0.06059856 
589 159 10 12 0.047743436 
649 158 9 14 0.045575395 
780 210 14 23 0.04170903 
648 163 12 17 0.03959673 
565 203 11 14 0.03700414 
806 205 21 28 0.03629284 
740 217 15 23 0.03279966 
585 156 10 13 0.032152068 
916 142 12 13 0.031339638 
638 157 9 12 0.030551981 
58 342 37 46 0.029982982 
591 163 10 13 0.028978001 
552 221 11 13 0.028856017 
568 135 12 16 0.028398663 
585 142 10 12 0.027206007 
53 30 38 48 0.02598842 
532 74 10 13 0.024826946 
379 139 27 37 0.02378368 
609 158 8 10 0.023514012 
601 199 9 12 0.023225168 
555 208 14 16 0.02282213 
564 163 11 15 0.021826968 
