2_Demonstration_Demonstrators_2_713
88
100 381 44 63 0.94570184 
362 388 26 37 0.9328445 
558 339 23 36 0.92740387 
400 311 21 27 0.7599696 
516 325 26 42 0.73043996 
295 313 14 19 0.5508772 
857 312 19 22 0.44286436 
474 371 34 42 0.33474436 
934 277 13 17 0.26031336 
372 244 8 11 0.17006803 
671 414 11 15 0.16353606 
682 326 17 24 0.15960132 
420 284 9 12 0.12675521 
485 279 8 11 0.098377444 
576 284 9 11 0.09617646 
22 363 28 47 0.091577485 
525 257 8 11 0.08933535 
326 240 9 11 0.087731384 
289 314 12 17 0.06805947 
275 339 14 18 0.06310345 
265 239 8 10 0.061868712 
308 315 11 17 0.059881337 
558 272 8 10 0.059128974 
351 240 9 13 0.058193035 
892 304 12 17 0.05555005 
532 334 28 37 0.05313316 
519 277 12 16 0.050890774 
189 278 8 11 0.050481908 
457 269 8 10 0.048725944 
337 291 16 19 0.047124166 
502 277 12 19 0.043226648 
396 293 11 12 0.0431851 
441 301 10 13 0.042604566 
487 378 30 42 0.0424667 
575 264 9 11 0.042003036 
462 291 11 13 0.039573092 
949 311 10 13 0.03874572 
331 389 23 32 0.03787809 
536 279 9 11 0.036615737 
217 270 8 9 0.036490154 
209 293 7 10 0.03613287 
276 419 12 17 0.036031123 
1006 245 7 10 0.034933127 
482 257 8 9 0.03492419 
392 319 26 29 0.034486193 
961 271 9 10 0.034404982 
907 287 11 13 0.031619437 
387 332 26 28 0.031482015 
300 316 15 19 0.030454442 
447 271 8 10 0.029827133 
494 245 8 11 0.029341266 
245 287 9 11 0.029274847 
501 271 10 13 0.028945526 
358 230 10 12 0.02892517 
527 320 31 37 0.028817339 
377 324 11 14 0.028646607 
592 288 8 10 0.028540367 
290 373 13 15 0.028501527 
527 332 19 29 0.028445216 
871 343 15 20 0.028023263 
540 325 31 36 0.027790384 
461 268 8 10 0.027599208 
860 298 22 32 0.026666278 
388 321 19 21 0.026643869 
886 301 19 28 0.0263885 
248 269 7 10 0.026087243 
215 279 7 9 0.025697721 
197 254 8 11 0.025493033 
447 296 8 10 0.025267005 
217 262 8 11 0.02465087 
275 360 13 17 0.023866357 
989 285 8 10 0.023793569 
257 281 8 10 0.023668967 
375 317 12 16 0.023265213 
367 294 12 16 0.02290673 
417 280 10 12 0.02285889 
84 288 11 12 0.022842333 
274 291 13 17 0.0224396 
273 287 9 13 0.02198954 
383 269 11 15 0.02195754 
558 492 12 14 0.021880772 
934 272 10 13 0.021644646 
300 300 14 15 0.021602277 
370 301 12 14 0.020731963 
593 256 7 9 0.020521706 
633 256 10 12 0.020433603 
1 401 16 23 0.020384058 
392 287 10 12 0.02016036 
