2_Demonstration_Demonstrators_2_413
67
131 242 25 30 0.9872614 
493 178 15 20 0.97547704 
382 185 20 25 0.9443669 
279 223 20 26 0.92180085 
20 238 15 19 0.77096784 
107 235 16 23 0.7322721 
363 191 12 17 0.6687477 
524 165 12 14 0.59451663 
419 197 16 28 0.51216185 
165 252 15 20 0.48503533 
0 260 13 23 0.37331304 
467 156 13 16 0.30047008 
147 226 14 17 0.29740456 
225 232 13 19 0.19250514 
51 247 24 29 0.18407519 
29 254 17 23 0.16781844 
880 112 21 35 0.14249846 
562 169 14 22 0.1279711 
342 197 10 13 0.11849729 
243 211 14 16 0.11493691 
957 99 14 20 0.09004088 
289 204 11 13 0.08751088 
409 198 20 27 0.06350289 
570 207 19 23 0.061845105 
637 95 44 59 0.060998622 
510 167 9 10 0.060978144 
181 261 13 18 0.06083954 
100 227 19 27 0.05413177 
46 256 26 31 0.053711455 
457 188 20 33 0.048507046 
424 195 22 31 0.04778814 
251 240 13 17 0.044971135 
273 259 14 19 0.044572975 
462 201 20 32 0.04438771 
953 97 22 33 0.043000564 
570 162 14 21 0.041750275 
981 109 14 19 0.03776798 
349 205 13 17 0.03698445 
918 112 42 56 0.0325445 
94 231 16 23 0.0321012 
522 213 16 18 0.031989567 
1 252 20 28 0.03184609 
291 207 15 20 0.031824864 
17 63 445 473 0.031779148 
334 207 15 20 0.0317574 
339 203 14 19 0.029569011 
349 196 12 16 0.027616369 
99 288 16 21 0.027069291 
208 230 22 28 0.02644864 
534 172 12 14 0.026193805 
62 241 20 27 0.02608237 
159 253 15 24 0.024119727 
460 177 19 27 0.023867622 
13 239 20 28 0.02380643 
593 158 20 28 0.023684839 
723 541 53 71 0.023519438 
250 211 14 17 0.022411328 
974 105 37 58 0.022106288 
530 165 12 15 0.02164825 
164 222 12 17 0.02103118 
203 241 22 28 0.020977193 
406 181 13 17 0.02068704 
978 107 23 32 0.02058564 
25 229 15 19 0.020466661 
970 101 22 32 0.020453596 
534 181 12 14 0.020361895 
488 249 43 53 0.020215254 
