2_Demonstration_Political_Rally_2_301
215
676 322 15 19 0.7391656 
345 255 8 10 0.56045175 
421 309 9 12 0.39435232 
643 270 12 15 0.37990874 
696 276 10 12 0.30241248 
257 244 8 12 0.25448316 
525 261 9 11 0.24189049 
470 246 8 10 0.22592731 
432 260 8 10 0.22507718 
302 253 8 11 0.19994853 
664 284 9 12 0.19136174 
297 252 9 12 0.18584745 
624 272 9 11 0.18247588 
49 232 9 11 0.17340183 
554 268 8 10 0.15477787 
166 277 9 11 0.15138939 
340 284 9 11 0.15036683 
608 265 8 11 0.14635621 
688 263 8 10 0.14414603 
466 287 8 10 0.14296614 
410 293 9 11 0.13137962 
406 248 7 10 0.11877488 
24 265 8 10 0.117862836 
505 272 8 10 0.11733339 
628 276 9 11 0.10120486 
426 277 9 11 0.09726723 
329 262 8 10 0.093441345 
182 272 8 10 0.09173194 
592 276 11 13 0.086415656 
557 265 8 11 0.08468076 
487 245 7 9 0.08383091 
231 248 7 9 0.08317454 
240 246 8 10 0.08285841 
356 235 9 12 0.08224637 
569 277 9 12 0.08209846 
336 243 8 11 0.08067018 
320 253 9 11 0.08030237 
544 278 8 11 0.08016239 
326 255 8 10 0.077822946 
473 307 9 11 0.076936804 
161 277 9 11 0.07672217 
131 293 12 14 0.0766535 
685 343 9 12 0.0747378 
241 265 9 10 0.074266516 
685 288 12 16 0.07314264 
553 325 10 13 0.07289722 
109 269 8 11 0.07031919 
344 247 9 11 0.065269224 
614 269 9 11 0.06450456 
462 260 9 11 0.06408368 
353 279 7 9 0.06382925 
98 261 7 9 0.06321251 
122 276 8 11 0.06260693 
105 262 7 9 0.062094204 
359 261 7 10 0.061462704 
182 254 7 9 0.06123482 
97 255 8 10 0.06081002 
312 255 8 10 0.06002738 
359 256 8 10 0.059398536 
645 332 11 15 0.05880323 
369 255 9 12 0.057622995 
21 236 8 10 0.05659757 
490 265 8 10 0.055953573 
413 270 8 11 0.05501733 
488 242 8 9 0.05465966 
161 254 7 10 0.053479794 
194 263 9 11 0.053241022 
328 281 7 10 0.05238876 
109 264 8 10 0.051713504 
126 272 8 11 0.05085303 
178 272 8 10 0.05060868 
549 284 8 11 0.050594334 
182 296 8 11 0.050133962 
493 269 8 10 0.049501944 
429 272 9 12 0.0493092 
374 257 8 10 0.049271055 
542 272 8 10 0.04859284 
136 272 9 10 0.048226953 
591 271 10 12 0.048180692 
177 240 7 9 0.04815526 
384 261 8 10 0.047518462 
226 246 7 10 0.047192637 
471 263 8 10 0.04701447 
86 264 7 10 0.046911966 
128 231 8 13 0.046700757 
199 287 7 9 0.04602502 
216 263 8 10 0.045182906 
584 270 8 10 0.0450222 
498 253 8 10 0.04469062 
53 237 8 10 0.04466721 
233 230 7 10 0.04391013 
413 287 9 12 0.043805137 
153 271 8 10 0.043663114 
477 268 9 10 0.043620735 
199 254 7 10 0.04357579 
794 296 15 18 0.04352653 
431 308 8 11 0.04266654 
184 248 7 9 0.042438764 
337 280 9 13 0.041826192 
94 247 8 10 0.041401047 
393 296 7 9 0.041396 
265 260 9 11 0.04078068 
392 245 7 10 0.040751614 
653 277 8 11 0.040468965 
264 255 9 11 0.0402735 
327 286 8 9 0.04010195 
90 246 7 9 0.040048398 
538 272 8 11 0.03988542 
69 270 8 11 0.039390866 
641 333 10 14 0.039244547 
137 277 9 10 0.038584776 
559 319 8 12 0.037583917 
682 318 13 18 0.037447095 
86 269 8 10 0.03719763 
414 278 8 10 0.03717638 
457 261 9 12 0.0369506 
193 287 8 10 0.036680233 
480 319 8 10 0.036665708 
522 256 9 11 0.03656388 
656 316 11 14 0.036400672 
480 345 9 11 0.036354024 
519 287 8 11 0.03589595 
569 272 8 10 0.035839826 
687 267 9 11 0.03536498 
142 272 8 11 0.035307664 
616 278 8 11 0.035105716 
280 253 9 11 0.034863558 
656 294 9 12 0.034514565 
646 283 10 13 0.03446375 
231 253 7 9 0.03389209 
509 271 8 10 0.03369795 
133 289 9 11 0.033190858 
312 317 9 11 0.032643802 
174 278 7 10 0.032623213 
54 260 9 13 0.032501973 
184 276 7 10 0.03242656 
736 251 8 11 0.032164443 
479 325 8 11 0.032156803 
192 247 6 9 0.031991135 
14 254 7 10 0.03149741 
31 265 8 10 0.03118946 
350 246 9 11 0.030660493 
681 286 10 15 0.030419013 
40 246 8 10 0.030404516 
628 462 9 11 0.029983735 
368 303 9 12 0.029793851 
576 271 8 10 0.029719843 
215 270 7 9 0.029716892 
223 262 7 10 0.029558014 
398 279 8 9 0.029333984 
681 269 8 10 0.02907565 
629 285 9 12 0.02850578 
725 348 11 14 0.028362634 
682 264 8 11 0.028125053 
198 267 8 11 0.028116636 
213 279 8 10 0.027609447 
209 254 7 9 0.027470797 
393 302 7 10 0.027278205 
684 331 11 15 0.027209945 
145 254 8 10 0.026732784 
692 283 13 16 0.026598811 
341 239 8 11 0.02628776 
143 304 8 11 0.026258787 
183 300 8 11 0.025795605 
271 231 8 9 0.02567401 
415 303 9 11 0.02563445 
518 292 9 12 0.025045497 
466 303 9 12 0.024961505 
240 253 9 10 0.024942087 
668 279 9 12 0.024592353 
536 276 9 12 0.024541024 
57 245 8 10 0.024487022 
246 245 8 11 0.024321284 
225 256 7 9 0.024308976 
321 259 8 11 0.024280336 
464 280 9 10 0.024146492 
559 303 9 10 0.024116633 
352 259 8 11 0.023984592 
465 255 9 12 0.023748925 
391 241 7 9 0.023622785 
170 241 6 9 0.023263596 
105 278 8 10 0.023221832 
424 287 9 10 0.023173261 
95 278 7 10 0.023122046 
441 280 7 10 0.02292081 
496 288 7 10 0.022768512 
200 281 7 9 0.022700889 
662 292 9 12 0.022454478 
78 256 7 8 0.022324774 
481 287 8 10 0.022233061 
681 345 11 15 0.022171782 
700 382 10 13 0.022149479 
353 272 8 10 0.02207204 
504 311 8 10 0.021996098 
602 264 8 11 0.021777371 
273 240 7 10 0.021593887 
519 268 9 12 0.021592876 
167 246 7 8 0.021550315 
475 304 10 12 0.021413095 
10 255 8 10 0.021347301 
640 285 10 12 0.02117124 
199 293 7 9 0.02106028 
585 276 9 12 0.021000516 
183 239 7 10 0.020932738 
200 249 7 9 0.020817865 
394 279 7 10 0.020799207 
74 255 7 9 0.020798303 
689 277 11 13 0.020652384 
573 285 9 11 0.020650227 
598 269 10 12 0.020636814 
485 320 8 9 0.020564655 
318 320 7 10 0.020519804 
375 286 7 9 0.02035595 
401 252 8 10 0.020254232 
178 294 8 11 0.020034764 
