2_Demonstration_Protesters_2_912
133
835 327 28 35 0.9969111 
146 432 24 31 0.995926 
719 277 31 42 0.9940528 
879 333 25 32 0.99326575 
477 307 27 36 0.9900793 
998 349 23 30 0.9809615 
549 309 23 27 0.97753304 
594 312 25 36 0.94874716 
255 339 13 16 0.9155772 
171 364 16 19 0.90574586 
42 349 14 19 0.8873015 
351 348 20 27 0.8842904 
935 335 19 25 0.77822334 
636 320 12 17 0.77778196 
509 338 19 28 0.75329685 
64 349 11 16 0.7296996 
526 316 14 20 0.728237 
130 372 13 19 0.66890365 
788 332 17 22 0.6535896 
653 326 12 15 0.5974781 
260 386 20 36 0.5830085 
647 346 13 16 0.57453394 
610 316 20 29 0.57441384 
919 338 11 16 0.52987593 
368 331 11 15 0.5246924 
300 350 11 14 0.5017802 
439 314 11 14 0.4899319 
619 321 14 19 0.47622278 
954 309 12 14 0.47153464 
714 368 16 19 0.4352929 
800 343 20 26 0.38817254 
643 553 14 17 0.359722 
241 332 9 12 0.29090947 
423 307 8 11 0.28861025 
269 319 8 10 0.28660154 
271 339 10 13 0.24353723 
192 339 10 13 0.21396773 
666 340 16 23 0.20844941 
758 357 10 14 0.18422401 
293 326 8 10 0.18376853 
683 312 13 14 0.18151356 
336 331 11 13 0.14815806 
327 412 11 17 0.10200672 
196 335 10 14 0.0925679 
340 328 9 12 0.08973666 
327 340 12 14 0.08960302 
443 309 12 18 0.08756503 
116 373 14 17 0.08711381 
582 312 25 34 0.0869103 
188 356 10 14 0.085636914 
289 320 8 11 0.08494796 
507 303 15 21 0.077699676 
200 357 10 14 0.076863974 
648 332 13 16 0.063547656 
762 358 12 15 0.06285909 
148 405 12 16 0.061334837 
648 324 12 15 0.06126707 
286 336 9 11 0.055738293 
409 333 9 12 0.0555964 
452 295 11 14 0.055417787 
489 305 25 34 0.052923974 
412 316 9 12 0.052848548 
649 324 20 25 0.05053016 
389 300 8 10 0.049320348 
394 317 7 9 0.049067788 
415 310 9 12 0.04673411 
514 334 14 20 0.04434689 
313 309 7 10 0.043961238 
373 326 9 12 0.043485593 
923 335 18 24 0.043283284 
129 366 12 16 0.041807104 
410 313 8 10 0.04134431 
292 404 12 17 0.0411863 
800 329 21 26 0.040105145 
601 329 18 26 0.039953183 
654 512 10 13 0.039869487 
397 311 7 10 0.039868057 
280 317 8 10 0.038967177 
901 320 12 17 0.038856916 
405 485 13 17 0.038846646 
233 379 16 21 0.03786906 
265 323 9 11 0.036947824 
497 300 23 31 0.036256194 
645 352 15 18 0.03530518 
289 302 7 9 0.034775205 
303 310 7 9 0.034728244 
117 368 11 13 0.03400004 
326 344 14 18 0.03388811 
119 370 20 24 0.032617915 
516 305 19 26 0.032160684 
178 525 17 17 0.03191286 
185 339 11 14 0.031346004 
545 519 8 11 0.030613448 
912 334 13 17 0.029734699 
259 344 13 17 0.028989803 
304 389 11 15 0.028512124 
641 513 9 11 0.028503086 
304 395 10 15 0.027536603 
518 320 14 18 0.027179152 
302 343 10 16 0.026785314 
352 310 8 9 0.026258701 
944 337 15 20 0.025966935 
268 399 15 28 0.02547016 
330 303 6 9 0.025373705 
285 409 16 20 0.025160648 
280 334 8 11 0.024929523 
142 408 15 17 0.02487813 
261 336 11 14 0.024770292 
812 325 14 17 0.02476838 
785 344 21 28 0.024612742 
968 310 11 14 0.02447711 
161 366 11 15 0.024074791 
198 344 11 16 0.02393234 
362 333 11 15 0.023842162 
569 311 22 31 0.023583697 
895 408 10 14 0.023540528 
627 336 11 16 0.023336142 
1000 395 21 32 0.023167597 
670 318 9 11 0.023103705 
232 391 13 21 0.022942293 
297 302 7 9 0.022291837 
666 349 21 24 0.022123953 
667 363 16 18 0.022033878 
436 296 10 12 0.021916218 
307 380 10 14 0.021880787 
654 312 10 12 0.021463793 
432 310 9 13 0.021413228 
781 342 16 25 0.020923018 
511 297 21 26 0.020771964 
375 320 8 10 0.020595603 
424 315 9 12 0.02032065 
280 327 8 10 0.020170894 
447 301 19 26 0.020127753 
