2_Demonstration_Protesters_2_163
232
220 119 33 44 0.97872293 
50 175 19 23 0.977836 
366 152 15 20 0.97713906 
864 70 11 14 0.9303467 
101 195 15 20 0.9080086 
591 125 9 12 0.90505266 
960 14 22 26 0.8874591 
157 186 16 21 0.87488526 
689 150 10 13 0.8691431 
429 132 11 14 0.8485273 
81 206 21 26 0.84556973 
539 124 11 13 0.8349063 
680 165 8 11 0.8169787 
499 123 11 14 0.77616405 
307 163 12 15 0.7511682 
617 109 10 14 0.74835193 
14 207 11 14 0.6829749 
749 158 10 12 0.6778439 
902 128 10 13 0.6311403 
524 119 12 14 0.6136263 
552 331 31 49 0.60763144 
807 116 10 13 0.58943725 
772 94 9 11 0.54996574 
599 107 11 13 0.4965451 
558 122 10 13 0.4583048 
125 195 13 15 0.45116994 
457 141 11 15 0.37480712 
574 115 10 12 0.3712129 
529 186 11 15 0.36725363 
276 160 16 19 0.35378104 
400 141 10 14 0.335837 
849 76 8 12 0.31819904 
256 169 17 21 0.2897002 
756 113 10 12 0.27865386 
642 112 9 12 0.2732916 
608 497 65 41 0.26720938 
535 330 36 59 0.2428091 
765 125 9 11 0.2384019 
515 329 40 60 0.21514213 
518 109 9 10 0.21212989 
415 142 10 14 0.18226826 
671 335 32 37 0.17749055 
0 202 10 15 0.16156153 
388 133 9 12 0.15965877 
444 133 10 14 0.15559907 
511 149 9 11 0.15095812 
33 181 14 18 0.14401956 
443 124 12 15 0.13747557 
351 138 13 17 0.13710825 
455 134 12 14 0.1303129 
486 140 8 12 0.12790726 
586 139 9 11 0.12761056 
897 78 10 12 0.12609239 
575 127 10 11 0.12450649 
999 22 15 19 0.122392386 
785 150 9 13 0.11827782 
518 144 9 12 0.11675115 
746 127 8 10 0.11249275 
139 164 13 18 0.112048715 
894 86 10 12 0.10071716 
789 93 7 10 0.1006782 
508 268 18 20 0.09876736 
318 157 13 14 0.09801797 
270 169 14 19 0.09719608 
499 321 41 61 0.09587952 
670 147 9 13 0.093027994 
416 171 12 14 0.09151718 
557 187 9 12 0.090512164 
753 162 9 11 0.090458244 
767 118 10 12 0.08918008 
400 136 9 12 0.0888659 
576 198 10 12 0.08604831 
130 203 14 16 0.08576994 
640 149 8 11 0.08511054 
849 149 9 11 0.08433677 
736 192 10 11 0.08248685 
853 131 9 12 0.078585014 
684 340 30 38 0.07820911 
414 135 9 11 0.07780217 
802 95 8 10 0.07729297 
801 148 10 12 0.07387413 
1006 30 14 19 0.07380713 
379 172 13 15 0.072131574 
876 140 11 13 0.070287734 
496 320 26 45 0.069421925 
615 124 9 11 0.067667 
996 41 12 15 0.06472605 
0 538 36 58 0.06345889 
442 138 9 13 0.061298896 
902 59 9 11 0.06060793 
455 127 12 14 0.057751186 
589 133 10 12 0.056069408 
407 145 10 13 0.05559192 
737 96 8 10 0.05496068 
7 204 11 14 0.05465697 
774 116 7 11 0.052784942 
898 131 10 13 0.052754086 
420 147 10 14 0.051689107 
542 524 53 42 0.0504388 
141 160 10 14 0.05041562 
90 202 17 22 0.050413042 
654 134 10 12 0.048713986 
552 124 10 13 0.048192117 
294 165 10 14 0.047615305 
384 139 11 15 0.047159966 
887 141 8 11 0.046945777 
527 134 9 11 0.04688788 
317 164 12 15 0.046641856 
420 141 12 14 0.0445436 
295 171 11 14 0.044485576 
481 141 9 11 0.04360585 
629 134 8 11 0.042514358 
759 95 7 9 0.04088933 
737 168 8 10 0.03990818 
825 60 9 11 0.039626352 
636 323 42 38 0.03898208 
736 101 8 9 0.038313188 
160 183 23 32 0.03698505 
458 109 8 10 0.036723956 
755 150 11 13 0.03644849 
822 138 9 13 0.036433317 
569 116 10 13 0.035667088 
928 53 9 11 0.034974787 
444 120 10 11 0.034809686 
419 714 40 41 0.03473064 
921 60 8 11 0.034697633 
142 260 11 14 0.034623235 
125 210 17 21 0.03437923 
742 94 8 11 0.034320384 
303 168 13 17 0.03409675 
912 120 9 11 0.034066394 
710 120 8 10 0.0338178 
344 139 11 15 0.03336935 
803 110 9 12 0.033180166 
356 135 13 17 0.032808933 
133 189 12 16 0.03255383 
600 115 10 13 0.032471653 
799 133 9 10 0.03240299 
570 111 9 11 0.032369908 
757 142 10 12 0.032356407 
706 152 8 10 0.031869847 
519 135 10 12 0.03175696 
864 135 8 10 0.03165066 
448 159 8 11 0.03151888 
696 345 30 36 0.031494144 
521 123 10 13 0.031425957 
166 166 11 13 0.031028232 
121 191 12 14 0.030843679 
801 101 8 11 0.030808542 
391 127 9 11 0.030203832 
343 163 13 14 0.029823327 
701 363 24 32 0.029720824 
128 166 10 14 0.029643951 
632 103 8 10 0.029559309 
494 141 10 12 0.029330736 
461 110 8 10 0.02885518 
721 105 7 9 0.028760916 
746 153 11 13 0.02874329 
694 133 8 10 0.028597342 
697 109 8 10 0.028368978 
816 152 9 12 0.028285174 
788 118 9 11 0.028144179 
514 261 17 21 0.028027784 
407 135 9 10 0.02796723 
375 127 8 10 0.027916823 
524 111 10 12 0.027824845 
535 103 8 9 0.02778689 
821 94 9 11 0.027295092 
235 141 24 35 0.027258592 
863 141 10 11 0.026936665 
719 87 8 9 0.026679276 
585 125 11 13 0.026559826 
583 117 9 12 0.026512882 
928 98 10 13 0.026426125 
814 70 8 10 0.026306758 
962 28 18 20 0.026300516 
565 198 12 14 0.026131714 
567 203 13 15 0.026033284 
515 110 8 10 0.026014937 
658 324 38 37 0.025977198 
118 200 15 20 0.025576143 
505 24 7 9 0.025369802 
623 125 8 10 0.024715511 
570 135 8 9 0.024701282 
-1 206 11 21 0.024656098 
472 102 8 10 0.024338882 
594 39 8 9 0.024242777 
558 149 9 12 0.023958333 
554 17 7 9 0.023822432 
581 401 34 43 0.02370598 
525 141 10 13 0.02369814 
554 22 6 8 0.023642123 
641 144 8 11 0.023635171 
560 111 8 10 0.023517719 
572 397 27 35 0.023499625 
89 213 17 21 0.023484541 
398 116 8 11 0.023457069 
641 373 29 33 0.023443906 
792 77 8 10 0.023407657 
721 136 8 11 0.023313852 
541 128 12 14 0.023210423 
153 141 8 12 0.023159461 
667 319 58 53 0.02314139 
605 117 9 12 0.023039548 
566 125 9 11 0.022931652 
632 109 9 10 0.022825522 
842 78 8 10 0.022791428 
560 17 7 9 0.022760386 
453 160 10 12 0.02268122 
712 343 12 14 0.022378063 
742 172 9 11 0.022364384 
553 118 10 13 0.022358352 
680 149 9 12 0.022256179 
601 141 9 11 0.021782827 
631 331 27 32 0.021611279 
896 55 10 12 0.02160774 
550 133 9 11 0.021558626 
917 119 9 11 0.021320468 
283 167 14 17 0.021293143 
689 133 7 10 0.02125117 
450 31 7 9 0.021232136 
0 217 11 18 0.021138689 
856 71 9 13 0.021112189 
44 294 13 15 0.021081388 
801 88 8 10 0.020961206 
324 151 12 16 0.020890115 
415 158 11 13 0.020834697 
773 90 9 10 0.020817792 
805 100 9 11 0.02079638 
559 21 7 9 0.020503089 
456 183 10 12 0.020337567 
501 375 12 13 0.020096209 
