2_Demonstration_Protesters_2_91
31
960 209 36 41 0.99751174 
342 241 23 31 0.99159384 
785 241 20 26 0.97161555 
591 258 14 17 0.90861183 
396 244 16 20 0.8884878 
633 252 11 16 0.8665161 
658 274 16 20 0.7929294 
538 266 14 17 0.6491831 
819 250 17 20 0.6365488 
534 243 15 17 0.37621135 
920 223 17 22 0.22902851 
910 249 15 18 0.16204272 
315 311 16 18 0.16019884 
730 259 14 17 0.14705938 
533 274 12 14 0.073492594 
587 306 29 33 0.06280484 
823 253 19 23 0.04358378 
812 251 18 24 0.041731127 
842 331 14 17 0.037405424 
276 340 15 17 0.03694449 
646 268 13 17 0.033731956 
180 323 10 14 0.03241374 
539 250 14 17 0.031950273 
902 246 14 17 0.031070065 
807 253 14 21 0.027485764 
240 190 9 10 0.02660827 
471 285 13 18 0.024224844 
528 245 12 17 0.022199802 
165 284 9 12 0.021080198 
196 391 14 20 0.02080286 
198 323 16 19 0.020691296 
