2_Demonstration_Demonstration_Or_Protest_2_771
54
469 128 100 136 0.99973005 
671 472 27 35 0.99578995 
800 496 23 24 0.9611576 
729 175 21 32 0.8975385 
293 285 15 18 0.8970437 
135 455 22 25 0.87082213 
1 481 16 19 0.8023909 
758 167 23 35 0.74327374 
257 275 11 15 0.71342134 
341 319 15 18 0.6933747 
689 168 17 23 0.61643034 
184 93 28 38 0.57964855 
273 300 13 16 0.52935594 
309 298 13 15 0.47502473 
141 86 35 46 0.39404845 
380 356 17 21 0.380222 
667 171 15 19 0.37621656 
765 182 13 20 0.28002176 
374 313 13 16 0.26278633 
317 357 14 17 0.24006654 
275 356 18 23 0.22772603 
295 317 14 17 0.21967603 
50 485 14 20 0.1876408 
351 346 13 17 0.180318 
266 336 15 18 0.1232991 
726 164 17 21 0.11236009 
672 168 20 25 0.10662576 
916 125 11 15 0.061334774 
200 277 11 15 0.059878312 
747 170 22 33 0.054074157 
734 314 14 21 0.05360848 
278 249 12 15 0.052896973 
277 322 14 16 0.052386653 
758 164 16 24 0.051320244 
166 86 38 51 0.049453635 
273 223 9 11 0.046429038 
99 484 16 21 0.042227905 
670 212 18 20 0.036279485 
243 293 12 16 0.035884507 
665 176 21 28 0.034899738 
236 244 9 12 0.034741055 
229 286 10 12 0.034634206 
217 278 9 12 0.034255326 
199 407 10 13 0.031366255 
183 271 10 12 0.029942734 
78 140 20 27 0.02983166 
306 236 9 12 0.029746309 
60 489 15 21 0.028845621 
370 283 12 17 0.026609419 
392 312 11 13 0.025193267 
184 276 10 12 0.02414404 
189 277 10 13 0.023151144 
200 272 9 12 0.022631405 
1 431 8 11 0.022113053 
