2_Demonstration_Demonstrators_2_231
30
494 413 113 172 0.99973506 
39 461 56 67 0.99836797 
924 423 46 59 0.9982942 
227 456 50 67 0.9975904 
265 474 39 53 0.9431286 
137 466 19 21 0.9388242 
981 419 15 19 0.830107 
94 467 15 18 0.7604241 
902 435 16 19 0.1526635 
1013 430 11 18 0.07571283 
161 474 10 14 0.06366143 
876 325 9 11 0.062202685 
344 417 14 20 0.058450356 
336 575 11 13 0.05819737 
745 256 10 12 0.05583196 
743 228 11 14 0.055146843 
111 467 10 15 0.053872705 
902 428 27 36 0.052912317 
127 466 12 18 0.039759655 
118 467 11 16 0.03747164 
84 465 23 35 0.03743257 
875 394 12 15 0.037367098 
358 459 14 19 0.033226285 
1013 423 9 13 0.029214121 
357 452 24 38 0.02624413 
0 217 10 20 0.024039475 
422 400 134 208 0.022610234 
973 261 8 10 0.022095798 
747 318 12 16 0.021961013 
401 268 65 79 0.020812418 
