2_Demonstration_Demonstrators_2_41
42
821 493 49 60 0.99803096 
956 502 41 57 0.996951 
205 188 49 59 0.9968886 
404 182 43 52 0.99571323 
396 374 93 162 0.9947248 
256 92 32 36 0.99176776 
635 445 39 50 0.9823714 
888 514 13 16 0.60086584 
539 485 22 25 0.18446112 
129 594 17 17 0.13363607 
562 545 15 18 0.12458034 
1002 542 21 33 0.112067856 
144 548 8 11 0.10569724 
141 544 8 11 0.10545833 
904 445 10 14 0.102696985 
880 540 12 15 0.06567111 
726 505 13 21 0.059556548 
549 546 9 13 0.0557023 
694 312 8 10 0.05557998 
693 261 9 11 0.05497075 
757 430 29 39 0.046765223 
389 96 10 14 0.043311074 
150 547 9 12 0.036487628 
174 598 10 14 0.035637755 
163 565 11 13 0.033591904 
901 448 16 20 0.033293642 
665 286 7 9 0.029990794 
592 273 10 14 0.029762406 
745 561 8 10 0.026982533 
752 564 9 12 0.026449861 
593 293 11 14 0.026351415 
501 515 9 13 0.025527868 
762 504 15 17 0.024940565 
860 503 26 39 0.024757775 
160 574 10 13 0.02424808 
626 318 11 12 0.023265872 
875 515 13 16 0.021175096 
623 321 12 14 0.020427847 
719 515 12 17 0.020391174 
560 553 13 15 0.020185605 
953 425 28 27 0.02017058 
563 306 11 15 0.020078072 
