2_Demonstration_Protesters_2_559
22
726 413 70 96 0.99272174 
821 216 96 108 0.9899485 
917 190 81 112 0.98736227 
619 141 36 46 0.77751356 
490 112 35 39 0.3416713 
502 160 26 30 0.19194241 
861 210 94 108 0.1046062 
300 261 112 102 0.08420605 
659 139 25 34 0.0670151 
712 122 31 40 0.053292796 
258 162 23 29 0.04929927 
499 139 26 31 0.034952097 
176 139 26 30 0.033878855 
586 126 24 32 0.031326104 
536 126 39 50 0.02987392 
706 160 31 35 0.029437322 
409 127 32 35 0.028630994 
699 169 40 53 0.025856385 
46 100 180 315 0.0215635 
29 123 24 25 0.021358298 
477 146 17 20 0.021190794 
168 172 35 47 0.02093308 
