2_Demonstration_Political_Rally_2_5
1224
750 409 28 36 0.9970253 
866 450 28 34 0.98867023 
319 232 26 41 0.98690635 
689 393 33 43 0.9716518 
181 228 32 40 0.9203568 
27 479 37 39 0.89423275 
673 334 19 22 0.8709578 
132 459 28 48 0.8095719 
601 395 24 31 0.79422504 
58 298 17 20 0.77901065 
555 353 22 25 0.7376649 
827 383 24 34 0.7021394 
437 117 32 49 0.6865612 
785 385 28 35 0.67651194 
717 427 16 20 0.65945786 
890 328 15 18 0.64794946 
34 259 15 19 0.614124 
724 383 20 27 0.5754526 
677 291 17 20 0.5540664 
973 347 14 17 0.5158142 
950 175 8 10 0.5092919 
641 218 10 13 0.48957852 
589 416 24 28 0.46631125 
650 309 21 27 0.44887775 
758 164 8 11 0.43476483 
720 267 11 14 0.43114743 
907 143 7 10 0.42740342 
797 160 8 10 0.4055181 
875 362 21 24 0.39035955 
748 384 18 21 0.38403198 
623 233 9 11 0.38209367 
539 282 11 15 0.37318814 
929 356 17 23 0.37174943 
928 249 10 12 0.35835508 
946 174 8 10 0.35405526 
868 284 11 15 0.34176913 
149 491 28 28 0.33760306 
495 225 13 16 0.3373258 
852 226 9 11 0.33191657 
815 240 7 10 0.3177014 
851 346 14 18 0.31159043 
154 184 7 9 0.30565155 
791 242 10 12 0.29072618 
880 180 8 10 0.2873724 
166 181 9 11 0.28687137 
867 422 25 29 0.2792831 
715 353 15 17 0.2728161 
929 233 8 11 0.27219066 
790 263 8 11 0.27063024 
834 166 7 10 0.27026004 
920 255 8 9 0.2694716 
610 246 8 10 0.25972947 
663 162 7 10 0.25807375 
813 335 13 16 0.25710034 
654 230 11 14 0.2530798 
14 228 11 13 0.2513 
805 466 25 32 0.24790016 
736 225 8 10 0.24321473 
946 255 7 9 0.23782052 
694 269 11 13 0.23579797 
478 275 15 19 0.23122254 
618 167 8 9 0.22479193 
536 229 8 11 0.22400592 
348 302 15 18 0.22284172 
145 134 7 9 0.21757998 
650 422 24 33 0.21446325 
839 254 7 10 0.21253225 
64 142 7 9 0.21233779 
863 188 7 10 0.2104724 
701 242 10 13 0.20841974 
602 135 7 8 0.20377757 
627 350 20 23 0.19958667 
838 299 10 13 0.19759916 
748 248 10 12 0.19205156 
560 153 8 9 0.19201335 
669 247 11 13 0.17857955 
569 306 12 15 0.17236029 
703 128 8 10 0.17235243 
870 246 8 10 0.17175864 
754 165 8 10 0.1714052 
577 217 8 10 0.17011832 
838 241 8 9 0.16877915 
36 276 14 18 0.16852482 
679 214 8 10 0.16578698 
645 246 13 16 0.16447246 
177 165 7 9 0.16255027 
931 439 14 21 0.16249931 
628 295 10 12 0.16127941 
183 181 8 11 0.15553184 
642 133 6 9 0.1530055 
519 150 7 9 0.15280151 
599 175 9 11 0.15253408 
153 48 6 9 0.1524456 
793 55 6 8 0.15156442 
537 154 7 8 0.15152542 
514 366 15 17 0.15124404 
232 195 9 11 0.15069476 
736 167 7 10 0.15057006 
158 181 8 11 0.14804734 
774 169 9 11 0.14745495 
578 153 8 10 0.14639165 
0 189 7 9 0.1461435 
89 191 9 11 0.14440368 
785 305 12 16 0.144299 
93 196 9 11 0.14386557 
681 151 7 9 0.1434503 
807 54 6 8 0.14032301 
949 378 22 25 0.14025325 
635 318 11 13 0.14004989 
696 227 10 13 0.13724813 
129 142 7 9 0.13710645 
780 395 24 34 0.13692547 
687 149 8 10 0.13626325 
911 56 6 7 0.13563545 
911 299 9 12 0.13443448 
320 109 7 9 0.13431343 
875 406 22 26 0.13214454 
913 224 7 10 0.13194102 
823 59 6 8 0.13170731 
258 64 7 9 0.13111979 
832 377 18 22 0.13107114 
838 247 8 10 0.12941664 
526 259 9 12 0.12878965 
752 223 7 10 0.1285199 
864 245 10 12 0.12784426 
811 143 7 9 0.12617742 
567 240 9 12 0.124178536 
41 310 15 18 0.12368309 
814 167 7 11 0.123226784 
607 176 8 11 0.12309741 
61 224 10 12 0.12283632 
365 296 21 26 0.12275395 
816 264 8 10 0.12269311 
349 222 16 18 0.122107394 
808 277 9 12 0.12125874 
618 329 14 18 0.11933858 
212 262 16 23 0.11822377 
512 176 9 11 0.11688847 
944 221 7 9 0.116626784 
832 174 7 9 0.11622328 
768 257 8 10 0.116143264 
882 85 7 9 0.115835294 
0 277 10 14 0.11527679 
746 58 6 8 0.11427822 
517 418 16 19 0.114139654 
606 196 8 11 0.11413048 
719 333 10 13 0.113927215 
580 344 13 20 0.11339822 
365 344 19 21 0.11014638 
896 173 8 10 0.10977849 
981 175 8 9 0.10927335 
566 199 8 9 0.10900809 
833 86 6 9 0.108591825 
30 197 12 15 0.10850916 
909 323 10 13 0.108317785 
242 167 8 10 0.10611156 
88 237 12 14 0.10593808 
743 160 7 10 0.10416103 
910 408 17 22 0.10413653 
0 227 7 12 0.10359204 
834 148 7 10 0.10166718 
595 385 20 21 0.10129783 
831 133 7 9 0.10114527 
881 233 7 9 0.10103395 
94 94 7 8 0.10077167 
711 143 7 8 0.100754 
565 402 17 23 0.100439616 
31 144 8 9 0.098202206 
111 149 7 9 0.097870514 
953 150 8 11 0.09712434 
227 173 7 10 0.096908525 
274 89 7 10 0.09633047 
702 132 9 11 0.095632076 
753 263 10 12 0.095182024 
815 174 8 9 0.09501356 
233 94 8 9 0.09234145 
833 7 6 9 0.09201003 
770 167 7 11 0.09185475 
93 275 14 19 0.0917816 
812 344 15 22 0.09166639 
610 151 7 9 0.09160559 
984 125 8 10 0.09151954 
606 134 7 9 0.090635024 
281 55 7 9 0.09061463 
540 262 12 14 0.090593964 
498 198 8 11 0.09047092 
169 62 6 8 0.09027226 
117 237 9 11 0.08984493 
88 143 6 8 0.08932555 
717 208 8 9 0.08893995 
135 188 7 10 0.088854425 
207 151 7 9 0.08775696 
897 254 7 10 0.087268904 
543 174 8 9 0.08724716 
800 176 7 9 0.08630761 
822 292 9 12 0.08623939 
689 80 6 8 0.086034894 
736 144 7 8 0.085917115 
886 104 7 9 0.08588686 
957 152 8 10 0.0853052 
120 209 8 10 0.08489859 
103 297 15 18 0.08412755 
858 137 7 9 0.08407395 
794 141 7 9 0.08375385 
201 143 6 8 0.0837039 
512 54 7 8 0.08366715 
659 391 20 26 0.081643805 
584 190 8 10 0.081578866 
152 188 8 11 0.08152511 
98 466 30 43 0.08035289 
18 121 7 10 0.08019099 
631 152 6 9 0.0796987 
657 134 7 9 0.07916936 
675 265 15 17 0.07905594 
689 212 8 12 0.07900162 
110 190 8 11 0.07875751 
262 62 7 10 0.078443564 
937 54 6 8 0.07798625 
998 370 19 30 0.077935964 
273 39 7 9 0.07764395 
653 331 15 18 0.07746487 
797 164 9 11 0.07743368 
734 149 7 10 0.07654536 
801 54 7 9 0.07633211 
208 54 7 9 0.07631693 
897 169 8 10 0.076138884 
133 479 36 41 0.07569558 
320 77 7 10 0.0754482 
757 262 9 11 0.07500118 
23 110 7 9 0.07458134 
858 318 9 12 0.07382106 
769 402 25 34 0.07340741 
810 456 25 31 0.07312894 
938 338 17 18 0.07265069 
106 189 8 10 0.07232114 
905 97 6 7 0.072051644 
199 166 8 10 0.071415 
41 160 8 10 0.07112391 
640 159 7 9 0.07064356 
104 146 7 9 0.07048449 
120 79 7 9 0.07031346 
215 181 8 10 0.07006846 
521 192 7 9 0.06999819 
872 231 7 9 0.06998778 
646 134 7 9 0.069822714 
350 120 9 11 0.06965264 
945 134 7 9 0.06955833 
668 205 9 11 0.06935131 
589 351 20 26 0.06909368 
957 37 8 10 0.068977654 
957 158 8 10 0.06876362 
667 197 11 13 0.068695806 
710 151 7 9 0.06847607 
647 237 12 13 0.06847019 
722 166 7 9 0.068108484 
52 238 11 14 0.06786945 
991 436 26 38 0.067852974 
571 274 13 17 0.067633785 
555 128 7 9 0.067576565 
303 94 7 9 0.0674169 
191 80 7 9 0.06717112 
625 54 6 8 0.06655991 
625 300 11 14 0.06623643 
673 103 6 8 0.06593235 
53 244 11 14 0.06582705 
29 298 14 17 0.06568556 
686 267 12 15 0.065443374 
744 166 7 10 0.0653891 
784 85 7 9 0.06503227 
19 229 11 13 0.06469091 
903 114 7 9 0.06445295 
618 23 6 8 0.06422347 
903 175 8 11 0.06415548 
951 134 6 9 0.06412652 
834 254 8 10 0.06397977 
529 134 7 9 0.06395687 
208 158 7 9 0.063943654 
903 237 8 10 0.06390194 
793 103 6 7 0.063708425 
137 159 8 10 0.06355997 
225 60 7 10 0.06347562 
513 149 8 10 0.06316829 
551 223 9 11 0.06309328 
862 161 7 10 0.06307243 
69 189 9 11 0.062953085 
586 399 37 42 0.062737234 
784 174 7 9 0.06270564 
671 226 9 12 0.06251338 
151 55 7 9 0.062416032 
798 141 7 9 0.06235189 
922 443 20 28 0.06215147 
215 133 7 9 0.062086046 
858 184 8 9 0.061880413 
830 316 10 12 0.06144435 
950 283 9 12 0.061375182 
920 1 7 8 0.061348155 
857 78 7 9 0.061170086 
151 165 7 9 0.06116099 
721 134 7 9 0.060926273 
638 79 6 8 0.060882498 
875 54 7 9 0.060793262 
14 489 29 28 0.06075582 
538 175 7 9 0.060712602 
862 252 10 12 0.06060454 
914 119 6 7 0.060493067 
613 150 7 9 0.06003796 
544 398 18 22 0.05970415 
951 236 7 10 0.059687506 
214 97 7 9 0.0596811 
50 86 7 9 0.059449945 
672 85 7 9 0.059376504 
697 238 11 14 0.05921371 
584 285 13 17 0.059107065 
242 45 7 9 0.059060466 
802 324 13 15 0.058928158 
985 445 24 36 0.058652163 
905 148 8 10 0.05857824 
146 62 6 8 0.0584367 
0 300 9 18 0.05803079 
886 175 8 11 0.05789214 
727 166 7 9 0.05784403 
1007 69 7 9 0.05773088 
557 213 8 10 0.057678096 
223 120 7 9 0.05749116 
881 302 8 10 0.057453584 
784 117 7 9 0.05708603 
873 166 8 10 0.057045437 
929 181 9 10 0.05687265 
562 246 8 10 0.05669861 
934 183 7 9 0.056602187 
575 134 6 8 0.056346886 
7 496 21 22 0.056310315 
724 349 13 18 0.056287207 
625 184 7 9 0.05628059 
928 176 7 10 0.055976167 
902 254 7 9 0.05596468 
791 470 33 35 0.055676468 
722 129 7 10 0.0556583 
120 251 12 16 0.055619016 
555 398 21 28 0.055603914 
564 348 21 27 0.055342425 
175 118 7 8 0.054990865 
0 209 7 11 0.05487743 
103 127 7 9 0.054757807 
699 94 6 8 0.054629028 
542 327 15 16 0.05452103 
653 399 17 21 0.05425554 
713 270 10 12 0.054215472 
888 314 10 13 0.053988487 
944 302 11 13 0.053956214 
932 252 8 11 0.053942066 
946 149 8 10 0.05391958 
80 50 6 7 0.05387168 
230 57 7 9 0.053857736 
889 254 7 9 0.053782992 
844 334 9 12 0.053691924 
567 166 7 10 0.053588975 
736 65 7 8 0.053585805 
56 223 9 12 0.053365085 
627 232 10 11 0.053347155 
277 92 7 10 0.053294223 
57 176 7 9 0.05313338 
726 161 8 10 0.05306274 
559 133 6 9 0.0529733 
689 111 6 7 0.05277787 
945 285 8 10 0.052541398 
542 253 10 12 0.052448496 
841 198 7 9 0.05231415 
935 294 10 12 0.052273504 
614 120 7 9 0.052269746 
904 160 7 9 0.05225791 
911 228 8 10 0.05224509 
891 207 7 10 0.052239332 
993 168 8 9 0.052066196 
870 239 9 11 0.052048948 
600 151 7 9 0.052023657 
974 41 7 9 0.052005325 
698 62 6 9 0.051993564 
632 119 6 8 0.051990584 
584 167 7 9 0.05195563 
628 308 12 16 0.051947005 
656 110 6 8 0.05190453 
930 101 6 8 0.051701754 
857 140 8 11 0.051591523 
109 214 8 11 0.05130502 
12 291 13 18 0.051251702 
795 308 11 14 0.05123057 
718 63 7 9 0.0511226 
886 233 7 10 0.050933026 
904 319 11 14 0.050758388 
719 192 8 9 0.050202034 
750 268 10 12 0.050149325 
63 102 7 9 0.050128743 
719 199 8 9 0.050106086 
517 325 14 16 0.050088227 
672 150 7 9 0.05005753 
667 150 6 8 0.049827456 
476 372 17 21 0.04978785 
47 136 7 9 0.04972108 
224 169 8 10 0.049720928 
655 80 6 8 0.049687978 
904 181 8 10 0.049380682 
342 132 9 12 0.04935778 
570 134 6 8 0.049279455 
39 134 7 10 0.049252357 
581 206 8 11 0.048989814 
919 117 7 9 0.04888269 
890 249 7 9 0.04884453 
714 213 7 10 0.0488225 
890 49 6 8 0.04869941 
743 209 7 10 0.04867493 
504 159 8 10 0.048446625 
895 311 9 11 0.04842742 
837 149 7 9 0.04841305 
481 78 8 9 0.048355922 
575 86 7 8 0.048211973 
792 175 7 9 0.048059385 
158 106 7 9 0.047986522 
893 315 11 13 0.04772643 
120 246 10 14 0.047722176 
633 56 6 8 0.047710437 
740 436 12 18 0.047647566 
730 47 6 8 0.047610182 
508 285 12 15 0.047608994 
1016 46 6 9 0.047536645 
191 182 9 11 0.047533654 
717 255 11 14 0.047487218 
635 79 6 8 0.047413483 
210 102 6 8 0.04714798 
354 297 21 24 0.047107812 
526 240 8 11 0.04700271 
663 134 6 8 0.04696164 
959 166 7 9 0.04694037 
316 140 12 13 0.046929214 
767 125 7 10 0.046890672 
592 135 6 9 0.046870712 
903 248 8 10 0.046671834 
816 160 7 9 0.04665034 
665 70 6 9 0.046548605 
90 112 8 10 0.046491962 
895 249 8 10 0.046436805 
81 143 6 8 0.046242133 
810 245 8 10 0.045767315 
106 149 7 9 0.045732956 
558 165 9 11 0.045713153 
512 208 10 12 0.04565563 
183 89 7 9 0.04562265 
947 414 25 31 0.045507047 
218 118 6 8 0.04549794 
129 71 7 8 0.045464247 
148 226 11 17 0.0454043 
714 112 7 8 0.04538897 
903 231 9 11 0.04533483 
927 143 6 8 0.045204826 
776 48 6 8 0.045137346 
798 264 8 10 0.04503217 
219 46 6 9 0.044980668 
634 134 6 9 0.0446962 
882 104 7 9 0.044680096 
71 245 10 13 0.04445334 
554 133 7 10 0.04409026 
120 176 6 8 0.04404669 
918 295 9 12 0.044021677 
505 151 7 9 0.04392962 
825 111 7 8 0.043852784 
517 213 8 10 0.04373679 
689 126 6 8 0.0437252 
872 65 7 8 0.04368064 
95 224 9 10 0.043613225 
559 209 7 10 0.043544143 
600 378 19 21 0.043411937 
89 242 14 16 0.043409877 
241 87 8 10 0.043382633 
94 260 14 16 0.043293513 
833 239 8 10 0.04321866 
119 258 14 20 0.04320892 
614 222 8 10 0.043022312 
215 176 8 10 0.043000884 
794 165 8 11 0.04271684 
581 346 20 27 0.042716146 
885 333 16 20 0.042665996 
868 351 12 16 0.042645004 
153 32 7 8 0.042463522 
946 55 6 9 0.042358343 
802 117 6 9 0.042353302 
105 222 9 12 0.042116232 
808 338 14 18 0.04194202 
857 39 6 8 0.041845016 
962 377 16 19 0.041770905 
97 145 7 8 0.04167653 
865 280 10 14 0.041577376 
872 70 7 9 0.04153909 
657 166 8 11 0.041488968 
233 184 8 10 0.041455794 
717 212 8 11 0.041455224 
902 166 9 11 0.041366126 
726 129 6 9 0.04134104 
789 287 10 12 0.041300282 
712 190 7 9 0.041265324 
639 181 7 10 0.041140053 
1002 31 7 9 0.041129924 
1008 176 8 10 0.041055776 
94 89 7 10 0.04095931 
651 79 6 8 0.04084407 
161 143 7 9 0.04081671 
743 224 7 10 0.040752955 
32 133 8 11 0.04072649 
882 277 9 11 0.040694684 
26 176 8 9 0.040576413 
1010 88 6 8 0.04051615 
248 102 8 9 0.04038495 
211 97 7 9 0.04036843 
813 276 9 12 0.040346935 
272 79 7 8 0.04016764 
864 240 8 11 0.040082846 
880 332 14 15 0.04002753 
15 143 7 8 0.03995396 
97 78 7 10 0.03990969 
649 231 10 12 0.039871693 
710 245 9 11 0.03983467 
982 246 9 10 0.039783847 
56 207 9 11 0.03974065 
2 109 8 11 0.0397153 
176 62 6 9 0.03958265 
535 134 7 8 0.039422546 
737 69 6 9 0.03927581 
581 222 8 10 0.039234802 
670 260 14 16 0.039224397 
679 102 6 8 0.039160058 
885 180 9 11 0.03914076 
488 262 11 13 0.039035216 
823 263 8 11 0.038958766 
177 47 6 8 0.03889942 
769 173 8 10 0.03882176 
782 158 7 8 0.038773507 
121 30 6 9 0.038570113 
819 58 5 8 0.038415115 
959 120 7 9 0.03840638 
53 263 12 15 0.03839363 
520 144 7 10 0.03839173 
833 284 8 11 0.038240045 
1000 118 8 11 0.038173918 
731 150 7 9 0.03817027 
990 95 6 9 0.03813281 
967 135 7 9 0.038119923 
314 95 6 9 0.03799301 
633 158 7 8 0.03786793 
254 238 13 16 0.03786316 
569 65 8 10 0.037791308 
602 198 8 10 0.037672494 
874 97 7 8 0.037638452 
101 229 9 13 0.03758535 
641 152 7 9 0.037581988 
553 167 8 9 0.03752835 
688 121 6 8 0.037515134 
530 129 6 8 0.03750144 
718 273 13 17 0.0374645 
664 129 6 8 0.03741338 
858 161 7 9 0.037340242 
858 245 8 10 0.03719246 
41 260 14 18 0.037142403 
736 119 6 8 0.03711492 
698 128 8 10 0.037002727 
666 112 6 8 0.036934517 
689 86 6 8 0.036826205 
658 36 7 9 0.036792304 
858 165 8 10 0.036710247 
707 150 7 9 0.036672436 
569 85 6 9 0.036607657 
286 119 7 9 0.03659275 
698 89 7 9 0.036572028 
858 110 8 9 0.036466394 
64 160 8 10 0.036458172 
702 62 6 9 0.036453445 
720 142 6 9 0.036417905 
871 491 26 27 0.03623802 
680 55 7 9 0.036204215 
896 182 7 10 0.036049344 
130 183 8 10 0.036034767 
1001 247 9 11 0.03600956 
656 173 7 10 0.035956625 
825 129 7 9 0.03594153 
185 34 6 8 0.03593892 
148 135 8 10 0.035861816 
96 23 6 8 0.035777137 
518 244 9 11 0.035763938 
920 176 8 10 0.035748344 
608 208 8 10 0.035743374 
246 86 6 9 0.035722572 
903 102 7 8 0.03571863 
182 188 10 13 0.035718292 
777 88 7 8 0.03570243 
671 112 7 8 0.03558666 
112 233 9 12 0.03557849 
503 267 11 13 0.03555222 
63 165 8 10 0.035510864 
216 191 8 10 0.035423234 
931 46 6 9 0.03537371 
661 229 10 12 0.035369854 
573 400 23 29 0.03533733 
729 96 6 8 0.035323452 
71 103 7 8 0.03530706 
622 23 6 7 0.035209794 
211 250 15 21 0.03519692 
30 175 7 10 0.035174347 
554 158 8 10 0.03509356 
501 191 8 10 0.03506628 
761 136 7 9 0.035026282 
113 94 6 9 0.034891225 
206 146 7 8 0.03482002 
932 349 16 18 0.034755528 
326 218 24 35 0.03470129 
72 143 6 8 0.034692235 
222 150 7 9 0.03456906 
559 94 7 9 0.034513082 
249 63 6 8 0.034418266 
932 231 9 11 0.03435313 
627 151 7 9 0.034301903 
70 159 8 11 0.034267757 
154 108 7 10 0.03419447 
338 221 24 31 0.03417575 
535 237 8 10 0.034026537 
712 261 11 13 0.034024116 
56 128 8 10 0.033943832 
871 101 7 10 0.033878513 
133 142 7 10 0.03386737 
864 102 7 10 0.033849247 
180 166 7 9 0.03370074 
242 79 8 10 0.03368724 
887 80 7 9 0.033593163 
608 71 6 9 0.033585127 
712 254 10 13 0.03357298 
890 125 6 9 0.033567723 
706 143 8 9 0.033565845 
504 260 12 15 0.033543445 
640 57 6 8 0.033509016 
184 160 7 9 0.03347726 
888 121 7 9 0.03339851 
595 371 19 21 0.033338334 
121 150 6 9 0.033338144 
836 305 11 13 0.033323642 
969 247 8 10 0.03329902 
784 143 6 8 0.033296574 
342 125 10 12 0.033271424 
527 79 7 9 0.033164263 
861 351 15 19 0.033093728 
716 313 13 16 0.03301716 
96 150 7 8 0.03301262 
545 143 6 7 0.03295561 
922 249 8 11 0.03287542 
794 80 6 9 0.032859128 
886 110 7 9 0.032814324 
218 41 6 7 0.032757033 
775 55 6 8 0.03273219 
144 190 8 10 0.03270596 
899 113 7 9 0.032688342 
110 -9 500 493 0.03265669 
40 174 8 9 0.03264108 
7 188 9 11 0.03238256 
669 192 9 11 0.03230975 
930 491 32 28 0.032296274 
9 228 11 13 0.0322877 
649 111 6 8 0.032270495 
694 150 7 9 0.032246202 
915 447 19 26 0.03216564 
47 222 12 15 0.032085896 
783 82 7 9 0.03205268 
687 192 8 11 0.031966247 
128 137 8 9 0.03195482 
808 446 25 27 0.031950485 
951 168 9 12 0.03193476 
967 351 16 19 0.03186755 
834 247 8 11 0.031843197 
602 144 7 8 0.03177611 
855 176 7 10 0.031774666 
357 87 8 10 0.03174763 
703 94 6 8 0.03174609 
693 208 9 13 0.031737216 
870 253 8 10 0.03171408 
889 72 6 8 0.03170836 
479 255 9 11 0.031689465 
135 88 6 9 0.031566683 
936 87 6 7 0.03156329 
838 162 7 9 0.031559855 
1007 180 8 10 0.03155802 
807 183 7 9 0.031543735 
646 394 14 19 0.03152878 
798 351 12 15 0.031469837 
825 150 7 9 0.031439256 
526 56 7 9 0.03138459 
923 87 6 8 0.031346872 
120 182 7 10 0.03132142 
807 175 8 9 0.03128862 
529 159 8 10 0.03128793 
35 299 17 20 0.031208662 
192 127 6 8 0.031144952 
520 330 16 17 0.031118445 
1 103 8 11 0.031113602 
877 166 8 9 0.031103818 
30 181 9 10 0.031041622 
159 126 7 9 0.031031584 
801 154 7 9 0.030955512 
131 224 13 16 0.03094004 
927 158 6 9 0.030915558 
465 295 10 15 0.030863898 
197 182 8 10 0.030853577 
536 192 7 10 0.030851908 
914 2 7 8 0.030843467 
848 89 6 8 0.030751364 
193 64 7 8 0.030724632 
934 49 7 9 0.030703489 
255 112 7 9 0.03067064 
608 214 8 9 0.030662209 
633 144 7 8 0.030651294 
867 21 6 9 0.030614894 
882 110 7 9 0.030582353 
975 44 7 10 0.03056394 
897 237 7 10 0.03055262 
823 119 7 8 0.030549886 
86 270 12 15 0.030511534 
626 95 6 9 0.030509315 
386 69 8 10 0.03047613 
818 79 6 9 0.03047562 
142 160 8 10 0.030458415 
232 103 7 9 0.03044339 
936 425 24 33 0.030442014 
976 341 13 17 0.030421065 
1006 32 6 9 0.03027222 
281 117 8 10 0.03020999 
862 57 7 8 0.030199526 
786 239 10 13 0.030185442 
582 157 7 9 0.030121703 
777 143 7 8 0.030043717 
777 103 6 8 0.030002322 
314 62 7 9 0.029989079 
736 160 9 11 0.029954923 
840 79 6 8 0.029954191 
688 223 8 11 0.029862778 
340 143 10 12 0.02985592 
665 251 11 15 0.029849296 
832 71 6 8 0.029824875 
112 244 10 14 0.029786995 
500 395 13 15 0.0297795 
824 255 7 9 0.0297639 
314 72 7 9 0.029749095 
841 57 6 7 0.029706031 
849 39 6 9 0.029688098 
999 180 7 10 0.02968493 
600 231 8 10 0.029647984 
600 110 6 9 0.029620046 
729 103 6 8 0.029549945 
225 89 7 9 0.029541668 
659 161 7 9 0.029507691 
831 269 7 10 0.029499317 
509 267 9 12 0.02948215 
279 22 7 9 0.029475015 
500 454 29 28 0.029471744 
950 55 7 8 0.029451663 
71 185 8 10 0.029447976 
606 228 8 11 0.02943558 
725 360 16 20 0.029424429 
91 252 14 17 0.029421212 
758 311 15 18 0.029407967 
314 77 7 9 0.029388031 
688 166 7 9 0.02935319 
715 64 6 9 0.029348794 
192 110 7 8 0.029311609 
935 176 8 9 0.029272204 
650 169 6 9 0.029269023 
619 231 8 10 0.02919329 
657 337 14 17 0.029170977 
696 175 7 9 0.029112495 
542 153 7 10 0.029076576 
719 56 7 9 0.028958375 
859 190 7 9 0.028903479 
679 159 7 10 0.028881282 
611 120 6 9 0.028863436 
777 474 29 32 0.028861642 
848 288 8 10 0.028848588 
344 121 9 11 0.028822076 
817 350 15 21 0.028742589 
711 275 11 13 0.028739644 
876 395 23 25 0.028709218 
831 264 7 9 0.02860089 
549 260 12 16 0.028585024 
587 279 15 20 0.02849094 
146 142 7 10 0.02848442 
760 246 8 10 0.028479012 
993 181 8 10 0.028471584 
905 137 7 9 0.028435979 
986 95 7 8 0.028419543 
746 400 26 32 0.028295897 
319 95 7 9 0.028276337 
614 239 9 11 0.028269242 
129 64 7 9 0.028241903 
352 143 12 14 0.028234016 
98 31 6 8 0.028224256 
806 119 7 9 0.028212123 
994 175 8 9 0.028091252 
846 341 13 16 0.028062122 
817 127 6 8 0.028060874 
572 282 11 15 0.028034441 
838 278 8 11 0.028021036 
177 145 7 8 0.028019166 
586 119 6 8 0.02800199 
682 121 6 8 0.02796421 
201 63 7 9 0.027932078 
811 239 8 11 0.027884968 
648 151 6 9 0.027869366 
512 244 10 12 0.02783851 
199 173 8 10 0.027735805 
110 184 8 10 0.02760004 
581 417 17 23 0.02755916 
609 157 7 9 0.02750457 
152 150 7 9 0.0275013 
840 338 12 16 0.027494706 
723 161 7 9 0.027440395 
831 182 7 10 0.027428301 
865 269 8 10 0.02742245 
929 151 7 10 0.027403314 
886 86 6 8 0.027390065 
560 87 8 9 0.027359262 
138 135 7 10 0.0273343 
607 144 7 9 0.027328854 
642 113 6 8 0.027307218 
763 323 14 16 0.027297232 
759 48 6 8 0.027289068 
98 278 15 20 0.027262215 
225 144 6 8 0.02723457 
41 166 7 10 0.027210439 
726 370 15 18 0.027194902 
371 265 14 16 0.027191227 
81 176 7 9 0.02717189 
655 87 6 8 0.02715458 
669 388 25 32 0.027153192 
778 72 7 8 0.027152412 
64 183 8 10 0.027143255 
192 48 6 8 0.02711827 
706 190 7 9 0.027091991 
54 227 10 13 0.027058316 
248 112 8 9 0.027049165 
615 126 6 9 0.02703136 
633 176 7 9 0.02701528 
121 111 6 8 0.02697211 
569 54 7 9 0.026937352 
777 189 7 10 0.026921682 
977 456 21 33 0.026873868 
681 209 8 11 0.02686851 
975 246 9 11 0.026853872 
516 316 15 17 0.026848167 
296 111 7 9 0.0268461 
755 72 6 8 0.026794795 
208 112 7 8 0.026790597 
655 106 6 8 0.026786305 
49 94 7 9 0.026724435 
799 78 6 8 0.026671872 
640 118 7 8 0.026666934 
718 338 13 17 0.026633883 
304 89 7 10 0.026575493 
935 323 22 28 0.026508896 
894 49 7 9 0.02649699 
938 346 49 60 0.0264839 
979 353 11 16 0.026463738 
287 55 7 9 0.026454547 
912 73 6 8 0.026383145 
719 282 11 15 0.0263816 
616 145 6 9 0.02631939 
858 63 6 8 0.026314192 
854 46 7 9 0.02631195 
946 144 7 9 0.026296634 
615 208 7 9 0.026296537 
777 158 8 9 0.026244685 
815 138 7 8 0.026239041 
625 214 7 9 0.02618982 
239 94 6 9 0.026139978 
586 135 7 8 0.02613427 
710 290 11 15 0.026070984 
166 227 28 36 0.026007676 
808 96 6 8 0.02598443 
250 57 6 8 0.025932888 
585 128 6 8 0.025906181 
937 478 29 33 0.025893055 
662 64 7 9 0.025887342 
559 254 10 14 0.025882427 
1008 94 7 9 0.025854966 
615 172 7 10 0.025845531 
796 239 9 12 0.025831632 
218 166 7 9 0.025783 
704 199 7 10 0.02577315 
609 222 9 12 0.025767498 
34 85 6 9 0.025732543 
923 142 7 9 0.025717055 
147 58 6 8 0.025709892 
175 113 7 9 0.025707612 
870 268 8 11 0.025701854 
927 278 8 11 0.025685653 
645 337 16 20 0.025674213 
872 175 8 9 0.02562858 
102 134 8 10 0.025554609 
912 177 6 9 0.025548138 
681 144 7 9 0.025532614 
704 121 7 9 0.025468608 
545 110 6 8 0.02546035 
609 128 7 9 0.025438363 
318 61 7 9 0.025406802 
665 145 7 10 0.025396615 
294 38 7 9 0.025390372 
729 144 7 9 0.02538722 
773 261 8 11 0.02535778 
26 181 8 10 0.025340624 
702 90 7 9 0.025337923 
624 102 7 8 0.025337044 
480 112 8 9 0.025302084 
784 153 7 8 0.025245534 
110 258 14 20 0.02524273 
8 118 7 9 0.02523958 
543 137 7 8 0.025220986 
754 300 24 27 0.025219264 
878 96 7 8 0.025207367 
470 363 16 17 0.025128778 
594 113 6 8 0.025121942 
726 133 7 10 0.025109371 
656 143 7 10 0.025068825 
31 189 12 16 0.025018401 
589 379 16 19 0.025014177 
897 102 6 9 0.024973892 
908 55 5 8 0.024965499 
231 89 8 10 0.024946708 
169 58 7 8 0.024944242 
847 198 7 9 0.024922876 
247 97 7 8 0.024910215 
97 268 16 20 0.024900256 
787 311 14 17 0.024885988 
537 182 6 9 0.024859497 
838 318 9 12 0.024801573 
13 188 8 11 0.02477068 
71 152 7 9 0.024767466 
191 38 7 8 0.024758838 
529 152 7 9 0.024755988 
298 93 7 9 0.02475188 
760 240 8 10 0.02474967 
631 207 7 10 0.024724869 
645 255 14 18 0.02470324 
824 247 7 10 0.02468787 
144 177 7 9 0.024676397 
671 165 7 10 0.02465634 
906 72 6 8 0.024606163 
391 95 7 10 0.024594286 
688 104 6 8 0.02459344 
112 196 9 11 0.02459193 
639 177 7 9 0.024589822 
839 193 8 10 0.024581918 
672 145 7 9 0.024556052 
843 425 20 25 0.024493668 
864 96 8 10 0.024474792 
304 119 8 10 0.024464661 
673 135 7 9 0.024447534 
633 128 6 9 0.024439957 
821 15 7 8 0.024398066 
304 62 6 9 0.024393953 
935 263 8 10 0.024393475 
98 128 7 10 0.024391321 
720 104 7 8 0.02434775 
642 346 15 20 0.02432831 
295 104 7 10 0.02430219 
898 134 6 9 0.02427579 
616 160 8 10 0.024275007 
609 78 7 9 0.024265142 
997 167 7 9 0.024262171 
731 365 12 17 0.02425146 
616 78 7 9 0.024224373 
98 134 7 10 0.024218373 
849 176 7 9 0.024214685 
823 81 7 8 0.024214491 
905 190 8 10 0.024199016 
522 136 7 8 0.024187433 
782 169 8 10 0.024173083 
952 80 6 8 0.024148544 
305 56 6 8 0.024147652 
189 188 10 12 0.024140192 
681 166 6 9 0.024122657 
674 214 9 11 0.024112962 
626 88 6 8 0.02406765 
239 150 7 9 0.024056932 
936 215 7 9 0.024037361 
265 88 6 8 0.024000121 
118 56 7 9 0.023966402 
627 342 18 19 0.02393428 
217 63 7 9 0.02393026 
592 17 6 8 0.023926776 
703 184 8 10 0.023922497 
992 104 7 9 0.023907105 
807 346 13 18 0.023899283 
485 254 9 12 0.023875857 
495 165 8 11 0.02383485 
679 136 7 8 0.023831556 
191 158 6 8 0.023770265 
152 88 7 9 0.023758464 
553 209 8 9 0.023737703 
38 86 7 9 0.023704866 
562 81 7 9 0.023702769 
880 425 18 22 0.023696812 
664 257 11 16 0.023686571 
184 63 6 8 0.023631955 
296 78 7 8 0.023614846 
515 376 14 18 0.023604922 
56 181 8 10 0.023604807 
657 71 7 9 0.023581544 
664 119 6 8 0.023573684 
864 262 9 11 0.023551622 
771 95 6 8 0.023525473 
572 239 9 12 0.023524014 
931 80 6 8 0.023505205 
720 118 6 9 0.023499088 
522 56 7 9 0.02349398 
956 382 26 31 0.023493212 
801 114 6 8 0.023485806 
566 158 7 10 0.023484048 
222 159 7 9 0.023469826 
551 105 6 9 0.02346669 
839 96 6 8 0.023428475 
641 166 6 8 0.02342595 
162 197 8 11 0.023423163 
743 152 8 11 0.023417065 
97 63 7 8 0.023410771 
802 97 6 8 0.0233869 
858 73 6 8 0.023361439 
766 246 8 10 0.02335947 
800 269 8 10 0.023352878 
74 70 6 9 0.02333892 
200 110 6 8 0.023335233 
896 303 9 11 0.023326222 
537 215 7 9 0.023312923 
247 29 6 8 0.023298629 
522 312 15 17 0.023264678 
774 96 7 8 0.023261799 
505 165 7 9 0.0232499 
608 385 19 24 0.023227736 
88 38 5 8 0.023216046 
681 126 6 9 0.023163203 
170 118 7 8 0.023152655 
80 183 7 9 0.023128483 
959 34 6 8 0.02311267 
919 39 6 8 0.023076931 
418 78 6 9 0.023060575 
920 259 8 10 0.023043375 
714 89 6 8 0.023003265 
379 82 7 8 0.022918064 
818 120 7 8 0.022917734 
602 130 6 9 0.022914127 
519 86 7 10 0.022906221 
255 70 7 8 0.022905627 
167 142 7 9 0.022903634 
778 39 6 9 0.022903176 
383 100 7 10 0.02289194 
601 206 7 10 0.02288722 
839 175 7 9 0.022864243 
226 125 7 9 0.022855472 
721 40 5 7 0.022853483 
677 219 10 12 0.022839524 
835 96 6 8 0.022838077 
71 197 9 12 0.022827953 
550 175 7 9 0.022771077 
592 166 7 10 0.022768121 
818 330 13 18 0.02275397 
682 4 8 10 0.022742204 
42 298 21 25 0.022734595 
162 63 7 9 0.022649752 
422 77 7 10 0.022627935 
848 94 7 8 0.02261785 
86 214 9 11 0.02261596 
314 111 7 9 0.022605766 
799 15 7 9 0.022599353 
816 151 7 8 0.022588631 
858 57 6 8 0.022586273 
833 81 7 9 0.022522675 
986 79 6 8 0.022459041 
167 137 7 9 0.02244405 
561 105 6 8 0.02242564 
574 294 10 14 0.02242255 
922 135 6 9 0.022410905 
858 253 8 11 0.022375725 
879 50 6 8 0.022375371 
543 223 7 10 0.022374902 
496 205 8 10 0.022325723 
781 72 7 9 0.022317564 
625 135 6 8 0.022297326 
112 166 8 10 0.02227481 
880 136 7 10 0.022271799 
1014 175 7 9 0.02225527 
26 142 7 9 0.022251902 
161 135 7 10 0.022246815 
602 64 7 9 0.02220995 
265 46 6 8 0.022174807 
850 46 7 9 0.02216447 
55 70 6 9 0.02214522 
943 462 28 33 0.022144865 
826 133 7 9 0.022128142 
529 214 7 9 0.022106947 
647 62 7 8 0.02204513 
65 198 8 10 0.022039417 
777 152 7 9 0.022034608 
298 88 6 9 0.02195021 
601 105 6 8 0.0219214 
509 310 12 15 0.021909708 
616 379 23 30 0.02189702 
770 55 7 9 0.021885823 
184 152 7 9 0.021882532 
898 88 6 8 0.021882435 
752 135 6 9 0.02184145 
521 240 8 12 0.021837933 
582 277 12 16 0.021837726 
101 235 10 13 0.02183133 
702 276 10 14 0.02181845 
836 285 9 11 0.02181094 
904 88 6 8 0.021806575 
701 261 10 13 0.021787096 
47 142 7 8 0.021746073 
776 185 7 10 0.021742178 
102 31 6 7 0.02173452 
495 160 7 10 0.021715485 
529 166 8 9 0.021526199 
493 268 10 14 0.021459198 
207 62 7 9 0.021440107 
145 182 7 9 0.021432951 
566 152 7 9 0.021426981 
821 301 9 11 0.021406764 
629 320 14 17 0.021398932 
245 170 8 11 0.021390118 
729 119 6 8 0.021389857 
128 128 6 8 0.021383988 
31 282 15 17 0.021377241 
80 269 12 14 0.02133352 
969 255 8 11 0.021328846 
150 62 6 8 0.02129427 
910 191 7 9 0.02128284 
151 94 7 8 0.021264503 
297 63 6 8 0.021262886 
52 360 13 17 0.021246668 
704 104 6 8 0.021238364 
833 191 8 10 0.021225745 
889 190 8 10 0.021221124 
808 127 6 8 0.021215633 
125 213 9 10 0.02119732 
767 136 7 9 0.021194438 
200 126 7 8 0.02118939 
920 166 7 10 0.02118346 
718 301 12 17 0.021175446 
870 190 7 9 0.021168573 
816 110 7 8 0.021161776 
875 379 23 26 0.021147853 
711 429 17 22 0.021127263 
896 287 7 10 0.021117778 
829 331 11 15 0.021083185 
640 144 6 8 0.02107746 
713 118 7 9 0.021077018 
124 264 13 18 0.02106089 
943 259 8 11 0.021014607 
121 144 7 9 0.021007797 
728 176 7 9 0.021005927 
861 140 8 10 0.020985216 
472 77 8 10 0.020982549 
839 87 7 9 0.020962035 
649 173 7 9 0.02096188 
170 113 7 9 0.020954844 
935 151 7 9 0.02093323 
567 82 7 9 0.020920595 
960 262 8 10 0.02091203 
945 104 6 8 0.020898389 
278 38 6 9 0.020881819 
169 166 7 9 0.020880481 
927 128 6 8 0.020820117 
178 180 9 12 0.020819802 
168 47 6 8 0.020806734 
122 104 6 9 0.02079176 
144 223 11 15 0.020780189 
512 145 7 9 0.02077007 
94 116 7 10 0.020762024 
191 120 7 9 0.02076178 
713 94 6 8 0.020708248 
882 308 9 13 0.020701703 
558 222 8 10 0.020697469 
110 252 12 16 0.020695528 
545 208 6 9 0.020664953 
230 169 8 11 0.020630052 
542 290 11 15 0.020607863 
255 103 7 9 0.020593151 
263 288 10 12 0.020554373 
249 143 7 8 0.020548861 
526 191 7 10 0.02053648 
657 63 7 9 0.02052401 
710 239 8 11 0.020504598 
832 102 6 9 0.020500898 
760 255 9 12 0.02049986 
729 41 6 9 0.020481331 
202 55 7 9 0.020475788 
184 48 7 8 0.020473737 
485 268 12 17 0.020460237 
624 363 24 29 0.020438492 
106 120 7 8 0.020434832 
898 118 7 9 0.020412717 
927 136 6 9 0.020399261 
631 377 22 29 0.020366088 
651 370 17 20 0.020298919 
751 95 6 8 0.020283634 
881 63 6 8 0.020239916 
826 104 6 8 0.020227522 
825 182 8 10 0.020213448 
146 95 6 8 0.020210832 
968 260 10 12 0.020197608 
57 134 8 10 0.020177284 
-1 235 9 15 0.020174261 
867 352 19 25 0.020161899 
246 26 6 8 0.02015396 
513 88 7 9 0.020138329 
898 331 12 15 0.020122586 
614 215 8 10 0.02012223 
682 192 8 11 0.02011335 
896 96 7 8 0.020096771 
59 142 7 9 0.020067897 
832 120 7 9 0.020066077 
922 128 7 9 0.020059459 
127 176 7 9 0.020052182 
50 71 6 8 0.020035429 
