2_Demonstration_Political_Rally_2_690
52
814 401 66 83 0.99776614 
525 371 101 156 0.98051 
644 393 24 39 0.97199786 
753 370 10 13 0.76925546 
949 369 10 16 0.62432194 
63 365 8 10 0.4211357 
12 443 8 12 0.32123092 
79 358 7 9 0.1900952 
181 352 8 10 0.18000704 
93 412 8 10 0.16093671 
55 358 8 11 0.095485814 
117 366 8 10 0.079319455 
97 391 7 9 0.076870166 
649 377 8 10 0.06364231 
942 376 12 16 0.061431013 
936 378 13 15 0.055451714 
79 367 7 10 0.055400368 
119 352 7 9 0.055140007 
46 364 8 11 0.055035036 
66 344 9 11 0.050004262 
42 364 8 11 0.049007192 
697 366 9 11 0.04862676 
90 409 8 11 0.0460592 
0 364 7 13 0.045557402 
733 427 9 13 0.04508458 
70 350 7 10 0.044000316 
81 354 8 10 0.043819923 
87 357 7 10 0.041996945 
59 366 8 10 0.041920234 
49 360 8 11 0.039843842 
117 359 8 11 0.039579216 
55 352 8 11 0.038231697 
73 360 8 9 0.036101196 
109 394 7 8 0.034948047 
706 403 11 14 0.034798462 
70 381 8 10 0.032410856 
114 353 7 9 0.031240672 
72 366 7 9 0.03079159 
1008 395 9 12 0.030210214 
65 372 8 11 0.028973479 
198 353 7 9 0.028595012 
106 397 7 9 0.026593972 
70 376 8 10 0.026028063 
93 326 7 10 0.025563633 
747 399 13 19 0.02285389 
81 372 8 11 0.021888057 
31 358 8 11 0.02174845 
110 328 8 9 0.021354323 
197 357 7 9 0.020737743 
48 402 8 9 0.020707823 
49 375 9 12 0.020453775 
54 342 7 10 0.020262498 
