2_Demonstration_Demonstration_Or_Protest_2_117
213
660 416 28 36 0.99887675 
936 470 33 41 0.99708086 
698 450 31 45 0.99697804 
608 455 30 37 0.9964232 
14 525 27 32 0.996126 
371 419 26 34 0.99521023 
437 425 27 34 0.9947246 
224 412 25 31 0.9944088 
802 456 32 33 0.9936283 
514 438 26 36 0.99256635 
626 411 23 29 0.99144226 
281 438 23 31 0.9908443 
912 607 34 45 0.9901411 
164 417 22 28 0.9897569 
596 431 22 30 0.98575115 
969 430 28 35 0.9800463 
778 527 29 32 0.97947145 
61 414 21 27 0.9785694 
172 386 20 24 0.94457054 
882 489 35 45 0.9304448 
128 426 21 28 0.9246064 
371 367 14 17 0.9194839 
277 335 12 15 0.9158721 
990 265 18 20 0.8838867 
199 365 14 16 0.8440889 
434 332 11 13 0.8288204 
780 306 12 15 0.81341094 
23 413 21 27 0.8091782 
184 341 13 16 0.8089831 
431 404 24 29 0.78047293 
139 346 12 14 0.72888005 
496 327 10 14 0.6958525 
749 279 9 11 0.6786712 
364 347 12 14 0.61617726 
336 407 19 24 0.54514426 
446 349 11 14 0.52564263 
775 288 13 17 0.47273582 
344 332 10 13 0.43006372 
62 331 11 15 0.36334944 
123 383 15 23 0.34976834 
226 359 12 13 0.33103755 
103 320 9 12 0.30378297 
837 472 26 34 0.29350305 
420 335 9 11 0.28426835 
4 404 14 17 0.2721136 
97 310 8 10 0.2668793 
540 403 17 21 0.24242015 
668 329 10 13 0.2349294 
411 355 13 16 0.23194279 
406 362 15 19 0.22849867 
175 331 9 12 0.22800958 
421 340 9 12 0.22478512 
490 357 11 13 0.22404145 
685 301 8 10 0.217412 
297 355 12 15 0.21187937 
382 332 8 12 0.21154687 
652 318 9 11 0.20319237 
37 308 9 11 0.17386349 
530 379 15 19 0.1706147 
826 288 8 11 0.1690144 
853 225 13 16 0.16650489 
414 308 7 10 0.16644076 
684 323 9 12 0.15792124 
814 289 7 10 0.154901 
810 289 8 10 0.1500582 
883 234 19 30 0.14724116 
158 349 9 12 0.14240168 
731 395 15 17 0.13574846 
442 351 10 13 0.13455549 
81 384 9 13 0.13109602 
610 312 8 11 0.13053802 
767 312 9 12 0.12814759 
231 308 11 14 0.112068854 
757 294 10 14 0.10895523 
822 257 7 10 0.10803091 
681 269 9 12 0.102496065 
183 334 13 16 0.09848835 
512 295 9 13 0.092254326 
671 287 7 10 0.091803886 
670 312 8 11 0.09096467 
380 401 16 21 0.089322984 
787 286 12 14 0.08850685 
46 240 10 12 0.086606055 
230 212 9 11 0.07601349 
979 212 14 18 0.0745104 
45 319 10 14 0.07383515 
550 246 7 10 0.071580425 
702 352 11 14 0.07116817 
816 301 11 13 0.0695373 
488 317 8 10 0.06885228 
480 331 10 13 0.06838598 
641 305 8 10 0.06804513 
148 378 12 15 0.06547126 
204 205 9 13 0.064617194 
208 222 9 11 0.06334807 
153 348 9 12 0.06180576 
164 347 11 15 0.06028778 
187 432 19 27 0.059543096 
389 331 10 13 0.058985304 
788 293 11 14 0.058481116 
828 278 8 12 0.057878137 
818 258 7 9 0.05784781 
845 217 16 20 0.056838717 
765 259 9 12 0.05675871 
847 466 24 32 0.055687908 
253 290 12 16 0.054352853 
51 403 13 17 0.053575482 
592 267 10 12 0.05179582 
661 267 10 12 0.05091669 
646 278 8 10 0.050400898 
408 320 8 11 0.050346386 
680 332 10 12 0.049878545 
343 371 14 21 0.04981354 
510 317 8 11 0.04905825 
537 375 18 20 0.049030393 
59 103 10 13 0.047907885 
307 215 14 19 0.046146218 
62 309 9 12 0.045046046 
714 369 18 21 0.04481097 
0 409 11 16 0.044740174 
45 410 13 20 0.04457524 
759 317 9 11 0.04421487 
112 341 8 11 0.043819748 
85 261 8 11 0.04274051 
712 317 8 11 0.04265867 
759 261 11 13 0.041843355 
500 329 10 13 0.041839022 
682 297 9 11 0.04157286 
416 329 9 11 0.04138729 
453 326 9 11 0.04055339 
666 285 8 10 0.039790887 
503 301 8 11 0.03943003 
170 332 9 12 0.03749718 
130 450 15 20 0.035958286 
465 310 8 11 0.03547849 
144 373 12 15 0.03536782 
680 287 8 10 0.034801874 
664 280 8 10 0.03378286 
205 212 10 13 0.033587176 
433 313 8 10 0.033051644 
945 309 8 11 0.032943614 
600 310 8 11 0.032699376 
256 324 12 15 0.0324233 
729 173 8 10 0.032418214 
176 340 10 14 0.032381173 
84 285 9 12 0.032378346 
487 332 9 13 0.03201771 
645 310 10 11 0.03192761 
382 458 24 28 0.03176269 
34 413 16 21 0.031564135 
893 270 12 16 0.03150299 
927 286 9 11 0.031450115 
389 337 10 16 0.030775277 
230 314 10 14 0.030698003 
717 317 8 11 0.030574562 
512 313 9 11 0.030493947 
281 338 12 15 0.030346343 
286 277 9 12 0.030171541 
161 354 9 12 0.028613783 
279 228 10 14 0.028560264 
748 271 12 15 0.028523574 
249 93 9 11 0.02778542 
745 283 10 13 0.027760942 
423 270 8 10 0.027484491 
503 271 6 8 0.027334556 
759 270 9 12 0.027192848 
936 302 8 12 0.0271393 
711 332 10 12 0.026946515 
213 319 10 12 0.026550027 
832 481 25 35 0.026524557 
758 288 9 12 0.026089784 
830 305 14 19 0.025928894 
926 280 9 12 0.025620526 
662 301 8 10 0.025513336 
592 286 8 10 0.02538668 
56 324 12 17 0.025216648 
488 363 12 16 0.024908813 
370 348 12 14 0.024776699 
497 270 7 9 0.024547001 
800 286 8 10 0.02398561 
601 303 7 10 0.023947697 
695 302 8 10 0.023751575 
728 344 10 11 0.023540828 
224 309 9 12 0.023450566 
92 354 10 13 0.023384277 
679 275 9 11 0.023090458 
592 252 10 11 0.023083832 
472 332 8 11 0.023032209 
820 306 13 17 0.02294088 
577 279 10 12 0.022744514 
228 368 15 19 0.022636015 
631 261 11 12 0.02259364 
704 316 8 12 0.022449935 
493 319 10 12 0.021679813 
126 421 16 24 0.021627158 
255 279 8 11 0.021248206 
757 277 9 12 0.020963086 
893 216 10 12 0.0209489 
378 408 23 31 0.020904474 
490 327 9 12 0.020870468 
787 298 13 16 0.020828243 
282 278 9 13 0.0207673 
534 391 21 26 0.020741008 
342 287 7 9 0.020578144 
733 168 8 11 0.020443978 
83 402 16 24 0.020412229 
413 318 8 11 0.020327833 
766 302 12 14 0.0202687 
218 238 7 11 0.020236049 
711 313 8 10 0.020213583 
666 315 9 12 0.020169603 
749 263 13 15 0.020094177 
857 467 16 22 0.020069055 
