2_Demonstration_Demonstrators_2_195
22
326 191 61 80 0.9986267 
393 183 85 111 0.9971046 
689 73 111 118 0.9953642 
284 218 29 46 0.9673844 
162 242 84 79 0.7867828 
51 225 18 23 0.396659 
366 177 76 106 0.33920136 
75 268 13 17 0.09641976 
228 241 38 45 0.04368675 
394 161 16 16 0.043265153 
54 229 22 32 0.040347602 
511 55 13 14 0.037964698 
202 233 61 68 0.03318246 
546 261 26 33 0.03270087 
112 237 20 29 0.028626423 
39 226 26 30 0.02478375 
45 220 18 23 0.024509393 
526 123 16 19 0.024446055 
521 17 18 22 0.023777869 
178 207 68 83 0.023712808 
534 47 11 13 0.022284372 
72 264 13 15 0.020528235 
