2_Demonstration_Protesters_2_618
31
518 169 50 65 0.99939084 
365 166 50 67 0.99915564 
459 255 61 78 0.99909616 
605 146 54 72 0.99882585 
705 43 42 56 0.9988212 
598 13 47 58 0.99873346 
852 258 50 74 0.9987081 
252 238 51 62 0.9979704 
445 190 49 58 0.99730635 
148 72 43 55 0.9972205 
321 88 46 61 0.9966366 
242 48 42 55 0.99614775 
-1 18 38 49 0.9960555 
482 17 42 54 0.9941801 
963 49 43 52 0.9931223 
823 236 48 58 0.9926335 
936 162 48 55 0.9901535 
809 0 44 46 0.94699836 
832 5 38 47 0.89377165 
0 158 33 71 0.8661068 
453 -2 26 25 0.65881044 
377 -4 26 26 0.6016555 
211 290 27 50 0.33341646 
222 212 26 38 0.29246724 
877 -3 31 24 0.22864287 
865 350 34 46 0.08862603 
431 162 32 40 0.046598915 
293 32 30 34 0.04045869 
400 1 19 19 0.035107546 
821 190 11 14 0.02547324 
512 -2 31 30 0.022867557 
