2_Demonstration_Protesters_2_352
29
588 190 42 54 0.99237436 
136 408 37 52 0.9869393 
681 532 47 72 0.98330057 
129 462 41 52 0.9798171 
928 506 39 51 0.80227774 
68 227 13 16 0.62969047 
676 232 11 13 0.56335574 
606 624 44 55 0.4874453 
826 510 28 41 0.3764323 
926 206 15 16 0.19717775 
956 506 47 54 0.15660068 
720 135 17 22 0.122931845 
-1 511 33 67 0.060564227 
920 207 12 14 0.05911945 
463 605 35 68 0.045270838 
431 462 29 66 0.045056958 
757 213 14 18 0.044053767 
149 221 13 16 0.03859316 
574 630 55 49 0.036345005 
74 229 11 14 0.034213286 
175 433 16 20 0.033819005 
381 276 9 11 0.033784594 
919 498 31 49 0.03311003 
818 493 26 48 0.031094544 
59 485 27 42 0.024883322 
40 478 37 50 0.023390433 
769 117 18 22 0.022639388 
749 217 13 18 0.022306941 
11 240 13 15 0.021634733 
