2_Demonstration_Political_Rally_2_891
28
307 270 132 182 0.99952936 
494 28 152 197 0.9946957 
31 388 48 57 0.98284 
233 285 34 51 0.969429 
181 381 43 59 0.961845 
27 253 25 45 0.93489736 
58 261 16 23 0.8900843 
123 233 12 16 0.620337 
70 238 15 22 0.48719132 
268 240 12 17 0.10401554 
22 240 26 38 0.08368686 
161 259 11 14 0.08084176 
194 228 9 12 0.05907019 
24 492 37 50 0.05703779 
181 230 9 12 0.056789625 
106 296 9 12 0.055073194 
206 2 33 33 0.046700843 
285 271 16 23 0.045740627 
176 232 10 11 0.043087617 
59 248 21 27 0.04269195 
174 236 9 11 0.042103898 
118 280 12 14 0.026276313 
211 2 19 18 0.025884781 
409 192 448 586 0.025478086 
168 236 10 13 0.021103822 
221 269 16 17 0.020419281 
134 227 11 17 0.02036066 
270 294 15 23 0.02000224 
