2_Demonstration_Demonstration_Or_Protest_2_687
1810
188 505 15 20 0.9895083 
444 528 16 22 0.98417616 
645 520 15 19 0.9836453 
228 498 15 18 0.9834163 
308 504 16 20 0.9773005 
670 388 12 15 0.9769373 
764 541 16 21 0.97298354 
260 445 14 18 0.9702855 
35 492 14 18 0.9698018 
703 482 14 18 0.9697077 
962 631 20 24 0.96869254 
812 475 14 19 0.96741253 
398 450 14 17 0.967285 
755 511 15 19 0.9645148 
92 600 19 23 0.96380967 
221 373 11 14 0.9625582 
83 453 13 17 0.95967793 
378 566 16 19 0.9594338 
622 355 13 16 0.9565975 
133 547 15 19 0.9538825 
740 413 14 19 0.95380294 
21 421 12 16 0.9535242 
779 434 13 17 0.9528564 
597 458 14 17 0.94560283 
954 608 18 25 0.94534117 
533 512 14 17 0.9441709 
711 371 13 17 0.94395584 
150 453 12 16 0.9435285 
358 358 11 14 0.94157094 
816 355 12 16 0.9377664 
606 491 14 17 0.93559515 
584 507 16 19 0.92814684 
420 483 14 17 0.9235217 
793 457 16 17 0.9214554 
558 381 11 13 0.9208055 
485 512 15 17 0.9201129 
326 331 11 14 0.91988945 
361 530 18 21 0.91565084 
502 342 12 16 0.9125983 
196 441 14 18 0.91178715 
358 464 14 18 0.90670586 
250 546 15 22 0.90434796 
406 365 12 16 0.9013862 
279 534 14 19 0.8986768 
92 506 14 20 0.8975696 
28 327 11 14 0.8959363 
248 316 8 11 0.8932273 
210 412 12 16 0.8875059 
481 488 14 19 0.8868151 
427 402 14 18 0.8861096 
462 396 13 16 0.88600034 
924 405 12 15 0.8855693 
711 522 18 25 0.88418335 
152 357 13 17 0.88111806 
7 333 9 12 0.87893116 
379 332 11 15 0.8782492 
651 350 11 14 0.8768113 
763 346 13 17 0.8765304 
528 358 12 15 0.87056315 
368 434 13 16 0.869792 
199 472 14 17 0.86865354 
879 376 13 16 0.86818355 
742 269 9 12 0.8673748 
958 467 14 16 0.86709607 
591 294 9 12 0.8660882 
825 373 11 16 0.864944 
500 406 13 17 0.86204225 
386 357 12 16 0.86180985 
76 399 12 15 0.86088735 
739 453 15 19 0.860798 
668 307 11 13 0.85978365 
844 328 12 16 0.8567689 
160 483 15 20 0.8547327 
617 529 15 17 0.8539349 
489 460 13 17 0.8526428 
259 421 13 16 0.8499639 
766 576 17 21 0.84627837 
678 412 12 16 0.8447295 
911 321 12 15 0.8429713 
798 328 11 13 0.8416157 
722 459 13 18 0.8412306 
520 374 11 15 0.83057433 
488 352 11 14 0.83033836 
176 404 12 15 0.82766765 
687 532 17 23 0.8268718 
6 260 11 14 0.8246709 
593 213 8 11 0.82390124 
576 421 11 14 0.81910455 
828 293 10 13 0.8174088 
870 246 9 11 0.8133445 
935 350 12 16 0.80829823 
335 349 9 12 0.80380696 
183 293 9 11 0.803128 
430 323 10 12 0.802775 
653 317 11 14 0.7965863 
578 230 7 10 0.7957234 
559 312 9 11 0.7954782 
117 341 10 12 0.7930137 
334 313 9 12 0.7881527 
928 236 8 11 0.78721243 
439 455 13 16 0.7803401 
109 312 9 13 0.78024507 
884 438 12 15 0.779543 
208 348 10 12 0.77815765 
528 230 9 11 0.7734919 
63 293 9 11 0.76566476 
737 296 10 13 0.76410234 
617 255 8 10 0.7606725 
637 402 10 13 0.75858164 
693 391 12 15 0.75845665 
523 398 11 15 0.75433177 
304 317 9 12 0.75221694 
473 264 8 11 0.74343127 
421 302 9 11 0.7426957 
918 262 10 12 0.739569 
583 369 12 15 0.7387535 
473 102 7 9 0.7362077 
702 314 10 13 0.73436904 
473 348 11 13 0.7328331 
77 326 10 14 0.72731155 
536 435 12 15 0.7243659 
100 293 10 13 0.7242963 
562 484 13 16 0.7185722 
679 474 12 17 0.7120625 
407 309 8 10 0.7111262 
740 343 11 13 0.70790774 
258 402 12 14 0.7044987 
899 417 12 14 0.70279753 
581 252 8 10 0.7003474 
869 458 12 15 0.6999536 
295 382 10 13 0.69100106 
46 326 10 12 0.6904942 
790 385 12 14 0.684725 
496 316 11 14 0.6809717 
767 412 13 16 0.6800238 
518 467 13 15 0.6790145 
826 449 12 16 0.6777067 
437 290 9 13 0.67204434 
615 404 12 14 0.67182934 
536 385 12 15 0.66652805 
429 271 8 11 0.6648427 
823 402 11 15 0.6644166 
873 310 11 14 0.66127694 
789 419 12 15 0.6577948 
901 335 11 14 0.65704674 
944 295 9 12 0.65699255 
419 510 12 16 0.65484756 
100 363 10 13 0.6538003 
479 209 8 10 0.6521985 
977 229 7 10 0.6474666 
447 313 11 14 0.6467389 
929 292 11 14 0.6391675 
966 323 9 12 0.6385808 
968 247 8 10 0.6338106 
313 357 11 14 0.6322141 
157 337 8 10 0.62934965 
450 276 10 13 0.6247659 
272 327 10 13 0.6229486 
147 206 9 11 0.6221904 
311 436 12 15 0.6212615 
384 293 8 12 0.6175021 
573 295 9 11 0.6133442 
275 288 9 12 0.61250484 
927 429 12 16 0.61134934 
724 285 10 11 0.6026432 
436 425 12 15 0.6014183 
751 326 10 13 0.5985882 
658 221 7 10 0.5982889 
810 411 12 15 0.59629875 
534 284 9 10 0.5958298 
860 263 10 13 0.5916668 
463 306 9 12 0.5915962 
235 418 12 14 0.5882493 
895 266 10 13 0.58393896 
756 271 9 11 0.5823425 
550 229 8 10 0.58041334 
286 270 7 9 0.5797768 
404 185 8 10 0.579551 
699 422 11 15 0.57786393 
279 369 8 11 0.5743967 
480 293 11 14 0.57419276 
679 221 8 10 0.57351875 
506 301 9 11 0.5690738 
670 360 11 13 0.5655879 
919 182 10 12 0.5618982 
375 221 7 9 0.5610024 
143 477 11 16 0.56030995 
114 168 8 10 0.5582588 
397 412 11 15 0.55494255 
835 173 8 11 0.5537955 
148 277 8 10 0.5410346 
687 284 9 12 0.5382518 
551 141 8 9 0.5360563 
695 222 7 9 0.5315667 
237 335 8 11 0.52434593 
947 325 12 15 0.52184993 
765 301 10 13 0.5216552 
948 372 10 12 0.5208058 
441 196 7 10 0.5180287 
763 498 15 19 0.5161878 
856 239 8 10 0.51477396 
338 296 8 10 0.5146843 
464 236 7 9 0.513687 
935 270 11 13 0.5120905 
537 304 8 9 0.51153713 
445 392 10 11 0.50200456 
1005 411 12 14 0.5016632 
454 220 8 10 0.49598685 
318 276 9 11 0.4942551 
822 221 8 11 0.49256346 
673 328 11 14 0.49011064 
934 336 10 12 0.49009064 
782 265 9 10 0.48762438 
688 125 6 10 0.48527062 
711 327 11 13 0.4816311 
536 340 12 14 0.47985744 
204 334 9 11 0.47124892 
691 153 7 10 0.46795428 
354 522 17 21 0.46538514 
382 412 10 12 0.46134603 
689 338 10 13 0.4586049 
789 316 10 12 0.45813894 
729 328 9 12 0.4575674 
605 439 11 13 0.4534328 
415 271 9 11 0.44928473 
480 226 8 10 0.44689828 
411 400 11 14 0.442358 
870 207 9 11 0.43750018 
190 368 9 12 0.43288025 
182 165 8 10 0.43226385 
772 272 10 11 0.43175995 
557 275 8 11 0.4302182 
616 300 8 10 0.43012875 
842 210 7 9 0.42783168 
471 150 7 10 0.42775136 
33 181 8 10 0.4241345 
552 273 8 10 0.4205489 
777 367 9 12 0.419379 
225 308 8 11 0.41876382 
799 303 10 12 0.41668543 
718 263 8 11 0.4154472 
292 312 9 12 0.4137263 
729 205 6 9 0.4134376 
161 442 12 15 0.40581706 
768 162 7 9 0.40453678 
641 265 9 11 0.40292215 
411 249 8 11 0.40175322 
836 253 9 11 0.39913437 
372 287 9 11 0.3949256 
805 156 8 10 0.39315766 
600 188 8 10 0.39310753 
990 410 11 14 0.38959736 
647 205 7 10 0.3871973 
600 272 7 10 0.38467532 
31 225 8 11 0.37985215 
772 388 11 15 0.37877417 
89 273 8 11 0.3774342 
59 181 7 10 0.374679 
974 179 8 11 0.37368473 
632 118 7 9 0.3717012 
311 336 9 12 0.37143454 
235 360 11 14 0.3708293 
253 266 8 9 0.3704274 
387 237 8 11 0.36927545 
256 383 12 14 0.36847374 
896 166 8 10 0.35941997 
558 291 8 11 0.35852575 
640 190 6 10 0.35350764 
688 257 8 11 0.35145053 
478 300 10 13 0.35078207 
341 294 9 12 0.34828398 
660 492 11 16 0.34775433 
521 291 10 12 0.3466804 
279 388 9 12 0.34527925 
726 253 7 9 0.34520337 
500 280 10 11 0.3428212 
305 413 10 11 0.3415905 
302 300 8 10 0.34072497 
306 141 7 10 0.33796164 
568 407 10 14 0.3375877 
793 193 7 9 0.3359219 
127 240 8 11 0.3353682 
349 309 8 11 0.33469135 
937 253 9 12 0.33279902 
224 163 8 10 0.33207917 
1008 264 8 10 0.3232249 
705 286 8 10 0.32230657 
764 307 12 15 0.3214373 
544 475 11 14 0.32126132 
1007 299 11 13 0.3198251 
405 284 9 11 0.31970802 
677 372 11 13 0.31965572 
836 531 11 15 0.31852978 
595 168 6 9 0.31713575 
629 288 9 11 0.3154718 
782 181 7 9 0.31198457 
420 536 12 17 0.31182075 
759 209 8 10 0.3116026 
859 353 12 15 0.31069186 
740 317 9 11 0.30963933 
442 157 7 10 0.30880415 
391 316 10 11 0.30852002 
657 150 7 9 0.30810076 
561 334 11 14 0.30622253 
231 281 7 9 0.30423558 
794 176 8 10 0.30076638 
616 118 8 10 0.30070367 
576 312 10 13 0.29880103 
158 264 8 10 0.29292125 
496 227 8 10 0.28851297 
939 145 7 10 0.2867356 
459 255 8 11 0.285418 
339 418 10 14 0.2852988 
442 102 6 9 0.28455195 
570 85 8 10 0.2839681 
607 133 7 10 0.28396636 
710 232 7 9 0.27891243 
29 270 8 10 0.27829415 
418 320 9 11 0.27633488 
774 135 8 11 0.27442476 
362 300 9 11 0.27313253 
343 382 9 12 0.2723116 
746 194 7 10 0.27110893 
793 277 10 12 0.27107176 
543 346 13 15 0.27031097 
160 236 8 10 0.26994312 
352 185 8 9 0.26772156 
641 286 8 11 0.26729697 
1009 121 6 9 0.26567608 
392 427 10 13 0.2645859 
766 316 10 13 0.26348722 
577 149 8 11 0.26230723 
526 323 10 13 0.25827345 
654 254 8 10 0.25328082 
509 188 7 10 0.25326928 
384 394 10 13 0.2530456 
576 356 10 11 0.25222927 
944 423 12 15 0.2521574 
705 279 8 10 0.25111815 
54 250 7 10 0.24590847 
142 188 7 10 0.24586591 
576 271 8 10 0.24520919 
347 333 9 12 0.24446088 
601 47 6 8 0.2427094 
885 276 9 11 0.24245615 
744 113 7 8 0.24235046 
788 352 10 13 0.2418865 
665 175 7 9 0.24057211 
512 319 9 10 0.24039274 
117 467 10 13 0.24005902 
230 452 12 14 0.2365266 
869 180 7 10 0.23629771 
760 158 6 9 0.23626554 
998 409 11 15 0.23611057 
832 150 7 10 0.23596147 
217 470 11 13 0.23588048 
653 297 8 10 0.23458308 
670 276 8 11 0.2343479 
931 434 12 14 0.23204602 
317 419 11 12 0.23060787 
397 141 7 10 0.22964185 
522 149 7 9 0.22400427 
767 382 11 14 0.22305728 
525 264 9 12 0.22099026 
647 390 11 13 0.22068174 
646 238 7 10 0.21873921 
392 201 7 9 0.21362433 
606 270 8 10 0.21221553 
258 176 7 10 0.211806 
847 316 11 12 0.20894551 
118 255 8 11 0.20457895 
287 167 7 10 0.20330396 
918 273 11 16 0.20268154 
384 420 11 15 0.2015952 
505 261 9 11 0.2007012 
639 311 9 12 0.20029148 
229 349 9 11 0.19885987 
967 146 7 9 0.19718665 
709 302 8 10 0.19705898 
812 110 9 11 0.19667587 
952 271 9 12 0.1958974 
451 170 7 10 0.19482367 
1012 460 12 21 0.19437307 
213 311 9 10 0.19347154 
571 133 7 10 0.19345659 
672 474 12 15 0.19298819 
678 149 7 9 0.19218878 
638 161 7 9 0.19171338 
789 296 9 11 0.19123381 
74 269 8 10 0.1907604 
784 94 7 9 0.18984492 
819 223 7 10 0.18984163 
361 270 7 10 0.18978381 
788 404 10 12 0.18902917 
175 272 7 9 0.18887076 
582 152 9 11 0.18823233 
276 327 10 12 0.18793519 
148 161 8 10 0.18686269 
378 79 6 9 0.18568008 
616 285 7 10 0.18501791 
545 316 9 11 0.18109764 
346 310 8 11 0.18087797 
826 270 8 10 0.18042031 
680 185 7 9 0.17915888 
401 284 9 11 0.17882068 
367 266 7 9 0.17789759 
767 246 9 10 0.17771961 
609 129 7 10 0.17702465 
956 232 9 11 0.17575581 
917 267 12 16 0.17555685 
888 134 7 9 0.17412359 
497 244 8 11 0.1730119 
157 185 8 10 0.17244487 
361 318 9 11 0.17221361 
537 191 7 9 0.17002329 
855 111 11 13 0.16623722 
774 70 7 9 0.16416858 
615 150 7 9 0.16406322 
384 78 7 9 0.16264957 
872 222 8 10 0.1617333 
710 276 9 11 0.16060016 
606 310 10 12 0.15998206 
379 256 8 10 0.15729591 
640 133 7 9 0.15658139 
534 413 11 13 0.15642145 
877 121 8 9 0.15563788 
220 188 8 12 0.15560836 
713 271 9 11 0.15442811 
790 117 8 11 0.15439726 
822 435 13 17 0.15327303 
437 403 13 16 0.15300053 
851 224 6 9 0.15274343 
377 160 8 11 0.15270443 
158 301 7 9 0.15233506 
374 237 7 10 0.1519736 
487 150 7 9 0.15193066 
702 347 11 12 0.15126888 
750 245 8 10 0.15003324 
897 160 8 11 0.14919332 
593 271 8 9 0.14875862 
493 239 10 12 0.14818467 
91 181 7 10 0.14808184 
302 427 10 13 0.1471772 
721 316 9 11 0.14440541 
160 397 11 13 0.14417155 
904 141 6 9 0.14361179 
92 333 8 11 0.14328621 
332 399 11 14 0.14150056 
415 81 6 9 0.14113398 
633 253 7 9 0.14036947 
666 257 8 10 0.14010184 
533 323 11 12 0.14009276 
527 130 7 9 0.13837542 
861 111 9 11 0.13670637 
874 460 12 15 0.13459754 
303 422 10 12 0.13446051 
506 185 8 11 0.13437736 
703 404 12 14 0.13329172 
376 291 9 12 0.13289073 
277 210 8 10 0.13028729 
503 158 6 9 0.13012363 
488 275 8 11 0.1299708 
682 89 6 8 0.12974633 
184 333 8 10 0.12945355 
389 123 10 12 0.12943827 
145 320 8 10 0.1293236 
212 554 15 19 0.12927544 
231 523 12 17 0.12898098 
285 329 8 11 0.12860604 
679 272 7 9 0.12827554 
527 286 10 12 0.12818006 
480 395 12 14 0.12778234 
559 239 8 10 0.12628442 
226 204 8 10 0.12623733 
554 40 6 8 0.12573886 
813 589 11 13 0.12535487 
582 176 6 9 0.124805816 
650 281 7 9 0.12476183 
414 613 11 16 0.124194875 
949 203 8 11 0.123581566 
535 467 10 13 0.122904815 
666 273 8 10 0.122594 
649 299 9 11 0.1221417 
186 273 7 9 0.12160681 
310 418 10 13 0.1210898 
944 247 8 11 0.12104112 
609 62 6 9 0.12068452 
732 132 8 10 0.12033394 
132 94 8 10 0.12019948 
552 312 9 11 0.119316764 
422 320 10 12 0.11837104 
654 114 7 8 0.117836304 
645 285 8 10 0.117644414 
693 245 7 9 0.116805725 
512 150 6 9 0.11665648 
380 165 9 11 0.11620347 
111 271 8 9 0.11611322 
417 276 8 10 0.11443287 
960 149 7 10 0.114311 
773 112 8 9 0.11401214 
1002 276 9 12 0.11347071 
528 160 7 9 0.1134022 
470 292 8 11 0.11289592 
811 176 8 11 0.11256789 
241 302 7 9 0.112285964 
702 173 7 9 0.11165282 
485 407 10 13 0.111350045 
446 206 7 10 0.10675969 
383 274 7 9 0.10640846 
1008 196 8 11 0.1063701 
886 110 6 8 0.10634178 
565 311 9 12 0.10570569 
580 315 10 12 0.10560467 
567 263 7 10 0.10503234 
617 280 8 10 0.104970254 
318 293 8 10 0.10378494 
110 277 9 11 0.10270698 
210 134 7 9 0.10217206 
544 95 7 9 0.10206492 
921 142 8 10 0.10200591 
476 319 9 13 0.101287946 
826 218 7 9 0.101202115 
727 223 7 9 0.101183645 
775 492 13 18 0.10108502 
479 405 11 13 0.10093953 
242 157 7 10 0.10093391 
716 269 10 11 0.10090449 
145 325 8 10 0.10034771 
217 326 8 10 0.10021 
663 133 6 9 0.10014929 
314 197 8 10 0.09993247 
719 218 8 9 0.099608265 
345 403 10 12 0.09933455 
343 208 8 10 0.09878906 
1011 414 10 13 0.098666884 
370 238 7 9 0.09864723 
758 256 8 10 0.09835587 
7 241 8 11 0.09716018 
392 279 8 11 0.09681506 
972 111 7 10 0.09665188 
906 47 7 9 0.0953525 
499 158 7 10 0.094841935 
360 161 6 8 0.09479835 
614 310 10 13 0.09447915 
631 383 10 11 0.09446305 
119 303 7 10 0.09443145 
522 268 9 12 0.09379754 
183 318 7 10 0.09372976 
713 104 6 8 0.09372603 
191 138 7 9 0.09325783 
723 255 8 9 0.09320536 
215 318 8 10 0.09296521 
542 301 8 10 0.09285336 
185 277 7 9 0.09274927 
904 182 8 10 0.09190412 
758 263 8 11 0.09186281 
501 63 8 11 0.09162172 
376 327 12 14 0.09158724 
130 232 7 9 0.09149842 
0 205 7 10 0.091257945 
682 136 6 8 0.091106795 
435 141 7 10 0.091046676 
921 118 7 9 0.089774534 
294 288 7 9 0.08954696 
503 69 7 10 0.08940227 
547 271 7 9 0.0892592 
422 161 8 10 0.089104034 
43 452 11 16 0.088182375 
645 396 11 14 0.08803603 
109 150 8 9 0.08786678 
438 255 7 10 0.08781867 
232 344 8 10 0.08769708 
314 293 7 10 0.08757714 
174 426 14 18 0.0874674 
584 270 7 11 0.08740358 
344 264 8 10 0.08720065 
725 317 9 12 0.08719139 
560 154 7 9 0.086963326 
50 189 7 9 0.08689995 
572 388 11 12 0.086447835 
17 145 8 9 0.08623973 
490 239 8 11 0.085996054 
3 335 9 12 0.08568902 
416 287 8 9 0.08526761 
498 143 6 8 0.08448568 
436 78 6 8 0.084042355 
502 245 7 9 0.0839167 
858 87 7 9 0.08379973 
841 267 9 12 0.08359896 
328 152 8 10 0.08310728 
171 272 6 9 0.08289763 
670 261 7 9 0.082880504 
617 113 7 9 0.08251823 
311 460 12 16 0.08205226 
831 88 7 10 0.08191184 
950 319 9 12 0.08169851 
640 475 12 16 0.08160302 
272 150 7 9 0.08136957 
450 216 9 12 0.081088655 
149 324 9 11 0.081011206 
655 130 7 8 0.080854684 
616 341 12 14 0.08042187 
376 279 8 9 0.080331884 
597 359 11 13 0.080317765 
87 233 8 10 0.08018943 
617 272 8 10 0.080097266 
338 210 7 9 0.08007538 
298 302 9 10 0.07967387 
122 78 7 10 0.079579554 
478 239 8 10 0.079475656 
444 444 11 15 0.07941988 
491 317 9 12 0.07905385 
392 285 7 11 0.07847332 
954 312 8 10 0.077564545 
1005 266 9 12 0.07749147 
246 303 8 10 0.07746976 
90 217 7 9 0.07718369 
690 222 7 10 0.07687903 
465 289 9 11 0.07610417 
343 269 8 10 0.07554299 
481 144 7 9 0.07545608 
360 325 9 11 0.075211346 
497 201 8 10 0.07519354 
882 272 9 12 0.07509104 
327 173 7 10 0.07503428 
94 238 8 10 0.074982174 
478 434 11 14 0.07494371 
439 447 13 16 0.074557364 
698 170 7 9 0.07446656 
728 230 7 9 0.07436672 
414 264 9 11 0.074246146 
932 405 11 14 0.07412487 
780 370 10 12 0.07407917 
322 545 14 16 0.07401125 
967 78 7 9 0.07398646 
503 270 9 11 0.0739097 
321 332 11 14 0.07363387 
417 231 7 9 0.07352505 
577 47 6 8 0.07311302 
649 128 7 8 0.07294693 
341 212 8 9 0.07282491 
466 150 7 9 0.07277782 
567 399 10 12 0.07254541 
853 222 8 9 0.07248938 
236 435 10 13 0.072178856 
487 246 8 10 0.07212524 
558 56 7 9 0.072106265 
186 255 7 9 0.071863264 
426 28 7 11 0.071680486 
951 46 7 8 0.071545854 
1014 548 8 14 0.07118046 
470 352 13 15 0.07110103 
223 328 7 10 0.07077976 
921 428 11 16 0.070590965 
1011 428 12 19 0.07048103 
224 333 8 10 0.0699341 
527 64 6 8 0.06986104 
584 85 6 9 0.06962227 
249 287 7 9 0.069570765 
851 389 11 13 0.069497444 
463 261 8 11 0.06934854 
231 388 10 13 0.06932091 
191 333 7 10 0.06923033 
613 316 9 11 0.069130644 
213 463 13 15 0.06871853 
593 172 8 10 0.06861193 
693 399 13 17 0.06808119 
371 221 7 10 0.06805499 
489 41 8 9 0.067282416 
678 295 9 11 0.06705904 
128 272 7 9 0.067058384 
460 72 7 10 0.06697526 
840 230 8 10 0.06686126 
785 192 7 9 0.06680517 
535 263 8 10 0.0665827 
622 271 7 10 0.06631619 
468 402 11 14 0.06610516 
605 421 11 14 0.065877676 
839 264 8 11 0.06574934 
543 151 6 9 0.06533421 
859 444 10 13 0.06448563 
749 197 7 9 0.064237885 
609 316 9 12 0.064100295 
407 318 9 11 0.06382221 
376 261 7 10 0.06381171 
274 176 7 9 0.0636629 
323 246 7 9 0.06338361 
1001 298 11 15 0.06307398 
423 64 7 9 0.06276405 
549 397 9 12 0.06273143 
241 295 8 10 0.06255257 
300 457 13 18 0.062493432 
554 288 9 12 0.06235105 
666 169 8 10 0.062328804 
542 189 7 10 0.062256023 
96 118 8 10 0.062211167 
674 185 7 9 0.062138434 
761 294 10 12 0.062090624 
521 29 7 9 0.061645713 
106 277 8 10 0.061531693 
89 237 9 10 0.061231166 
618 236 7 10 0.06112314 
950 246 7 10 0.060812786 
962 78 6 9 0.06079439 
917 294 11 14 0.060567185 
476 208 7 10 0.060565032 
190 273 7 8 0.060388148 
950 62 7 9 0.060355276 
833 94 7 9 0.060178105 
193 310 8 10 0.060022753 
308 312 9 12 0.060014628 
562 71 7 9 0.059832707 
200 80 7 9 0.059772287 
402 162 7 9 0.059669778 
887 159 7 9 0.05959648 
38 117 8 9 0.05944504 
119 63 6 8 0.059243575 
944 79 6 8 0.059084527 
863 342 12 14 0.05896769 
314 277 9 11 0.058904205 
852 516 11 14 0.058878303 
941 147 8 11 0.058779947 
934 264 12 13 0.05876263 
191 278 7 9 0.058513574 
328 427 9 12 0.058479752 
177 277 7 9 0.05844336 
93 177 7 10 0.058367066 
511 145 7 9 0.058146972 
236 399 11 14 0.058090705 
166 238 7 9 0.05797986 
954 236 8 11 0.057972148 
359 278 7 9 0.057638872 
914 87 7 8 0.057575203 
865 455 11 16 0.05744676 
625 134 7 8 0.057372227 
908 229 9 11 0.057357594 
585 135 7 9 0.05734659 
344 329 8 10 0.057170592 
814 288 9 12 0.057126965 
481 149 7 10 0.05704038 
119 262 8 9 0.056955684 
830 217 7 9 0.0567976 
474 224 7 10 0.05678556 
39 296 9 11 0.0567025 
687 135 7 9 0.05667842 
720 103 6 8 0.05666306 
81 293 10 12 0.05653725 
357 414 10 13 0.056528546 
444 198 8 10 0.05649179 
537 295 9 11 0.056269117 
433 254 7 9 0.05625958 
562 157 7 9 0.056166332 
638 253 8 9 0.056067273 
533 394 12 15 0.056047417 
345 173 7 9 0.055920765 
527 87 6 8 0.055803742 
837 169 8 10 0.055739306 
904 190 8 11 0.05544002 
959 374 9 11 0.05539151 
520 597 10 13 0.05539083 
458 77 6 9 0.055368308 
388 294 8 11 0.05527722 
151 398 11 12 0.05524112 
405 325 9 10 0.055157475 
138 184 7 10 0.05514835 
1011 419 12 18 0.055071823 
628 387 10 11 0.054995123 
608 302 10 12 0.05490519 
320 182 7 9 0.054869067 
534 269 8 10 0.054836858 
593 98 7 9 0.05478469 
504 241 7 10 0.05458713 
806 277 8 10 0.05457117 
633 146 7 9 0.054423943 
1013 191 9 13 0.05442066 
548 356 10 12 0.054298934 
41 128 8 10 0.05422699 
185 82 7 9 0.054214917 
950 90 7 9 0.054179836 
461 248 8 10 0.05413769 
68 603 12 18 0.05406813 
342 79 7 8 0.0540544 
584 64 7 9 0.054010656 
336 174 7 9 0.053988192 
602 309 9 12 0.05396959 
575 276 8 9 0.0539673 
977 77 7 9 0.05385403 
607 389 10 13 0.053782567 
934 70 7 9 0.053565197 
484 438 12 13 0.05337564 
622 234 7 8 0.05336032 
823 230 8 10 0.053350855 
478 128 7 8 0.053293154 
620 332 12 15 0.0531859 
208 166 7 9 0.05297724 
502 401 12 14 0.05290752 
166 320 9 11 0.0529046 
659 132 6 9 0.052665457 
849 112 9 10 0.052645013 
529 279 9 10 0.05252711 
809 292 10 12 0.052384138 
566 159 7 9 0.05232825 
773 246 8 9 0.052197177 
159 267 8 10 0.052181143 
505 153 7 8 0.05216657 
227 280 7 10 0.052147124 
882 110 8 10 0.05209813 
609 287 8 10 0.051934034 
688 310 9 11 0.051913764 
350 204 7 10 0.0518048 
946 88 8 9 0.0517995 
255 279 7 10 0.051610187 
474 128 7 8 0.05159412 
798 318 10 13 0.051520802 
345 225 8 10 0.051443096 
290 382 9 12 0.051236454 
798 192 7 8 0.0511718 
542 323 9 12 0.051164646 
694 256 8 11 0.051094808 
650 113 7 9 0.05096353 
713 94 7 9 0.050886072 
539 57 6 8 0.05082351 
172 384 10 12 0.05078031 
536 197 7 10 0.05076495 
553 151 7 9 0.05067193 
697 396 14 17 0.050421223 
952 110 7 9 0.050350625 
502 309 10 13 0.050100386 
784 399 11 14 0.050092954 
790 80 7 10 0.04975595 
134 176 7 9 0.049703356 
540 621 14 16 0.049658757 
931 374 11 14 0.04961387 
681 94 7 8 0.0495812 
632 70 6 8 0.04914264 
754 255 7 9 0.049104087 
779 178 7 9 0.049095534 
926 58 7 8 0.049038377 
391 78 6 9 0.049005914 
196 366 9 12 0.04899359 
110 196 8 10 0.04898135 
231 239 7 8 0.04875796 
469 456 11 13 0.04865605 
183 328 8 11 0.04865573 
507 410 12 15 0.0486437 
916 390 9 12 0.04860426 
609 404 11 14 0.04850995 
616 348 14 16 0.04847091 
871 355 10 13 0.048434716 
521 129 7 9 0.048412867 
168 389 10 12 0.048408527 
542 297 8 10 0.048172724 
254 287 7 9 0.04816363 
792 284 9 11 0.04815233 
498 69 7 10 0.04807941 
802 153 9 11 0.04805893 
443 423 12 15 0.048053704 
528 71 6 8 0.047726616 
631 374 10 13 0.047688123 
1006 332 12 15 0.047665343 
619 410 11 13 0.047650434 
672 370 12 14 0.047580957 
720 279 8 10 0.047574516 
537 246 8 10 0.047559008 
127 278 8 9 0.047447786 
586 56 6 8 0.047436796 
177 349 9 12 0.04738154 
535 406 11 14 0.047315754 
202 286 6 9 0.047296274 
119 278 8 10 0.04724619 
309 451 12 15 0.04718581 
279 175 7 10 0.04714522 
310 87 7 9 0.047108613 
537 32 6 8 0.04693389 
743 116 7 10 0.04688106 
219 473 12 16 0.046816606 
574 414 11 15 0.04675855 
945 320 10 12 0.046756934 
43 446 11 14 0.046723757 
446 102 6 9 0.046632208 
860 238 10 12 0.046630327 
569 270 7 10 0.046563413 
334 158 7 9 0.046561792 
120 271 7 9 0.046533864 
27 228 9 11 0.04637783 
528 166 7 8 0.046306998 
56 494 10 14 0.046142913 
253 367 8 11 0.045937262 
536 475 11 15 0.045935977 
894 276 9 12 0.045834005 
599 412 11 13 0.045833852 
656 287 7 10 0.04569773 
633 414 10 13 0.045583367 
523 229 7 10 0.04544351 
734 672 18 17 0.045400996 
104 116 7 10 0.045350473 
458 152 6 8 0.045290064 
639 185 8 10 0.045264877 
610 295 7 9 0.045038067 
552 94 6 8 0.045015696 
664 232 7 9 0.04500266 
882 159 7 9 0.044874586 
452 310 10 13 0.04485115 
655 248 8 11 0.044726312 
398 303 9 10 0.04471434 
919 80 6 9 0.044544574 
446 31 7 9 0.044523373 
686 79 7 9 0.044485047 
498 284 9 11 0.044480003 
748 357 12 17 0.044460308 
552 89 6 8 0.04444291 
79 210 7 9 0.044407222 
154 295 9 11 0.044371948 
177 327 8 10 0.04431676 
732 331 11 13 0.044300817 
520 224 8 10 0.044271566 
440 335 10 12 0.04426872 
85 397 11 13 0.044206344 
914 71 7 8 0.04420613 
478 307 9 11 0.044142663 
232 329 8 10 0.044045094 
862 86 7 10 0.04403545 
519 25 7 9 0.04398042 
343 278 8 9 0.04384105 
657 94 8 10 0.043742932 
154 255 7 9 0.04372137 
536 207 8 10 0.043668326 
125 341 8 11 0.043561343 
453 284 9 11 0.043513373 
802 213 7 10 0.043509334 
675 222 7 10 0.043494165 
283 388 10 13 0.04332946 
397 318 9 11 0.04326982 
650 119 6 8 0.04326297 
529 80 6 8 0.043230534 
848 229 7 10 0.043171406 
971 176 8 11 0.04314815 
701 411 13 17 0.04312683 
961 324 10 13 0.04311023 
470 413 10 12 0.043088704 
655 79 6 8 0.043058585 
898 143 6 8 0.043056656 
710 236 8 10 0.04304963 
620 302 8 11 0.043040846 
120 246 9 11 0.04303269 
576 236 8 10 0.04300643 
154 188 9 11 0.042747878 
542 405 10 13 0.04251167 
614 126 7 10 0.042449374 
414 224 7 10 0.0423932 
846 134 8 10 0.042390797 
263 145 7 8 0.042359233 
112 183 8 10 0.04235441 
329 403 11 13 0.042316277 
947 62 6 9 0.04228302 
168 213 8 10 0.04212277 
778 263 9 11 0.042116176 
384 246 8 10 0.04209975 
538 150 7 9 0.04194695 
861 0 10 10 0.041868042 
968 364 11 13 0.04184712 
322 168 7 9 0.041810464 
520 247 9 11 0.04176829 
585 287 7 9 0.041761905 
23 302 7 9 0.041756608 
1013 118 7 10 0.04173736 
480 245 8 10 0.04170402 
239 118 7 9 0.041676585 
296 295 8 10 0.0416755 
962 247 9 11 0.041674633 
894 79 7 8 0.04163465 
878 222 8 10 0.041626714 
264 150 7 9 0.04162039 
399 309 10 12 0.041544132 
955 151 6 8 0.041528177 
717 418 12 17 0.041508142 
566 255 8 10 0.041472904 
846 213 7 10 0.041395027 
400 333 9 12 0.041379414 
150 118 7 9 0.041370295 
712 89 7 9 0.041332707 
962 146 7 9 0.041301604 
38 224 7 9 0.04122967 
675 146 7 9 0.041104343 
523 473 13 15 0.041072547 
382 260 7 10 0.041005045 
664 238 7 9 0.041002586 
398 201 6 9 0.040976085 
326 170 7 9 0.040873792 
229 310 7 10 0.04087081 
225 239 7 9 0.040859357 
831 156 7 10 0.040803313 
49 233 8 9 0.04079051 
831 110 7 10 0.04071118 
350 294 7 9 0.040620267 
645 269 8 10 0.04057828 
591 56 6 8 0.040568966 
808 224 8 10 0.040553253 
943 329 11 15 0.040402062 
514 135 6 8 0.040397216 
677 300 9 11 0.04030327 
951 171 10 12 0.04018059 
151 80 7 9 0.040169466 
422 287 7 8 0.040143255 
911 276 12 15 0.040115654 
92 275 9 11 0.040087085 
224 286 8 10 0.039909042 
370 233 7 9 0.03987779 
686 184 7 8 0.039831735 
650 253 7 10 0.039817218 
911 166 8 10 0.03979076 
177 319 7 10 0.039721753 
18 318 8 11 0.03968088 
514 129 6 8 0.039598107 
566 387 11 13 0.039587267 
711 295 9 11 0.03950598 
694 102 6 9 0.039443225 
504 143 6 8 0.039431382 
653 279 7 9 0.039369166 
721 175 7 9 0.03932265 
851 239 7 10 0.039317206 
511 324 10 11 0.03926374 
441 397 11 15 0.039242417 
792 272 8 11 0.03910195 
366 309 8 11 0.039044585 
859 115 10 12 0.038980532 
589 152 8 9 0.038900875 
872 269 8 11 0.038892303 
94 329 8 10 0.038842406 
873 81 6 9 0.038825367 
657 486 11 14 0.038730465 
198 192 8 10 0.03867013 
598 395 11 14 0.038662773 
118 183 8 10 0.038614765 
923 57 6 9 0.03861396 
167 232 7 10 0.038612083 
592 277 8 10 0.03859999 
440 166 7 9 0.03853938 
669 173 7 10 0.03851434 
833 179 9 11 0.038419843 
575 365 11 14 0.03839995 
631 65 6 9 0.03838103 
784 388 11 14 0.03836088 
537 185 7 10 0.03830402 
865 72 6 8 0.03829262 
80 523 11 15 0.03829149 
794 420 12 15 0.038282566 
863 231 8 9 0.038277492 
687 293 9 11 0.038237188 
325 373 9 12 0.038216513 
909 48 7 9 0.038216356 
574 383 11 12 0.03820593 
472 302 10 13 0.03807962 
888 77 7 10 0.038009554 
525 146 7 8 0.03794955 
373 379 12 14 0.037926964 
542 57 6 9 0.03790666 
611 149 7 9 0.037869778 
634 311 8 12 0.037868675 
604 429 13 16 0.037847288 
562 263 8 9 0.03784654 
206 329 8 11 0.037833888 
449 283 9 12 0.03769514 
382 173 8 10 0.037618246 
878 124 8 10 0.03760962 
442 205 8 11 0.037604935 
959 335 8 11 0.037508197 
403 553 14 18 0.037499417 
132 453 12 16 0.03745987 
177 334 7 9 0.037365664 
473 134 6 9 0.037238672 
584 69 6 9 0.037190292 
367 295 8 11 0.037165526 
560 94 7 9 0.037164893 
350 96 7 8 0.037136357 
720 168 6 8 0.03711626 
220 460 15 16 0.03710885 
344 289 9 11 0.03693158 
224 452 14 16 0.03689883 
460 358 11 14 0.036870237 
123 240 8 10 0.036769338 
559 232 7 9 0.03676389 
584 199 7 9 0.03670891 
657 158 7 9 0.036543407 
538 144 6 9 0.03651575 
978 195 8 11 0.036445726 
877 206 8 10 0.036380976 
116 473 13 18 0.036379408 
673 295 9 10 0.03634186 
137 143 6 8 0.036291428 
608 58 6 9 0.036223408 
934 520 9 11 0.036180194 
926 117 7 10 0.036130015 
760 315 10 14 0.036118258 
119 309 8 12 0.036035445 
46 127 7 10 0.03602531 
529 310 8 10 0.03599267 
831 145 7 10 0.035992164 
466 31 7 9 0.03595741 
581 225 8 10 0.035951216 
713 223 7 10 0.03591425 
470 308 9 11 0.03579887 
493 41 8 9 0.03578181 
560 245 8 10 0.03575431 
910 159 8 10 0.035744086 
446 98 7 9 0.03565546 
484 390 13 15 0.035644606 
55 461 9 13 0.035642393 
411 81 7 9 0.0356265 
680 189 7 9 0.035622887 
329 156 8 10 0.03558233 
637 381 9 11 0.035575837 
161 326 9 10 0.03555877 
738 176 7 9 0.03555469 
529 17 7 8 0.035552014 
238 114 7 8 0.035533756 
528 208 7 10 0.035495512 
585 279 8 10 0.035408087 
71 229 8 11 0.03534323 
415 307 9 13 0.035308067 
569 422 12 14 0.03525827 
160 286 8 10 0.035255156 
802 208 8 10 0.03522244 
345 96 7 10 0.03519998 
245 158 7 9 0.03518089 
616 86 7 9 0.035012286 
785 88 7 10 0.03495821 
262 182 8 10 0.034789152 
177 344 8 11 0.03474556 
825 237 7 9 0.034705907 
624 292 9 11 0.03470376 
791 256 7 9 0.034686934 
57 57 6 8 0.03465307 
623 94 7 9 0.034643296 
377 272 7 9 0.03445 
241 288 7 9 0.034438577 
401 326 9 11 0.03441415 
539 335 12 15 0.034377426 
553 30 6 9 0.034312457 
648 247 8 10 0.034309514 
889 72 6 9 0.034296647 
306 336 9 12 0.034217123 
931 397 11 14 0.034203213 
543 396 11 14 0.03419674 
545 255 7 10 0.034193933 
543 279 8 10 0.03418237 
696 31 7 9 0.03417899 
71 316 11 14 0.034159638 
995 470 12 16 0.034144428 
197 311 8 10 0.03413854 
840 427 11 13 0.034086604 
873 85 7 9 0.034025684 
971 357 11 15 0.03399303 
339 79 6 8 0.03398295 
938 102 7 10 0.033853535 
53 190 7 9 0.033845983 
812 104 9 11 0.033812925 
639 249 8 9 0.033704598 
713 168 6 8 0.033695884 
201 281 6 9 0.033687685 
853 440 11 14 0.033683106 
419 45 6 9 0.033596557 
662 218 7 9 0.03342242 
382 298 9 11 0.033405825 
693 286 8 11 0.033404835 
89 391 9 12 0.03339602 
560 63 7 9 0.03322693 
871 142 7 9 0.033153538 
234 447 12 15 0.033022568 
568 248 7 9 0.032987084 
1003 121 7 10 0.032893352 
326 279 8 10 0.032866493 
529 111 8 9 0.032857392 
303 169 7 9 0.03280147 
87 198 7 9 0.032769565 
689 241 7 9 0.032761116 
904 279 9 13 0.03272708 
709 317 10 13 0.032718454 
759 154 7 9 0.03271103 
442 310 9 12 0.032626703 
388 352 11 14 0.032610256 
846 264 8 11 0.032558933 
618 2 8 9 0.032548122 
832 104 7 9 0.03251988 
856 255 8 11 0.032488074 
755 157 7 9 0.03247798 
550 303 7 10 0.03245269 
352 305 7 10 0.032405432 
70 310 11 14 0.032404777 
423 239 7 10 0.03232774 
199 166 7 9 0.032277323 
697 310 10 12 0.032258373 
497 152 8 9 0.032247532 
162 212 7 10 0.032228403 
528 413 11 13 0.03220621 
540 411 11 13 0.032133587 
568 316 9 11 0.032044273 
639 349 10 12 0.032027144 
696 261 7 9 0.0320114 
774 241 8 10 0.031923883 
425 175 7 9 0.031862143 
866 224 8 9 0.031849064 
889 166 7 9 0.031822152 
55 81 8 10 0.031807724 
127 159 7 9 0.031781908 
409 199 8 10 0.03172217 
472 239 7 9 0.03171637 
623 311 8 10 0.031688023 
390 103 6 9 0.03152699 
366 325 9 12 0.031227905 
743 209 7 9 0.031221526 
305 253 8 9 0.031211106 
632 134 7 9 0.03119211 
336 169 7 9 0.031158408 
423 276 8 11 0.031143097 
687 208 7 8 0.031133307 
657 146 7 9 0.03109325 
312 302 8 10 0.031023076 
918 85 6 10 0.031012334 
927 61 6 9 0.030978205 
335 225 8 10 0.030975915 
868 340 11 13 0.030939685 
772 318 10 13 0.030850297 
228 160 8 10 0.03084416 
325 242 8 9 0.030842882 
919 424 11 14 0.030814871 
131 176 7 10 0.030806877 
477 2 8 9 0.030760888 
288 226 7 9 0.030757774 
576 290 8 10 0.030745665 
311 254 7 10 0.030692728 
928 159 8 10 0.030623231 
206 288 7 9 0.03059739 
322 175 7 10 0.03055579 
790 366 11 13 0.030516425 
737 215 7 9 0.03049332 
8 544 8 11 0.030466711 
403 412 11 15 0.030460078 
140 389 10 13 0.03045654 
486 145 7 9 0.030398203 
584 127 6 9 0.030326016 
681 167 7 9 0.030317634 
461 76 7 10 0.030303778 
146 164 8 10 0.030271161 
24 311 8 12 0.030241773 
0 340 8 11 0.030221488 
559 358 10 13 0.030201916 
464 277 9 11 0.030134672 
785 299 10 12 0.030103179 
647 64 6 8 0.030098096 
226 421 10 12 0.030075852 
609 144 7 9 0.030075608 
809 240 8 11 0.030057449 
431 176 7 10 0.03005218 
432 166 8 10 0.030042527 
825 264 8 10 0.03003566 
522 72 6 8 0.030031735 
552 388 10 14 0.030003885 
879 2 8 8 0.029965766 
663 288 7 10 0.029932301 
425 88 7 9 0.029930344 
119 118 7 9 0.029919075 
443 30 7 10 0.029906675 
350 224 7 10 0.029841537 
216 333 8 10 0.029790523 
808 417 13 17 0.029780615 
225 344 8 11 0.029767862 
631 87 7 10 0.02975296 
495 80 6 8 0.029742613 
118 296 8 11 0.029741952 
434 74 6 8 0.029728165 
871 199 10 11 0.029720617 
592 264 7 9 0.029707551 
311 351 12 15 0.029663082 
158 255 7 10 0.029640336 
9 128 8 11 0.02960811 
520 134 7 8 0.029517412 
384 316 9 13 0.029481426 
438 138 7 9 0.029463984 
872 158 7 9 0.029458733 
274 389 9 12 0.029457329 
573 399 11 13 0.029447364 
29 343 11 14 0.02941055 
543 208 7 9 0.029401107 
232 247 7 8 0.0293439 
704 325 11 13 0.029329455 
797 284 9 11 0.029295392 
199 160 7 9 0.02924099 
796 576 12 17 0.029192068 
528 23 7 8 0.02916815 
583 486 14 17 0.029126495 
425 70 6 9 0.029126128 
186 370 10 13 0.029104827 
102 58 7 9 0.029094515 
592 160 7 9 0.029049244 
902 159 8 10 0.029046563 
471 277 8 10 0.028999971 
321 255 7 9 0.028981434 
297 281 7 9 0.028976955 
687 87 6 8 0.02896767 
159 403 11 13 0.028963903 
518 429 11 14 0.028959058 
154 238 7 9 0.028906558 
972 434 14 19 0.028882448 
856 232 8 10 0.028856425 
111 509 11 15 0.028842228 
167 208 7 10 0.02881475 
543 213 7 10 0.028779479 
216 240 7 8 0.028764825 
643 403 11 12 0.028762858 
480 136 6 8 0.028733985 
286 230 7 8 0.028701043 
543 285 8 10 0.028690835 
762 246 9 11 0.028660526 
1002 125 7 9 0.028649418 
382 222 7 9 0.028648967 
422 297 8 11 0.02860737 
826 86 8 10 0.028534489 
342 301 8 11 0.028473036 
1014 307 10 15 0.028456526 
583 144 8 10 0.028448762 
485 167 8 11 0.028443767 
887 247 8 10 0.028404828 
915 80 6 9 0.028345333 
98 58 8 9 0.02834138 
815 80 7 9 0.028333971 
271 272 7 9 0.028333422 
398 573 13 19 0.028332526 
1012 261 9 12 0.028234217 
64 264 7 9 0.028221142 
663 248 7 9 0.028180998 
225 246 7 9 0.028159814 
326 356 10 13 0.028145514 
419 159 8 10 0.028108899 
497 302 9 10 0.028065292 
113 463 11 14 0.028046096 
546 142 8 10 0.02803591 
289 95 7 9 0.028024012 
125 77 7 10 0.02801918 
290 293 8 10 0.027952455 
742 177 7 9 0.027918309 
969 309 9 11 0.027884359 
487 158 7 10 0.027875328 
39 344 9 12 0.02786872 
560 396 10 13 0.02784805 
37 168 8 10 0.02782463 
198 198 8 11 0.027822683 
814 239 8 10 0.027811904 
661 150 7 10 0.027798716 
105 199 7 9 0.027775876 
923 237 9 11 0.027773287 
77 265 8 10 0.027771702 
296 333 8 11 0.027747815 
240 240 7 8 0.02773462 
638 151 7 10 0.027683437 
871 264 9 11 0.027676001 
696 143 7 9 0.027670136 
72 209 8 11 0.027663222 
173 216 8 10 0.027645618 
317 430 11 14 0.027642136 
664 181 6 9 0.027636314 
552 24 7 9 0.027616553 
176 310 8 10 0.02756049 
33 167 8 10 0.02751195 
94 392 8 11 0.02749949 
552 484 11 15 0.02748051 
271 230 7 9 0.027365966 
282 230 6 8 0.027349679 
152 70 7 9 0.027304899 
473 81 7 9 0.027294006 
319 303 8 9 0.027287113 
785 279 9 11 0.027273377 
479 611 10 14 0.027261032 
705 293 8 11 0.027259365 
581 415 11 13 0.027242165 
298 78 7 8 0.02722978 
989 431 12 15 0.027207382 
473 247 8 9 0.02720602 
625 383 10 13 0.027200619 
889 182 8 11 0.027197553 
910 224 7 10 0.027175112 
57 118 7 9 0.027168546 
716 333 9 12 0.027165875 
640 281 8 10 0.02714631 
897 152 7 9 0.02714089 
809 118 8 10 0.027122084 
663 159 7 9 0.027120752 
176 304 8 9 0.02707812 
686 418 12 16 0.027053282 
408 128 7 8 0.027039895 
317 352 11 14 0.027033884 
367 333 9 11 0.027026488 
604 413 12 14 0.027003488 
240 134 6 9 0.026989508 
181 343 8 11 0.026968779 
216 305 7 9 0.026862448 
199 151 7 9 0.02670932 
281 193 6 9 0.026691832 
791 94 6 9 0.026648892 
265 288 7 9 0.026646268 
783 285 10 12 0.02662169 
351 328 8 12 0.026580928 
433 95 7 8 0.026577923 
592 219 8 11 0.026563166 
881 152 7 9 0.026540428 
480 71 6 7 0.02652944 
824 409 11 13 0.026508162 
304 174 7 8 0.026503295 
803 326 11 14 0.026462696 
432 88 6 9 0.026442686 
410 85 7 9 0.026428659 
150 202 8 11 0.026428463 
488 254 7 10 0.026414167 
645 311 10 12 0.026403414 
927 269 12 16 0.026372042 
683 79 7 9 0.026361488 
842 159 6 9 0.02635201 
695 347 11 13 0.026318016 
800 272 8 11 0.026293894 
342 376 10 13 0.026278216 
230 304 7 10 0.026240664 
565 70 7 9 0.026191873 
660 615 11 15 0.026125101 
357 183 7 10 0.02612118 
749 349 11 13 0.026106533 
818 398 12 14 0.02609943 
31 253 9 10 0.026057145 
360 310 9 11 0.026056774 
359 191 8 10 0.026028112 
170 104 7 9 0.025954694 
568 93 7 9 0.025946852 
578 158 8 10 0.025941096 
98 45 7 9 0.02592126 
794 330 11 14 0.025907356 
575 266 8 10 0.025906444 
771 407 13 16 0.025848715 
335 389 12 14 0.025847439 
693 415 13 16 0.025823917 
489 94 7 9 0.025758334 
625 129 7 9 0.02575357 
664 475 12 15 0.025740162 
839 223 8 10 0.025739864 
727 216 7 10 0.025727836 
706 237 7 9 0.025703669 
655 167 7 9 0.025689203 
153 133 8 10 0.025653357 
145 456 12 15 0.025627116 
520 302 9 11 0.025590407 
605 184 8 11 0.02558638 
1006 123 8 11 0.025533924 
619 95 6 9 0.025524288 
665 325 9 12 0.025427261 
498 57 7 9 0.025377939 
439 316 10 13 0.025374925 
264 278 7 9 0.025373679 
127 263 7 9 0.025372101 
569 129 8 10 0.02537164 
1010 453 13 19 0.025358967 
681 277 8 10 0.025351891 
639 341 10 14 0.025351755 
336 279 7 9 0.025336456 
661 96 7 9 0.025294196 
726 312 8 11 0.025287218 
894 190 9 11 0.02528418 
448 304 9 11 0.025270686 
896 171 8 10 0.02525775 
789 373 12 13 0.025252191 
946 93 8 10 0.025246039 
193 165 7 11 0.025245253 
957 311 8 10 0.025240256 
435 325 10 12 0.02522305 
558 223 7 9 0.025198348 
683 127 7 9 0.025160613 
486 224 8 10 0.025157152 
392 150 8 10 0.02515521 
135 407 10 13 0.025153425 
362 517 15 17 0.025149807 
488 311 9 11 0.02514928 
543 62 6 8 0.025136355 
644 498 13 17 0.02508734 
494 381 12 13 0.025077105 
127 208 7 9 0.025014736 
558 39 6 8 0.02501036 
919 113 8 10 0.024996242 
785 311 10 13 0.024995945 
213 100 9 11 0.024984704 
593 357 10 13 0.024952704 
202 238 7 9 0.024920128 
799 120 7 10 0.024898378 
116 172 8 11 0.02482547 
873 192 8 10 0.024726477 
132 429 13 18 0.024712477 
135 262 8 10 0.024702681 
346 201 7 9 0.024687918 
136 257 7 9 0.02465982 
913 181 10 12 0.024642864 
1005 47 7 11 0.024623701 
935 327 11 14 0.024620095 
425 246 7 10 0.024581855 
830 277 8 10 0.024553465 
881 80 7 9 0.024551665 
880 85 7 9 0.024534944 
640 292 9 11 0.024532663 
680 319 10 12 0.024527557 
608 265 7 10 0.02452562 
40 269 8 11 0.02452197 
887 88 7 9 0.024429968 
586 103 7 9 0.02441464 
931 350 10 14 0.024410957 
755 209 7 9 0.024408245 
744 324 10 12 0.02439481 
871 72 6 8 0.024363939 
486 173 7 10 0.024363542 
624 118 7 9 0.024352573 
94 221 7 9 0.024319733 
790 86 8 10 0.024291733 
967 74 6 9 0.024278779 
828 616 13 18 0.024277419 
905 326 10 14 0.024275677 
911 342 9 12 0.024234286 
871 229 8 10 0.02422221 
480 119 6 9 0.024211913 
685 316 10 13 0.024186566 
551 256 7 9 0.02418148 
536 79 6 8 0.02417942 
392 406 11 15 0.024159739 
246 294 7 10 0.024133112 
621 279 8 10 0.024121312 
393 255 7 10 0.024105703 
879 263 8 10 0.024102086 
232 427 12 14 0.024072375 
582 180 7 10 0.023997413 
345 101 8 10 0.023991048 
190 403 11 14 0.023954723 
912 348 10 12 0.023899507 
544 264 8 9 0.02389852 
168 278 8 9 0.023897935 
202 329 7 9 0.023841431 
305 434 13 16 0.023827173 
326 182 8 11 0.023792993 
881 166 7 9 0.023789942 
737 192 7 8 0.023757182 
394 303 8 10 0.023732597 
720 239 7 9 0.023726566 
797 182 7 9 0.023724679 
568 104 6 8 0.023721408 
753 275 10 11 0.02371808 
86 287 9 10 0.023712708 
719 96 6 8 0.023706406 
439 436 12 14 0.023693662 
223 525 13 16 0.023684597 
306 248 7 9 0.02368245 
902 165 8 11 0.023678241 
961 53 7 10 0.023677364 
570 232 7 9 0.02366348 
301 389 9 11 0.023642877 
619 519 14 17 0.02362658 
193 149 8 11 0.023620857 
519 279 8 10 0.023596777 
521 325 9 12 0.023576036 
696 278 8 10 0.023572369 
742 214 7 9 0.023570172 
217 288 7 9 0.023563197 
496 373 11 13 0.023532998 
805 331 10 14 0.023520384 
210 304 6 9 0.023520194 
257 199 7 9 0.023495149 
569 367 9 13 0.02348853 
354 278 7 10 0.02348472 
439 301 8 11 0.023457544 
872 23 7 9 0.023453293 
485 30 7 9 0.02344543 
105 166 8 10 0.023431398 
480 277 9 10 0.023419823 
289 254 7 9 0.023415495 
207 295 6 9 0.0233924 
361 164 7 10 0.023381358 
828 367 12 18 0.02338052 
168 351 9 10 0.023376307 
223 295 7 9 0.02336997 
737 182 7 9 0.023366945 
370 80 6 8 0.023341203 
938 79 7 9 0.023325354 
688 169 7 8 0.023304326 
478 422 11 14 0.023259977 
1016 244 7 12 0.023206629 
579 425 12 14 0.023190793 
210 95 9 11 0.023171926 
856 344 11 14 0.0231649 
703 525 18 26 0.023157382 
209 246 7 9 0.023117213 
527 247 7 10 0.023093384 
351 134 7 9 0.0230911 
809 245 8 11 0.023078568 
427 532 12 17 0.023072813 
202 295 7 9 0.023071041 
719 292 9 11 0.023059675 
510 270 9 11 0.023054343 
648 71 7 9 0.02302779 
486 229 8 10 0.023012111 
283 266 7 9 0.023007946 
681 262 9 10 0.022992164 
353 271 7 9 0.022985239 
414 199 7 9 0.022978816 
274 372 10 12 0.022971602 
280 248 6 9 0.022956895 
632 316 10 11 0.02293403 
975 158 7 9 0.022906592 
105 207 7 9 0.022900166 
590 310 9 12 0.022897605 
114 265 7 9 0.0228253 
538 95 7 9 0.022822646 
424 255 8 9 0.022817174 
26 264 8 11 0.022777872 
565 328 9 11 0.022770353 
42 492 12 16 0.02270466 
922 62 6 9 0.02270146 
767 392 13 16 0.022690544 
542 247 8 10 0.022683587 
607 396 11 14 0.022670696 
560 88 7 9 0.022621408 
321 310 7 10 0.022616155 
981 193 9 11 0.022609651 
772 308 10 13 0.022588287 
735 208 7 9 0.022532253 
742 362 12 15 0.022523725 
41 309 8 11 0.02252364 
562 256 7 9 0.022517553 
937 311 9 11 0.022515327 
723 207 7 8 0.022497451 
111 117 7 9 0.022490961 
110 208 8 10 0.022473034 
530 190 7 10 0.022461692 
402 72 6 8 0.0224105 
638 144 7 9 0.022410309 
602 55 6 9 0.022397995 
121 222 7 9 0.022394022 
631 127 7 9 0.022377219 
501 205 8 11 0.02232361 
838 180 7 10 0.022321975 
734 223 7 9 0.022314124 
7 472 11 15 0.022305176 
522 159 8 9 0.022278342 
1008 60 10 12 0.02220582 
625 88 7 10 0.022178037 
376 421 10 14 0.022175675 
463 317 10 12 0.022174742 
890 441 11 15 0.022156525 
501 322 11 14 0.022088716 
405 164 7 10 0.022083769 
859 361 13 16 0.022074087 
518 412 11 14 0.02205848 
977 42 7 9 0.02205209 
847 160 7 9 0.022043876 
546 625 12 16 0.022042513 
305 95 8 9 0.02202753 
431 247 8 9 0.022024304 
500 229 8 10 0.022001565 
682 206 7 10 0.022000251 
767 253 8 10 0.021997184 
918 72 6 9 0.021985717 
616 105 6 8 0.021961775 
668 314 11 14 0.021952335 
703 332 12 13 0.021925537 
916 342 10 12 0.021921672 
975 341 9 11 0.021910258 
106 272 7 10 0.021894451 
913 299 11 13 0.021856463 
942 103 8 9 0.021841133 
40 206 7 10 0.021778408 
96 71 8 10 0.021777993 
39 200 7 9 0.021775277 
103 71 8 11 0.02175598 
884 332 11 13 0.021751111 
997 248 8 11 0.021732293 
159 247 7 9 0.021713147 
37 176 8 11 0.021709446 
303 397 10 11 0.02170809 
814 117 8 10 0.021700647 
826 158 7 9 0.021668741 
42 332 9 11 0.021575155 
127 223 7 10 0.021572998 
558 364 10 12 0.021564912 
710 358 12 15 0.02154998 
280 254 7 9 0.021543525 
420 453 13 17 0.021515569 
314 464 13 18 0.021508768 
419 166 7 10 0.021476513 
216 280 6 8 0.021424007 
856 94 6 9 0.02140966 
872 137 7 9 0.02140902 
112 231 7 10 0.021362083 
702 262 7 9 0.021338733 
575 129 7 9 0.021316856 
376 319 9 12 0.021307329 
458 118 7 9 0.021303114 
600 161 6 8 0.02129915 
481 17 8 9 0.021297477 
728 104 6 7 0.021276962 
904 176 8 9 0.021273993 
170 223 8 10 0.02127379 
775 256 8 9 0.021262767 
287 278 7 9 0.021250058 
265 256 6 8 0.021215132 
635 190 7 10 0.021200806 
686 406 11 16 0.021199696 
646 191 7 9 0.021194257 
515 23 7 9 0.021166869 
618 198 7 9 0.021159027 
641 176 8 9 0.021153955 
381 380 11 13 0.02114646 
495 95 7 9 0.021142395 
491 388 13 15 0.021130607 
848 166 7 9 0.021125235 
924 189 10 12 0.021118011 
966 373 9 12 0.021117816 
113 295 8 10 0.021117209 
703 256 7 9 0.021109577 
158 176 8 10 0.021105457 
121 208 7 8 0.021090211 
511 86 6 9 0.02107586 
6 205 7 11 0.02104816 
350 168 7 10 0.021041384 
701 469 13 16 0.02104012 
233 273 7 9 0.021022541 
743 287 10 12 0.02100105 
408 293 8 10 0.020991249 
193 160 7 9 0.0209846 
70 238 8 11 0.020967096 
801 141 8 10 0.020963343 
944 160 7 9 0.020960113 
570 300 8 10 0.020956365 
350 289 7 9 0.020929957 
651 151 6 8 0.020900931 
511 159 7 8 0.020899305 
560 79 6 8 0.020893598 
529 303 8 10 0.020885259 
387 119 9 12 0.020879125 
677 310 10 12 0.020871546 
663 144 7 9 0.02083653 
470 363 12 14 0.020822871 
439 73 7 9 0.020814992 
1012 296 10 14 0.02080147 
105 183 7 10 0.020791333 
362 266 8 9 0.020785326 
640 389 11 14 0.020782813 
578 181 7 10 0.020776851 
568 288 8 10 0.020775422 
129 181 7 10 0.020774921 
743 335 11 14 0.020766592 
576 41 7 9 0.020734305 
873 1 9 9 0.020729234 
951 264 9 11 0.02072447 
887 106 7 9 0.020690717 
607 238 7 9 0.020684658 
411 222 7 10 0.020670358 
608 278 8 10 0.020669673 
389 234 8 10 0.020666555 
908 330 11 15 0.02064838 
245 421 10 12 0.02063898 
393 64 6 7 0.020633835 
671 286 8 10 0.020629907 
686 346 11 15 0.020615835 
445 192 7 10 0.020609237 
832 263 8 11 0.020603884 
683 375 11 13 0.02059302 
712 248 7 9 0.020591576 
271 81 7 8 0.020570535 
1012 471 12 17 0.020548765 
445 333 9 12 0.020535998 
841 533 13 15 0.02053503 
541 421 13 14 0.020522218 
495 262 8 10 0.020504244 
910 141 7 10 0.020502914 
599 442 12 15 0.020497167 
881 39 7 9 0.020478614 
832 233 7 9 0.020467484 
272 255 7 9 0.020443475 
485 289 9 12 0.02043857 
591 112 7 10 0.020432752 
849 442 11 15 0.020419568 
455 293 8 11 0.020398289 
979 434 15 18 0.020376032 
527 339 12 15 0.020326404 
272 181 7 9 0.02031272 
962 74 6 8 0.020311268 
530 437 10 13 0.020280758 
367 247 7 9 0.020238796 
501 200 8 10 0.020233694 
735 23 8 11 0.02023358 
161 166 8 9 0.020226862 
51 325 9 12 0.020222781 
198 389 10 13 0.020203391 
309 247 8 10 0.02020005 
887 153 7 9 0.020151153 
536 255 8 10 0.020146802 
458 303 9 11 0.020145817 
878 199 8 10 0.020140257 
510 309 9 11 0.020130822 
806 209 7 9 0.020122305 
62 119 7 8 0.020107536 
1015 79 7 10 0.020085804 
656 87 8 11 0.02008525 
18 301 8 10 0.020084754 
296 270 7 9 0.020076187 
192 389 10 13 0.020061582 
804 308 9 12 0.020057173 
168 343 8 10 0.02003472 
192 318 7 10 0.020026637 
272 146 7 9 0.020008154 
