2_Demonstration_Demonstrators_2_309
28
814 286 44 59 0.9968771 
992 384 32 46 0.9780573 
136 264 23 31 0.90689975 
81 231 22 27 0.72661185 
150 234 21 22 0.7058188 
449 150 114 150 0.32408267 
33 222 15 17 0.32097483 
90 272 22 29 0.30180064 
235 299 44 50 0.24398263 
127 263 22 27 0.15216433 
122 265 16 21 0.15108985 
388 264 40 36 0.12949671 
914 357 9 13 0.11751466 
960 393 16 20 0.105674975 
185 261 12 16 0.068587445 
931 364 11 15 0.058484454 
57 238 17 23 0.04610365 
962 376 15 17 0.039123982 
297 266 10 13 0.035177838 
8 253 11 13 0.03501545 
69 232 24 29 0.031776976 
106 264 22 28 0.028333075 
12 230 11 15 0.028230183 
0 266 10 22 0.027895054 
93 464 21 27 0.026816456 
917 361 9 15 0.026403703 
66 240 16 23 0.024445979 
290 280 26 38 0.022074474 
