2_Demonstration_Political_Rally_2_135
59
938 638 70 86 0.99603134 
151 548 69 95 0.980338 
40 676 57 67 0.96467495 
518 439 93 98 0.9317613 
910 907 16 19 0.11827942 
862 788 13 21 0.10754825 
445 698 11 15 0.10716767 
339 683 13 18 0.098879375 
373 684 18 28 0.09043067 
0 1030 28 50 0.08455894 
831 789 9 11 0.082066275 
376 661 11 14 0.060915403 
54 305 42 56 0.06013544 
39 745 24 33 0.056449622 
894 793 14 17 0.053693306 
224 631 18 23 0.05296009 
147 290 24 29 0.05224837 
137 640 26 38 0.046735708 
945 734 39 41 0.045587666 
126 235 10 12 0.045092307 
264 729 25 29 0.042652536 
144 274 19 21 0.042065296 
0 645 37 59 0.040079433 
31 638 12 15 0.039822873 
897 721 32 35 0.039185993 
927 923 13 15 0.037333436 
82 366 28 28 0.037276663 
875 777 15 20 0.036852244 
941 774 12 16 0.031879175 
141 305 24 32 0.031629644 
335 684 21 30 0.030409811 
926 774 13 17 0.030383872 
10 639 17 20 0.029720068 
27 1043 24 31 0.029110022 
837 781 10 15 0.028989661 
100 293 14 22 0.02721197 
912 796 11 14 0.026778052 
36 198 172 229 0.026289225 
527 1289 10 12 0.024943635 
173 290 13 18 0.024808332 
316 671 9 12 0.024552008 
221 653 12 15 0.024314256 
253 288 15 18 0.02383231 
311 702 15 23 0.023765763 
866 778 20 26 0.023711074 
166 292 13 19 0.023561664 
219 620 30 37 0.023524364 
106 293 21 26 0.023011466 
273 279 11 13 0.022824066 
150 651 31 40 0.022736885 
883 783 16 22 0.022332208 
157 287 21 28 0.022272833 
0 679 44 65 0.022132896 
28 700 54 69 0.02130021 
794 387 18 22 0.021264723 
453 677 12 16 0.020836383 
393 669 10 13 0.020612916 
413 676 12 14 0.020602839 
233 366 23 29 0.020069025 
