2_Demonstration_Political_Rally_2_90
67
538 269 53 78 0.99886984 
787 381 21 26 0.9564318 
922 378 12 15 0.82900745 
197 335 9 12 0.7008639 
202 356 10 13 0.63812447 
300 362 11 15 0.5757487 
155 362 11 14 0.44771934 
37 371 12 16 0.43755683 
25 315 10 13 0.42271703 
113 361 11 14 0.3493232 
876 380 10 13 0.33734238 
64 323 10 13 0.32029212 
236 379 12 16 0.24118145 
328 366 9 13 0.13460895 
5 326 13 17 0.1300318 
0 329 13 19 0.122510314 
42 348 8 11 0.11859231 
102 388 14 18 0.11106755 
236 354 11 14 0.1027733 
342 381 9 12 0.09405251 
273 391 9 10 0.0747279 
256 357 9 12 0.06896628 
173 365 9 12 0.058903966 
73 298 11 14 0.055660795 
67 320 11 14 0.055490263 
374 372 8 11 0.055089235 
12 326 10 14 0.052123584 
219 387 10 14 0.05205352 
87 325 8 11 0.05182525 
168 364 9 12 0.04948976 
152 390 9 12 0.048898567 
32 367 11 16 0.045689784 
879 431 13 16 0.044709433 
232 374 11 16 0.04422264 
940 408 10 13 0.042595025 
325 377 11 14 0.042172723 
96 341 10 12 0.041346367 
238 362 12 14 0.03957186 
407 423 8 11 0.039170656 
81 373 9 12 0.036480587 
360 381 10 12 0.03624181 
175 390 10 12 0.035082877 
175 374 8 10 0.033583548 
232 383 12 16 0.032768592 
327 333 9 10 0.032413855 
161 343 9 11 0.03163579 
319 374 10 13 0.03140316 
244 357 10 13 0.030552996 
331 371 10 14 0.03052314 
108 382 12 14 0.027120681 
152 395 10 14 0.026677478 
296 371 10 12 0.026296277 
313 428 11 12 0.025947042 
263 350 8 10 0.025643589 
97 388 10 15 0.024775729 
128 355 11 15 0.024628842 
262 357 8 12 0.024596756 
194 338 9 12 0.024294706 
23 322 11 15 0.02340831 
16 318 9 13 0.02322469 
895 327 8 10 0.022852182 
201 376 8 11 0.022541896 
918 308 10 13 0.022467574 
30 409 11 16 0.022001628 
877 406 10 12 0.02136447 
374 383 9 13 0.021100234 
336 314 10 14 0.02013879 
