2_Demonstration_Demonstration_Or_Protest_2_512
204
968 373 48 87 0.9945332 
403 239 25 30 0.990949 
148 292 44 53 0.9859574 
950 311 41 47 0.96748817 
917 197 10 13 0.86118793 
934 279 26 31 0.82821923 
103 341 51 67 0.6900076 
268 242 23 31 0.64035517 
991 205 13 16 0.63169676 
129 192 23 28 0.61688936 
470 229 12 15 0.61376274 
97 291 32 40 0.5638176 
593 287 22 28 0.50290024 
204 230 22 29 0.45625794 
673 277 24 46 0.45057958 
991 270 13 16 0.44910273 
3 210 17 22 0.42532322 
49 206 15 20 0.4152247 
729 312 44 58 0.3250864 
915 259 16 19 0.29355955 
131 210 19 20 0.28357184 
924 262 16 20 0.25135127 
175 216 19 22 0.2466748 
293 206 13 16 0.23556037 
805 327 44 51 0.23536432 
594 236 13 17 0.23258512 
851 272 41 48 0.22517624 
155 190 18 22 0.21981472 
810 215 9 11 0.19052221 
243 214 16 19 0.16762383 
316 205 10 14 0.16397129 
965 268 13 16 0.15370665 
714 221 8 11 0.15306745 
355 242 15 20 0.14383206 
968 249 9 11 0.14017886 
952 200 9 11 0.13242471 
268 234 19 22 0.12780152 
536 239 15 21 0.12450519 
636 308 23 38 0.12364224 
449 197 11 14 0.11985048 
716 305 40 58 0.10895638 
226 287 34 42 0.10874496 
623 219 13 16 0.10166865 
489 222 9 11 0.098865494 
85 246 26 31 0.090679996 
922 255 15 19 0.09058771 
806 221 9 11 0.08320475 
733 256 16 20 0.08204106 
839 269 26 32 0.081399344 
975 206 9 12 0.079028666 
1013 276 9 13 0.078822754 
1008 260 10 13 0.07700807 
628 261 16 22 0.07695146 
906 266 15 19 0.07626313 
142 252 31 36 0.07580943 
904 399 43 73 0.0738048 
429 211 9 12 0.07267672 
242 234 16 20 0.07164122 
1009 186 11 15 0.071122766 
960 265 13 16 0.068583794 
969 271 14 16 0.066275716 
972 223 10 12 0.06623305 
957 276 13 17 0.06531133 
298 246 26 33 0.06436628 
1004 315 16 20 0.06416741 
949 216 9 12 0.06297674 
1 227 21 34 0.062172648 
925 306 26 35 0.060078356 
980 182 11 13 0.057196923 
411 173 7 10 0.056767896 
445 217 9 11 0.056282748 
900 270 17 19 0.055802498 
779 289 27 36 0.05527701 
976 188 10 12 0.055062022 
289 205 11 15 0.054190177 
297 209 14 16 0.052968208 
742 235 10 14 0.05249662 
352 200 9 12 0.049637023 
350 237 15 18 0.049471345 
701 237 10 13 0.049256433 
717 245 12 15 0.048953235 
279 195 12 16 0.04880705 
514 270 23 36 0.04872787 
366 205 8 11 0.048635393 
35 204 15 20 0.048363294 
956 198 9 12 0.048072543 
22 188 15 19 0.04681656 
421 302 40 47 0.04621529 
253 193 11 14 0.045542374 
183 221 23 29 0.045446817 
969 191 7 11 0.04526698 
592 213 9 14 0.044394985 
839 213 12 15 0.044332415 
770 248 8 10 0.04422442 
780 236 10 12 0.04190348 
597 291 33 34 0.041427832 
582 281 25 35 0.041354124 
856 222 11 14 0.040098093 
249 233 14 18 0.039961122 
192 226 24 33 0.039811734 
801 223 9 10 0.03948881 
691 235 12 16 0.03945457 
347 243 28 34 0.0391485 
495 245 13 19 0.03913651 
647 213 9 11 0.038727168 
735 224 8 10 0.03834305 
697 297 39 55 0.03796608 
637 321 42 49 0.036991227 
276 189 12 16 0.036909048 
341 227 12 15 0.036323126 
126 215 17 20 0.035791334 
295 250 13 17 0.035354134 
995 307 26 35 0.03369878 
951 263 11 13 0.03368793 
645 228 10 13 0.03352388 
180 207 14 18 0.033138484 
875 315 32 46 0.03297023 
766 267 13 14 0.032948595 
1003 302 13 17 0.03256292 
274 227 17 22 0.032287415 
573 211 10 13 0.032118388 
634 259 17 21 0.0319668 
657 245 16 19 0.031957325 
878 190 8 10 0.031920064 
110 228 17 21 0.031692594 
903 189 9 12 0.031613935 
430 309 50 57 0.030992871 
984 205 9 14 0.030598825 
639 244 12 16 0.03053633 
218 227 14 19 0.030302076 
843 206 12 16 0.03016559 
270 193 11 15 0.029605271 
598 212 13 18 0.029193709 
958 204 8 11 0.029007062 
606 187 9 11 0.028664403 
186 219 14 18 0.028642664 
310 208 13 16 0.028424205 
958 192 8 10 0.02837133 
592 250 14 18 0.028050637 
972 198 10 12 0.0279021 
133 345 35 53 0.0275688 
223 227 23 31 0.027513783 
397 184 9 11 0.027460525 
366 210 9 12 0.027322274 
719 197 8 10 0.026928617 
69 247 38 49 0.026844643 
573 352 34 42 0.026544938 
622 249 11 15 0.026531309 
275 233 21 31 0.026441228 
156 258 29 33 0.026399 
844 216 12 16 0.026322946 
945 277 18 22 0.025572963 
603 217 15 19 0.025539747 
418 189 8 11 0.02537362 
873 264 36 43 0.025219485 
640 213 9 12 0.024707077 
922 265 27 30 0.024615841 
681 429 47 116 0.024578298 
174 261 27 30 0.02447866 
850 320 42 53 0.024352148 
600 207 10 13 0.024301205 
284 198 11 15 0.024285994 
359 213 9 12 0.024268338 
976 212 10 12 0.024252297 
547 224 14 18 0.024063068 
834 212 9 12 0.024003044 
247 195 11 13 0.023903193 
304 235 24 28 0.023649087 
294 330 52 83 0.023495607 
369 201 8 11 0.023312826 
824 245 12 18 0.023160875 
1006 265 15 19 0.023095116 
632 246 22 29 0.023073908 
211 224 16 18 0.023041727 
361 205 8 11 0.023007309 
788 283 29 34 0.022966303 
981 290 18 20 0.022878174 
480 213 8 11 0.022730904 
813 251 14 20 0.022564651 
307 222 13 16 0.022449665 
987 278 17 20 0.022299467 
730 223 8 10 0.022130806 
757 288 29 38 0.022003433 
702 206 10 12 0.021928549 
602 234 22 33 0.021692049 
302 219 14 16 0.021558631 
594 234 20 28 0.021463023 
791 221 9 12 0.021299822 
968 205 9 11 0.02112672 
992 264 11 15 0.021048732 
968 197 8 11 0.021047026 
714 197 7 9 0.021034105 
790 247 8 12 0.021028714 
431 227 13 18 0.020914162 
249 376 41 75 0.020879984 
912 256 13 17 0.02087663 
867 286 48 53 0.020777918 
724 252 15 18 0.020721132 
857 264 17 20 0.02069599 
954 192 8 10 0.020609315 
472 203 9 12 0.020599836 
941 293 41 49 0.02039785 
453 202 10 13 0.02028395 
817 248 20 28 0.020202909 
