2_Demonstration_Demonstrators_2_425
421
353 432 48 61 0.99764913 
636 393 33 46 0.9955231 
560 461 44 61 0.99437076 
578 386 26 34 0.9943295 
702 373 27 33 0.9938309 
864 302 29 36 0.99352574 
790 424 65 77 0.9929241 
432 562 70 106 0.991434 
786 302 41 48 0.9896283 
17 473 41 52 0.98756325 
203 401 21 30 0.98209286 
618 331 18 23 0.9818233 
402 370 18 23 0.98124874 
658 304 17 22 0.97761077 
224 422 38 52 0.97589725 
699 312 19 24 0.96977735 
93 378 12 16 0.95597154 
528 330 17 23 0.9541958 
614 304 13 16 0.95389426 
486 371 17 22 0.93351024 
111 381 14 17 0.91490865 
576 332 13 17 0.8969472 
727 335 21 26 0.88894504 
45 430 20 27 0.87882346 
171 395 14 18 0.87243396 
794 271 19 21 0.84818506 
254 369 14 18 0.83110034 
643 305 11 14 0.8141429 
515 316 11 13 0.79598075 
448 349 13 19 0.794387 
361 343 9 12 0.7860898 
45 401 14 17 0.78351927 
510 350 13 17 0.7610582 
290 351 9 12 0.7399269 
139 374 12 17 0.71881217 
462 406 26 34 0.69049335 
863 273 24 28 0.6853686 
278 366 12 15 0.6644361 
739 302 14 16 0.6630769 
772 313 17 22 0.64728934 
621 389 17 21 0.6309888 
421 339 11 14 0.60034454 
17 372 10 12 0.5643135 
191 356 10 11 0.5574469 
133 350 9 11 0.5465615 
348 359 10 12 0.52960956 
401 350 11 14 0.52959204 
485 315 8 11 0.5068658 
157 425 12 16 0.48989338 
709 279 10 13 0.4388595 
175 366 9 12 0.42552835 
844 285 15 20 0.4074046 
382 325 8 11 0.40244794 
156 349 10 12 0.36927986 
316 356 9 12 0.3655556 
503 287 8 10 0.3349803 
263 349 9 11 0.30909044 
552 301 9 11 0.3079675 
462 347 12 15 0.30706212 
592 310 11 13 0.28619912 
215 348 8 10 0.27794334 
560 326 11 15 0.2544083 
508 329 13 17 0.25242636 
736 269 8 10 0.25034863 
280 420 20 30 0.24680471 
395 335 10 12 0.246768 
202 388 14 17 0.24484234 
65 364 9 12 0.24376494 
420 500 46 59 0.23391074 
710 298 11 14 0.23132178 
82 355 9 12 0.2308435 
44 379 10 13 0.22781609 
109 351 9 11 0.22345051 
232 366 13 16 0.22179128 
454 321 9 11 0.21992943 
199 333 8 9 0.21775126 
372 390 11 14 0.20914012 
963 356 42 60 0.20652074 
469 343 11 14 0.2063237 
432 328 9 10 0.20500217 
600 210 11 14 0.19706066 
287 327 8 9 0.19699447 
456 289 7 8 0.19673677 
270 348 9 11 0.19243695 
849 280 20 26 0.1898812 
176 417 13 17 0.18572806 
3 451 17 20 0.18554889 
160 390 10 14 0.18449064 
131 434 17 22 0.18092209 
103 411 13 14 0.17787382 
374 344 9 11 0.17411505 
168 366 9 12 0.16209134 
189 394 10 14 0.16090624 
541 312 11 13 0.15994002 
289 425 22 30 0.15874217 
346 399 23 28 0.15604915 
165 382 9 13 0.15459724 
126 424 14 20 0.15006088 
361 325 7 9 0.14884128 
283 371 10 13 0.1450425 
233 350 8 10 0.14110737 
733 279 9 12 0.14081116 
380 365 12 15 0.14033985 
631 299 8 11 0.137167 
226 328 7 9 0.13662328 
266 334 8 9 0.13601285 
178 395 14 16 0.13594033 
479 332 10 13 0.13159847 
439 303 8 9 0.13013637 
159 343 9 11 0.12771715 
0 381 9 13 0.12343812 
429 364 11 16 0.12070351 
143 365 10 13 0.119380474 
561 288 6 9 0.11788021 
329 328 8 10 0.1178562 
624 391 25 34 0.116283 
410 316 8 11 0.11598882 
582 294 8 11 0.11596976 
99 380 12 15 0.115881756 
933 310 17 22 0.112435825 
495 348 9 13 0.10876555 
159 363 9 12 0.10594111 
772 264 9 12 0.105441295 
217 366 9 11 0.10441261 
50 397 13 17 0.10051267 
942 468 45 50 0.09937408 
80 374 8 11 0.098199375 
449 318 8 11 0.097638704 
167 373 9 11 0.09680823 
188 482 32 38 0.095259316 
56 389 11 14 0.09514939 
429 359 10 14 0.093919225 
488 295 8 10 0.091868326 
313 335 7 9 0.08938289 
487 334 9 13 0.08721145 
606 287 8 10 0.08672115 
424 311 7 9 0.08671613 
334 332 8 11 0.08485755 
166 388 12 17 0.08485396 
173 350 8 10 0.082753085 
591 304 9 12 0.08195613 
578 294 8 10 0.08151658 
175 360 9 10 0.081428796 
191 363 11 13 0.07948087 
834 261 9 13 0.07809196 
559 319 10 13 0.07730411 
647 292 9 11 0.07694997 
233 344 8 10 0.076606266 
413 316 9 11 0.073683724 
210 345 8 9 0.07353351 
989 351 35 62 0.06970636 
128 364 9 12 0.06887537 
574 310 8 11 0.06621861 
509 339 13 17 0.065860756 
151 363 9 12 0.0645197 
222 349 8 10 0.06389549 
239 387 12 15 0.06363096 
689 278 8 11 0.06353551 
819 275 13 16 0.06318128 
142 359 8 11 0.06284215 
180 366 9 11 0.06207041 
54 368 9 11 0.06186541 
406 292 8 10 0.0605935 
398 326 8 10 0.059424255 
914 308 28 30 0.059280064 
416 335 11 14 0.05812256 
654 291 10 12 0.05727002 
134 354 10 12 0.056796964 
286 332 8 10 0.05604158 
169 342 7 10 0.055990357 
183 336 7 9 0.055658698 
639 291 9 12 0.05550891 
664 277 7 10 0.055257652 
559 293 8 10 0.05510098 
609 280 8 9 0.054358143 
221 366 9 12 0.05365919 
591 332 11 15 0.053501934 
705 282 10 13 0.052791536 
614 278 7 9 0.052672096 
319 335 8 10 0.05259836 
5 381 9 13 0.05256862 
911 279 10 13 0.052065756 
597 314 11 14 0.051874906 
504 327 11 16 0.051785436 
237 350 9 11 0.05130561 
727 261 8 10 0.050986297 
184 357 9 11 0.050733853 
486 339 12 15 0.050683606 
174 344 8 10 0.049984165 
449 323 10 13 0.049279306 
85 404 12 16 0.048945755 
601 286 8 10 0.048426814 
279 403 13 17 0.04751958 
20 398 15 18 0.047154453 
283 403 23 31 0.04664684 
534 301 8 10 0.046614952 
740 269 8 10 0.046098247 
305 327 7 8 0.04607802 
346 386 17 21 0.04599976 
205 371 10 14 0.045730148 
184 341 8 10 0.045510393 
345 362 11 13 0.045204107 
110 355 10 12 0.045170326 
536 295 8 10 0.045089226 
198 366 9 12 0.044984795 
246 327 8 9 0.044480633 
746 301 12 15 0.04435629 
529 302 7 10 0.044088755 
542 294 7 9 0.04377205 
439 310 8 10 0.043532375 
256 317 8 10 0.043316115 
232 358 9 11 0.04323188 
434 296 6 7 0.042791914 
269 423 23 32 0.04254536 
255 344 8 11 0.04225221 
150 380 10 14 0.042030048 
174 383 11 13 0.042018466 
259 375 13 17 0.0417818 
585 310 9 12 0.04138843 
94 410 12 14 0.041286632 
505 232 7 9 0.04121386 
710 262 7 9 0.04120986 
85 398 11 13 0.041006863 
200 371 11 13 0.040801205 
377 322 8 9 0.040284883 
367 312 6 8 0.040245827 
505 349 12 15 0.04003747 
72 381 10 13 0.039902885 
473 248 8 9 0.039804857 
477 338 12 17 0.03934271 
79 365 10 12 0.039028276 
703 269 9 11 0.039009966 
435 365 12 16 0.038546935 
425 537 60 86 0.038379073 
447 313 8 10 0.03789229 
436 332 10 13 0.03771307 
943 304 27 35 0.03757751 
39 398 13 17 0.03757044 
566 320 9 13 0.037337445 
551 309 10 12 0.03699872 
94 368 10 12 0.036935005 
248 333 7 10 0.03686764 
161 419 15 21 0.03679016 
95 398 9 12 0.03657038 
153 359 10 13 0.03618432 
283 327 7 10 0.036138963 
693 278 8 10 0.03605752 
270 370 11 15 0.03598441 
386 365 13 16 0.035875812 
345 320 7 8 0.03584108 
42 375 10 13 0.03572588 
724 253 9 12 0.035650123 
670 269 7 10 0.035246596 
130 346 8 10 0.03500103 
423 318 9 10 0.034859464 
487 288 7 9 0.034562346 
817 269 11 15 0.03448081 
71 372 10 13 0.03421616 
665 272 8 9 0.033783436 
821 261 8 12 0.033744603 
956 365 33 41 0.03370602 
529 295 8 9 0.03358206 
598 304 9 12 0.03345748 
198 393 15 21 0.033270705 
789 246 10 12 0.033268727 
731 316 15 18 0.03302134 
278 349 8 10 0.032930702 
549 315 11 13 0.032818396 
680 266 10 12 0.03279697 
117 435 14 20 0.032600347 
705 294 10 13 0.032561496 
229 333 8 11 0.03253349 
282 412 38 51 0.032505725 
104 354 10 13 0.032458983 
488 345 12 15 0.032427263 
399 319 8 10 0.03230722 
76 380 11 14 0.032240175 
213 371 12 14 0.032217644 
28 398 14 17 0.031971008 
521 302 8 10 0.031669058 
458 352 13 17 0.03134213 
336 359 9 12 0.03132166 
550 329 13 18 0.031283148 
246 318 7 10 0.031167855 
278 411 14 21 0.03080035 
250 343 8 11 0.030799367 
567 331 10 15 0.030783754 
90 374 11 16 0.030466808 
118 357 9 13 0.030441668 
161 374 9 12 0.030435355 
256 389 11 14 0.030285968 
624 286 8 10 0.030152312 
293 388 12 16 0.029960537 
15 401 14 17 0.029906489 
304 321 7 9 0.029813215 
565 231 8 9 0.029764663 
277 389 11 13 0.029734915 
593 285 8 10 0.029439433 
121 431 21 28 0.029334767 
278 343 8 10 0.029317226 
247 397 11 16 0.029241314 
364 326 8 10 0.02923379 
402 293 8 10 0.029226469 
662 287 9 12 0.029203324 
59 395 13 16 0.028969564 
55 383 11 14 0.028839424 
585 300 9 12 0.028774591 
30 421 13 17 0.028711637 
195 357 10 12 0.028672181 
416 327 9 10 0.028623546 
342 341 9 11 0.028531725 
162 337 7 9 0.0282587 
649 277 8 10 0.028250653 
494 312 9 10 0.028150458 
519 296 7 9 0.027986176 
494 301 8 10 0.02787366 
258 347 9 12 0.027196659 
729 283 11 13 0.027150735 
343 327 7 9 0.02713077 
697 270 8 10 0.027125405 
743 263 8 10 0.02702863 
244 389 11 15 0.026936453 
134 365 10 14 0.026928285 
595 333 12 15 0.02689814 
168 359 8 11 0.026532918 
543 288 7 9 0.026531128 
935 299 25 34 0.02620653 
431 320 8 9 0.026042018 
217 360 9 11 0.026024617 
344 381 13 18 0.025976943 
223 359 9 11 0.025941689 
994 336 30 43 0.025888676 
743 256 7 9 0.025788277 
922 298 26 31 0.02577708 
423 326 9 10 0.025399588 
313 340 9 11 0.025312942 
577 237 7 9 0.02525003 
526 310 9 11 0.025172591 
427 339 10 14 0.025115846 
536 317 11 14 0.025060132 
173 460 23 27 0.02493878 
463 301 8 10 0.024928346 
421 345 12 15 0.024841016 
202 342 7 9 0.024799658 
122 386 12 15 0.024771031 
481 295 7 9 0.024597852 
118 364 10 13 0.024534184 
61 382 10 12 0.02443151 
685 309 13 17 0.02439529 
148 373 11 14 0.024106555 
610 307 11 14 0.024056682 
253 402 11 16 0.023996845 
995 296 29 39 0.023958579 
147 432 15 20 0.02392311 
237 357 11 13 0.023921542 
601 293 8 10 0.023920711 
446 303 8 10 0.023587447 
151 387 11 14 0.023552263 
86 365 10 12 0.023480544 
47 476 30 37 0.023475049 
0 417 9 15 0.023355445 
382 331 10 13 0.023325132 
63 372 9 12 0.02327656 
685 267 9 12 0.023224302 
515 320 13 18 0.023101173 
6 375 10 12 0.023065517 
631 285 8 9 0.023028068 
462 286 7 9 0.022924952 
493 332 9 13 0.022875633 
69 360 10 12 0.022649255 
409 334 10 13 0.022522155 
785 4 10 12 0.022489797 
632 281 8 9 0.022413358 
529 288 7 8 0.022405082 
716 278 9 12 0.022222266 
242 325 8 10 0.022215592 
773 245 10 12 0.02201843 
593 280 8 10 0.022017907 
505 236 8 10 0.022015883 
569 261 8 10 0.021986993 
128 358 11 13 0.021966329 
906 304 25 30 0.02186625 
534 388 14 19 0.021773927 
440 318 8 10 0.021753518 
654 277 8 10 0.02153891 
556 309 10 12 0.021475837 
672 265 9 11 0.021450803 
671 287 9 11 0.021421846 
641 206 8 10 0.021330245 
200 383 11 16 0.021318268 
196 477 12 17 0.021276474 
366 391 15 19 0.021259509 
270 330 8 10 0.021235395 
577 232 8 10 0.021212198 
757 307 12 15 0.021200666 
709 271 10 13 0.021157665 
473 297 7 9 0.02111016 
471 325 8 10 0.021056259 
438 297 7 8 0.020990657 
301 388 13 17 0.020973451 
473 253 7 9 0.020912798 
416 346 11 14 0.020885704 
494 326 10 13 0.020874105 
327 364 9 12 0.020873139 
489 300 9 11 0.020837344 
351 319 6 8 0.020792779 
670 291 10 14 0.0207889 
482 239 6 8 0.02078638 
138 438 15 20 0.020775124 
182 424 13 16 0.020644456 
577 289 7 10 0.020631012 
289 322 7 9 0.020607203 
463 320 8 10 0.020506322 
499 286 8 10 0.02041827 
679 314 14 19 0.020389149 
625 381 17 21 0.020353835 
406 341 11 14 0.020303499 
305 334 8 9 0.020244246 
23 390 11 15 0.020238819 
374 383 12 17 0.020109303 
567 288 7 9 0.020108992 
