2_Demonstration_Protesters_2_293
104
291 435 52 69 0.99946326 
455 433 53 77 0.9993585 
866 456 71 91 0.99868125 
223 526 87 108 0.99840194 
798 457 57 75 0.99813193 
90 341 43 69 0.99810565 
540 458 71 99 0.9976623 
164 371 37 58 0.9971288 
831 586 75 94 0.9954158 
563 413 51 66 0.9927626 
352 361 34 52 0.98574674 
412 469 42 89 0.98060864 
477 361 43 56 0.97770905 
408 336 34 48 0.95141757 
730 517 46 97 0.94332224 
603 386 35 53 0.94225764 
46 330 29 42 0.9335311 
679 356 26 42 0.89378667 
245 457 43 60 0.8560395 
669 449 54 66 0.68452865 
56 309 29 36 0.6793734 
128 357 29 49 0.6017851 
846 407 43 49 0.527953 
267 363 29 42 0.4326138 
115 267 20 30 0.3340559 
744 417 45 61 0.2806117 
-1 373 26 59 0.27487808 
586 301 17 23 0.25045502 
550 359 32 37 0.24572125 
343 303 28 38 0.20318006 
866 398 32 47 0.18704392 
276 447 44 63 0.18212527 
440 447 46 77 0.17846102 
597 285 24 30 0.16869795 
626 340 25 31 0.15880877 
35 372 35 51 0.15833348 
590 293 23 30 0.13999358 
31 334 33 44 0.13703527 
876 326 11 14 0.12663731 
579 323 24 34 0.12413345 
801 338 24 37 0.111318775 
300 354 14 16 0.09392834 
432 310 27 35 0.078039385 
773 328 24 31 0.07075855 
731 416 34 58 0.06854938 
690 22 14 17 0.06629726 
802 340 16 21 0.064816564 
429 327 28 36 0.063776605 
0 426 33 82 0.06334266 
309 342 30 33 0.060282294 
840 400 29 38 0.060108088 
54 317 40 57 0.057947 
576 301 37 53 0.055314787 
856 420 55 72 0.053483095 
689 435 49 71 0.052782092 
428 256 27 41 0.052002147 
841 333 13 15 0.04827811 
712 421 45 66 0.0454161 
584 283 38 51 0.04177546 
870 318 13 18 0.038957033 
24 366 31 52 0.036622792 
593 317 26 35 0.03629404 
803 379 13 19 0.03597635 
902 415 9 13 0.03596461 
740 377 28 38 0.035003394 
561 363 19 22 0.034589976 
547 381 48 57 0.03413935 
517 75 30 33 0.03397499 
820 442 54 71 0.033227038 
780 327 14 17 0.032550287 
40 342 41 54 0.03249166 
23 344 31 49 0.032035835 
812 343 18 28 0.031228371 
590 307 22 32 0.031068742 
179 329 14 16 0.030516999 
993 346 32 48 0.030112993 
298 348 27 30 0.0296184 
263 451 31 54 0.02918256 
786 333 12 17 0.028362405 
322 338 30 38 0.027577896 
540 408 52 62 0.027474795 
734 387 42 54 0.027165981 
577 424 51 75 0.027156001 
760 279 24 36 0.026814625 
692 353 28 39 0.026400022 
767 438 51 70 0.025498504 
758 335 24 36 0.024641722 
53 321 17 21 0.024462523 
289 421 30 40 0.024343459 
826 404 28 35 0.02427873 
748 524 49 88 0.024070349 
1 351 31 43 0.023909679 
56 328 21 28 0.02350758 
649 371 35 43 0.023372442 
885 306 24 27 0.022959927 
642 460 32 42 0.02259119 
175 325 26 28 0.022576807 
799 333 15 19 0.022325234 
865 376 31 36 0.021810187 
419 342 38 54 0.021652848 
189 332 14 16 0.021587526 
881 398 24 37 0.02143407 
600 320 16 20 0.020540351 
630 348 29 36 0.020043666 
