2_Demonstration_Political_Rally_2_335
323
895 339 50 65 0.9989396 
820 476 74 82 0.99879265 
786 561 73 91 0.998697 
312 323 52 65 0.99868315 
670 419 57 64 0.9982317 
405 261 47 62 0.9980976 
615 80 30 35 0.99765635 
752 177 35 42 0.9976197 
733 444 60 81 0.9976157 
351 499 65 80 0.99751294 
271 265 47 58 0.9974317 
328 105 30 36 0.99742585 
606 162 35 41 0.99738353 
253 552 68 88 0.9973182 
380 334 51 60 0.9970385 
658 129 29 35 0.99703443 
730 80 29 35 0.9965491 
108 149 29 33 0.99642676 
279 429 50 63 0.99626726 
240 177 33 36 0.9962359 
474 174 34 41 0.9960912 
879 151 29 37 0.99563557 
209 283 48 63 0.995481 
444 152 29 42 0.9952384 
6 331 44 58 0.995031 
613 410 50 54 0.9946549 
666 64 26 31 0.9945774 
554 569 76 90 0.99454725 
487 244 43 53 0.99439335 
920 197 33 39 0.99408853 
578 62 27 29 0.9938916 
331 427 61 70 0.9938083 
704 318 47 59 0.9937308 
0 405 50 61 0.9934708 
943 115 29 37 0.99343103 
64 206 40 45 0.99336255 
110 265 45 52 0.9924573 
569 328 46 53 0.9923509 
778 198 36 45 0.9915569 
137 481 45 70 0.98986536 
246 94 25 35 0.98972005 
742 141 26 34 0.9890057 
337 278 49 63 0.988987 
448 375 42 57 0.9885309 
61 138 37 42 0.98843527 
233 229 40 46 0.9882455 
145 147 32 43 0.9882337 
0 230 30 49 0.9878444 
484 440 47 70 0.98739934 
696 213 37 43 0.98733264 
68 88 26 31 0.9873126 
170 189 42 43 0.98726267 
273 194 31 40 0.9871907 
31 217 33 44 0.98701036 
339 56 22 29 0.98652565 
564 482 53 66 0.9848402 
66 395 48 65 0.9845917 
519 197 31 41 0.9843997 
847 214 43 44 0.98415226 
578 137 30 37 0.983061 
858 118 24 28 0.9807866 
862 63 23 29 0.98067343 
473 295 41 53 0.97998774 
360 157 37 40 0.9768996 
30 147 27 32 0.9757701 
140 99 25 31 0.9750769 
545 220 40 45 0.974883 
877 310 36 49 0.9745378 
843 168 38 42 0.9732159 
143 228 32 39 0.9719088 
193 264 32 47 0.9717753 
271 323 45 53 0.9716793 
889 219 33 40 0.9686836 
85 233 41 54 0.967974 
36 78 23 28 0.9649021 
157 258 36 46 0.96280897 
935 405 44 55 0.9599783 
658 230 43 48 0.9596991 
502 374 47 64 0.95866716 
123 356 48 56 0.95580477 
1 492 38 59 0.95372856 
986 6 19 22 0.9536508 
300 103 25 34 0.949604 
663 178 39 41 0.94289124 
355 230 41 44 0.9419199 
479 126 34 39 0.9151318 
909 7 17 22 0.9102827 
640 236 28 34 0.89558643 
822 428 50 63 0.89072543 
647 80 20 28 0.8840641 
336 153 26 37 0.8828595 
816 75 25 28 0.8792597 
168 75 22 26 0.86349064 
-1 142 22 38 0.85696584 
566 116 22 27 0.8539156 
533 261 32 40 0.8534693 
906 64 16 22 0.8504253 
756 244 39 52 0.8391268 
308 51 15 22 0.83536595 
13 32 21 25 0.8334903 
186 113 26 35 0.8187294 
771 155 32 36 0.81847274 
180 24 18 24 0.8033816 
932 31 15 19 0.7904856 
532 296 42 56 0.7620714 
832 57 22 25 0.75734663 
348 206 30 32 0.7463093 
715 77 14 17 0.7430393 
775 53 22 31 0.73993504 
818 105 30 37 0.7393992 
797 124 29 34 0.7301938 
75 181 35 37 0.72485906 
64 63 22 25 0.7189764 
332 35 17 24 0.6850798 
661 524 61 69 0.6745423 
661 41 15 19 0.6642302 
918 97 20 27 0.6639571 
688 120 23 30 0.65614325 
314 192 23 35 0.642425 
457 112 21 27 0.632541 
27 0 17 15 0.6294152 
323 304 53 62 0.6271106 
820 183 30 39 0.61894804 
574 195 34 41 0.61595607 
410 92 21 28 0.6109682 
172 402 59 69 0.570664 
536 153 33 38 0.56748044 
403 65 20 28 0.49953607 
586 105 24 29 0.4964753 
404 433 41 56 0.4767461 
457 269 28 35 0.46420455 
691 64 16 21 0.4590646 
-1 74 17 21 0.4563049 
466 30 19 26 0.42682213 
268 147 24 28 0.41609034 
0 567 54 92 0.40768862 
34 37 14 18 0.40568653 
211 12 13 17 0.34408686 
576 111 23 29 0.33617997 
552 314 43 54 0.32557154 
370 208 38 43 0.32347092 
16 54 17 19 0.3127277 
472 54 25 32 0.30722544 
808 116 29 36 0.3034615 
181 54 20 26 0.29724094 
197 630 43 54 0.27087888 
22 34 21 24 0.2625503 
455 651 47 35 0.2565152 
615 59 16 19 0.2479877 
924 62 21 28 0.24728112 
21 79 16 24 0.24031474 
785 16 9 12 0.23507392 
596 46 10 14 0.23420358 
813 176 26 34 0.23224854 
164 127 27 36 0.23119201 
0 27 10 16 0.22402777 
205 504 45 67 0.22224392 
197 57 16 23 0.21323614 
67 48 23 26 0.20806101 
31 396 49 62 0.20599626 
509 249 43 54 0.20577423 
125 120 22 28 0.19880126 
858 48 18 23 0.19435303 
754 54 17 20 0.19215617 
743 30 13 16 0.1853484 
493 372 34 55 0.17182662 
26 58 19 20 0.1700958 
211 93 18 24 0.16726682 
833 179 36 42 0.14552337 
647 95 24 31 0.14548695 
465 124 28 35 0.14518808 
718 12 10 15 0.1402181 
403 161 28 37 0.13481793 
642 302 38 37 0.13094479 
149 234 37 48 0.12781174 
765 53 20 27 0.12595202 
131 107 26 32 0.12525097 
161 147 34 42 0.12203935 
969 2 18 19 0.12141228 
561 108 20 27 0.12063021 
245 398 37 50 0.120119974 
824 62 27 30 0.118801065 
790 141 37 43 0.11754755 
455 157 33 44 0.10812205 
591 196 27 38 0.100224964 
529 374 48 62 0.09988624 
915 65 15 21 0.098775454 
781 133 33 41 0.09204267 
558 207 36 43 0.08941891 
773 127 28 33 0.08749212 
71 58 21 24 0.086496815 
64 28 16 17 0.08604756 
764 188 34 40 0.0832038 
673 213 36 46 0.0817987 
639 132 22 29 0.07975013 
914 26 13 16 0.07890547 
277 168 28 32 0.07812649 
480 0 11 10 0.074310414 
61 248 27 42 0.07427375 
452 124 23 30 0.073240615 
171 119 38 47 0.07278369 
495 404 53 70 0.072655044 
101 529 39 54 0.070423596 
705 165 29 36 0.07004309 
773 246 32 43 0.06944067 
68 11 16 17 0.06887904 
756 14 12 15 0.068824254 
779 97 19 22 0.06863508 
914 282 32 41 0.06852841 
531 271 44 53 0.06712233 
672 196 36 40 0.06327011 
258 413 43 60 0.06320949 
0 126 21 35 0.061132275 
2 120 18 24 0.060493257 
782 46 13 16 0.06039065 
27 76 21 27 0.06020368 
674 250 36 44 0.059800845 
886 418 47 61 0.059669666 
769 139 29 37 0.05922874 
175 4 13 16 0.05870939 
279 302 48 62 0.058541507 
12 216 34 53 0.058041696 
283 41 11 15 0.057742998 
202 272 43 52 0.057606325 
784 27 15 18 0.054965578 
695 300 35 45 0.054196622 
119 13 12 16 0.053408425 
967 8 19 25 0.053226788 
289 102 23 32 0.05318601 
470 32 27 32 0.052539542 
772 216 42 50 0.05143726 
859 57 20 25 0.05139807 
782 2 12 13 0.050361454 
738 71 27 33 0.05031745 
49 385 42 58 0.04988483 
626 301 34 37 0.04986857 
747 57 22 29 0.048760526 
463 291 32 47 0.04852534 
43 144 27 35 0.048352808 
100 41 14 21 0.048138086 
45 73 22 29 0.04757431 
14 79 15 22 0.04628226 
323 251 29 44 0.045276932 
288 188 36 42 0.045216948 
161 164 44 48 0.04451475 
535 606 53 69 0.044466715 
763 131 26 35 0.04207959 
669 119 29 38 0.04194503 
780 449 72 99 0.041643575 
825 3 12 15 0.04039358 
783 51 17 23 0.040047064 
404 76 23 28 0.039865635 
157 412 43 54 0.03922809 
710 440 55 70 0.039015755 
627 86 27 33 0.038620986 
300 323 37 50 0.038281135 
172 56 19 22 0.03799216 
66 18 17 18 0.037789427 
540 243 35 44 0.037514202 
28 63 21 25 0.037227925 
117 132 26 35 0.037122626 
348 301 52 62 0.035207916 
800 189 35 47 0.03482255 
44 257 28 37 0.034476478 
678 164 40 44 0.034473624 
696 70 16 21 0.034281757 
331 272 36 52 0.033856995 
415 224 43 48 0.033647694 
231 1 16 19 0.032975357 
968 0 13 13 0.03168581 
683 225 45 53 0.0315405 
178 64 26 29 0.03110055 
786 20 12 16 0.030738836 
590 262 35 41 0.030443152 
51 0 14 17 0.030101707 
175 20 15 19 0.029884716 
382 514 57 66 0.0297459 
742 50 15 19 0.029724592 
859 39 17 18 0.02939052 
841 52 17 22 0.029257197 
252 188 31 36 0.029191302 
812 172 19 22 0.02918256 
347 150 31 40 0.029128755 
854 55 16 22 0.028142475 
287 110 14 23 0.027991751 
63 33 22 25 0.027676994 
241 243 44 52 0.027594961 
325 152 26 37 0.027590705 
175 367 47 53 0.027510598 
771 451 50 69 0.027510472 
287 162 32 34 0.02742617 
741 1 11 11 0.027290827 
915 412 49 60 0.027250705 
631 323 50 56 0.027089907 
127 222 36 49 0.026985727 
269 141 16 21 0.026702745 
555 354 44 61 0.026672157 
850 186 35 51 0.02651584 
271 247 39 43 0.025705926 
262 150 18 23 0.024829669 
64 152 41 46 0.024773404 
693 19 11 13 0.024663128 
879 235 34 37 0.02464351 
405 250 34 48 0.02429586 
122 71 15 22 0.024209812 
805 133 28 35 0.024170568 
862 107 22 29 0.024113512 
604 177 27 38 0.02398184 
75 5 15 18 0.023929402 
755 146 29 34 0.023712965 
721 75 16 19 0.023579532 
122 43 14 20 0.023414385 
66 223 34 50 0.022938285 
439 264 33 44 0.022760874 
556 117 18 24 0.022487676 
62 4 14 17 0.022336422 
194 110 18 23 0.022097832 
651 106 25 33 0.021346083 
742 206 27 41 0.021158764 
12 58 22 27 0.02075975 
291 266 48 62 0.020254416 
821 345 11 17 0.020240368 
787 3 12 14 0.02006403 
