2_Demonstration_Protesters_2_86
899
284 334 29 36 0.9987399 
118 339 29 34 0.99846387 
320 365 32 40 0.99819094 
492 317 26 32 0.9978709 
38 589 82 86 0.9976471 
461 374 36 43 0.9976254 
352 472 48 50 0.9975272 
728 340 30 39 0.9969463 
807 320 28 34 0.9968522 
967 351 30 40 0.99675816 
184 372 36 43 0.99609274 
537 440 45 54 0.995918 
46 478 45 54 0.99563944 
596 327 27 34 0.9954672 
901 369 30 40 0.99486995 
185 313 23 30 0.99485934 
219 330 24 29 0.9946232 
679 410 36 42 0.9936094 
391 334 24 26 0.9921996 
22 295 24 28 0.9916882 
72 312 23 28 0.99074006 
932 323 25 30 0.99063677 
968 560 51 55 0.98980296 
676 307 28 32 0.988775 
804 423 39 42 0.98711836 
605 268 17 22 0.98545825 
399 245 10 13 0.9836764 
658 277 17 24 0.9788836 
533 300 20 26 0.9782331 
681 268 17 20 0.9762507 
130 272 15 20 0.97364455 
401 302 20 23 0.9726254 
121 297 20 24 0.9721306 
531 279 17 20 0.9704658 
294 273 14 18 0.970317 
621 255 13 16 0.96877307 
427 257 14 16 0.9662306 
783 277 14 19 0.9658859 
968 261 13 16 0.96388763 
862 264 15 17 0.9614184 
330 300 20 25 0.9609724 
360 270 17 21 0.95840234 
100 244 14 16 0.9583984 
275 291 20 24 0.9578053 
329 265 14 17 0.95719534 
979 304 20 26 0.9559029 
772 249 13 16 0.95567006 
883 251 13 17 0.95523 
651 246 12 15 0.9492684 
765 299 19 25 0.9480886 
55 278 19 23 0.9478455 
150 273 15 19 0.9477325 
918 292 17 21 0.94645995 
891 303 19 23 0.94366056 
447 267 17 21 0.94073063 
247 255 15 19 0.93464476 
94 277 20 24 0.9319638 
135 231 12 15 0.92981946 
571 242 11 14 0.92780375 
566 287 19 23 0.9270499 
203 273 16 19 0.9172905 
898 233 13 16 0.91524094 
1008 259 15 19 0.91454387 
728 293 15 19 0.91326165 
839 284 16 21 0.912137 
451 299 20 25 0.9083166 
627 314 18 23 0.9017096 
220 227 10 13 0.8968729 
988 251 12 16 0.8916517 
815 263 12 16 0.89030135 
463 248 12 14 0.88235116 
740 277 14 17 0.8815996 
701 251 11 14 0.87909734 
357 232 10 13 0.8740904 
513 262 14 17 0.8680581 
35 183 11 14 0.8587719 
511 242 10 13 0.8581002 
422 240 10 11 0.84094477 
307 232 10 13 0.8387997 
838 236 13 16 0.83589804 
103 194 10 13 0.83115906 
525 237 9 11 0.82344866 
157 236 13 15 0.82245463 
0 280 14 22 0.82099986 
933 263 10 13 0.82013786 
185 232 11 14 0.8059925 
540 245 10 13 0.79286736 
66 186 13 16 0.7803832 
292 229 9 12 0.7661163 
535 229 8 10 0.76512814 
74 267 15 21 0.75366485 
717 228 10 14 0.7462674 
26 262 13 18 0.7460304 
484 254 13 16 0.74288034 
909 262 12 15 0.7308493 
825 302 16 19 0.7291385 
275 226 10 14 0.70761156 
460 232 9 12 0.69921 
573 271 15 17 0.69047904 
282 247 11 15 0.6857232 
703 234 9 12 0.6807789 
321 253 12 15 0.65798104 
20 195 12 16 0.6519402 
952 228 10 12 0.6461546 
761 239 10 14 0.6330973 
494 229 9 12 0.6290873 
222 212 8 10 0.62877464 
129 181 9 12 0.6284227 
965 217 9 12 0.6261573 
181 176 8 10 0.6108437 
579 214 8 10 0.6067015 
549 232 9 11 0.58831275 
0 360 16 36 0.5876412 
727 255 10 13 0.5838042 
333 216 9 12 0.57630074 
922 231 9 13 0.56233233 
372 228 9 12 0.5420513 
901 212 9 12 0.5163934 
671 224 8 10 0.5119365 
765 282 14 18 0.50953937 
375 250 12 14 0.50510836 
268 270 13 14 0.49650294 
447 208 8 10 0.48806384 
976 242 10 13 0.4808986 
560 206 8 10 0.47877637 
873 224 11 14 0.47500604 
958 244 10 12 0.4674223 
487 216 8 9 0.45913044 
157 212 8 12 0.45714995 
503 206 8 10 0.45101753 
246 215 9 12 0.4448702 
205 213 9 11 0.4352818 
624 209 7 9 0.41963062 
94 181 11 12 0.39507806 
606 222 10 12 0.39447933 
630 229 8 11 0.3672626 
1007 242 12 15 0.35369146 
591 237 11 13 0.35285133 
890 198 9 11 0.35128278 
589 229 11 14 0.34225842 
176 216 8 11 0.3385609 
949 298 15 16 0.33625162 
256 231 10 12 0.3228093 
50 184 10 12 0.3196125 
426 224 8 10 0.31502885 
604 238 10 12 0.31133708 
817 212 9 12 0.30777726 
413 209 8 10 0.3014895 
201 231 9 11 0.2948042 
745 205 8 10 0.29424053 
743 244 9 12 0.2929995 
429 225 9 11 0.2876092 
797 236 9 12 0.28751665 
61 250 11 14 0.28309524 
885 208 9 11 0.2807602 
80 180 8 12 0.2779807 
517 224 9 10 0.27188504 
702 274 15 19 0.2715914 
735 230 8 11 0.26918063 
489 221 9 10 0.2674372 
992 223 8 10 0.26550335 
542 214 8 11 0.26203007 
989 230 10 12 0.25533265 
405 228 10 12 0.25345528 
234 201 7 9 0.2513508 
727 230 10 11 0.2450715 
454 222 8 10 0.232234 
255 206 7 9 0.22977045 
519 205 8 9 0.22261381 
799 253 9 12 0.22250502 
233 234 10 13 0.2200374 
306 205 8 10 0.21983884 
676 254 11 13 0.21692982 
629 240 10 11 0.21510017 
29 341 14 17 0.2113083 
1010 296 14 22 0.21092246 
999 173 7 10 0.2014766 
493 224 8 11 0.20045587 
849 223 10 13 0.19918923 
874 197 7 9 0.19636251 
607 245 11 13 0.19353715 
937 235 10 12 0.19198519 
189 260 13 15 0.19155276 
318 222 8 10 0.19056651 
742 230 9 11 0.18757361 
672 200 8 10 0.1872428 
21 183 8 10 0.18435268 
100 180 11 12 0.18191555 
168 197 8 9 0.1810336 
704 223 8 10 0.17851648 
395 283 14 17 0.174039 
943 278 11 13 0.16868451 
945 244 9 12 0.16843075 
922 191 7 10 0.1668154 
690 247 8 11 0.16662054 
782 223 9 11 0.16533324 
1015 230 9 12 0.1632329 
266 262 13 16 0.16250773 
982 285 15 16 0.16180019 
950 243 10 12 0.16172351 
438 213 8 10 0.15820108 
941 238 9 11 0.15782459 
402 225 8 10 0.15719727 
205 257 15 17 0.15415429 
352 217 8 11 0.15258251 
687 229 8 10 0.1507816 
528 232 10 12 0.15038124 
72 263 13 16 0.15012921 
1013 236 10 14 0.14789611 
1006 308 19 30 0.14759682 
261 235 9 12 0.14629267 
474 206 7 9 0.14573956 
559 245 9 11 0.14347784 
153 184 8 11 0.14268312 
153 188 9 12 0.1419487 
376 213 7 9 0.14147332 
489 230 9 12 0.14068802 
552 193 7 9 0.1354663 
743 223 9 11 0.13440903 
86 221 10 12 0.13368145 
792 254 10 13 0.1332797 
572 316 13 18 0.13131765 
762 191 6 9 0.13060753 
444 253 11 13 0.13052589 
781 207 8 10 0.12989928 
648 223 8 10 0.12710279 
911 205 7 10 0.12624405 
904 266 14 16 0.1228266 
264 255 11 14 0.12190496 
1015 221 7 11 0.121875115 
937 197 8 10 0.12158676 
542 207 8 11 0.12150021 
489 198 7 9 0.1213468 
518 230 9 10 0.121326625 
926 199 9 12 0.12064238 
481 236 9 12 0.11974874 
200 236 9 11 0.11935398 
8 181 8 11 0.11863153 
326 235 10 12 0.11818405 
191 276 15 17 0.116334096 
222 246 12 15 0.11609212 
661 216 9 10 0.1159297 
632 224 9 11 0.11572947 
478 206 8 10 0.11499242 
502 228 9 11 0.11434759 
182 206 7 9 0.11278037 
293 214 8 10 0.11138496 
630 198 7 8 0.10939473 
658 216 8 9 0.10900301 
409 213 8 10 0.108660005 
496 236 9 12 0.108486705 
163 235 11 15 0.108437 
264 182 7 8 0.10629379 
545 198 7 9 0.10580371 
636 215 8 10 0.103110425 
1006 215 9 12 0.10285116 
281 192 8 9 0.1024826 
157 254 10 14 0.102041624 
253 223 9 11 0.10117697 
606 227 11 13 0.100449376 
855 203 9 11 0.10003964 
192 195 8 11 0.10002938 
54 219 10 12 0.09911387 
513 227 9 11 0.09883666 
289 214 8 10 0.09815979 
406 264 13 16 0.09794561 
398 207 7 10 0.096528165 
766 244 13 16 0.09610267 
665 239 9 11 0.09610205 
848 205 8 10 0.09496946 
777 214 9 11 0.0943982 
280 197 7 9 0.094348155 
913 222 9 12 0.09409394 
777 221 8 11 0.093150206 
544 239 10 13 0.09248773 
358 251 11 14 0.0895591 
1005 208 8 10 0.08925931 
732 260 12 14 0.08771982 
863 246 10 13 0.08574809 
503 212 7 9 0.08521631 
912 200 7 10 0.08516612 
687 327 23 29 0.08504103 
646 230 8 10 0.084599264 
378 246 11 14 0.08432298 
607 215 8 10 0.0842628 
457 322 16 20 0.08352693 
801 191 8 10 0.080955334 
279 208 8 10 0.080334246 
358 206 7 9 0.080000766 
16 181 8 11 0.07971064 
491 254 12 15 0.07948207 
966 270 14 18 0.079272635 
43 260 14 16 0.07899318 
761 206 8 9 0.07818721 
465 169 7 9 0.076814935 
998 244 11 14 0.07678815 
847 182 7 10 0.07649682 
780 212 10 13 0.07635805 
981 216 11 13 0.075821884 
703 206 8 10 0.075482704 
647 204 8 10 0.07542638 
243 214 8 11 0.07541549 
839 183 10 12 0.075079486 
915 277 14 17 0.074831255 
442 209 8 10 0.07477653 
73 219 9 12 0.074706756 
944 212 9 11 0.07426892 
863 213 8 11 0.074211545 
382 214 7 9 0.07417287 
229 183 8 10 0.07378427 
88 182 9 11 0.07339414 
226 183 7 9 0.07334825 
735 268 14 17 0.07322563 
665 244 9 13 0.07320782 
695 213 7 9 0.073205315 
792 214 9 11 0.0722578 
640 206 7 10 0.07189898 
639 230 9 10 0.07188011 
561 174 7 8 0.07118757 
665 221 9 10 0.07070842 
281 213 7 10 0.06979502 
889 222 9 10 0.06957168 
943 230 9 12 0.06920303 
78 219 11 13 0.06869654 
904 208 8 12 0.068487465 
117 240 10 13 0.06816377 
425 198 7 9 0.06760004 
190 213 8 11 0.066801846 
320 216 8 11 0.066323385 
833 237 12 15 0.06629773 
617 207 7 9 0.06619261 
591 206 7 9 0.06590273 
904 190 8 9 0.065702625 
593 126 8 11 0.06549917 
930 266 11 15 0.06480779 
913 245 9 12 0.064800344 
392 214 8 10 0.06466755 
228 251 12 16 0.06430117 
853 228 9 12 0.06426254 
638 246 9 12 0.06349533 
248 190 6 8 0.06345786 
151 221 9 11 0.06318679 
856 300 12 15 0.06241512 
823 239 8 11 0.062012948 
758 223 9 10 0.061681632 
413 231 8 10 0.061473787 
877 197 8 10 0.061170466 
783 228 10 12 0.061061565 
286 190 7 10 0.060889672 
748 207 8 11 0.060761232 
537 184 7 9 0.06060835 
68 272 17 24 0.060396414 
201 208 9 11 0.059840456 
728 196 7 9 0.059686404 
666 201 7 9 0.05965863 
607 194 7 8 0.05937149 
567 174 7 8 0.05931967 
310 252 10 13 0.059257403 
423 182 7 9 0.05886338 
455 208 8 10 0.058557883 
655 221 8 10 0.05808163 
608 177 7 8 0.057974037 
546 175 6 8 0.057721272 
771 336 12 17 0.057697017 
370 223 8 11 0.05762046 
738 206 7 10 0.05758225 
631 169 8 10 0.05750841 
888 120 7 9 0.057463106 
590 176 7 8 0.05694805 
711 200 7 8 0.056703568 
880 191 8 10 0.05652138 
265 192 7 9 0.05623222 
735 236 10 12 0.05585687 
567 225 8 10 0.055786997 
0 246 10 14 0.055527914 
428 239 10 13 0.055445265 
586 174 6 9 0.055207055 
164 259 12 15 0.055185284 
909 271 16 19 0.054938797 
504 202 8 10 0.054839373 
462 208 7 9 0.05473586 
995 251 12 15 0.054655302 
737 244 9 12 0.054496996 
331 327 14 20 0.054484215 
385 199 6 8 0.054483816 
366 252 13 14 0.05427973 
742 174 7 9 0.05425067 
447 247 10 12 0.053981256 
557 211 10 12 0.05390351 
769 224 7 9 0.05372395 
841 159 7 8 0.05365569 
656 231 8 10 0.053637248 
680 213 8 10 0.053538658 
862 207 8 11 0.05341864 
746 282 13 16 0.05341697 
881 185 7 9 0.05335444 
502 239 10 12 0.053271145 
880 237 9 12 0.0528581 
760 214 8 9 0.05279337 
392 223 7 9 0.05278744 
583 254 11 14 0.052050624 
766 206 7 10 0.05204209 
447 230 8 11 0.051871862 
888 230 10 12 0.051640548 
448 136 8 9 0.05163526 
592 200 8 9 0.05162807 
322 207 8 10 0.051574048 
857 160 8 9 0.051462837 
782 236 10 12 0.051431 
617 159 6 8 0.05131885 
980 245 11 14 0.051269434 
485 247 12 15 0.050945144 
293 224 9 12 0.050920885 
609 208 7 9 0.050838005 
216 191 8 10 0.050682884 
454 214 8 10 0.050392956 
712 206 7 9 0.05035865 
697 208 8 10 0.05032954 
55 373 12 15 0.050048333 
565 206 8 9 0.049982913 
184 198 8 10 0.04986778 
560 223 8 10 0.04969116 
455 183 7 8 0.049206983 
152 230 11 13 0.049059343 
949 211 9 11 0.048346553 
872 208 7 10 0.04829463 
838 188 9 11 0.048201185 
439 238 8 11 0.047854804 
558 230 9 11 0.04756131 
910 254 12 13 0.0473039 
516 244 10 13 0.047270756 
720 206 7 9 0.047213856 
594 192 7 9 0.04714734 
382 268 11 16 0.047042288 
497 206 8 10 0.047011867 
749 212 9 11 0.04684287 
426 166 7 9 0.046766106 
512 189 7 9 0.046579685 
833 189 9 11 0.045835983 
805 126 7 9 0.045816552 
303 190 7 9 0.04579848 
912 214 8 11 0.04543662 
513 201 7 9 0.04514937 
80 187 9 13 0.04486155 
914 261 11 14 0.044770956 
440 230 9 11 0.044741318 
761 199 7 9 0.04473072 
625 191 7 9 0.04468183 
504 243 11 13 0.044576056 
321 173 6 9 0.044451945 
698 236 9 12 0.04426987 
438 246 9 11 0.04406328 
462 224 9 10 0.043896113 
153 208 9 12 0.043795157 
303 251 10 14 0.043748386 
871 252 12 14 0.043744747 
322 230 9 11 0.043701183 
494 215 8 10 0.0436986 
530 174 7 8 0.043550033 
584 209 8 9 0.04331746 
370 214 7 9 0.043140337 
698 191 6 8 0.043019958 
433 209 7 8 0.042986874 
792 221 8 11 0.04292134 
798 220 9 11 0.042899523 
263 246 11 13 0.042838182 
431 167 6 8 0.042792108 
394 208 7 10 0.0427754 
664 205 8 10 0.04254787 
494 200 7 9 0.042430945 
842 241 12 15 0.04194656 
174 198 8 10 0.04185406 
912 192 7 8 0.04180025 
789 190 9 10 0.04138875 
933 273 13 16 0.041349888 
442 167 6 8 0.0412751 
160 197 8 10 0.04126702 
23 127 7 9 0.041263066 
800 199 8 9 0.04125133 
871 246 10 13 0.041172836 
921 197 8 11 0.04104971 
525 243 10 13 0.04094041 
422 216 8 10 0.040792394 
795 294 12 16 0.04078438 
798 246 11 14 0.040767394 
328 199 7 9 0.040735237 
894 220 9 11 0.040686477 
207 222 8 10 0.04066145 
727 182 6 8 0.04054079 
982 237 10 13 0.04030519 
247 184 7 9 0.040257733 
520 215 8 10 0.04021125 
680 228 8 11 0.03998045 
844 344 16 18 0.039795954 
813 299 16 18 0.039759718 
440 185 7 8 0.039741218 
198 198 7 9 0.039723877 
733 281 16 19 0.039671607 
949 260 10 14 0.039332587 
555 207 8 10 0.03932281 
536 237 10 12 0.039094176 
382 238 9 11 0.03905253 
727 246 10 11 0.039051924 
434 258 13 16 0.038978472 
617 191 6 9 0.038964428 
574 229 9 11 0.038846485 
182 214 9 11 0.038760092 
608 197 7 9 0.03868143 
427 422 26 39 0.038654923 
368 245 10 14 0.03864694 
942 293 12 15 0.03860845 
665 184 7 9 0.038517848 
235 118 6 9 0.038249657 
590 260 10 13 0.03812692 
264 198 7 10 0.038121484 
706 200 6 8 0.038105816 
721 255 10 13 0.03806971 
934 291 13 16 0.0380409 
638 222 9 11 0.037827726 
271 191 7 9 0.03774514 
538 207 8 10 0.037724685 
789 259 11 13 0.037598833 
496 244 10 12 0.037587445 
376 238 10 13 0.037552565 
359 221 9 11 0.037378117 
362 200 7 9 0.037326872 
742 202 8 10 0.037171517 
264 177 7 9 0.037036944 
103 212 11 14 0.03699775 
343 215 8 10 0.036949173 
542 220 9 11 0.03684342 
921 205 9 12 0.03680701 
793 174 7 9 0.036665473 
223 191 8 10 0.036598466 
489 176 7 9 0.036485486 
624 184 7 9 0.036461834 
209 190 7 9 0.03633674 
766 191 7 9 0.036276042 
240 205 8 11 0.03585426 
856 183 6 9 0.03583621 
600 198 7 9 0.035752427 
249 207 8 10 0.035743237 
184 193 8 10 0.035688084 
265 215 7 8 0.035590358 
600 208 8 9 0.0355066 
273 208 8 10 0.03538902 
263 207 8 9 0.035346597 
311 216 8 9 0.035237335 
135 205 10 12 0.035190664 
552 174 6 8 0.0351834 
793 207 9 10 0.034980435 
487 194 7 8 0.034890857 
815 239 10 12 0.034770783 
253 215 8 11 0.034769095 
505 168 6 8 0.0347258 
439 330 14 19 0.034681138 
809 168 8 10 0.034608092 
482 192 6 8 0.034561906 
831 183 10 11 0.034551617 
794 168 6 9 0.034427147 
553 213 8 11 0.03438563 
881 137 8 10 0.034324914 
738 199 6 8 0.034140002 
817 151 6 9 0.03408056 
272 213 8 9 0.034008134 
678 224 8 11 0.034003705 
681 208 7 10 0.033928424 
479 175 7 9 0.033920784 
871 213 8 10 0.03386631 
727 236 10 12 0.03362632 
488 208 8 10 0.033525962 
358 216 8 10 0.03346753 
169 215 9 11 0.033132367 
751 230 9 11 0.033082206 
664 230 9 10 0.03294618 
935 193 9 10 0.032855056 
917 223 10 13 0.032744464 
224 198 7 10 0.032516047 
438 223 9 10 0.032463025 
672 258 12 15 0.032399535 
694 247 11 14 0.032378823 
403 283 13 16 0.032257576 
305 215 8 10 0.0322542 
762 333 19 26 0.032146543 
218 135 6 9 0.032139607 
576 174 7 9 0.031930014 
599 134 7 9 0.031905178 
439 253 11 15 0.031809345 
654 126 7 9 0.03173651 
226 176 7 9 0.031519566 
639 251 10 13 0.031421646 
712 216 8 9 0.031304274 
635 337 12 16 0.031274796 
483 214 8 10 0.031225715 
205 235 9 12 0.031161247 
559 253 10 13 0.031107523 
534 174 7 9 0.03108492 
766 199 8 10 0.031059926 
941 261 11 14 0.031056052 
623 158 8 9 0.030973807 
401 184 8 10 0.03093932 
601 295 15 20 0.030785706 
757 230 10 12 0.030778263 
600 158 8 10 0.030735975 
577 210 8 10 0.030628804 
846 356 16 20 0.030574363 
676 258 15 17 0.030540712 
575 221 9 11 0.03049733 
1009 183 7 10 0.03049276 
841 206 9 12 0.03037526 
600 182 7 9 0.030353105 
653 240 11 13 0.030208383 
431 191 7 9 0.030185316 
600 192 8 9 0.030174486 
857 214 9 12 0.030074205 
569 169 7 9 0.030060017 
734 193 7 9 0.030050416 
559 260 11 13 0.030000111 
40 151 7 9 0.029980017 
528 191 7 9 0.029762367 
678 198 7 10 0.029751476 
1009 174 7 10 0.02973429 
599 241 10 14 0.029673405 
440 190 8 9 0.029512972 
485 262 13 17 0.029453933 
552 245 10 11 0.029424235 
315 307 12 17 0.02940672 
697 231 9 11 0.029342663 
780 252 11 14 0.02933442 
297 190 8 10 0.029311625 
355 206 7 9 0.029260714 
629 325 16 22 0.029183708 
426 160 7 9 0.029151533 
613 238 10 12 0.029148722 
994 191 8 11 0.029126061 
864 183 7 9 0.029098537 
862 253 13 15 0.029073318 
855 245 11 13 0.029059527 
80 272 15 20 0.028870868 
824 151 7 10 0.02885369 
888 191 8 10 0.028808545 
178 180 8 10 0.028782375 
388 268 11 15 0.02877263 
526 252 10 14 0.028728804 
567 190 6 9 0.028686482 
120 228 9 12 0.028673239 
886 237 10 12 0.028617188 
751 222 9 12 0.028613003 
657 191 8 9 0.028546164 
631 193 7 10 0.028507752 
97 189 11 13 0.028481318 
431 160 7 8 0.02847436 
575 168 7 9 0.028463839 
993 182 9 11 0.02840299 
410 166 6 8 0.028391335 
125 205 10 12 0.028386565 
601 214 8 10 0.028332312 
612 229 9 11 0.028322157 
273 274 15 17 0.028309561 
194 260 16 17 0.02813195 
304 201 8 10 0.02806108 
199 244 10 12 0.02805801 
488 181 6 9 0.02801784 
472 200 7 9 0.028013416 
463 160 7 8 0.027969653 
922 152 8 10 0.0279612 
366 197 7 9 0.027828962 
216 243 10 13 0.02776514 
358 158 7 9 0.027754856 
506 117 8 10 0.027607176 
431 198 7 9 0.027564272 
614 199 7 10 0.027504317 
759 173 7 9 0.027469542 
879 268 12 14 0.027445026 
775 229 9 11 0.027413448 
454 136 7 9 0.027404243 
728 209 7 9 0.02739147 
480 200 7 10 0.027321883 
707 270 14 17 0.027296986 
750 237 9 12 0.027221505 
751 127 7 9 0.027190672 
288 209 7 10 0.0271862 
583 222 10 11 0.027170962 
120 222 11 13 0.027131889 
196 253 12 16 0.02712936 
371 254 15 18 0.027113441 
887 184 8 10 0.027062172 
503 189 7 9 0.027050795 
447 237 9 11 0.027017547 
599 231 10 12 0.027002135 
824 182 7 10 0.026949927 
423 177 7 10 0.026879841 
378 174 7 9 0.026861575 
442 322 15 21 0.02685239 
367 194 7 8 0.026615657 
1 182 7 10 0.026602633 
994 174 8 10 0.02657392 
455 191 7 8 0.026517356 
385 192 7 8 0.026501173 
174 192 8 11 0.02647633 
168 220 10 13 0.02643838 
1014 175 7 9 0.026422434 
965 244 11 13 0.026412008 
355 136 6 8 0.02640502 
808 121 8 9 0.026372232 
114 166 7 11 0.026365206 
769 229 8 11 0.026280865 
87 118 8 10 0.026218802 
206 134 7 9 0.026193632 
313 191 7 8 0.026171943 
750 288 13 17 0.02605605 
895 192 8 9 0.026040819 
209 270 14 17 0.02600787 
814 174 8 9 0.026001157 
990 216 9 11 0.025916819 
799 168 7 8 0.025908545 
618 319 22 32 0.025875058 
687 207 7 9 0.025849102 
937 206 8 11 0.025758771 
968 230 9 11 0.025738899 
202 134 7 9 0.025693208 
352 200 7 9 0.025613785 
241 176 7 9 0.02557937 
592 215 8 10 0.025563953 
812 293 15 16 0.025546705 
1002 214 9 12 0.025529157 
344 175 7 8 0.025524525 
284 632 16 19 0.025514131 
355 159 7 9 0.025419435 
391 199 6 8 0.02538798 
441 160 6 9 0.025349243 
585 169 7 9 0.02533908 
707 252 11 14 0.025338173 
623 246 12 14 0.025328932 
918 214 9 11 0.025318898 
143 221 10 12 0.02516299 
542 182 7 9 0.025155958 
192 209 8 10 0.025142455 
466 198 6 9 0.025130035 
118 159 8 10 0.02512674 
145 126 9 11 0.025081107 
471 192 6 9 0.025047995 
166 231 11 13 0.024972497 
712 406 25 30 0.024969526 
426 193 7 8 0.024940383 
126 245 10 14 0.024935776 
296 244 10 13 0.02487523 
287 166 7 9 0.024863256 
218 209 8 10 0.024851589 
552 359 10 12 0.02480381 
60 220 10 12 0.02477672 
158 219 10 13 0.024759986 
433 183 7 9 0.024750166 
687 200 8 9 0.024652869 
616 175 7 9 0.024652371 
446 167 7 8 0.024610264 
231 176 7 9 0.024606746 
567 274 15 18 0.02459355 
703 214 9 11 0.024503417 
678 288 15 18 0.024280896 
411 261 11 15 0.024223192 
847 215 8 10 0.02415621 
901 218 11 13 0.024093473 
185 143 7 9 0.024081212 
344 198 7 9 0.024017831 
99 196 10 12 0.023955438 
503 185 7 9 0.023927288 
924 274 14 17 0.02391129 
896 207 8 11 0.023899117 
359 136 6 8 0.023848532 
861 160 8 10 0.023819063 
625 134 7 10 0.02381573 
157 183 8 10 0.023810338 
831 243 11 13 0.023807252 
217 198 7 9 0.023799682 
911 294 16 21 0.023758376 
537 250 11 15 0.023616815 
247 176 7 9 0.023562314 
593 153 7 9 0.023500925 
585 192 6 8 0.023468405 
129 229 10 13 0.023429189 
1 231 9 12 0.02342772 
576 159 7 8 0.023378417 
905 199 8 10 0.023360593 
567 201 7 9 0.02332739 
399 213 8 10 0.023321904 
687 177 7 9 0.023261147 
738 176 7 8 0.023231348 
333 237 10 14 0.023191186 
560 189 6 9 0.02317138 
336 198 7 9 0.023156814 
783 168 7 9 0.023132259 
632 208 8 10 0.023098407 
336 168 7 9 0.023080833 
241 512 35 29 0.023050427 
638 238 10 11 0.023018505 
497 183 7 9 0.022995176 
512 216 8 9 0.022980234 
688 238 8 11 0.022947684 
332 245 11 13 0.022876041 
46 196 10 12 0.022867732 
710 245 10 13 0.022834651 
296 208 8 10 0.022791045 
383 208 7 10 0.022747068 
792 231 9 11 0.02274028 
625 223 9 11 0.022736197 
853 306 14 18 0.02270874 
535 169 7 8 0.022668762 
111 228 10 13 0.02260543 
831 176 8 10 0.022601396 
1000 239 11 12 0.022544825 
272 135 6 8 0.022535205 
384 231 8 11 0.022533942 
463 214 7 9 0.02248765 
713 222 9 13 0.022483312 
612 245 11 13 0.022472883 
594 182 7 9 0.022468694 
208 200 7 9 0.02245113 
734 214 8 10 0.022409119 
687 182 6 9 0.02240635 
935 285 12 15 0.02237219 
835 269 14 15 0.022309044 
326 246 12 14 0.022277663 
338 152 7 8 0.022259515 
602 178 6 8 0.02225371 
618 184 6 8 0.02222152 
265 133 7 9 0.022216605 
506 112 8 10 0.022205876 
736 224 9 11 0.022195267 
120 198 9 11 0.022157831 
108 211 10 14 0.022144347 
408 161 7 9 0.022133037 
271 282 15 18 0.02205674 
0 237 9 13 0.022024715 
678 248 9 12 0.022003382 
593 157 8 9 0.021976335 
797 260 11 13 0.02195245 
585 199 8 9 0.021912195 
270 246 10 12 0.02183538 
831 229 10 14 0.021828337 
831 152 7 9 0.02179178 
498 191 7 9 0.021788355 
593 132 8 10 0.021779155 
721 199 7 9 0.021623867 
59 229 14 16 0.02161278 
128 253 11 14 0.02158612 
528 199 7 9 0.02156329 
297 199 7 8 0.021542443 
230 189 8 10 0.02150785 
640 200 8 10 0.021485664 
689 214 8 9 0.021465411 
494 176 7 8 0.02143471 
0 353 12 27 0.021385532 
841 213 8 11 0.021377087 
943 252 11 13 0.0213624 
618 213 8 11 0.02131418 
585 236 10 13 0.02128524 
459 159 6 8 0.021240382 
703 191 7 8 0.02120946 
471 223 8 10 0.021193337 
783 174 7 9 0.021177685 
57 246 19 23 0.021159513 
85 188 9 12 0.021152612 
601 165 7 9 0.021069158 
898 141 7 9 0.02100717 
296 252 10 14 0.02095256 
125 214 10 13 0.020917065 
759 343 14 20 0.020910852 
81 143 8 10 0.020905122 
297 166 7 8 0.02087557 
345 221 9 11 0.020788612 
488 168 7 8 0.02077017 
855 236 9 13 0.02075033 
708 237 10 12 0.020736283 
231 216 8 9 0.020735012 
319 191 7 8 0.020732025 
472 174 7 9 0.020709405 
239 160 7 9 0.020649321 
389 262 11 14 0.020627592 
66 252 14 15 0.020599559 
272 198 8 9 0.020581767 
815 302 22 26 0.020543989 
997 181 9 11 0.02053048 
859 293 14 17 0.020483784 
551 224 9 11 0.02039787 
98 500 18 25 0.02038307 
590 169 8 9 0.020355022 
552 255 10 13 0.02035495 
364 259 14 17 0.020185964 
457 246 10 13 0.020180164 
167 175 8 10 0.020152004 
697 223 8 9 0.020112852 
94 212 10 14 0.020090481 
529 184 7 9 0.02008357 
0 141 8 11 0.02008157 
344 169 7 9 0.020079697 
194 298 16 18 0.020045571 
223 127 6 9 0.0200397 
322 236 9 12 0.020020492 
