2_Demonstration_Protesters_2_476
54
410 375 46 59 0.99655473 
274 383 42 55 0.9933187 
685 382 22 31 0.9886452 
769 358 23 29 0.98795843 
187 411 27 38 0.9839962 
112 385 46 54 0.9781296 
12 338 32 47 0.97732884 
920 374 23 28 0.9700548 
198 358 29 38 0.9693775 
101 315 36 41 0.9472946 
446 379 29 40 0.7588773 
330 377 26 32 0.577894 
880 379 18 21 0.32890287 
389 417 21 27 0.25057358 
339 417 25 33 0.20159756 
617 395 19 28 0.1548039 
258 365 27 37 0.13183974 
350 411 24 31 0.11515068 
362 401 27 31 0.110846944 
64 319 10 13 0.10296603 
943 454 49 64 0.066130504 
64 324 12 17 0.065886274 
594 373 13 18 0.06271496 
122 279 42 50 0.060137272 
627 399 17 24 0.057590842 
141 335 21 26 0.056688625 
883 386 18 24 0.052676164 
205 337 9 11 0.049180087 
365 401 40 48 0.048439704 
71 410 33 43 0.04658361 
223 342 11 13 0.042477738 
326 396 30 39 0.041229427 
788 474 19 23 0.04044739 
176 342 10 12 0.038247917 
178 366 17 26 0.03578016 
630 354 9 13 0.03424196 
688 502 27 37 0.032912426 
187 351 15 21 0.03259978 
358 409 17 21 0.03169234 
679 373 22 27 0.030640937 
919 409 20 23 0.028577333 
190 341 14 18 0.027713723 
923 497 54 68 0.02740858 
381 401 29 33 0.027166363 
156 398 26 37 0.026804658 
677 368 17 21 0.025693089 
315 382 28 39 0.023139086 
584 403 23 31 0.023072857 
872 380 22 30 0.02265707 
197 338 12 16 0.02263151 
60 418 28 39 0.0224416 
342 383 19 23 0.021936323 
613 404 15 27 0.021326961 
260 363 19 22 0.020966677 
