2_Demonstration_Demonstrators_2_268
122
79 285 32 38 0.9959428 
269 255 25 33 0.99427444 
363 262 23 29 0.99043137 
573 282 26 30 0.9860124 
839 278 22 26 0.98103034 
973 258 39 50 0.9805557 
681 246 21 26 0.9752051 
30 265 17 20 0.96153885 
946 263 16 20 0.9380506 
721 361 22 27 0.9324388 
446 259 14 18 0.8921841 
134 271 12 15 0.8577944 
538 249 13 17 0.8332146 
69 255 24 31 0.81933445 
168 284 19 24 0.8190845 
879 252 18 21 0.8125199 
408 248 9 11 0.7872593 
241 261 14 18 0.73584783 
218 252 13 15 0.6557856 
103 268 10 12 0.6216475 
156 265 19 20 0.6057985 
601 258 11 14 0.5247724 
614 292 9 11 0.37363932 
0 278 13 22 0.3465018 
505 267 9 13 0.32819667 
727 256 8 10 0.30793124 
912 247 11 13 0.23776591 
769 260 8 10 0.23396203 
75 253 15 21 0.19747028 
521 254 10 11 0.16982137 
817 256 10 12 0.16794519 
656 262 8 10 0.16103198 
644 245 7 10 0.15377112 
783 257 6 8 0.14269459 
927 253 8 11 0.13633144 
160 273 23 28 0.1332217 
786 271 9 12 0.12579577 
734 270 9 11 0.1163598 
338 255 9 11 0.11392985 
203 276 11 13 0.11346193 
312 260 9 12 0.10977948 
753 258 7 9 0.10965929 
342 278 11 14 0.09633373 
616 276 10 12 0.08970872 
392 274 11 13 0.08438283 
442 275 10 13 0.082549125 
427 286 12 15 0.082322106 
726 276 9 11 0.080488585 
761 277 10 13 0.07410423 
626 254 8 10 0.07407948 
760 257 7 9 0.07300357 
442 259 11 16 0.071699716 
215 257 13 17 0.071596555 
500 286 12 15 0.07045435 
707 261 14 17 0.067850195 
722 255 8 10 0.06681035 
622 288 9 12 0.06504515 
640 291 10 12 0.063763514 
438 303 13 14 0.0633868 
801 260 9 12 0.061568823 
215 269 12 15 0.05740833 
772 261 9 11 0.056362495 
12 330 11 15 0.05422735 
322 273 16 18 0.051830515 
832 255 10 13 0.05128659 
936 246 9 12 0.046323597 
63 261 11 16 0.045347832 
109 285 14 18 0.045042578 
917 250 10 12 0.044704802 
662 247 9 12 0.04358203 
198 260 9 11 0.042849127 
760 260 8 11 0.04193813 
81 260 13 18 0.04184681 
295 260 11 16 0.041592434 
13 275 11 16 0.041419975 
784 261 8 10 0.040792007 
782 273 11 14 0.03960537 
479 260 9 13 0.0376985 
537 231 9 13 0.037465453 
777 256 8 10 0.035015576 
316 260 10 11 0.034961402 
734 276 9 11 0.034290917 
775 270 9 12 0.034035824 
933 252 9 12 0.0330318 
567 254 8 10 0.03271323 
760 272 10 13 0.03259705 
719 269 10 15 0.032078937 
507 263 10 13 0.03150066 
76 248 13 16 0.030599497 
325 281 14 18 0.030463692 
777 275 10 13 0.03026739 
518 258 13 16 0.029986508 
854 252 10 13 0.029796889 
720 261 9 12 0.029493695 
559 254 8 11 0.028288398 
5 270 11 16 0.027986549 
733 263 9 12 0.027908605 
389 261 11 14 0.027754985 
663 253 8 11 0.02731613 
806 254 8 11 0.027156128 
303 262 8 12 0.02658178 
109 279 12 14 0.026450776 
950 264 20 26 0.025918033 
334 276 12 15 0.025847236 
234 261 11 15 0.025711985 
495 262 10 13 0.025125466 
206 260 10 13 0.025037775 
328 290 12 14 0.024793139 
467 287 15 18 0.023746833 
396 270 10 14 0.022608193 
200 256 9 12 0.022569591 
197 284 12 15 0.022491027 
734 254 8 11 0.022171525 
440 265 19 25 0.021938441 
21 322 15 19 0.021486094 
743 276 8 11 0.020974843 
192 285 11 15 0.020831516 
862 245 9 14 0.02075266 
204 281 13 15 0.020638846 
432 255 9 12 0.02032565 
584 247 9 11 0.02021086 
453 240 9 11 0.02005903 
