2_Demonstration_Demonstration_Or_Protest_2_430
39
286 204 55 76 0.99849117 
490 129 58 91 0.99844766 
108 237 53 71 0.9983669 
607 124 49 70 0.997399 
858 218 51 61 0.99621755 
351 180 48 64 0.99605125 
670 109 60 92 0.9884737 
761 143 47 63 0.9830655 
655 101 51 77 0.9715925 
856 166 47 61 0.96599215 
16 363 52 75 0.83859247 
809 121 28 41 0.5059886 
626 112 47 69 0.4076867 
503 97 31 35 0.2809166 
769 123 31 45 0.16145392 
235 213 40 53 0.14320749 
440 241 35 48 0.13761339 
117 215 14 16 0.108995795 
782 124 40 57 0.10506814 
60 221 18 23 0.10140125 
11 320 61 84 0.06405497 
257 210 46 65 0.06261292 
0 142 21 59 0.06141997 
16 290 55 65 0.057828106 
395 181 49 64 0.046801094 
439 265 27 35 0.038191196 
421 214 47 61 0.037942585 
959 505 45 57 0.035974536 
648 110 38 52 0.03259982 
726 73 8 11 0.031112034 
705 135 59 78 0.027070181 
993 350 17 23 0.025076168 
92 380 11 14 0.024169343 
113 212 26 28 0.023814056 
618 104 36 42 0.023482526 
534 31 24 31 0.023460198 
371 521 32 48 0.02307332 
553 328 18 22 0.02147805 
813 471 45 54 0.021346344 
