2_Demonstration_Demonstration_Or_Protest_2_173
164
47 352 50 55 0.9992107 
167 315 46 57 0.99774593 
848 290 52 70 0.9975696 
652 206 36 46 0.9955759 
774 188 32 47 0.9955232 
672 275 49 66 0.9954228 
353 228 27 38 0.99534297 
272 275 36 49 0.9950304 
458 228 34 46 0.9927719 
255 251 31 45 0.9900489 
109 247 38 54 0.98704696 
584 233 40 55 0.98537934 
868 209 41 55 0.98537374 
741 160 20 28 0.979349 
505 218 37 53 0.97764504 
362 295 38 54 0.9742414 
547 168 14 18 0.9734615 
830 165 20 27 0.97051907 
438 193 15 20 0.9651791 
176 226 19 24 0.95624787 
205 238 23 29 0.95574266 
361 191 16 21 0.94444555 
288 196 14 18 0.94000244 
135 211 13 16 0.9285774 
3 217 14 17 0.92848784 
673 154 17 26 0.92596555 
320 208 17 24 0.91966605 
642 167 17 26 0.9030509 
576 187 18 23 0.8827601 
0 301 23 51 0.8814501 
517 156 10 13 0.8739671 
252 223 17 18 0.83398265 
492 162 13 15 0.8237818 
16 241 16 19 0.7960038 
224 207 14 19 0.7450588 
441 174 9 12 0.73334146 
214 198 11 13 0.71976286 
327 184 10 13 0.6350803 
99 218 18 21 0.60783833 
375 174 9 11 0.5737784 
470 192 16 21 0.556152 
165 217 12 16 0.5510337 
884 145 9 12 0.46232033 
63 220 10 13 0.45067275 
596 148 27 36 0.4430888 
388 197 13 15 0.4373904 
512 194 25 28 0.42152953 
157 193 8 11 0.39736158 
401 181 9 14 0.39711875 
509 205 30 41 0.35151812 
174 191 8 10 0.349144 
996 176 10 13 0.33437443 
896 180 18 20 0.32653227 
263 181 8 11 0.32200694 
116 202 10 13 0.32106802 
49 210 10 14 0.30580032 
37 218 10 13 0.272156 
452 205 23 26 0.21931882 
381 199 16 19 0.2147328 
332 182 11 13 0.19808769 
967 121 11 14 0.18999885 
515 189 19 21 0.18706775 
52 263 18 22 0.17179199 
7 140 9 12 0.16988094 
38 199 9 11 0.16624534 
241 208 10 13 0.1634309 
168 206 9 12 0.14275983 
440 149 8 10 0.1407432 
119 216 10 13 0.13414541 
248 189 9 11 0.13298143 
5 252 15 20 0.12003511 
430 171 11 13 0.11930622 
461 195 17 20 0.11879434 
31 215 10 13 0.113117956 
184 275 27 30 0.11240147 
68 203 11 14 0.1076446 
406 175 11 15 0.10366065 
480 167 8 11 0.101607375 
57 218 11 14 0.09797144 
665 147 9 13 0.09638454 
192 191 8 11 0.09453781 
67 219 11 14 0.09219139 
700 182 13 18 0.08773114 
94 213 18 21 0.08377182 
173 196 9 11 0.08286375 
719 154 12 14 0.08154737 
11 246 16 21 0.07883265 
433 244 24 35 0.07560961 
412 179 12 14 0.075037204 
172 219 17 22 0.074256055 
1009 173 11 14 0.06884266 
181 206 10 13 0.05851176 
128 198 9 10 0.055486143 
171 213 14 17 0.050041303 
424 172 10 13 0.04860357 
560 150 12 15 0.048425548 
920 148 11 14 0.046200138 
71 189 11 13 0.045939658 
183 190 9 11 0.04465773 
257 184 7 10 0.04403958 
417 196 14 18 0.044004586 
342 180 9 12 0.043985266 
332 450 14 15 0.041181516 
180 211 13 15 0.040172108 
0 189 8 12 0.040151272 
908 141 10 13 0.039672017 
612 146 14 19 0.039349694 
46 218 11 14 0.03883894 
631 247 29 38 0.038342822 
100 208 12 16 0.03789179 
25 213 10 13 0.03762569 
232 190 8 10 0.03656605 
253 188 8 11 0.035265245 
449 166 9 11 0.034753144 
480 170 10 14 0.034126934 
426 167 10 13 0.03335947 
169 198 10 12 0.03297232 
373 188 12 16 0.03172244 
129 213 11 14 0.031480428 
603 147 17 22 0.03130378 
911 133 10 11 0.030429741 
431 157 8 10 0.03011089 
432 152 8 10 0.029810281 
554 164 14 18 0.02963459 
414 188 11 14 0.029632067 
869 160 11 15 0.029002048 
299 196 14 17 0.028983476 
128 191 8 11 0.028850082 
45 149 8 10 0.028430479 
668 149 16 20 0.027903236 
198 241 17 22 0.027880432 
174 205 11 13 0.026829673 
46 200 8 10 0.026785685 
405 184 11 15 0.026721615 
589 156 11 17 0.02645957 
865 174 10 13 0.026458755 
322 183 10 13 0.026420377 
949 197 16 17 0.025367511 
371 173 9 12 0.025134943 
78 219 10 14 0.02440544 
102 197 8 10 0.024210967 
482 194 13 19 0.023895657 
344 176 9 12 0.023782166 
858 670 27 31 0.02341011 
463 151 8 10 0.023140969 
574 57 8 10 0.023091728 
512 161 13 17 0.023041766 
97 190 8 10 0.022959849 
34 198 9 12 0.022889785 
710 142 9 12 0.022825813 
490 160 10 13 0.022742156 
31 206 10 12 0.02264921 
403 446 15 17 0.022187164 
30 226 12 14 0.02198798 
905 179 14 18 0.021600232 
166 223 13 18 0.021579834 
455 148 10 12 0.021201279 
107 214 13 17 0.021073835 
593 214 29 32 0.020847956 
615 244 40 56 0.020833392 
140 218 13 16 0.020756673 
513 152 18 23 0.020370342 
464 158 8 10 0.020335648 
408 160 7 9 0.020038167 
