2_Demonstration_Protesters_2_24
31
372 266 102 161 0.9989397 
550 258 93 153 0.9986123 
599 628 71 79 0.9977502 
893 1122 97 116 0.99773693 
812 652 68 91 0.99757546 
501 662 66 78 0.9974452 
375 585 58 73 0.9974147 
9 396 109 143 0.99693406 
479 751 77 113 0.99398625 
664 1051 78 107 0.99369746 
451 1119 78 100 0.9934551 
626 117 109 129 0.99260837 
156 804 82 101 0.9877593 
663 467 65 89 0.9811069 
584 866 43 55 0.96688765 
676 857 34 51 0.9213897 
391 805 65 75 0.9127972 
214 144 93 122 0.835963 
749 0 31 23 0.78756523 
179 457 48 66 0.6044398 
640 691 60 70 0.58687896 
889 618 25 27 0.41641843 
28 837 52 62 0.3090635 
872 1041 30 34 0.24685936 
851 -2 100 100 0.070574716 
585 757 36 44 0.051447034 
899 611 26 35 0.0476637 
446 637 44 54 0.045351565 
871 1020 51 59 0.044998746 
662 679 40 52 0.03139913 
613 661 79 85 0.028839119 
