2_Demonstration_Demonstration_Or_Protest_2_600
369
47 242 66 83 0.99620026 
480 298 28 34 0.9958312 
149 306 35 42 0.99208176 
889 277 43 69 0.991956 
220 386 37 46 0.9848171 
379 148 17 19 0.9650052 
817 304 33 45 0.9615599 
676 350 34 44 0.9600721 
506 145 16 21 0.909112 
943 148 14 17 0.90677863 
734 148 12 17 0.9000804 
947 402 31 48 0.8994865 
638 150 17 23 0.8976441 
959 259 25 33 0.8916514 
868 224 24 28 0.8883703 
437 109 8 11 0.8696548 
255 110 10 14 0.8679094 
797 149 14 17 0.85887426 
564 126 13 16 0.84418446 
340 313 24 27 0.8245387 
191 146 18 20 0.8196031 
242 165 13 18 0.81645465 
4 31 10 12 0.81010664 
852 137 13 18 0.7932421 
287 149 12 15 0.7912979 
596 109 10 13 0.7809721 
112 37 9 11 0.77945495 
56 151 17 20 0.7787883 
37 161 11 15 0.7609649 
124 111 12 16 0.7365968 
657 117 10 12 0.72955495 
702 128 12 16 0.72446185 
540 112 10 12 0.7227493 
959 125 11 13 0.69817644 
78 102 12 14 0.6249559 
227 102 11 14 0.58844846 
480 107 10 13 0.58714974 
900 125 10 13 0.5822971 
496 108 11 14 0.57608056 
634 110 8 11 0.5684524 
834 120 9 11 0.5671956 
686 103 11 14 0.56583697 
27 102 12 16 0.5590683 
28 43 9 12 0.5570076 
84 47 9 11 0.5285456 
733 111 10 13 0.52499473 
169 101 11 14 0.51790106 
203 279 23 27 0.4992832 
268 229 16 19 0.48905316 
58 60 9 11 0.48732564 
429 165 15 17 0.4587248 
404 106 11 14 0.45041132 
273 57 9 11 0.4401266 
587 133 13 17 0.43550742 
884 111 8 10 0.4053985 
155 167 14 19 0.4045637 
104 168 19 22 0.3955868 
522 170 13 16 0.36113495 
793 116 10 14 0.3506043 
580 112 9 11 0.3210937 
68 48 10 12 0.30050954 
504 189 11 14 0.29648286 
0 160 11 21 0.26316953 
465 127 9 14 0.24428731 
152 56 9 11 0.23129019 
240 56 9 10 0.23087378 
393 120 9 11 0.22960189 
821 112 8 10 0.22589768 
722 141 10 14 0.20625167 
455 112 8 11 0.20539527 
621 97 9 12 0.18624388 
709 109 9 12 0.18545075 
78 172 12 16 0.18343689 
773 120 9 11 0.18260255 
759 119 10 12 0.1764902 
892 142 12 15 0.1758721 
186 65 7 9 0.17458928 
986 124 10 14 0.17332347 
421 118 9 11 0.17086229 
728 148 13 15 0.161533 
158 126 11 15 0.15933666 
83 107 10 13 0.15802796 
911 113 7 10 0.15602319 
511 322 17 21 0.15528595 
469 124 10 15 0.14591275 
74 100 11 13 0.14464043 
708 155 11 14 0.14296283 
663 125 12 15 0.14233977 
246 76 9 11 0.14025192 
887 145 13 16 0.1397283 
757 123 11 14 0.13754994 
698 173 11 14 0.13603646 
542 216 11 14 0.1325317 
240 77 10 11 0.13127331 
918 155 13 16 0.12515369 
792 122 10 13 0.12234868 
45 133 10 13 0.11940027 
656 139 13 16 0.11692306 
967 263 29 37 0.11665872 
221 52 9 12 0.1162145 
333 94 8 10 0.11390428 
286 157 14 19 0.108018816 
925 167 14 18 0.106998555 
401 103 11 13 0.098120674 
397 184 16 19 0.09803635 
756 176 10 12 0.0948229 
317 104 9 11 0.089835145 
536 182 11 12 0.087992735 
655 134 10 13 0.087434724 
721 149 10 14 0.08627108 
425 165 11 16 0.08516105 
902 148 10 13 0.08455769 
628 123 11 15 0.08451965 
430 87 9 11 0.08153072 
142 154 13 16 0.07975536 
616 96 11 12 0.079095736 
183 122 11 14 0.07819918 
815 171 11 13 0.07783489 
372 116 10 12 0.07731433 
414 104 8 10 0.0751471 
453 320 11 15 0.07324227 
764 158 10 13 0.071453206 
881 115 9 12 0.0711267 
312 108 10 11 0.06740019 
339 135 11 15 0.066267036 
214 126 13 17 0.06493137 
850 135 11 15 0.06395066 
735 122 12 15 0.06391657 
464 110 8 11 0.06352382 
607 161 13 15 0.061958853 
813 126 9 12 0.061636552 
374 126 11 13 0.061395153 
972 174 14 16 0.06068083 
515 339 16 19 0.060322903 
189 65 8 10 0.059339702 
941 355 18 21 0.058651563 
977 117 7 10 0.058625847 
831 151 11 13 0.056923386 
998 89 10 13 0.056856662 
302 95 8 10 0.056823116 
157 60 8 11 0.05671557 
69 135 10 13 0.05669564 
31 142 12 14 0.055649202 
547 169 11 15 0.05533485 
624 120 10 13 0.05532825 
258 86 8 11 0.05462483 
919 161 15 19 0.054138407 
777 110 8 10 0.054132402 
315 196 12 17 0.053957105 
374 110 8 11 0.05334368 
637 116 10 12 0.05310624 
637 143 15 19 0.052455083 
753 118 8 11 0.05198773 
527 134 11 14 0.05173644 
918 135 9 12 0.05105987 
251 131 13 19 0.051040895 
243 170 16 23 0.050976746 
980 173 13 17 0.050410237 
563 108 10 13 0.050229464 
974 148 12 13 0.04980952 
64 53 10 13 0.04980846 
596 132 11 15 0.048442047 
911 175 9 12 0.048200563 
799 162 13 17 0.047963653 
405 115 10 13 0.047545403 
815 133 9 12 0.047342528 
894 132 11 14 0.046608523 
407 95 8 9 0.046576872 
414 108 9 12 0.04645752 
609 101 9 12 0.046191167 
423 143 12 14 0.04572046 
473 165 9 12 0.044925276 
902 120 10 13 0.044782363 
397 118 10 12 0.044491183 
140 182 18 19 0.04418733 
131 152 14 18 0.044046424 
823 135 10 12 0.042780448 
443 164 11 14 0.042313244 
632 104 9 12 0.041686043 
983 120 10 14 0.041583393 
717 154 11 14 0.04115204 
980 143 11 14 0.040607773 
429 62 8 10 0.04026646 
647 131 11 14 0.039202172 
783 134 8 11 0.03875399 
565 103 8 11 0.038462803 
510 182 10 14 0.0381591 
774 183 9 12 0.037988722 
766 151 9 11 0.037791364 
766 181 10 12 0.037415847 
147 157 13 16 0.037260257 
913 135 10 13 0.03701236 
428 148 13 16 0.036590613 
353 110 9 11 0.036300857 
415 125 9 11 0.036210682 
516 141 13 15 0.03605069 
957 211 10 13 0.03596633 
484 434 70 66 0.03567217 
795 111 10 12 0.034407217 
101 158 14 15 0.034313742 
304 126 11 14 0.03398162 
836 149 11 15 0.03393951 
668 208 9 12 0.033926826 
631 117 10 13 0.033849984 
724 136 12 15 0.033746686 
837 140 10 14 0.033704624 
767 122 10 13 0.0336477 
142 162 15 19 0.03341357 
304 116 11 14 0.03321358 
768 189 10 12 0.033118736 
838 134 10 13 0.033095483 
133 110 10 13 0.032836184 
1012 202 10 16 0.032636676 
830 140 11 13 0.03229677 
549 133 10 12 0.03219 
304 110 9 12 0.032078374 
21 29 8 10 0.031920288 
964 133 12 14 0.031883504 
103 13 7 10 0.031763826 
390 319 13 17 0.031571977 
966 139 12 14 0.0315471 
201 147 13 16 0.03154381 
434 160 15 18 0.031256627 
239 73 9 11 0.031156337 
191 69 8 10 0.030806003 
219 128 14 18 0.030786138 
780 155 11 14 0.030760346 
370 112 9 11 0.03070382 
297 94 8 10 0.030639334 
466 54 7 9 0.03041132 
126 130 14 15 0.03038706 
476 125 9 12 0.030218521 
209 63 7 9 0.030200914 
919 138 11 14 0.030144274 
126 162 13 17 0.030128973 
93 134 12 13 0.030047674 
354 297 13 17 0.029896315 
426 87 9 11 0.029859195 
78 139 12 15 0.029777156 
495 145 12 17 0.02975504 
1012 177 11 18 0.029703356 
656 122 11 15 0.029611275 
924 140 11 13 0.029581241 
1014 119 8 14 0.029454758 
759 164 11 13 0.029346956 
545 126 9 13 0.02918984 
85 96 12 15 0.029100612 
421 183 13 17 0.02863428 
341 109 9 12 0.028561108 
325 233 19 22 0.028524745 
699 125 11 16 0.028401807 
496 63 7 9 0.028367242 
408 125 10 12 0.028250346 
988 129 12 16 0.028002663 
376 104 7 10 0.027968168 
344 295 23 30 0.027793523 
319 126 12 14 0.027727181 
293 65 8 10 0.027428549 
645 127 10 13 0.027422864 
326 118 9 11 0.027374426 
229 169 15 19 0.027300814 
414 94 8 10 0.027249515 
501 113 12 14 0.027230095 
889 135 9 12 0.02711929 
536 186 12 15 0.026942909 
817 116 10 12 0.02690498 
465 104 8 11 0.026845016 
549 126 9 12 0.026810644 
531 172 12 15 0.026786977 
164 132 12 15 0.026760256 
814 157 10 14 0.026723392 
429 176 13 16 0.026630014 
783 126 9 11 0.026406633 
793 213 10 12 0.026197452 
913 155 11 14 0.026124422 
470 109 10 12 0.026003812 
110 130 11 14 0.02588175 
131 115 11 15 0.02584527 
639 123 10 15 0.025794687 
21 22 8 10 0.025647247 
499 104 13 15 0.025615254 
908 139 11 14 0.025608277 
482 165 14 15 0.02557313 
901 129 11 15 0.025442146 
262 131 13 16 0.02516879 
206 183 22 25 0.025100008 
587 159 11 14 0.024940107 
972 227 17 19 0.024939371 
254 78 8 10 0.024910973 
39 126 11 13 0.024732342 
464 116 9 11 0.024617529 
275 172 14 17 0.024607636 
264 80 8 10 0.024429757 
605 108 10 13 0.024382912 
764 203 11 13 0.02436468 
440 69 7 9 0.024319971 
44 198 11 15 0.024312312 
437 112 11 14 0.024301479 
483 172 15 17 0.024199631 
681 107 10 13 0.02418645 
777 105 8 9 0.023976358 
478 163 12 14 0.023947652 
139 191 20 21 0.023932755 
342 104 8 10 0.023853263 
159 119 12 15 0.023780948 
532 131 11 14 0.023698702 
919 112 8 11 0.023677416 
449 110 9 11 0.023648754 
241 84 10 12 0.023646887 
314 179 13 17 0.02358977 
289 80 8 10 0.023405587 
503 71 8 9 0.023098 
653 144 14 18 0.023076866 
570 126 12 15 0.023022529 
768 143 9 12 0.02292096 
589 128 12 14 0.022902641 
423 157 13 17 0.022789082 
114 172 17 22 0.02278175 
782 110 8 10 0.022653881 
463 79 7 10 0.022651335 
880 142 10 13 0.022593508 
619 214 16 19 0.022511384 
15 131 12 15 0.022197597 
192 47 7 10 0.022189695 
422 122 10 13 0.022159928 
147 53 8 11 0.0221457 
709 174 13 16 0.022139886 
834 103 7 9 0.022094855 
176 55 8 9 0.021991922 
278 162 14 17 0.021959614 
841 95 7 10 0.02195104 
126 148 15 19 0.021945337 
8 100 11 14 0.021910913 
144 166 22 26 0.021841899 
124 170 14 19 0.021800214 
4 62 9 11 0.021708803 
107 38 8 10 0.021621283 
290 64 7 10 0.021526799 
136 30 8 10 0.021511706 
313 85 8 10 0.02149698 
974 221 13 15 0.02149356 
750 148 10 14 0.02148984 
734 132 12 14 0.021340406 
519 135 10 13 0.021338763 
847 143 13 20 0.021330131 
512 62 8 9 0.021325916 
76 172 19 26 0.021279443 
146 38 7 9 0.02124507 
512 327 22 28 0.02122273 
740 118 10 13 0.021140374 
602 197 13 17 0.021007217 
926 188 11 17 0.021005904 
232 70 8 10 0.021002505 
910 150 11 13 0.020956358 
0 149 11 18 0.020930998 
823 124 10 14 0.020883387 
431 69 8 10 0.02087361 
232 63 8 10 0.020864695 
502 54 9 10 0.020768879 
302 223 16 19 0.020655204 
36 108 10 13 0.020644775 
918 169 14 18 0.020574983 
989 120 11 14 0.020538326 
153 129 12 16 0.020452565 
457 77 8 10 0.020358708 
254 71 7 10 0.02029761 
256 94 9 12 0.02028219 
219 48 8 11 0.020207886 
592 113 12 14 0.020063395 
