2_Demonstration_Demonstration_Or_Protest_2_395
33
875 339 53 76 0.9908703 
806 484 113 128 0.98075163 
740 340 56 69 0.8578045 
977 296 40 79 0.5645855 
824 320 38 45 0.19474348 
954 244 45 65 0.19109267 
829 326 16 21 0.117158085 
318 499 98 166 0.08832887 
811 269 27 41 0.081894316 
944 248 11 13 0.05194182 
918 273 26 33 0.04648988 
814 320 28 36 0.04304947 
708 334 66 70 0.04274109 
467 214 21 32 0.040529832 
829 346 43 58 0.04041493 
753 254 47 52 0.035688564 
922 282 43 56 0.03292695 
966 265 47 87 0.032126084 
858 311 24 32 0.030599153 
734 318 54 62 0.03028156 
753 312 35 43 0.029248143 
833 261 25 38 0.025613187 
844 365 32 45 0.025589634 
844 314 31 36 0.024924709 
749 265 206 237 0.023535749 
195 89 31 41 0.023335233 
687 333 58 62 0.023121929 
941 164 15 20 0.023044296 
751 220 45 55 0.022385413 
780 256 52 64 0.020989815 
1007 256 11 16 0.020965798 
149 74 67 67 0.020818414 
846 263 25 39 0.02069804 
