2_Demonstration_Protesters_2_56
60
882 277 64 84 0.9992835 
391 398 69 90 0.998979 
489 467 74 83 0.9978917 
746 438 73 81 0.9978168 
241 396 50 59 0.99748695 
816 197 56 75 0.99746215 
625 331 66 82 0.99699366 
683 235 18 24 0.9747798 
68 403 47 64 0.8866609 
287 540 51 71 0.51779824 
611 249 15 20 0.31434512 
351 380 35 38 0.3118836 
629 206 11 13 0.27962226 
658 221 17 19 0.25898704 
697 219 15 18 0.2516359 
475 318 33 53 0.17582016 
711 254 32 41 0.13918263 
668 163 11 13 0.13484901 
600 249 22 28 0.1295278 
771 193 13 16 0.11849333 
669 522 44 57 0.109784864 
848 158 27 28 0.10434166 
888 196 26 41 0.10025384 
725 402 47 69 0.08928585 
968 237 43 63 0.08744817 
603 255 24 36 0.068403386 
657 232 16 19 0.0672897 
338 366 23 28 0.063504085 
280 369 26 38 0.061751135 
673 197 14 17 0.0614996 
189 339 18 21 0.06143541 
904 169 41 54 0.061081637 
101 413 33 48 0.052826118 
367 365 25 36 0.048340082 
894 193 12 16 0.045165394 
975 261 42 73 0.04364128 
341 372 31 33 0.04323925 
624 206 20 25 0.041965056 
589 198 18 22 0.038171533 
675 211 14 18 0.035718277 
708 241 17 22 0.035211295 
633 210 14 20 0.0344098 
869 196 42 60 0.033662733 
665 224 14 18 0.033239998 
185 342 25 31 0.031015681 
895 182 30 49 0.030060908 
612 256 26 40 0.030047933 
607 271 14 22 0.02862574 
178 353 40 49 0.028355138 
336 375 13 18 0.026546106 
667 244 13 16 0.026100568 
654 272 25 39 0.026099017 
617 247 15 19 0.02522325 
45 373 53 70 0.025189457 
266 382 34 48 0.024541378 
709 244 24 34 0.024338873 
689 224 20 26 0.022879614 
658 240 16 19 0.022823002 
62 377 33 43 0.022612058 
794 230 14 19 0.02131054 
