2_Demonstration_Demonstration_Or_Protest_2_162
30
245 117 139 192 0.99767894 
526 182 29 39 0.9973007 
443 143 47 55 0.9950925 
606 154 33 41 0.99345386 
2 221 27 33 0.9917595 
93 221 26 33 0.98865616 
680 109 159 201 0.95301783 
482 197 24 29 0.90134996 
555 184 21 30 0.8337466 
152 223 23 27 0.54268616 
961 193 18 21 0.12122603 
974 149 12 15 0.09135843 
24 264 25 33 0.09013518 
0 157 17 31 0.07817113 
999 152 13 17 0.077810355 
919 198 9 12 0.072815016 
71 242 16 21 0.072057195 
956 215 9 11 0.060037322 
195 207 10 12 0.035405178 
475 186 38 48 0.033925723 
933 198 12 17 0.02788378 
188 267 23 28 0.026977014 
973 229 10 12 0.026590688 
969 148 11 15 0.026361864 
153 272 17 19 0.024847906 
472 0 23 18 0.024280332 
957 202 14 16 0.02385031 
927 127 14 17 0.02339811 
958 173 13 15 0.021520222 
866 146 12 16 0.021406941 
