2_Demonstration_Demonstration_Or_Protest_2_914
118
833 352 17 21 0.9745554 
257 31 40 53 0.9729067 
78 72 23 28 0.9716063 
51 336 15 21 0.9625815 
901 108 15 18 0.9565759 
606 302 13 17 0.94258153 
186 341 11 15 0.9243875 
637 314 11 14 0.9195698 
779 358 13 17 0.87578213 
912 347 18 25 0.8756676 
376 318 13 17 0.8691976 
103 362 12 15 0.8501122 
249 341 10 13 0.7951263 
855 124 14 19 0.77665234 
165 54 18 31 0.762017 
164 334 12 16 0.596796 
550 335 8 10 0.5722607 
721 363 10 13 0.5601828 
514 329 10 12 0.4743072 
314 340 9 13 0.4442068 
234 341 9 12 0.42582524 
410 99 19 24 0.4243765 
388 304 9 11 0.40066382 
292 314 10 13 0.2643835 
509 314 8 11 0.256546 
43 53 15 17 0.2442619 
576 316 9 11 0.16448323 
322 325 10 13 0.16170125 
125 332 10 14 0.14135079 
464 312 8 10 0.13536884 
126 75 9 12 0.13075101 
139 95 13 19 0.11032715 
376 133 8 11 0.10659547 
229 98 10 14 0.10465262 
764 378 11 16 0.088842556 
120 340 10 14 0.08849506 
505 129 8 10 0.08508053 
289 334 10 12 0.08196961 
120 86 10 13 0.075627446 
782 129 8 10 0.072245896 
758 391 9 12 0.070789725 
527 309 8 10 0.07045534 
278 343 8 11 0.06854956 
236 337 10 12 0.064061515 
752 390 10 14 0.063865915 
647 332 11 14 0.060075875 
449 323 10 14 0.0559194 
480 340 10 12 0.053816594 
239 269 8 9 0.052177772 
489 316 9 14 0.05137319 
418 109 17 22 0.04990114 
629 427 15 20 0.049418896 
87 54 13 16 0.047926825 
37 56 17 21 0.047165565 
166 327 10 14 0.046319906 
556 331 10 12 0.045621473 
384 127 8 11 0.045617625 
492 414 12 15 0.045096245 
135 323 13 17 0.04481064 
289 358 8 10 0.044349328 
954 398 23 28 0.043301158 
545 318 8 10 0.043009985 
232 346 9 12 0.04276426 
579 311 10 13 0.04276035 
453 319 10 13 0.04252926 
559 327 10 12 0.042252615 
252 346 11 14 0.041222673 
252 336 11 14 0.04101116 
855 365 13 17 0.04100119 
318 333 11 15 0.03965667 
420 125 15 17 0.03925122 
439 337 8 10 0.0389042 
310 304 9 11 0.0386596 
238 348 11 14 0.03722121 
778 128 7 9 0.03648512 
303 319 12 14 0.03622563 
523 294 7 11 0.035069942 
288 339 11 14 0.034267284 
527 302 8 13 0.03332887 
389 126 8 10 0.032600056 
758 118 8 10 0.03221164 
851 109 23 32 0.03094032 
81 56 21 25 0.030769678 
174 340 10 14 0.030635094 
758 102 8 11 0.0303988 
785 91 9 12 0.02999537 
122 77 10 13 0.029841045 
323 329 12 15 0.029669276 
430 336 10 12 0.029491687 
171 333 11 15 0.02932221 
240 355 12 15 0.029003343 
751 382 10 12 0.028667474 
141 319 10 12 0.028378973 
493 376 10 13 0.027261227 
321 320 9 12 0.026930217 
644 338 11 13 0.026284413 
380 133 8 11 0.025841689 
790 117 7 10 0.025474085 
159 356 11 15 0.025470804 
786 119 7 9 0.025340961 
768 127 7 9 0.025062952 
253 70 13 20 0.024854911 
718 367 14 17 0.02414417 
526 318 7 10 0.024119945 
393 150 11 14 0.02393202 
208 342 11 14 0.023800084 
258 89 17 26 0.023480285 
242 59 25 34 0.02334737 
828 165 12 17 0.023157252 
44 33 12 17 0.023138668 
565 326 9 11 0.02298768 
543 328 9 11 0.022792539 
750 374 11 14 0.022590632 
397 71 11 14 0.02249881 
126 89 11 15 0.021788398 
537 328 8 10 0.021340238 
569 319 9 10 0.021124564 
256 319 9 12 0.020035896 
