2_Demonstration_Political_Rally_2_791
132
544 297 72 91 0.998365 
592 37 73 89 0.99797505 
395 348 63 82 0.99791116 
777 365 66 83 0.9976185 
648 273 72 88 0.99737155 
403 134 60 84 0.9972108 
205 409 76 92 0.99547124 
19 544 38 42 0.99356395 
992 519 28 33 0.9934569 
859 522 27 34 0.99118656 
42 470 23 27 0.9896724 
488 538 39 42 0.98786396 
323 469 26 32 0.9836557 
330 540 41 44 0.98363584 
955 509 30 32 0.98342574 
824 542 38 42 0.9734268 
587 478 22 32 0.9338148 
13 508 22 32 0.91452366 
925 492 20 26 0.9122938 
398 527 30 33 0.8854681 
854 492 21 28 0.8392264 
675 519 33 47 0.79959255 
58 440 18 23 0.7882482 
961 428 22 28 0.70052713 
59 538 29 36 0.69326365 
473 517 24 30 0.6118534 
129 526 23 26 0.5951133 
1004 410 18 24 0.5835442 
1005 493 20 31 0.5752773 
27 453 15 18 0.5366345 
371 536 23 31 0.53015727 
315 434 21 27 0.51868784 
739 541 33 39 0.45619547 
90 483 25 32 0.44299665 
944 554 28 29 0.41011557 
887 515 20 30 0.3581238 
911 541 27 33 0.32713747 
37 397 15 17 0.32605463 
628 458 44 60 0.31916526 
44 517 23 28 0.2885977 
659 495 20 24 0.2662068 
83 517 24 31 0.26030567 
946 467 15 24 0.24283275 
79 390 21 28 0.23285837 
302 560 29 24 0.21090676 
614 471 16 23 0.20423776 
171 559 25 22 0.20164332 
946 254 24 28 0.16491108 
670 546 41 38 0.1446976 
944 328 14 17 0.14154907 
64 556 31 27 0.1347697 
87 497 27 31 0.12933606 
105 454 15 21 0.11103362 
623 466 27 36 0.10660864 
86 473 20 26 0.10190002 
41 429 16 22 0.10015668 
960 336 16 21 0.091590926 
346 508 19 23 0.08870602 
3 504 24 32 0.08778145 
94 522 24 33 0.08451933 
687 454 35 50 0.08155979 
694 515 29 45 0.08122149 
1012 467 12 21 0.075533874 
795 528 31 40 0.07284886 
109 523 27 36 0.06271424 
973 386 16 18 0.05853993 
938 349 15 20 0.055552784 
931 551 30 31 0.05504131 
318 392 26 34 0.05482189 
138 449 14 18 0.049184494 
619 478 30 45 0.04870409 
316 548 36 36 0.04430922 
327 408 44 54 0.043611806 
54 528 26 34 0.04001454 
36 420 18 21 0.037017137 
377 506 25 31 0.0368683 
884 218 35 35 0.03666857 
747 519 41 49 0.03565281 
668 429 12 15 0.03519814 
387 528 26 32 0.034316055 
34 404 20 23 0.034142837 
355 540 33 37 0.03407777 
308 121 30 45 0.033915333 
893 498 13 17 0.033376176 
1003 431 20 30 0.03313662 
975 308 13 16 0.032665078 
478 520 32 40 0.03169606 
423 2 21 19 0.031061588 
80 465 21 27 0.030279655 
763 169 40 59 0.029869623 
332 404 29 37 0.02984385 
958 365 13 16 0.029743562 
32 455 17 20 0.02961013 
35 526 30 41 0.029307647 
908 291 14 19 0.0291626 
451 485 18 23 0.029024204 
369 550 27 32 0.028937439 
0 493 20 28 0.028626027 
973 391 21 26 0.028336551 
983 441 20 28 0.028305875 
998 401 18 22 0.027963419 
641 486 32 37 0.027793882 
69 363 16 21 0.027530856 
329 401 18 22 0.0273979 
1005 472 19 32 0.026806792 
981 305 11 14 0.02629258 
972 431 22 31 0.02561937 
302 427 27 34 0.025613584 
994 436 21 29 0.025427768 
78 561 28 23 0.025372159 
493 372 14 23 0.024713624 
988 561 26 25 0.024646714 
53 435 16 21 0.023936108 
33 435 22 26 0.023698581 
873 514 24 34 0.023556678 
985 396 15 20 0.023113143 
970 359 22 28 0.022583066 
810 534 32 39 0.02257564 
994 343 16 20 0.02243564 
852 555 31 30 0.02236547 
1014 369 10 18 0.021659153 
959 364 21 27 0.021275323 
660 541 33 38 0.021191211 
307 206 53 70 0.02117024 
682 194 51 59 0.021106837 
910 480 14 18 0.02088797 
760 131 44 61 0.02087903 
876 306 22 28 0.02083724 
658 500 41 53 0.020727606 
77 518 19 27 0.020693325 
88 354 14 17 0.020323446 
309 415 41 53 0.020005437 
