2_Demonstration_Protesters_2_148
30
708 249 102 142 0.99954456 
670 222 54 79 0.99861395 
608 238 55 69 0.99849784 
391 377 90 127 0.9982888 
474 191 49 57 0.99694806 
331 136 65 91 0.99050224 
152 223 35 47 0.98968023 
405 201 36 50 0.9845368 
973 181 45 96 0.7906389 
549 248 20 33 0.78332466 
48 231 24 46 0.77797055 
632 231 49 70 0.17648996 
84 250 18 22 0.15154754 
402 186 35 45 0.09392996 
554 230 26 33 0.05630717 
686 232 69 92 0.042731974 
190 246 10 14 0.039796244 
945 235 9 13 0.032688443 
388 157 43 68 0.032192692 
954 219 8 13 0.02919383 
225 211 13 15 0.02815865 
556 221 40 49 0.02762083 
534 241 27 41 0.02665039 
32 239 34 40 0.026144944 
570 208 43 53 0.025823366 
105 374 17 21 0.025438955 
446 228 14 19 0.024472529 
553 241 38 47 0.024285305 
188 260 11 15 0.021614544 
167 232 27 37 0.02001461 
