2_Demonstration_Demonstrators_2_547
37
218 139 52 66 0.998869 
819 135 48 61 0.9987878 
681 139 55 77 0.9986324 
878 178 39 45 0.99640405 
641 161 45 55 0.9877209 
484 164 42 48 0.986743 
456 199 30 41 0.9831874 
-1 213 27 40 0.98134536 
168 161 45 55 0.972091 
414 192 32 39 0.96958643 
934 202 26 38 0.96040714 
986 207 29 54 0.9365386 
761 214 27 33 0.4603091 
360 187 34 36 0.1270712 
48 233 32 37 0.11252034 
946 203 38 51 0.088197485 
404 222 15 25 0.075478576 
800 208 12 14 0.05253451 
736 201 28 36 0.052439656 
387 223 23 31 0.045196533 
188 169 36 48 0.04364146 
920 285 52 65 0.043087218 
171 217 37 44 0.041866187 
362 203 34 38 0.034711983 
163 167 31 36 0.033014085 
476 206 32 41 0.032746315 
72 93 25 42 0.032633558 
363 224 30 34 0.028206214 
458 196 19 24 0.028163908 
164 172 14 19 0.026384372 
261 223 48 60 0.02448824 
90 215 34 42 0.022806972 
777 210 15 20 0.02258162 
439 196 23 33 0.02255787 
59 223 35 43 0.022024877 
462 0 62 78 0.021312455 
40 31 11 12 0.020100225 
