2_Demonstration_Political_Rally_2_406
35
506 698 60 67 0.9990771 
261 596 99 126 0.99842536 
623 624 132 153 0.9980204 
491 580 23 31 0.9951781 
124 589 25 29 0.98858285 
140 559 22 27 0.9871133 
251 547 21 27 0.9852014 
559 611 39 52 0.9821608 
814 623 154 176 0.9628764 
746 336 14 17 0.95164436 
69 554 21 25 0.93451685 
381 617 45 66 0.93414533 
14 677 50 72 0.7871179 
326 545 20 27 0.7093744 
252 609 31 52 0.6086671 
211 630 20 21 0.5003117 
0 586 18 25 0.415882 
776 41 32 40 0.12521419 
36 680 34 54 0.116695985 
163 643 28 56 0.07117848 
9 585 15 21 0.053174023 
240 613 28 49 0.05112364 
98 618 14 16 0.050752368 
788 318 11 13 0.050487302 
809 361 9 12 0.039790213 
17 614 22 29 0.038562372 
175 637 27 53 0.035632562 
223 623 22 29 0.032852024 
376 578 27 30 0.030619763 
340 607 76 100 0.028844435 
253 595 59 82 0.026606862 
2 166 9 14 0.024631696 
735 359 10 13 0.02321465 
186 635 27 43 0.022765458 
192 620 24 31 0.020749347 
