2_Demonstration_Political_Rally_2_545
29
451 104 60 76 0.9992774 
716 139 44 58 0.99910647 
192 83 53 66 0.99901724 
675 189 48 61 0.998175 
328 78 64 75 0.9977829 
108 71 76 95 0.9962394 
590 143 28 35 0.9900551 
289 138 32 35 0.9883088 
928 82 63 70 0.9869522 
534 155 40 50 0.98169357 
915 148 69 98 0.9809717 
658 146 41 46 0.8967481 
570 167 21 30 0.6513018 
790 121 44 67 0.22734454 
827 127 40 54 0.12042973 
754 144 29 41 0.115179166 
647 154 26 34 0.10549746 
507 148 33 50 0.07673574 
576 157 23 32 0.07630095 
549 239 40 57 0.051268544 
644 155 17 23 0.05023315 
604 146 31 36 0.046073534 
319 128 25 35 0.043323286 
387 138 35 40 0.032522656 
267 153 18 22 0.026519688 
738 141 36 49 0.02453825 
306 106 45 56 0.02389034 
354 98 52 62 0.02362926 
904 236 27 37 0.020036131 
