2_Demonstration_Demonstration_Or_Protest_2_476
1830
623 562 27 30 0.99312913 
823 588 26 30 0.9900787 
489 649 29 33 0.98763347 
781 505 25 29 0.98598677 
626 457 24 28 0.98465365 
694 603 29 29 0.9835212 
428 368 17 21 0.98340374 
690 376 23 27 0.9831951 
514 399 23 25 0.981948 
604 335 17 22 0.98190814 
653 531 25 31 0.9818444 
81 343 18 21 0.9814897 
138 496 18 23 0.98065716 
523 568 23 28 0.98035526 
749 469 23 28 0.980149 
991 594 24 32 0.9796169 
122 360 16 20 0.9796067 
882 417 22 28 0.977473 
193 502 19 24 0.977425 
880 474 23 27 0.97727454 
275 502 20 25 0.97667444 
903 388 23 26 0.97617525 
501 497 22 26 0.97575504 
929 403 23 26 0.9755107 
948 445 23 27 0.9742449 
827 434 21 26 0.97356707 
100 304 17 20 0.9734278 
132 406 16 19 0.97342026 
577 328 19 22 0.9731863 
755 580 28 30 0.97310877 
228 428 17 22 0.97132474 
914 321 19 22 0.9708727 
769 403 23 26 0.9707616 
34 417 24 26 0.96980137 
524 467 18 23 0.96883374 
785 445 22 26 0.9675193 
214 650 25 28 0.96745783 
988 376 24 26 0.96705174 
591 386 22 26 0.9669164 
423 490 26 29 0.96594495 
274 294 20 22 0.9641882 
493 294 17 21 0.9634397 
45 380 16 20 0.9622295 
389 606 20 26 0.96157926 
922 626 21 27 0.960445 
280 361 17 20 0.9595345 
644 326 19 21 0.9591746 
328 618 22 28 0.95853615 
476 284 15 19 0.9553588 
803 414 22 26 0.9546498 
191 553 21 27 0.9520104 
371 295 16 19 0.95200616 
241 387 17 21 0.9517391 
742 376 22 25 0.94747066 
417 405 22 25 0.9457917 
322 253 14 19 0.9451606 
443 463 19 22 0.9447034 
421 341 16 21 0.9445401 
950 385 23 26 0.9444849 
984 415 24 26 0.9437665 
675 465 24 27 0.94297105 
216 481 18 22 0.9428045 
245 588 21 26 0.9424261 
467 544 22 25 0.9421044 
126 293 14 17 0.94093156 
754 262 19 21 0.94038314 
876 536 25 30 0.93975854 
51 253 17 20 0.93874097 
946 243 18 22 0.93845665 
809 290 20 23 0.9382797 
63 440 19 23 0.93691903 
460 426 21 26 0.93680906 
555 472 20 23 0.9365398 
262 206 13 16 0.93577814 
282 407 18 21 0.934518 
983 321 20 24 0.93300045 
530 250 16 20 0.93268883 
305 612 20 25 0.93236786 
173 304 18 21 0.9317023 
333 222 14 17 0.9310558 
108 427 21 24 0.92863953 
700 246 13 17 0.92851436 
499 351 20 23 0.92838186 
707 548 24 29 0.9276774 
733 282 17 20 0.9273251 
95 233 15 17 0.9271482 
579 437 23 25 0.92400867 
590 625 26 30 0.923231 
359 441 23 26 0.9227759 
941 359 23 26 0.9220448 
237 310 20 24 0.92133886 
637 372 23 26 0.91683596 
541 363 20 24 0.9160565 
662 243 17 21 0.9154959 
906 290 20 25 0.914488 
29 360 16 19 0.91330254 
728 507 22 25 0.9120309 
848 325 19 24 0.910607 
414 266 19 22 0.90850544 
365 323 20 21 0.9070544 
8 331 16 20 0.90512305 
46 233 13 16 0.9038383 
207 377 15 18 0.9033941 
910 189 12 16 0.8995338 
996 521 24 28 0.89640516 
43 280 18 20 0.8963382 
247 486 20 25 0.8956008 
198 262 13 16 0.8950648 
670 430 25 28 0.89411706 
555 316 19 21 0.8939432 
385 278 15 19 0.89005435 
515 609 21 23 0.8898138 
510 216 15 17 0.88567615 
403 225 17 20 0.88159645 
220 406 18 20 0.881451 
12 250 15 18 0.8788788 
485 382 22 24 0.87607884 
621 175 14 17 0.8751442 
886 360 21 23 0.87019604 
885 177 13 18 0.87002355 
806 222 15 17 0.8684048 
804 642 30 32 0.86705196 
439 346 19 23 0.8661025 
375 377 18 20 0.8645865 
581 256 16 19 0.8643504 
479 216 16 18 0.8642506 
944 290 20 24 0.86364555 
199 447 20 23 0.86323607 
252 346 18 19 0.86323494 
488 473 23 26 0.8616853 
387 344 18 21 0.8607232 
576 364 18 21 0.8601611 
933 226 17 19 0.85913455 
561 553 23 30 0.8567736 
970 226 17 18 0.85616004 
319 201 13 16 0.8555118 
519 301 19 21 0.85352236 
388 305 16 18 0.85098225 
863 392 23 28 0.84903514 
261 429 18 25 0.8468319 
363 403 21 25 0.84282833 
164 348 19 22 0.8424323 
324 294 19 20 0.83820254 
185 430 16 20 0.8373815 
735 106 13 15 0.83651346 
672 274 16 19 0.83628047 
866 295 21 23 0.8356002 
433 301 17 20 0.83444816 
542 205 15 19 0.83292276 
503 182 12 16 0.83208466 
133 156 12 16 0.82806826 
942 193 15 18 0.82257354 
402 170 13 17 0.8219815 
906 237 16 19 0.821664 
88 262 13 18 0.8206463 
327 333 19 21 0.818508 
138 383 15 20 0.81848305 
625 197 13 15 0.81813246 
190 326 16 20 0.81348234 
83 421 15 19 0.81203216 
799 163 14 18 0.80473495 
623 304 19 21 0.80425185 
600 156 13 16 0.80309033 
188 282 17 19 0.80261344 
809 247 17 20 0.7954687 
701 146 13 16 0.78572416 
910 216 14 18 0.7848088 
396 433 22 24 0.7831011 
277 554 22 25 0.7823609 
402 456 22 26 0.7799648 
554 257 13 17 0.77974576 
268 229 13 16 0.7794926 
799 319 19 22 0.77622545 
182 404 15 18 0.7743639 
435 212 15 17 0.77238345 
782 181 14 17 0.7717348 
138 471 20 20 0.76843435 
739 448 18 24 0.767687 
29 224 13 16 0.7670161 
457 264 14 18 0.76607525 
304 344 19 20 0.7631217 
92 482 16 18 0.76244986 
255 164 13 16 0.7621876 
18 160 16 20 0.7613777 
237 163 13 17 0.74932986 
901 76 11 14 0.74806464 
662 363 20 22 0.74351186 
689 173 12 15 0.74285996 
293 245 14 17 0.74048704 
504 237 15 18 0.74019396 
312 372 20 22 0.7360994 
734 206 17 20 0.73518354 
989 151 16 19 0.7312266 
302 278 14 18 0.7279931 
339 355 16 20 0.7267431 
826 181 14 17 0.72607476 
194 237 13 16 0.7144683 
923 260 17 19 0.7138326 
371 559 21 25 0.7122577 
690 213 15 18 0.7122043 
663 216 15 18 0.71010363 
754 295 17 19 0.70668155 
864 221 16 18 0.7030876 
68 298 16 18 0.69625103 
111 133 12 14 0.6915754 
624 52 12 14 0.69096905 
482 100 13 17 0.68920076 
293 210 15 17 0.68804175 
954 500 22 25 0.68236625 
654 188 11 13 0.6756556 
681 156 14 17 0.67457485 
170 273 13 16 0.6743081 
928 164 14 16 0.6699988 
650 495 23 28 0.66873366 
57 110 12 16 0.66690695 
880 209 15 18 0.66485506 
771 547 25 29 0.6644125 
338 273 16 17 0.6619095 
1 487 15 22 0.66186905 
557 228 16 20 0.6600542 
675 180 13 15 0.6588927 
222 261 14 16 0.654016 
588 291 17 19 0.6518367 
833 235 14 18 0.6512905 
329 432 22 24 0.6489618 
76 102 12 15 0.6479687 
891 228 14 17 0.6383223 
338 397 21 25 0.6342282 
529 163 12 15 0.6311056 
747 117 13 16 0.63101786 
335 179 15 17 0.62686545 
974 172 14 15 0.6257479 
639 164 14 16 0.6250443 
360 249 17 18 0.622387 
47 323 16 18 0.6222001 
856 177 16 20 0.6217398 
331 496 20 21 0.6216928 
63 65 12 15 0.6198106 
470 375 14 19 0.6195329 
954 101 13 17 0.6190478 
641 432 17 22 0.6185901 
551 297 17 20 0.6139017 
741 236 14 17 0.6122172 
631 236 16 18 0.61205536 
81 381 14 17 0.6103792 
521 284 16 19 0.60576785 
446 197 14 17 0.60245824 
385 189 16 19 0.6006432 
236 289 18 19 0.5934574 
143 209 14 15 0.59100085 
171 121 13 15 0.58059263 
590 108 12 14 0.57774407 
260 74 13 16 0.5743798 
171 67 12 16 0.5739831 
569 53 11 13 0.57288724 
112 179 13 15 0.5728503 
731 420 24 26 0.57039255 
183 222 14 16 0.5697031 
75 132 11 14 0.5682093 
395 256 16 19 0.5647804 
535 116 14 17 0.5619346 
90 131 12 16 0.55374825 
361 172 14 17 0.55122626 
781 253 16 18 0.5461003 
975 264 18 20 0.5402115 
211 140 12 13 0.5386582 
313 243 12 14 0.53653806 
60 214 13 16 0.5358084 
138 231 16 19 0.5349839 
773 151 13 16 0.5299176 
793 130 13 17 0.5293279 
690 340 17 20 0.5264748 
259 266 16 17 0.52579147 
851 233 13 18 0.52469796 
1004 444 18 30 0.51430273 
898 200 14 17 0.5136242 
446 149 15 18 0.51047575 
87 193 16 17 0.50956583 
216 222 12 16 0.50847024 
272 156 12 15 0.5043988 
607 205 14 18 0.4994841 
19 270 17 19 0.4987855 
292 30 10 12 0.4969347 
404 127 10 13 0.48284566 
507 332 19 21 0.48222253 
395 113 13 14 0.48161533 
993 115 12 15 0.47960535 
651 42 11 14 0.47577658 
580 125 12 15 0.47415963 
815 269 14 17 0.4690184 
209 301 17 19 0.46657497 
614 227 13 16 0.45914572 
566 78 12 14 0.45786703 
603 82 13 16 0.45605502 
188 95 13 15 0.45332053 
515 105 14 17 0.4497964 
494 142 12 15 0.44722733 
423 150 12 14 0.44643462 
57 87 10 13 0.4371136 
154 311 16 20 0.43348622 
288 95 12 15 0.43312842 
476 182 12 16 0.4263493 
114 155 13 15 0.4262007 
334 113 12 15 0.42377 
319 129 14 16 0.42123595 
101 405 16 19 0.41951185 
524 44 11 13 0.41929212 
552 98 13 15 0.4172482 
225 68 11 14 0.4152465 
155 187 13 16 0.41451764 
10 180 13 17 0.41359147 
294 156 14 17 0.4115333 
367 132 12 15 0.4097369 
506 39 10 13 0.40835276 
370 69 10 12 0.40659064 
455 173 14 18 0.4050593 
343 244 15 17 0.4027695 
18 75 10 12 0.4023222 
1003 269 16 20 0.40087718 
537 178 14 16 0.4007213 
789 101 13 15 0.3987133 
455 242 15 16 0.39811215 
723 149 15 18 0.39809936 
439 102 12 15 0.3973318 
773 62 10 12 0.3941935 
469 331 17 19 0.3929604 
233 93 12 15 0.3886882 
611 66 12 14 0.3886333 
426 124 13 16 0.38774267 
248 109 12 15 0.38410845 
298 60 12 14 0.38142404 
814 171 13 17 0.38005114 
512 128 11 14 0.37984252 
303 86 13 16 0.37974906 
151 165 14 16 0.3765337 
524 133 13 14 0.37330353 
91 70 12 15 0.37223533 
629 121 13 17 0.37158012 
214 281 14 16 0.36625287 
967 209 16 18 0.36316055 
24 116 12 15 0.36079875 
646 73 13 16 0.36020517 
607 196 14 15 0.35579702 
865 239 17 21 0.35330623 
206 107 11 15 0.35009006 
880 145 12 15 0.35000005 
326 77 12 14 0.34883398 
71 86 9 13 0.34633535 
500 69 11 14 0.34424767 
719 177 12 15 0.3437673 
480 83 11 13 0.3430205 
594 53 10 12 0.34152406 
841 265 16 17 0.33985025 
230 198 13 16 0.33948964 
17 102 8 10 0.33894703 
862 37 9 11 0.33732852 
424 51 12 14 0.33568177 
677 119 12 15 0.33363914 
179 161 13 16 0.3323911 
681 92 11 13 0.33081764 
645 139 13 16 0.3295061 
445 86 11 13 0.3287245 
442 51 9 12 0.3273397 
942 154 13 15 0.3215008 
208 78 10 13 0.31767622 
142 104 10 13 0.3172921 
774 218 15 17 0.31713396 
153 269 14 17 0.31706896 
279 431 18 25 0.31617787 
186 640 22 25 0.31607562 
763 173 14 16 0.31605697 
541 141 13 16 0.31514478 
132 251 14 15 0.3121885 
195 186 14 17 0.3104588 
294 36 10 12 0.30843967 
185 28 11 13 0.30789757 
703 184 15 17 0.30784371 
67 195 12 15 0.3053716 
348 44 10 13 0.3051148 
205 162 13 15 0.30328894 
647 14 12 15 0.3032059 
353 131 10 13 0.30158347 
564 125 11 13 0.30093083 
285 126 14 17 0.30021313 
621 93 13 15 0.29771718 
271 114 12 14 0.29753068 
686 86 12 15 0.2925266 
458 76 10 13 0.2882135 
385 222 14 17 0.28718647 
602 126 15 17 0.28656635 
839 198 15 18 0.28470746 
142 75 9 12 0.2842745 
677 55 9 13 0.27935854 
39 205 13 15 0.27731702 
314 164 14 17 0.27727097 
1002 218 17 21 0.27725694 
253 189 15 17 0.27636728 
521 84 11 13 0.27368006 
555 190 14 17 0.27207786 
240 141 13 14 0.26940227 
700 68 12 15 0.2686261 
891 262 17 21 0.26807946 
212 242 12 15 0.26574913 
403 286 14 17 0.2655907 
772 92 12 15 0.26479968 
169 99 11 13 0.26456597 
490 36 9 11 0.26197207 
714 95 13 16 0.2618624 
255 246 13 15 0.26108396 
522 371 17 20 0.26082543 
189 75 11 13 0.26003852 
620 22 11 13 0.25897387 
409 45 9 11 0.25852567 
799 66 14 16 0.25739345 
759 194 14 16 0.25738287 
433 74 10 13 0.25520974 
307 111 12 14 0.25516254 
563 139 13 16 0.25490147 
921 96 14 17 0.25448504 
644 61 11 12 0.25386807 
418 85 10 12 0.24975112 
240 45 10 12 0.24457327 
662 92 11 14 0.24364915 
891 109 12 14 0.24364118 
295 187 15 17 0.2394666 
767 116 14 16 0.23733982 
622 266 16 18 0.23530516 
859 116 12 15 0.23416881 
261 46 9 11 0.23366062 
155 69 11 13 0.23048365 
728 31 9 13 0.22926243 
758 150 13 15 0.22722992 
119 99 11 13 0.22621557 
613 282 16 16 0.22348171 
129 332 15 17 0.22294663 
277 84 11 13 0.22287586 
880 58 10 13 0.22168736 
279 44 10 13 0.22055516 
487 141 13 16 0.22012953 
231 116 13 15 0.21864867 
562 149 14 18 0.21835922 
388 61 9 12 0.21822642 
243 235 13 16 0.21479386 
862 266 16 18 0.21478489 
132 182 14 16 0.21468815 
701 110 13 16 0.21317169 
666 197 13 16 0.21301706 
445 68 9 11 0.2111432 
207 62 10 12 0.21050437 
28 93 9 12 0.20976435 
829 72 10 13 0.20895542 
661 30 9 11 0.2078372 
600 180 12 14 0.20675412 
637 98 10 13 0.20516199 
482 451 19 22 0.20505165 
487 60 9 12 0.20471744 
315 157 14 16 0.20304331 
335 92 9 11 0.20299369 
466 130 13 16 0.20200042 
866 142 13 15 0.20065275 
994 248 16 18 0.20034091 
581 95 11 13 0.19992921 
739 46 11 13 0.19946264 
716 130 13 15 0.19880065 
287 210 14 17 0.1981597 
692 106 13 17 0.19812578 
46 60 11 13 0.1967048 
394 153 13 15 0.19548471 
774 68 12 15 0.19375089 
551 127 10 13 0.1931644 
12 219 12 16 0.19241805 
61 87 11 13 0.19222781 
753 44 11 13 0.19146776 
284 76 12 15 0.18728225 
688 62 11 14 0.18699834 
472 47 11 13 0.18659084 
100 109 12 13 0.18536383 
400 203 13 16 0.18525682 
275 91 11 14 0.1835321 
39 145 14 17 0.18172237 
563 71 12 14 0.1815298 
780 47 11 13 0.17886573 
409 142 11 15 0.1788203 
192 130 13 15 0.1788072 
272 52 9 12 0.1784573 
361 47 10 12 0.17791797 
204 44 9 12 0.17622979 
84 291 15 17 0.17573619 
688 53 10 11 0.17530648 
172 180 13 15 0.17426525 
81 28 8 11 0.17416199 
558 111 12 15 0.17383502 
239 62 9 12 0.17258018 
341 69 9 11 0.17223632 
160 23 10 13 0.17198235 
500 92 11 13 0.16972092 
129 83 10 13 0.166567 
842 142 13 17 0.1641008 
386 69 10 13 0.16238701 
583 384 19 25 0.16184351 
141 594 21 25 0.16179432 
429 28 9 12 0.1603393 
517 198 14 16 0.16002855 
148 433 19 20 0.15978143 
29 188 13 15 0.15856513 
519 142 12 16 0.15708151 
742 453 21 28 0.15595768 
41 164 12 14 0.15530987 
764 154 13 16 0.15482478 
504 165 12 14 0.15409204 
244 15 10 12 0.1538194 
489 55 9 11 0.15283445 
412 69 10 12 0.15217982 
500 63 11 13 0.15141767 
445 37 9 12 0.14934188 
758 177 15 18 0.14921646 
327 31 10 12 0.14813446 
329 55 9 10 0.14808972 
439 232 13 16 0.14753437 
416 197 13 17 0.14685617 
409 38 10 13 0.14676353 
493 53 9 11 0.14616568 
77 52 10 12 0.14563674 
377 43 10 13 0.14333448 
516 67 10 12 0.14332913 
186 62 10 14 0.14319363 
187 69 12 14 0.14240305 
588 139 11 14 0.14231405 
570 84 12 14 0.14208773 
408 62 10 12 0.14190394 
335 132 12 14 0.14147003 
807 28 10 13 0.14136247 
43 157 14 16 0.14058624 
588 75 11 14 0.14027625 
7 289 14 17 0.14010166 
133 323 14 17 0.14008291 
241 52 10 13 0.13986462 
953 173 14 15 0.13924806 
629 31 9 11 0.1380162 
536 95 11 13 0.13798976 
662 201 13 15 0.13656604 
344 24 10 12 0.13595638 
316 60 11 13 0.13569593 
321 33 9 11 0.13564554 
471 149 14 16 0.13387306 
295 55 11 14 0.13340278 
956 180 14 17 0.13318802 
316 53 11 13 0.13298373 
695 114 14 17 0.13169412 
476 198 13 16 0.13167332 
223 154 12 16 0.13123211 
417 93 11 12 0.1310574 
672 110 11 13 0.1304969 
780 70 12 15 0.12804557 
775 19 11 13 0.12739263 
624 27 11 12 0.12665099 
660 157 12 15 0.1265236 
551 13 9 11 0.1262683 
274 467 21 23 0.12570445 
273 170 12 15 0.12443841 
629 92 12 15 0.12439966 
582 149 12 16 0.12437362 
472 69 10 13 0.12437159 
787 229 14 18 0.12393139 
925 133 13 16 0.12391539 
140 322 13 16 0.12352208 
932 209 15 17 0.123037696 
641 203 12 16 0.12303044 
897 58 11 14 0.12223954 
362 365 16 19 0.12219554 
427 24 8 11 0.1218579 
630 5 10 12 0.12147215 
612 115 12 14 0.12108718 
750 69 9 11 0.12093885 
99 101 12 13 0.12035161 
597 59 10 12 0.12023267 
12 51 10 12 0.12022042 
348 86 11 13 0.1197586 
892 121 14 18 0.11943388 
128 45 8 10 0.118200526 
318 95 11 14 0.11778175 
582 63 11 12 0.11777016 
518 131 12 15 0.117125496 
528 51 10 13 0.116796024 
942 141 14 16 0.11646067 
716 262 14 16 0.11606994 
872 87 12 14 0.11544983 
206 68 11 13 0.11524502 
76 79 9 11 0.11509036 
886 123 13 16 0.11497507 
915 602 25 28 0.11456034 
603 91 13 17 0.113799535 
228 53 9 12 0.11328571 
597 269 14 17 0.11322548 
373 108 12 14 0.11304382 
702 46 11 12 0.11215394 
438 69 11 13 0.11166147 
149 96 10 11 0.11123267 
347 163 12 14 0.11079954 
455 31 9 11 0.110755056 
762 165 14 15 0.11059417 
27 112 11 13 0.11042264 
479 131 13 15 0.11006771 
382 29 10 12 0.109963074 
774 30 9 11 0.109702654 
913 61 11 14 0.10907491 
584 68 11 13 0.10888561 
373 115 11 13 0.10859661 
678 68 12 14 0.10755753 
672 116 12 14 0.1065425 
296 43 10 12 0.10644073 
645 213 13 16 0.10601858 
45 13 8 10 0.10574841 
259 93 11 13 0.1054478 
62 551 21 23 0.105193615 
234 275 14 16 0.105142824 
484 69 11 12 0.10504747 
480 69 10 13 0.10426315 
125 61 9 12 0.10362064 
577 166 12 15 0.1033351 
735 12 9 12 0.1032616 
597 245 15 18 0.10313883 
415 78 11 12 0.1031017 
992 124 12 16 0.10253054 
229 62 11 13 0.10241135 
77 117 11 13 0.1021309 
727 241 13 16 0.10179909 
75 222 12 16 0.10143294 
239 41 9 11 0.10110288 
770 109 14 17 0.10099516 
159 213 13 15 0.100363605 
317 68 11 14 0.0997996 
261 134 11 15 0.09920649 
404 84 10 12 0.09846963 
794 658 30 31 0.097936966 
471 63 10 11 0.09768404 
60 131 10 14 0.09749073 
733 240 13 17 0.09738016 
645 94 10 12 0.097362466 
6 112 10 13 0.09698354 
146 290 15 17 0.096548766 
874 407 23 29 0.09623928 
223 140 13 14 0.09611304 
355 291 13 17 0.09606839 
265 40 9 11 0.095689826 
836 45 13 16 0.0950871 
336 66 11 13 0.09506735 
925 282 15 19 0.09503322 
609 11 11 13 0.094858915 
141 60 10 11 0.09462121 
657 161 11 15 0.094414614 
572 388 17 21 0.09431714 
45 68 11 14 0.094056025 
204 186 15 17 0.09307444 
316 48 10 11 0.09295544 
553 305 19 24 0.09224749 
363 205 14 15 0.0919161 
393 47 9 11 0.09187241 
477 52 10 11 0.09159129 
27 398 15 17 0.09118722 
182 47 10 11 0.09021197 
270 102 12 14 0.09016862 
627 140 11 13 0.08974919 
533 54 10 12 0.089584954 
155 159 13 16 0.08922876 
668 155 12 15 0.087602235 
261 52 10 12 0.08730207 
259 80 13 16 0.08727424 
358 70 10 12 0.08700584 
846 131 12 15 0.08689375 
225 47 9 11 0.08665983 
153 63 9 12 0.08588589 
259 197 15 18 0.08585363 
710 86 12 14 0.08559463 
101 61 9 10 0.08487939 
390 55 8 10 0.084840015 
709 266 14 16 0.084718734 
535 31 9 12 0.08463939 
174 31 9 11 0.08442686 
301 45 9 11 0.084174685 
13 94 9 12 0.08412745 
575 195 14 17 0.083379015 
302 134 12 15 0.08316464 
722 226 12 15 0.082872614 
563 117 12 14 0.08274047 
351 91 11 13 0.08267173 
650 134 13 15 0.08240543 
592 48 9 11 0.082244225 
956 123 13 14 0.082072094 
137 61 9 10 0.08188368 
455 300 15 19 0.08178052 
689 12 9 12 0.080798805 
789 317 21 24 0.08042093 
524 233 14 16 0.08040931 
688 102 12 13 0.08039125 
335 124 12 14 0.0801048 
73 126 11 13 0.0800812 
85 29 8 10 0.07979841 
77 46 11 13 0.07955114 
237 85 11 12 0.07914329 
551 8 9 11 0.078859314 
670 174 13 16 0.078656204 
175 11 11 13 0.07857841 
230 46 9 11 0.07849954 
723 52 11 14 0.07848746 
369 30 9 11 0.0780359 
112 109 10 12 0.07757158 
175 52 10 12 0.07735458 
704 53 11 13 0.07668567 
678 76 10 13 0.07638158 
61 205 13 16 0.07622909 
248 32 9 11 0.07615625 
77 293 16 18 0.07607162 
470 75 11 14 0.07593547 
342 158 13 15 0.075833686 
446 79 11 13 0.07571138 
619 277 16 18 0.0756481 
702 62 12 14 0.0756104 
431 108 12 15 0.07555109 
243 47 10 13 0.07539374 
106 133 11 14 0.07511988 
790 668 26 28 0.07487769 
492 32 9 11 0.074510574 
748 62 11 13 0.07424654 
172 187 13 15 0.0740638 
103 31 8 10 0.07405875 
535 15 8 11 0.073915385 
95 53 10 11 0.073423356 
36 198 13 16 0.07333897 
591 61 10 12 0.073252305 
320 76 12 13 0.07315591 
333 29 9 12 0.07300159 
670 12 9 12 0.07290227 
938 392 25 27 0.07281785 
585 23 9 11 0.07223373 
424 130 13 16 0.071948424 
222 85 11 14 0.07186515 
574 6 11 14 0.0717615 
482 76 12 15 0.07163173 
173 37 9 11 0.0715834 
523 106 11 15 0.071560524 
635 120 13 15 0.0713301 
70 149 12 15 0.071317114 
745 62 9 11 0.07122373 
733 187 12 15 0.071162134 
416 181 12 15 0.07104409 
192 117 11 12 0.07101734 
12 170 13 19 0.070970416 
174 94 10 14 0.070967585 
103 140 11 13 0.07087334 
446 190 14 17 0.07076818 
101 114 12 14 0.07068717 
228 266 14 16 0.07068662 
958 154 14 17 0.07068626 
628 129 12 15 0.070494816 
597 381 22 25 0.07034734 
376 12 11 12 0.07026234 
254 39 8 11 0.07021126 
522 40 9 11 0.06989564 
455 84 11 14 0.06956575 
310 126 13 17 0.069469154 
223 21 10 12 0.069323 
56 44 9 12 0.06915761 
574 68 11 13 0.06911803 
637 86 11 12 0.06885249 
77 154 12 16 0.06860092 
352 70 10 12 0.068202905 
571 505 20 23 0.06816743 
151 550 16 23 0.06794896 
415 171 13 15 0.06789537 
679 150 14 16 0.067853354 
575 60 10 13 0.067655504 
243 145 13 16 0.067489624 
400 93 11 12 0.06745959 
479 92 12 15 0.067335874 
368 74 11 13 0.0672923 
418 244 14 16 0.067177534 
651 306 17 18 0.0671078 
95 95 12 14 0.067095526 
353 101 12 14 0.06670824 
323 155 12 15 0.06652926 
696 122 12 15 0.06632114 
143 85 11 13 0.06602916 
469 92 10 13 0.06544367 
291 131 13 15 0.06529787 
584 43 9 11 0.065271236 
696 141 13 16 0.06520132 
927 125 13 15 0.06514506 
534 69 11 13 0.06490678 
740 218 15 18 0.064714365 
960 62 9 13 0.06464806 
87 220 15 16 0.06456833 
151 85 9 11 0.06454586 
29 87 10 13 0.06452851 
575 211 14 16 0.064065576 
253 183 13 15 0.06395466 
767 127 14 17 0.06391885 
126 338 15 18 0.06390089 
562 24 8 10 0.06376001 
460 71 11 14 0.06339529 
646 81 12 15 0.0632334 
72 118 11 13 0.06273292 
423 141 12 15 0.06270738 
863 75 13 15 0.062506996 
205 169 14 16 0.062430605 
284 45 10 12 0.062386174 
932 158 15 18 0.062163163 
232 87 11 12 0.062060393 
89 455 16 21 0.06205576 
647 100 11 14 0.062049955 
110 78 9 11 0.061991382 
945 148 14 16 0.061832633 
693 46 11 13 0.06177304 
307 90 12 15 0.06168035 
272 46 10 13 0.06162127 
147 230 13 16 0.06158045 
479 62 10 12 0.06146152 
486 0 8 9 0.061459154 
430 101 11 13 0.061409604 
503 52 9 12 0.06138659 
152 76 10 14 0.06136172 
158 108 11 14 0.061289616 
7 526 25 29 0.06125308 
741 50 11 14 0.06101869 
664 36 10 13 0.060961496 
965 63 9 11 0.060787432 
212 60 10 12 0.060512148 
40 543 18 25 0.06047846 
845 158 12 15 0.060469188 
460 84 12 13 0.06042608 
431 216 14 17 0.06037144 
468 138 14 18 0.060173366 
539 110 12 15 0.06005977 
557 182 14 16 0.059949655 
583 86 11 14 0.05993431 
49 101 9 12 0.059783645 
155 74 12 14 0.059645813 
952 64 9 12 0.059588443 
181 250 13 16 0.059183773 
640 75 13 15 0.058749888 
276 51 10 12 0.058632735 
552 108 12 15 0.05835365 
70 203 12 14 0.058341768 
747 165 12 15 0.058237918 
423 100 10 13 0.05815499 
822 57 12 15 0.05807116 
967 68 9 12 0.05800638 
564 109 12 14 0.057813972 
496 61 9 12 0.057796486 
358 166 14 16 0.057725903 
289 156 13 16 0.05766589 
425 118 12 15 0.057656176 
380 37 11 12 0.05755773 
745 229 14 17 0.057531558 
181 233 13 15 0.057517454 
798 72 13 16 0.05747866 
853 164 13 15 0.057337396 
144 385 16 19 0.057284057 
13 118 10 14 0.057257514 
812 255 16 19 0.057155825 
693 264 16 18 0.057110723 
145 93 10 12 0.057063725 
151 142 10 13 0.057001654 
236 110 12 15 0.05676955 
330 110 11 14 0.056769073 
971 111 11 13 0.056645114 
536 36 8 11 0.056596987 
889 87 11 14 0.056157663 
415 188 13 16 0.05603086 
7 174 13 18 0.056025174 
176 46 10 13 0.056023393 
406 54 9 12 0.055804417 
227 74 11 14 0.055666696 
381 147 11 15 0.055547576 
568 102 10 13 0.055529516 
909 223 14 19 0.055324633 
212 292 16 20 0.055295613 
640 19 9 12 0.055202007 
415 98 11 14 0.0549725 
197 116 11 13 0.054690626 
424 70 9 11 0.054519705 
413 16 9 11 0.054315053 
512 79 10 12 0.054143056 
63 386 14 18 0.05395595 
76 179 11 13 0.053901326 
822 318 16 20 0.053807434 
766 20 9 11 0.05375992 
384 75 10 12 0.05371254 
482 204 14 16 0.05361255 
222 164 13 16 0.053535216 
533 60 11 12 0.053476524 
932 74 11 13 0.053424254 
294 84 11 14 0.05324701 
349 76 11 13 0.053246357 
987 180 12 15 0.053197596 
691 167 13 16 0.053164184 
104 78 10 12 0.053046484 
197 149 11 13 0.053044632 
660 274 15 18 0.053039607 
604 174 11 15 0.05299871 
693 12 9 12 0.052988112 
269 38 9 11 0.05293753 
190 148 12 13 0.05286705 
164 22 10 11 0.052862942 
343 92 10 12 0.05272398 
630 60 10 13 0.052652396 
277 98 12 15 0.05264877 
91 285 14 17 0.05253463 
200 156 13 17 0.05239947 
489 46 9 12 0.05227492 
598 100 12 14 0.052000117 
511 53 9 12 0.051995177 
978 177 15 18 0.051910013 
52 155 11 14 0.051808327 
208 134 12 15 0.051725674 
144 55 9 11 0.051708654 
266 75 12 14 0.051692266 
728 189 11 15 0.05167569 
396 141 11 13 0.051648118 
135 77 10 13 0.051602125 
447 119 13 15 0.05156444 
156 101 12 14 0.05144902 
658 283 15 18 0.05118384 
129 40 9 11 0.051089 
916 109 13 16 0.05101405 
356 126 11 14 0.05093345 
746 172 13 15 0.05083214 
375 188 11 15 0.050588436 
462 53 10 13 0.05038217 
83 108 12 14 0.05036857 
222 172 13 15 0.050367203 
56 38 10 12 0.050233778 
707 108 12 14 0.05019674 
550 194 14 18 0.050185148 
77 206 11 14 0.05015908 
576 91 10 13 0.05010385 
423 57 11 14 0.049961343 
541 134 13 16 0.049952593 
227 135 11 14 0.049880072 
130 13 9 12 0.049814507 
671 76 11 14 0.049683355 
201 61 11 12 0.04966684 
280 131 12 15 0.04915135 
148 119 11 13 0.049141534 
670 70 11 14 0.0491021 
639 68 13 16 0.049081977 
665 13 10 12 0.04897597 
631 67 11 14 0.04892512 
495 205 13 16 0.048886593 
776 180 14 16 0.048773356 
655 193 12 15 0.04872271 
356 139 12 14 0.04870599 
447 6 10 12 0.048697 
47 75 10 12 0.048612818 
371 124 12 15 0.048529 
368 64 10 11 0.048474792 
680 98 10 13 0.048319448 
670 186 13 16 0.048286784 
950 166 14 16 0.048228905 
518 28 9 12 0.04822321 
536 185 14 16 0.048210725 
408 78 10 13 0.048145957 
865 260 16 18 0.04814486 
289 53 9 12 0.048077088 
559 7 8 10 0.0480707 
524 80 12 14 0.04795706 
212 83 11 15 0.047904767 
589 265 13 17 0.047890615 
7 313 14 17 0.047744945 
907 77 11 14 0.047622256 
420 167 12 15 0.04753021 
421 78 10 13 0.047476403 
541 76 11 14 0.047463328 
471 38 10 10 0.047439404 
110 71 10 12 0.04733557 
575 102 11 13 0.04730233 
352 107 11 14 0.047238737 
562 281 13 16 0.04723604 
95 62 12 12 0.04722379 
164 29 11 12 0.04721054 
140 217 16 18 0.047038876 
332 36 10 12 0.046948858 
302 38 9 12 0.04689503 
21 100 9 11 0.046782464 
652 275 15 16 0.046761226 
876 215 15 18 0.0466363 
79 96 11 13 0.046340592 
589 83 11 14 0.046201315 
126 53 9 12 0.046136882 
569 6 9 12 0.04612358 
843 314 17 22 0.046063434 
335 25 8 10 0.046045337 
831 91 11 13 0.045867402 
917 137 15 17 0.04550945 
540 216 14 18 0.04544698 
391 132 11 13 0.04537068 
263 98 11 15 0.045362018 
344 78 10 12 0.045289982 
126 68 10 12 0.04525074 
549 147 12 15 0.04522331 
413 32 10 13 0.045213226 
502 212 13 17 0.045105506 
956 163 13 16 0.045077655 
211 156 13 16 0.0450482 
55 80 9 10 0.04502172 
910 393 22 29 0.04489773 
116 138 11 14 0.044894163 
775 53 12 14 0.044886958 
364 51 9 12 0.044862363 
838 59 12 14 0.044814374 
113 102 10 12 0.04480897 
358 186 13 15 0.044801623 
424 37 10 12 0.044768486 
911 109 11 14 0.044740442 
144 45 10 12 0.044714365 
837 210 13 16 0.04471369 
664 45 10 13 0.044711053 
717 138 13 14 0.044705503 
95 166 12 15 0.044688318 
685 117 11 14 0.044421565 
397 78 10 12 0.044367723 
409 20 9 11 0.04431415 
372 227 12 14 0.044313654 
910 84 11 14 0.044273686 
670 150 12 14 0.044088975 
1006 99 11 15 0.04403299 
423 293 13 18 0.044013277 
286 119 12 14 0.043932028 
198 77 11 13 0.04390928 
116 106 11 14 0.04380035 
789 75 11 14 0.043699667 
94 47 9 11 0.043664392 
481 0 10 10 0.04361411 
607 118 13 16 0.043588024 
87 53 10 12 0.0435531 
518 235 14 17 0.04354769 
373 28 11 13 0.043510538 
818 166 13 16 0.043461274 
502 21 9 11 0.04345399 
78 39 9 12 0.04344661 
443 106 12 15 0.04329121 
391 75 10 13 0.043272074 
184 108 11 14 0.04322822 
630 11 10 13 0.043181863 
328 60 11 13 0.04317438 
429 36 10 12 0.04303103 
800 84 11 14 0.043002807 
70 328 14 19 0.042979553 
397 48 10 11 0.042961277 
441 94 11 13 0.042869873 
414 147 11 14 0.04283263 
651 267 15 18 0.04275393 
438 114 12 15 0.04272185 
450 140 13 16 0.04268871 
86 89 10 12 0.042620555 
357 149 12 15 0.042597897 
894 157 12 15 0.04243939 
643 198 12 14 0.04243362 
615 142 12 15 0.04241233 
891 305 15 18 0.04239002 
283 187 13 16 0.04238478 
328 45 10 12 0.042311467 
803 168 13 17 0.042187594 
470 99 11 15 0.04210482 
927 118 12 15 0.04209736 
94 36 9 12 0.042009786 
756 143 13 16 0.04196755 
522 147 12 14 0.041901357 
276 140 11 13 0.041862153 
474 408 17 19 0.04180695 
622 108 11 13 0.041780647 
519 91 12 13 0.041709717 
302 100 12 14 0.041671026 
783 105 12 16 0.041587897 
463 61 10 11 0.041470785 
535 85 11 13 0.041424673 
135 212 14 16 0.04139859 
814 147 12 15 0.041387178 
529 14 9 11 0.04138672 
79 69 10 13 0.04129792 
118 16 8 10 0.04120325 
822 228 13 16 0.041198824 
653 19 10 12 0.041157365 
200 40 10 12 0.041114822 
177 87 10 12 0.041059304 
700 266 15 17 0.04105159 
287 148 13 15 0.041048657 
401 62 9 12 0.040976986 
485 180 11 15 0.040881846 
563 173 12 15 0.040870298 
206 125 12 14 0.040824156 
684 79 13 15 0.04076616 
64 587 22 29 0.040750273 
181 287 17 19 0.04049241 
138 70 9 12 0.04045778 
108 115 13 15 0.040445328 
463 48 9 11 0.040408075 
597 116 12 15 0.040352724 
356 93 11 13 0.04031468 
648 107 11 13 0.040248636 
257 70 12 15 0.04024472 
661 53 11 14 0.040216144 
350 118 11 14 0.040210694 
589 242 15 18 0.04015698 
762 21 8 11 0.0400947 
536 76 11 14 0.04009219 
782 86 10 12 0.040045243 
881 124 11 14 0.039973766 
124 93 11 14 0.039890572 
668 93 10 13 0.03988879 
623 117 11 14 0.03967988 
189 138 13 15 0.039659064 
866 70 13 15 0.039650258 
358 156 13 14 0.039546423 
812 28 9 12 0.039533652 
678 11 9 12 0.039515644 
866 270 18 19 0.039491553 
611 123 12 15 0.039441533 
591 178 12 16 0.03930136 
120 77 10 12 0.039086387 
48 108 10 13 0.039084896 
561 29 9 11 0.039029725 
622 15 11 13 0.039027724 
502 171 13 16 0.03902469 
565 29 9 12 0.039024267 
168 72 11 15 0.03896648 
103 258 12 16 0.0389369 
904 219 14 17 0.03883027 
174 21 10 11 0.038768847 
576 22 9 11 0.038750183 
580 177 13 16 0.038703825 
255 139 11 15 0.038630813 
350 51 11 14 0.038523752 
762 15 9 12 0.03852196 
73 105 11 15 0.03845806 
385 55 10 12 0.03845144 
430 94 11 12 0.03843457 
744 12 9 12 0.03835156 
158 205 13 15 0.03834011 
445 161 12 16 0.03831473 
135 19 10 12 0.0382916 
305 675 22 21 0.03816103 
48 35 9 12 0.038137395 
799 227 13 16 0.03808113 
451 185 14 17 0.03801209 
195 94 11 14 0.038003124 
495 87 11 14 0.03796084 
1000 244 17 20 0.037931375 
85 116 10 12 0.037919667 
604 137 13 15 0.037886582 
143 20 9 12 0.037869036 
935 92 12 14 0.037864354 
222 37 12 13 0.037777737 
662 23 10 12 0.037774496 
703 193 14 16 0.037743352 
599 138 12 14 0.0377241 
628 148 11 16 0.03765951 
266 273 15 17 0.037590615 
43 171 12 15 0.03743556 
304 436 17 20 0.03742675 
103 84 10 12 0.037397146 
352 60 10 12 0.037392594 
440 195 14 17 0.0373365 
656 91 11 14 0.03728442 
598 212 12 16 0.037198152 
749 51 12 14 0.037173502 
821 218 13 16 0.037097003 
568 12 10 12 0.03707976 
226 149 13 17 0.037010662 
567 88 12 15 0.036907125 
879 172 13 16 0.036739565 
477 118 12 14 0.036611598 
436 180 13 15 0.036507614 
968 115 12 14 0.036496703 
231 39 9 11 0.036443256 
879 69 11 14 0.036425788 
458 166 13 16 0.03641546 
400 29 9 12 0.036381662 
73 302 17 20 0.036375 
95 86 11 12 0.036368612 
42 210 12 15 0.036364112 
333 45 10 12 0.036296286 
223 27 13 15 0.035998445 
669 139 12 14 0.035975944 
750 195 13 15 0.035822254 
794 107 12 15 0.035758004 
656 203 11 14 0.03572736 
189 110 11 14 0.035658594 
724 46 12 14 0.03563805 
132 266 14 17 0.035627972 
367 36 9 12 0.03545046 
534 220 13 16 0.03543817 
808 99 11 14 0.035431046 
34 226 13 15 0.03534406 
142 0 10 11 0.035314746 
535 20 9 11 0.035304826 
343 12 9 11 0.035292752 
446 179 14 17 0.035283536 
815 134 12 14 0.03526794 
728 108 11 14 0.035160862 
110 84 10 12 0.035074044 
947 274 18 20 0.03507388 
53 61 10 13 0.035070945 
142 123 12 15 0.034978133 
584 28 10 12 0.034965374 
784 317 15 19 0.034958664 
196 231 13 16 0.03494536 
134 90 10 13 0.034937546 
400 52 9 11 0.034864612 
183 35 11 13 0.034838937 
96 31 9 11 0.034828812 
713 126 11 14 0.034794133 
199 99 11 15 0.03477282 
475 630 24 30 0.0347578 
47 94 10 13 0.034690734 
709 140 12 15 0.034666408 
71 139 12 15 0.03464209 
546 1 8 9 0.034560774 
471 83 11 15 0.03455347 
294 140 13 15 0.0345068 
829 60 11 14 0.034499962 
734 61 11 12 0.03444548 
404 118 12 15 0.034283433 
583 55 10 11 0.034277543 
454 5 10 13 0.034260087 
119 68 11 13 0.03420978 
973 276 22 25 0.03417823 
389 92 10 12 0.034161504 
208 238 12 15 0.03415212 
278 0 10 10 0.034128033 
655 86 10 12 0.034101903 
818 426 22 29 0.03406282 
917 78 10 12 0.034045625 
575 149 13 16 0.033916987 
724 101 12 15 0.03391423 
534 47 10 12 0.033886645 
659 307 15 18 0.033871036 
182 150 14 16 0.03385779 
274 110 12 15 0.033828717 
463 136 12 17 0.033806548 
79 60 11 12 0.033806354 
726 117 10 13 0.033731617 
201 29 8 11 0.033555172 
550 30 9 11 0.033545434 
12 87 10 13 0.03354245 
555 343 16 20 0.033532973 
292 78 11 13 0.033523425 
448 31 8 12 0.03352293 
701 134 11 14 0.033470552 
368 117 12 14 0.033355437 
961 186 14 17 0.033354174 
468 14 11 13 0.033327084 
62 76 10 11 0.03319672 
484 466 19 25 0.033171196 
214 56 10 12 0.033115443 
646 524 23 30 0.033089772 
190 85 13 14 0.033040613 
222 396 15 17 0.032955617 
513 30 8 11 0.03286821 
157 85 11 12 0.032867048 
654 149 12 15 0.032866675 
102 69 10 13 0.032855984 
167 44 11 13 0.032848693 
590 197 12 14 0.03284494 
974 97 12 15 0.03282742 
212 172 13 15 0.0328273 
528 59 11 13 0.032811645 
191 10 10 13 0.032740496 
144 37 11 13 0.03269661 
93 148 11 14 0.032651737 
678 142 12 14 0.032641202 
815 85 12 14 0.03257071 
780 61 12 15 0.03254149 
733 123 11 14 0.03253745 
228 368 15 18 0.03252321 
629 191 11 14 0.03252033 
156 227 13 16 0.032511044 
211 182 13 16 0.032505754 
533 228 12 15 0.032497894 
113 93 10 12 0.03247369 
573 107 10 13 0.032469038 
591 204 12 15 0.032465853 
232 282 14 17 0.0324576 
621 147 13 16 0.032454774 
384 91 10 12 0.032395963 
496 74 11 14 0.03238949 
612 132 12 14 0.032388177 
447 172 11 16 0.03235414 
549 0 10 10 0.03230618 
248 194 13 16 0.0322911 
406 99 11 13 0.032278337 
582 12 9 12 0.032239296 
255 60 10 12 0.032188933 
874 268 15 17 0.032188278 
618 221 13 16 0.03218337 
852 266 14 17 0.032182828 
590 156 11 15 0.032164626 
862 157 14 16 0.032151718 
303 126 11 15 0.03214307 
69 211 12 15 0.032132987 
441 32 8 11 0.032118596 
246 62 9 12 0.032042194 
515 334 19 24 0.03201038 
901 324 15 18 0.031997122 
837 86 11 12 0.031987414 
493 99 11 15 0.03198595 
520 155 11 15 0.031893365 
664 173 12 14 0.03186098 
646 7 13 14 0.03183504 
630 35 10 12 0.031821225 
558 163 13 16 0.031819183 
454 23 9 12 0.03176863 
26 123 12 14 0.031723384 
480 640 27 31 0.031715296 
872 53 10 12 0.03166134 
639 39 9 12 0.03164487 
511 112 12 16 0.03164183 
149 54 9 11 0.03161829 
280 206 12 15 0.03159394 
519 52 11 14 0.031420097 
624 133 12 14 0.031412296 
89 46 9 11 0.031397585 
485 443 18 22 0.031388897 
669 101 11 13 0.031329874 
518 165 11 14 0.0313084 
476 154 12 15 0.031253006 
165 188 13 15 0.031245297 
301 268 16 18 0.031232974 
916 54 11 13 0.031211734 
652 212 12 18 0.031178322 
92 156 12 15 0.03112168 
628 48 11 13 0.031086316 
854 29 10 12 0.031080281 
739 189 13 14 0.031045178 
151 30 9 13 0.031038444 
252 100 12 15 0.030998223 
596 259 16 19 0.030952683 
559 131 13 16 0.03091333 
769 98 12 15 0.030872831 
257 221 10 12 0.030826902 
709 173 14 16 0.030820457 
313 353 17 20 0.030786637 
125 142 12 14 0.030783772 
605 371 18 21 0.030778592 
39 118 11 13 0.030682765 
662 151 12 16 0.03061216 
373 180 12 16 0.03060581 
1005 90 14 18 0.030492537 
195 277 14 17 0.030436419 
438 124 11 15 0.030410264 
235 295 21 23 0.030301752 
217 673 19 20 0.030201484 
782 19 9 12 0.03019055 
528 115 12 16 0.030185606 
53 103 11 13 0.03014086 
251 237 14 16 0.030024407 
133 219 13 16 0.030015767 
407 31 10 11 0.029989406 
774 298 16 19 0.029952861 
484 126 11 14 0.02994937 
544 14 8 11 0.029873675 
623 37 11 12 0.029869216 
723 123 12 15 0.02984348 
159 33 10 14 0.029825427 
874 284 17 18 0.029807623 
478 138 13 16 0.029775683 
348 29 9 10 0.029770695 
639 210 15 17 0.029745422 
205 146 14 17 0.02967219 
655 53 11 13 0.029615356 
364 186 13 17 0.029566776 
187 156 13 16 0.029566323 
256 262 14 16 0.029565997 
358 61 10 12 0.029565325 
592 11 9 12 0.029534334 
327 93 10 12 0.029519012 
262 127 13 15 0.029475126 
89 38 9 11 0.02946217 
247 180 11 12 0.02944226 
375 53 9 11 0.029421903 
33 204 12 14 0.029345 
501 98 12 15 0.029341241 
16 522 17 20 0.029139822 
287 139 12 16 0.029133057 
597 205 13 15 0.029101478 
70 276 13 16 0.029071614 
265 108 12 16 0.029069746 
544 30 9 11 0.029035104 
126 148 12 14 0.029030776 
197 299 13 18 0.029012166 
527 69 12 13 0.028971156 
310 100 12 14 0.028953562 
864 248 15 18 0.028951095 
734 38 10 12 0.028939059 
253 31 9 11 0.028914496 
536 204 14 18 0.02890449 
941 283 18 23 0.028852781 
478 4 10 11 0.028800385 
16 122 10 13 0.02875277 
662 436 23 28 0.028751964 
653 102 11 14 0.028751537 
781 92 11 14 0.028700624 
440 153 12 17 0.028696835 
484 157 13 16 0.02869271 
573 48 10 13 0.028683342 
567 0 8 10 0.028677043 
806 203 14 16 0.028668322 
512 140 12 15 0.02858922 
24 181 11 14 0.028544772 
379 7 12 14 0.028494786 
532 367 18 20 0.028494557 
143 314 19 22 0.02848962 
180 11 11 13 0.02848441 
631 86 11 14 0.028446533 
587 237 14 16 0.028438391 
661 60 10 13 0.028421057 
441 22 8 10 0.028384253 
166 173 13 16 0.028332919 
464 147 12 16 0.028331421 
768 85 11 14 0.02832459 
638 182 12 15 0.02830844 
238 241 13 16 0.028287211 
518 23 10 12 0.028274605 
139 130 12 15 0.028258953 
55 126 12 15 0.028213402 
119 85 11 13 0.028183859 
488 14 9 13 0.028104745 
749 178 13 15 0.028064901 
261 61 11 12 0.028048558 
281 70 10 12 0.02804124 
545 6 8 11 0.02803609 
398 69 10 12 0.02800294 
728 6 10 12 0.027952721 
606 281 15 17 0.027878817 
104 124 12 14 0.02785776 
21 278 14 19 0.02782005 
655 291 15 17 0.027815137 
97 477 16 18 0.027798984 
749 12 8 11 0.027786 
335 164 12 14 0.0277831 
367 6 11 14 0.027776562 
576 130 12 15 0.027770257 
181 116 11 14 0.027769992 
661 181 12 15 0.027729131 
616 53 11 13 0.027646769 
173 128 12 16 0.027646566 
540 100 12 14 0.027624216 
79 196 12 15 0.027610846 
324 136 13 16 0.027579794 
556 200 13 17 0.027574047 
487 4 10 12 0.02755702 
206 2 13 13 0.027512927 
348 180 11 14 0.027486976 
951 118 12 14 0.027474077 
148 107 13 14 0.027464125 
831 249 14 17 0.027463228 
167 195 13 15 0.027434077 
684 141 13 14 0.02732048 
103 148 11 12 0.027243474 
531 131 13 15 0.027213044 
830 147 12 16 0.02721187 
868 164 13 16 0.027183488 
653 60 11 13 0.0271374 
429 61 11 13 0.027128384 
551 231 15 18 0.027109277 
162 163 13 15 0.027108397 
376 164 11 13 0.02710062 
786 193 13 17 0.027079392 
103 35 10 12 0.027069114 
269 31 8 11 0.027007662 
167 51 11 13 0.027004391 
20 205 11 14 0.026961366 
473 427 16 21 0.026949303 
816 243 15 19 0.026909498 
50 547 22 26 0.026909469 
310 6 10 13 0.026897784 
376 157 12 15 0.026847431 
734 113 11 15 0.026833655 
968 171 12 15 0.026824841 
811 214 14 17 0.026824582 
252 147 11 14 0.026798578 
948 136 15 16 0.026789812 
302 262 13 16 0.026778897 
311 13 10 14 0.026740799 
669 163 13 16 0.026615718 
221 178 13 16 0.026614593 
179 124 12 14 0.026606394 
286 227 13 14 0.026601788 
999 226 21 30 0.026592093 
628 211 13 16 0.026576795 
911 66 12 14 0.026573736 
518 191 14 15 0.026571983 
372 205 13 15 0.026565883 
121 45 9 12 0.026537614 
759 61 10 13 0.026522422 
505 108 11 15 0.026405491 
620 167 14 15 0.026373064 
837 39 11 13 0.026364323 
943 101 11 15 0.02635681 
315 616 21 28 0.026337605 
614 76 11 13 0.02621588 
83 101 13 14 0.026215184 
641 54 9 12 0.026206948 
887 232 14 17 0.026166914 
200 52 11 13 0.02615891 
37 180 12 15 0.026148785 
792 21 9 13 0.026138885 
200 68 11 13 0.026136834 
790 61 10 12 0.026130294 
298 148 13 17 0.026109884 
189 53 9 12 0.026109748 
615 38 10 12 0.02609651 
608 108 11 13 0.026075948 
362 681 19 17 0.025995532 
199 14 9 11 0.02595049 
448 22 8 10 0.02594488 
613 85 11 13 0.025941817 
470 107 11 15 0.025889557 
265 262 15 18 0.025863323 
820 155 13 14 0.025862819 
301 66 11 13 0.025853347 
877 165 12 15 0.025836525 
804 86 12 15 0.025824858 
277 180 14 18 0.025798943 
61 223 13 16 0.025775408 
828 155 13 17 0.025770456 
127 325 14 17 0.02574552 
447 14 9 10 0.025744174 
695 133 12 14 0.025641384 
86 148 12 15 0.02563245 
887 158 12 15 0.025582425 
365 86 9 12 0.02554497 
18 244 13 17 0.025498733 
587 125 12 15 0.025459372 
112 161 14 16 0.025415352 
230 235 11 14 0.025394479 
176 348 14 17 0.025380274 
905 269 14 16 0.025344618 
199 377 12 18 0.025266482 
629 21 11 14 0.025247883 
86 62 12 13 0.025242416 
175 227 12 16 0.025214095 
671 83 10 13 0.025132425 
284 13 9 12 0.025130795 
46 116 11 14 0.02511534 
94 408 16 18 0.025034485 
477 174 13 15 0.025018552 
462 372 14 18 0.025011308 
984 254 21 22 0.024968496 
702 7 10 12 0.024954125 
23 195 11 14 0.024950095 
311 38 9 11 0.024929808 
138 107 11 13 0.024910673 
791 118 12 15 0.024905326 
741 178 13 16 0.024876833 
595 217 13 17 0.02486166 
631 76 11 14 0.02483891 
309 365 18 20 0.024809856 
807 92 12 14 0.024776688 
135 5 11 13 0.024767483 
440 62 10 13 0.024631996 
189 46 9 12 0.024625475 
144 30 10 13 0.024586696 
560 0 10 10 0.024559068 
289 37 10 13 0.024550248 
676 202 12 15 0.024537304 
85 155 13 16 0.024535581 
480 22 9 11 0.024528781 
853 122 14 17 0.02451478 
207 92 11 14 0.024461249 
404 198 13 16 0.024413798 
495 21 9 12 0.024413401 
471 118 12 14 0.024343347 
720 13 9 12 0.024337377 
646 315 22 25 0.02431196 
494 14 10 12 0.024299815 
374 94 11 12 0.024298957 
703 173 13 15 0.024295283 
94 177 14 16 0.024290444 
745 203 14 17 0.024265967 
186 397 14 17 0.024252955 
143 164 12 14 0.024239799 
1011 82 11 17 0.024238829 
359 86 10 13 0.024235185 
300 286 15 19 0.0242205 
303 6 12 13 0.02421979 
487 21 9 12 0.024168544 
974 68 9 12 0.02414075 
235 370 15 18 0.02410963 
206 55 10 13 0.024104625 
647 182 12 15 0.024095813 
462 99 12 15 0.024061378 
558 13 9 11 0.024037568 
269 70 10 13 0.024037337 
318 151 13 16 0.024007138 
166 140 12 14 0.02399118 
320 84 11 14 0.023989825 
754 282 17 21 0.023985665 
663 108 10 12 0.023976505 
330 24 8 11 0.02397634 
198 84 11 13 0.023963563 
302 80 12 14 0.023943663 
684 333 17 21 0.02393631 
30 98 9 12 0.023885084 
414 116 10 14 0.023881957 
781 40 11 13 0.023878725 
577 203 14 17 0.023847068 
744 91 11 13 0.023834232 
936 148 13 15 0.023820275 
528 30 9 11 0.023815831 
615 27 11 13 0.023800094 
956 132 12 14 0.023794446 
528 8 9 10 0.023747373 
920 270 21 25 0.02374662 
508 222 15 19 0.02370707 
173 0 11 10 0.02370612 
213 68 10 13 0.023670614 
110 6 10 12 0.023667151 
614 0 10 10 0.023666797 
898 227 14 17 0.023601502 
509 298 12 17 0.02355121 
597 11 11 14 0.023535805 
241 18 11 13 0.023515541 
566 35 10 12 0.023498539 
453 13 9 11 0.02342988 
876 76 12 14 0.023416815 
528 20 9 11 0.02341509 
896 149 12 16 0.023391703 
101 178 13 16 0.02338453 
540 84 11 13 0.023378156 
423 108 12 15 0.02334306 
551 21 9 11 0.023324983 
334 394 17 21 0.02330551 
137 186 14 15 0.02329681 
722 132 14 15 0.023288758 
401 345 13 17 0.023279324 
707 68 11 15 0.023267744 
174 235 13 15 0.023264222 
331 251 13 16 0.023251502 
616 45 11 12 0.023235772 
312 31 9 11 0.023195354 
340 260 15 18 0.023162687 
217 20 9 12 0.02315562 
607 20 9 12 0.023152666 
697 211 13 17 0.023147145 
196 138 12 16 0.02313367 
329 341 20 24 0.023116112 
55 68 10 13 0.023107521 
976 221 17 20 0.023066694 
839 155 14 17 0.02305233 
1009 212 15 20 0.02302649 
262 283 14 17 0.022990668 
868 215 16 18 0.022973748 
496 180 11 15 0.022955012 
100 55 10 12 0.022952648 
224 117 12 15 0.022940073 
426 153 13 15 0.022905234 
288 433 15 19 0.0228946 
452 132 12 15 0.022873068 
318 136 12 15 0.022809222 
177 221 12 15 0.02277386 
692 197 14 17 0.022727504 
167 307 14 17 0.022702137 
981 243 16 19 0.022697322 
268 133 13 15 0.022684786 
61 103 11 13 0.02266834 
338 110 12 15 0.02264856 
295 67 11 13 0.022639912 
317 117 11 13 0.022634367 
861 404 19 22 0.02262894 
498 277 14 17 0.022590319 
243 134 12 14 0.0225656 
439 6 10 12 0.022547416 
763 565 28 33 0.022533035 
462 211 12 16 0.022523437 
470 32 10 12 0.02249566 
70 444 20 27 0.02249526 
733 198 15 18 0.022476517 
486 173 12 14 0.022466207 
486 434 16 20 0.022457115 
103 13 10 12 0.022445355 
707 59 11 13 0.022430994 
874 242 14 19 0.022372749 
637 29 10 11 0.022339933 
719 117 13 15 0.02232511 
287 6 10 12 0.022311268 
453 107 11 14 0.02230723 
980 99 12 15 0.022305368 
390 30 8 11 0.022264512 
535 8 8 10 0.022258341 
230 191 13 15 0.022248723 
742 247 15 19 0.022244537 
838 31 9 10 0.022235254 
187 652 19 21 0.022221413 
775 35 10 13 0.02221592 
573 375 18 24 0.022206157 
560 82 12 15 0.022184758 
343 50 11 14 0.022179006 
916 284 17 21 0.022174373 
350 171 12 16 0.022164853 
964 193 15 17 0.022155797 
377 404 16 18 0.022149317 
446 131 13 16 0.022086423 
12 108 10 12 0.022083431 
478 164 13 15 0.022047933 
595 284 15 18 0.022011701 
201 22 9 12 0.022003412 
509 93 11 13 0.021988498 
946 68 9 12 0.02198306 
932 277 15 20 0.021971615 
775 255 14 18 0.021968562 
77 392 14 17 0.02192645 
348 23 9 11 0.021902408 
470 7 11 12 0.021899665 
589 163 12 14 0.021899553 
231 297 14 18 0.021882718 
899 119 12 17 0.021865455 
40 92 9 12 0.021856718 
373 212 13 16 0.02184333 
287 60 11 13 0.021836761 
748 132 14 17 0.021832999 
597 48 10 12 0.021822235 
246 123 11 15 0.021807857 
206 28 8 11 0.021785824 
214 89 11 15 0.021783065 
134 238 19 22 0.021758182 
33 401 17 18 0.021750469 
721 259 15 17 0.021720737 
760 78 11 13 0.02167821 
338 138 13 15 0.0216312 
143 170 12 15 0.02161153 
173 106 12 15 0.02160416 
719 105 12 14 0.021601813 
239 80 11 14 0.021576403 
977 231 16 19 0.021574851 
399 100 12 13 0.021556336 
614 98 12 15 0.021555368 
934 50 12 16 0.021532163 
695 38 9 11 0.021519488 
141 429 16 18 0.021516016 
238 177 13 16 0.021482823 
390 125 12 14 0.021476896 
317 109 11 13 0.021471672 
471 201 13 16 0.021467 
4 537 21 24 0.021455217 
588 92 11 14 0.021448934 
156 140 12 15 0.021441402 
184 141 12 13 0.021436911 
705 85 11 14 0.021398999 
238 5 13 13 0.02136714 
271 59 10 12 0.021363186 
709 165 13 15 0.021344917 
502 14 11 13 0.021343285 
326 102 10 12 0.021304322 
329 419 23 25 0.02125637 
112 14 9 12 0.021253914 
526 168 13 17 0.021247834 
702 165 12 14 0.021236138 
256 484 16 22 0.021186404 
559 62 11 13 0.021180905 
151 193 14 15 0.021170825 
462 4 10 14 0.021163441 
399 22 10 12 0.02115103 
854 82 12 14 0.02114917 
524 356 16 18 0.021145307 
687 189 11 14 0.021145217 
884 216 14 18 0.021143561 
11 490 13 18 0.021126337 
740 197 13 16 0.021117225 
807 131 11 15 0.02110291 
810 316 16 20 0.021079803 
80 629 28 35 0.02107004 
216 39 9 12 0.021053948 
345 39 10 12 0.021020904 
337 12 9 12 0.021014897 
511 0 8 9 0.020987654 
1000 91 10 13 0.020909317 
837 189 15 18 0.020885814 
62 46 9 11 0.020865476 
407 468 20 24 0.020858862 
288 24 9 12 0.020838553 
94 683 15 13 0.020837732 
462 107 11 14 0.020779317 
111 32 9 11 0.02076821 
664 69 11 13 0.020760143 
292 260 14 17 0.020711571 
22 401 14 18 0.02069629 
260 419 16 20 0.020664403 
40 75 10 12 0.020662116 
742 138 13 16 0.020659423 
133 44 9 11 0.020650096 
915 143 15 18 0.020585056 
512 23 9 12 0.020571088 
351 149 12 15 0.020562211 
457 52 10 13 0.02054651 
495 285 15 17 0.020540113 
166 106 11 14 0.0204862 
440 15 8 11 0.020464486 
376 85 10 12 0.020422017 
143 140 12 15 0.020395374 
395 276 15 18 0.020385448 
28 233 14 17 0.020310309 
198 172 12 14 0.020290224 
525 179 11 15 0.020289125 
124 345 15 17 0.020288704 
691 91 12 14 0.02028524 
4 405 11 14 0.020283325 
316 176 12 16 0.02027106 
483 222 15 19 0.020240488 
498 146 13 15 0.02023355 
431 7 11 13 0.020222072 
398 221 15 18 0.020191342 
736 229 14 17 0.020182945 
958 221 13 17 0.02018192 
600 21 10 12 0.02016522 
150 264 13 17 0.020160329 
188 163 12 15 0.020150011 
783 123 12 16 0.020149484 
611 190 11 14 0.020124227 
87 227 14 17 0.020090355 
861 81 13 15 0.020088226 
560 36 9 12 0.020083992 
206 22 9 12 0.02007976 
844 93 13 17 0.02007849 
901 108 12 14 0.020062353 
804 32 12 14 0.020059234 
870 60 11 13 0.02005596 
695 29 10 12 0.020047126 
389 86 10 12 0.02004043 
166 131 13 16 0.020024471 
