2_Demonstration_Political_Rally_2_117
105
587 195 34 41 0.9977556 
791 212 23 28 0.9919361 
378 213 30 36 0.99111325 
285 196 22 29 0.989106 
630 199 25 38 0.98884225 
727 214 29 41 0.98749745 
837 199 29 40 0.98342574 
63 196 20 27 0.9700361 
23 202 22 29 0.9654105 
806 187 14 17 0.9398223 
454 195 11 14 0.93751913 
412 207 16 22 0.9049913 
873 197 21 37 0.8187803 
123 215 15 24 0.7969771 
358 195 10 14 0.75420845 
957 189 21 30 0.7322848 
143 210 15 19 0.6949085 
779 201 16 20 0.66147834 
692 205 19 31 0.6138832 
478 192 10 13 0.5886424 
540 224 15 22 0.46056268 
370 183 8 11 0.38905418 
854 202 27 36 0.38514966 
174 198 10 13 0.35773897 
406 187 11 14 0.31724915 
265 211 16 21 0.24441518 
415 171 9 12 0.21999422 
199 196 12 13 0.20542118 
260 195 15 18 0.18330099 
734 181 8 11 0.18301627 
536 192 9 12 0.1730456 
408 150 8 11 0.1677784 
485 176 8 11 0.1503694 
252 193 15 19 0.12485072 
542 184 7 10 0.123863526 
789 195 14 19 0.09386615 
760 182 8 10 0.093642324 
728 183 9 11 0.091655225 
421 188 10 12 0.086124316 
679 204 23 31 0.08042089 
470 174 8 10 0.07803486 
767 181 8 10 0.077606596 
247 189 13 21 0.07468805 
271 205 22 27 0.07464344 
400 188 10 12 0.07244358 
528 192 8 10 0.0697565 
494 203 17 18 0.06493847 
510 194 9 12 0.06405871 
538 183 7 10 0.0620673 
761 205 14 17 0.061963256 
879 191 26 40 0.060548887 
132 211 15 22 0.05474729 
685 233 16 23 0.05470758 
540 188 9 13 0.052229945 
196 198 17 20 0.051284652 
189 228 24 28 0.05045936 
102 211 16 23 0.045737695 
676 198 17 24 0.044448584 
800 189 13 15 0.041049134 
494 197 13 15 0.040085595 
414 188 11 13 0.040038057 
793 192 9 13 0.039652724 
518 195 10 12 0.03882678 
422 172 8 12 0.037869625 
110 214 19 25 0.036271907 
423 195 12 15 0.03608074 
0 204 10 16 0.035856437 
683 213 24 35 0.035460573 
548 211 13 15 0.034884065 
259 199 20 25 0.03475758 
429 203 12 16 0.03459193 
428 197 12 15 0.034155108 
125 207 15 22 0.033347804 
795 193 14 17 0.03322569 
725 186 11 14 0.032148246 
750 227 22 30 0.031875554 
484 190 10 14 0.030797532 
429 174 8 10 0.029986367 
487 129 7 9 0.028646005 
404 153 9 13 0.028368188 
392 185 9 10 0.028209312 
351 191 11 13 0.02804309 
481 181 10 13 0.0272986 
757 196 14 18 0.027297903 
721 174 8 10 0.026612222 
501 196 12 14 0.026302608 
744 192 9 12 0.025171628 
188 219 18 18 0.024985313 
81 179 20 28 0.023427231 
429 142 7 9 0.02338131 
474 194 11 14 0.022982605 
341 201 15 17 0.022651082 
446 151 8 11 0.022314224 
246 199 15 21 0.022303209 
552 183 7 10 0.022092909 
349 200 14 17 0.022033684 
346 211 14 17 0.021905284 
192 196 13 15 0.021765053 
562 230 15 18 0.021569697 
303 194 26 32 0.02145999 
625 189 16 18 0.021079704 
659 195 22 32 0.020386372 
265 189 14 18 0.02028303 
757 189 11 14 0.020171508 
171 205 15 20 0.020060798 
