2_Demonstration_Demonstrators_2_499
44
259 356 24 30 0.9933935 
759 342 25 28 0.9920848 
601 362 21 26 0.9840082 
812 347 21 29 0.9812151 
634 363 20 26 0.97566324 
978 320 37 54 0.9638212 
455 362 20 26 0.95199686 
361 362 21 27 0.9517477 
830 323 22 31 0.93451047 
516 388 17 22 0.9287826 
427 361 16 23 0.90664816 
551 358 18 23 0.8958522 
697 380 17 21 0.8940716 
485 384 15 17 0.89112604 
960 344 20 28 0.8635662 
907 352 25 38 0.77302206 
525 366 11 14 0.29243267 
551 328 11 14 0.22873189 
566 412 13 16 0.18749173 
854 323 13 20 0.17782192 
685 417 18 20 0.16977079 
864 306 13 18 0.12923017 
844 326 21 29 0.1086231 
708 380 15 18 0.106573895 
758 418 16 18 0.074224554 
818 340 23 32 0.053835817 
542 328 10 13 0.049579993 
561 355 17 20 0.040259883 
859 312 15 22 0.040170055 
903 368 14 23 0.037040517 
967 333 28 38 0.03650765 
418 364 20 25 0.035203587 
655 370 13 18 0.034387812 
764 1 93 114 0.032328367 
925 357 27 35 0.03034388 
623 328 9 12 0.028201142 
867 322 22 29 0.027654191 
210 364 27 34 0.027100528 
518 372 14 17 0.026816778 
864 313 20 27 0.023270823 
635 418 12 15 0.022508577 
904 358 40 48 0.020726234 
548 325 19 25 0.020102603 
850 332 25 32 0.020064099 
