2_Demonstration_Demonstrators_2_654
42
451 156 36 43 0.99433583 
586 166 38 42 0.99419034 
294 146 37 45 0.9915593 
716 186 34 41 0.9772924 
826 124 29 34 0.9735919 
709 129 26 27 0.9573724 
246 116 29 37 0.7809473 
595 112 27 33 0.7674115 
154 106 31 37 0.75101906 
350 146 26 31 0.3622023 
954 185 37 43 0.2867841 
147 129 34 48 0.16340517 
446 290 60 89 0.13683654 
908 98 24 31 0.09678784 
259 113 27 37 0.085648656 
969 93 17 21 0.06958268 
361 133 22 34 0.065097876 
0 122 24 41 0.057825424 
120 105 16 19 0.05010991 
822 90 12 14 0.049963295 
195 114 15 22 0.047206424 
140 147 29 37 0.044143926 
69 112 27 33 0.042947374 
916 92 13 15 0.034602746 
162 91 28 39 0.033463806 
319 78 10 13 0.0332802 
155 99 20 24 0.032824785 
304 76 13 15 0.03170615 
948 142 47 53 0.031198258 
371 132 15 22 0.029547628 
708 141 27 30 0.028850438 
103 211 42 53 0.02719937 
12 72 15 19 0.025719868 
135 102 13 16 0.024926607 
957 130 32 39 0.024305148 
158 120 32 42 0.024172299 
911 84 14 16 0.022771407 
812 88 17 18 0.021342227 
205 3 57 59 0.021151014 
449 63 15 19 0.02098594 
258 22 15 21 0.020627247 
222 355 25 31 0.020586686 
