2_Demonstration_Political_Rally_2_985
51
551 473 60 75 0.998558 
789 542 144 197 0.99532145 
115 446 33 38 0.99186325 
16 443 28 41 0.9887149 
359 403 26 32 0.98350334 
983 375 33 41 0.9751948 
91 421 23 32 0.9592743 
391 395 20 27 0.93909186 
310 409 50 105 0.8622149 
76 539 16 21 0.80344343 
114 556 14 19 0.7563967 
873 384 24 31 0.35257375 
95 550 15 19 0.35145825 
658 299 11 14 0.32839206 
72 467 35 42 0.3073578 
475 470 42 45 0.30628768 
412 417 14 18 0.30601224 
192 440 18 21 0.1553146 
7 413 14 15 0.12218518 
244 327 10 13 0.11031362 
387 457 41 61 0.10479213 
642 295 9 12 0.09101185 
625 287 11 15 0.08258947 
351 363 11 17 0.075517535 
787 296 14 17 0.06756319 
153 423 11 15 0.06400362 
172 406 10 12 0.05268909 
35 410 10 14 0.0484421 
385 374 10 14 0.041307952 
345 397 23 33 0.038401563 
170 412 13 18 0.035586298 
375 399 23 33 0.030829474 
194 433 26 35 0.030222546 
68 428 15 20 0.030052561 
5 401 17 22 0.029343748 
358 446 43 74 0.029152367 
143 405 10 12 0.027051121 
278 348 9 11 0.026241943 
413 368 10 14 0.025818124 
390 366 9 13 0.025692536 
131 426 11 15 0.024911363 
398 403 21 28 0.024235098 
367 473 15 20 0.024120513 
363 467 25 35 0.023843782 
10 396 13 18 0.023634128 
273 213 8 11 0.023409968 
341 346 14 17 0.023074962 
194 422 41 58 0.022774426 
682 836 40 55 0.02275673 
75 419 14 19 0.022187661 
12 109 12 17 0.020273805 
