2_Demonstration_Political_Rally_2_410
135
3 527 62 76 0.99936014 
248 497 74 90 0.99883765 
726 475 52 60 0.9983779 
179 491 51 62 0.9978265 
466 456 38 42 0.99754864 
560 515 43 67 0.99660563 
637 450 93 111 0.9965358 
931 445 30 40 0.99504757 
855 417 39 51 0.99359304 
504 490 37 50 0.99012226 
352 429 43 47 0.9895405 
115 424 20 23 0.9242261 
509 427 18 24 0.9154826 
150 413 15 19 0.88330674 
606 432 20 27 0.8681626 
10 416 27 34 0.86392313 
563 423 15 24 0.8107978 
832 428 16 20 0.8039841 
955 426 21 23 0.8001085 
806 446 22 26 0.7845506 
328 419 9 11 0.6325324 
532 418 10 14 0.5316658 
283 434 22 30 0.5272832 
285 418 11 14 0.5010109 
177 412 9 12 0.48968875 
66 410 13 17 0.43235174 
438 407 9 12 0.31391302 
213 414 13 16 0.2888525 
46 381 13 16 0.2752739 
252 414 10 12 0.25587934 
123 398 11 13 0.24835356 
53 407 11 15 0.23916589 
259 429 17 21 0.23737288 
544 419 10 13 0.21853063 
100 398 11 14 0.20420775 
206 416 13 17 0.19720623 
220 412 11 14 0.18135822 
89 432 15 18 0.17568971 
149 394 9 12 0.16622612 
252 417 13 18 0.15884066 
130 501 17 23 0.15834239 
28 413 23 29 0.14911333 
609 418 15 17 0.14798976 
40 414 17 22 0.14471926 
742 417 16 18 0.12326076 
319 430 9 11 0.1149219 
267 434 15 20 0.10043245 
230 430 11 16 0.09757495 
182 423 11 17 0.097188964 
397 449 15 20 0.09542879 
177 397 8 10 0.09503581 
462 422 8 10 0.082688466 
542 444 10 12 0.07413964 
124 449 19 20 0.073470294 
170 376 8 10 0.07202786 
389 413 10 14 0.07176104 
810 425 16 18 0.07084835 
958 439 22 31 0.06821951 
179 408 10 13 0.066290714 
544 428 11 14 0.0649777 
207 397 9 11 0.06244355 
199 418 14 17 0.059476137 
432 423 7 9 0.05369524 
549 416 10 13 0.052484307 
774 416 9 13 0.05213967 
3 402 28 40 0.051261168 
899 453 15 21 0.05023765 
209 391 7 10 0.049343232 
193 406 9 12 0.047610894 
197 406 9 12 0.047482453 
406 423 9 11 0.046496533 
78 418 13 16 0.045678746 
680 448 82 100 0.04474053 
471 422 10 12 0.04289972 
159 429 11 14 0.042853516 
844 404 12 15 0.041933797 
976 411 12 15 0.041022316 
604 430 35 48 0.040751293 
276 436 16 22 0.038867585 
559 416 11 17 0.038861442 
1009 414 9 12 0.037602782 
808 434 21 28 0.036707617 
950 431 18 20 0.03633343 
994 432 15 21 0.035970952 
983 464 22 29 0.035877213 
386 443 27 33 0.035137072 
141 533 27 37 0.0339993 
113 493 24 27 0.03381983 
981 416 16 19 0.03376694 
282 416 10 12 0.032864742 
284 426 15 18 0.031705722 
433 392 7 10 0.03124296 
401 423 10 12 0.031229999 
186 426 13 18 0.031221554 
1007 425 13 19 0.030126583 
268 412 11 14 0.029836997 
799 457 24 35 0.029610671 
1015 279 8 13 0.029320795 
188 420 12 18 0.028793346 
161 391 8 11 0.02848359 
302 416 8 12 0.027829187 
607 399 10 13 0.0278048 
93 388 9 11 0.027763877 
318 460 11 12 0.027505029 
293 431 11 16 0.026991513 
165 391 8 10 0.02692204 
991 429 14 17 0.026015086 
192 413 11 15 0.025551539 
968 291 10 12 0.025204966 
568 428 17 22 0.02510256 
255 398 8 9 0.025075682 
471 417 9 11 0.02498935 
159 397 10 12 0.02491994 
49 405 18 25 0.024663908 
402 445 13 20 0.024301996 
294 415 9 12 0.024117928 
477 400 8 9 0.024079315 
3 424 19 24 0.024065437 
399 414 9 12 0.023832366 
532 423 13 17 0.023471903 
968 449 16 23 0.023320679 
412 423 9 10 0.022845697 
201 399 8 10 0.02271037 
168 405 10 14 0.022704927 
315 363 8 11 0.022593465 
973 457 15 21 0.022517322 
235 429 13 17 0.022000724 
317 441 13 16 0.021728072 
268 419 12 16 0.021566704 
281 414 18 24 0.021373754 
180 398 9 11 0.021112584 
590 446 43 59 0.02061294 
166 398 8 10 0.02033205 
166 411 11 14 0.020321717 
162 436 14 18 0.020236999 
