2_Demonstration_Demonstrators_2_545
146
290 433 29 37 0.98518145 
58 494 39 45 0.97781026 
403 405 17 22 0.9687261 
414 453 27 38 0.9660624 
66 431 29 39 0.9554822 
256 498 32 46 0.9536088 
256 404 23 33 0.93393743 
100 392 26 33 0.91430295 
794 410 19 31 0.8910929 
152 420 27 32 0.84095424 
191 413 26 32 0.8220124 
360 419 21 26 0.7956142 
212 382 15 19 0.6789189 
920 347 17 22 0.6361544 
742 329 14 16 0.599752 
831 367 22 29 0.43630955 
177 348 15 17 0.3645191 
296 357 19 23 0.3463909 
689 299 13 18 0.32135448 
824 286 11 14 0.29872507 
390 303 12 15 0.29015756 
760 357 17 21 0.26874545 
265 352 15 18 0.2658521 
726 393 13 17 0.2554892 
927 407 28 38 0.25397336 
856 330 15 19 0.24208674 
882 437 24 40 0.19928676 
46 368 15 17 0.19207966 
786 350 14 17 0.19029489 
244 401 25 32 0.18541235 
108 349 18 22 0.1729647 
422 293 9 12 0.16643327 
435 353 15 18 0.15147334 
355 294 11 12 0.14434542 
932 253 33 59 0.14143258 
80 537 37 48 0.13228522 
206 317 12 16 0.13141878 
431 329 12 15 0.12711416 
414 356 12 16 0.12247279 
320 348 15 17 0.11755515 
895 314 14 17 0.11159916 
426 364 16 18 0.099650264 
254 297 13 19 0.09940898 
303 267 11 14 0.09698402 
84 307 11 14 0.09645763 
837 375 26 31 0.093447775 
47 322 16 20 0.09230031 
350 366 14 16 0.09105094 
338 356 14 18 0.09098644 
774 277 12 15 0.08884395 
396 347 14 19 0.07371606 
742 288 9 11 0.07278944 
157 301 14 17 0.07274892 
386 288 8 10 0.06888273 
246 320 14 18 0.0669649 
438 309 10 13 0.06676129 
155 283 12 15 0.06383472 
430 357 16 18 0.06284197 
127 325 16 18 0.062717386 
787 489 40 41 0.061998382 
743 304 12 16 0.061318893 
423 298 12 16 0.061125193 
100 316 15 17 0.061061542 
323 309 14 16 0.05808108 
918 289 14 17 0.05656126 
899 299 11 13 0.056226157 
861 403 40 54 0.055979494 
90 342 18 23 0.05576785 
99 386 19 25 0.055761106 
677 298 11 16 0.054963697 
309 293 10 13 0.0540615 
841 386 25 32 0.053890485 
277 263 10 14 0.051680602 
278 248 11 13 0.051641516 
346 338 13 16 0.050457194 
157 316 14 16 0.048482593 
320 300 12 15 0.047904946 
879 305 13 17 0.04763037 
98 345 19 25 0.04475985 
44 372 23 28 0.04321275 
822 295 14 18 0.042190436 
213 354 15 18 0.041112322 
81 276 10 13 0.038811322 
333 309 11 15 0.037814602 
125 302 17 20 0.037768535 
395 306 10 14 0.037678424 
240 247 10 13 0.037038308 
286 357 14 18 0.03601462 
407 353 13 18 0.035817605 
824 315 12 14 0.03407758 
828 347 12 14 0.033557076 
848 389 42 57 0.03323645 
195 406 18 21 0.033232614 
850 301 13 14 0.03312819 
770 339 13 15 0.032805093 
114 389 22 31 0.032620113 
47 347 13 16 0.032128707 
389 293 10 14 0.031916395 
431 306 11 14 0.031909063 
726 309 12 15 0.03106093 
954 364 39 50 0.030985534 
304 292 11 14 0.030972918 
141 422 24 32 0.029820642 
155 291 15 17 0.029792896 
925 275 31 46 0.029650183 
918 276 25 33 0.029277194 
341 323 10 13 0.028718734 
304 356 16 20 0.028552178 
367 292 10 13 0.027311074 
235 353 15 19 0.026872298 
386 300 11 16 0.026817642 
204 310 14 17 0.026802808 
81 379 18 21 0.026766572 
151 298 14 16 0.02660891 
340 348 15 18 0.026424248 
284 251 10 13 0.026392987 
56 417 31 41 0.02634131 
772 315 13 16 0.026124032 
61 299 15 18 0.025934512 
445 309 9 13 0.02585636 
345 253 11 13 0.025809897 
95 252 12 15 0.02569345 
700 322 12 17 0.025176495 
704 340 12 15 0.024901945 
403 348 14 20 0.024543395 
762 337 21 26 0.024542468 
896 295 11 14 0.024188641 
287 309 11 15 0.024149843 
317 295 11 13 0.023530912 
840 365 19 23 0.023495425 
670 296 13 17 0.023224555 
390 350 15 21 0.023128634 
3 300 30 41 0.023002516 
943 241 13 18 0.022808682 
332 350 14 17 0.022550521 
90 307 13 17 0.022377219 
437 342 15 18 0.021929346 
903 379 18 21 0.021628244 
673 293 20 27 0.021451449 
806 332 11 14 0.021449829 
774 322 13 16 0.021420592 
149 314 14 16 0.021247778 
293 366 16 19 0.021081699 
311 306 12 17 0.0207308 
272 260 12 15 0.020700686 
108 333 12 15 0.020285115 
