2_Demonstration_Political_Rally_2_57
70
211 145 35 46 0.9982304 
493 165 32 44 0.9971723 
277 145 28 37 0.9968389 
782 148 30 40 0.9966466 
895 254 32 42 0.9965737 
360 143 32 39 0.9952069 
78 139 34 45 0.99435025 
943 168 29 38 0.9942536 
385 122 28 38 0.99406815 
484 305 53 67 0.99315053 
527 154 30 38 0.9930999 
758 144 26 35 0.9925567 
825 122 33 44 0.9899524 
662 181 31 41 0.9890386 
146 132 32 37 0.9889342 
590 131 32 47 0.9830899 
275 205 32 39 0.97951347 
464 151 23 37 0.97120476 
918 168 25 37 0.9635775 
930 215 22 29 0.9633773 
259 130 21 29 0.947623 
444 78 20 26 0.91424567 
486 135 23 30 0.8921727 
0 124 19 39 0.82618237 
644 151 20 29 0.70285195 
8 126 20 34 0.6863608 
104 120 25 32 0.65017164 
933 155 24 37 0.45929348 
110 154 15 21 0.40362024 
473 105 21 29 0.3929046 
707 182 29 40 0.35783374 
288 117 11 13 0.28857362 
270 137 26 36 0.275379 
579 129 14 18 0.2690915 
469 144 27 35 0.23131591 
92 127 31 39 0.19650237 
110 113 26 30 0.13303438 
416 147 21 28 0.11321506 
343 152 22 30 0.11150477 
433 150 15 22 0.09880202 
17 134 20 33 0.08414288 
285 119 16 21 0.074118756 
491 144 27 36 0.07302817 
403 145 22 31 0.06744661 
715 171 24 34 0.05228146 
640 127 24 33 0.04988883 
395 134 25 36 0.049272794 
670 121 11 15 0.048070252 
271 399 9 11 0.047693554 
108 130 25 36 0.040824626 
568 101 9 12 0.040388368 
449 207 10 13 0.03847808 
458 44 11 14 0.036769345 
814 124 29 38 0.034295734 
571 135 17 24 0.03365232 
668 129 13 19 0.033390816 
477 157 31 41 0.03233371 
980 180 21 31 0.029481169 
284 125 24 31 0.02801024 
120 112 19 21 0.026969023 
1006 245 17 26 0.02692912 
884 220 12 18 0.025408402 
556 111 13 18 0.025396949 
582 143 25 39 0.022996306 
380 137 28 38 0.022417173 
274 133 15 20 0.022399854 
27 145 15 24 0.022206303 
237 88 9 11 0.021897072 
576 129 22 32 0.021854127 
766 143 33 44 0.02048022 
