2_Demonstration_Demonstrators_2_290
61
505 563 94 111 0.9989741 
728 501 53 70 0.9984742 
695 166 70 93 0.9975598 
861 464 51 69 0.9972958 
170 365 87 95 0.99237216 
410 148 81 104 0.99006736 
17 493 25 29 0.98698527 
634 473 48 51 0.9868079 
458 502 24 36 0.97970814 
380 506 18 24 0.9260249 
413 505 13 18 0.7895662 
359 507 14 17 0.5772029 
483 494 14 17 0.54763126 
413 513 16 22 0.51629907 
937 448 20 21 0.50637144 
25 457 19 25 0.47546682 
54 527 20 26 0.35876635 
19 442 13 15 0.3181945 
293 416 10 12 0.17988373 
255 471 12 14 0.1663958 
409 502 12 17 0.122375816 
293 392 11 13 0.11702626 
516 503 9 12 0.09524992 
320 510 28 41 0.07642192 
53 496 16 23 0.07220551 
493 515 11 14 0.064306386 
336 490 11 16 0.0613397 
270 470 10 13 0.053123623 
491 494 10 13 0.052399363 
543 502 10 13 0.051977076 
275 383 14 19 0.047717962 
487 504 14 20 0.04282277 
703 490 10 11 0.04198163 
424 491 9 13 0.04190174 
15 461 25 32 0.040543992 
447 500 15 20 0.03779558 
491 499 11 16 0.035145998 
494 523 12 14 0.034102656 
485 548 11 14 0.03312006 
270 476 11 14 0.03308695 
292 437 11 14 0.032561608 
470 573 8 10 0.03248713 
13 447 15 19 0.032071978 
253 460 15 17 0.03102215 
544 493 9 12 0.03063655 
288 420 12 13 0.029925425 
19 449 17 20 0.029417045 
539 501 8 11 0.028136095 
21 584 25 41 0.028028753 
352 506 14 18 0.027922664 
288 393 13 16 0.027708983 
397 517 11 14 0.022993801 
324 495 23 33 0.022968128 
985 446 8 10 0.022042826 
10 475 25 32 0.021312263 
400 491 11 14 0.021302197 
974 451 9 12 0.021125168 
925 453 11 15 0.021087361 
253 453 13 15 0.02057188 
449 502 24 29 0.020418279 
487 514 14 18 0.020135067 
