2_Demonstration_Demonstrators_2_689
27
353 323 74 80 0.9978491 
123 310 41 55 0.98147935 
183 260 35 53 0.976852 
295 248 34 47 0.9192206 
0 247 19 25 0.905447 
216 211 17 20 0.8698626 
256 227 19 24 0.85124654 
148 236 15 21 0.8332041 
350 195 16 19 0.6917146 
51 259 13 19 0.6709978 
174 231 18 22 0.64773804 
315 210 18 21 0.58491546 
89 236 15 18 0.51688915 
39 239 11 14 0.48640922 
328 252 31 39 0.22270887 
307 252 41 43 0.1277673 
317 214 24 28 0.088126756 
941 205 24 63 0.0547252 
451 344 39 58 0.042194918 
32 239 11 13 0.037330106 
320 204 16 20 0.035374526 
254 222 16 20 0.030132677 
48 224 10 12 0.029549338 
81 234 13 18 0.022920603 
225 211 14 19 0.022791555 
349 204 17 22 0.021535542 
36 298 25 31 0.020014238 
