2_Demonstration_Protesters_2_179
38
642 156 34 41 0.9958055 
513 197 34 40 0.9917469 
154 190 37 43 0.99027133 
842 154 22 39 0.85279685 
4 319 11 14 0.7733427 
981 189 16 24 0.7594766 
56 318 11 14 0.3220776 
82 326 10 13 0.32039073 
64 348 9 12 0.3003126 
961 192 22 27 0.18977489 
102 324 11 15 0.15668099 
48 371 11 14 0.12657437 
40 340 10 13 0.10400123 
973 193 18 22 0.09138799 
6 311 12 17 0.057350725 
96 325 11 15 0.05461584 
79 343 8 10 0.051402017 
93 352 9 13 0.044315614 
846 143 31 46 0.04332132 
48 317 9 12 0.041057825 
70 343 8 11 0.039585013 
39 383 8 11 0.038506363 
68 348 8 11 0.036047537 
802 177 13 17 0.035850108 
700 141 31 37 0.035486463 
804 158 11 15 0.035109002 
49 359 8 11 0.034664568 
957 189 15 24 0.031803355 
546 222 24 32 0.031262062 
1 252 12 19 0.029308248 
791 168 23 30 0.024710838 
60 323 9 12 0.024618432 
14 325 10 12 0.024136245 
328 455 12 13 0.023060841 
906 162 16 19 0.021333827 
90 392 9 12 0.021015821 
860 146 41 48 0.020698844 
80 324 18 23 0.020136124 
