2_Demonstration_Demonstration_Or_Protest_2_438
89
466 544 58 76 0.99879587 
451 266 47 60 0.99765885 
873 497 17 23 0.14605403 
846 501 14 18 0.11319596 
71 465 9 11 0.10805756 
75 445 12 14 0.10554913 
102 515 16 18 0.10456979 
152 477 19 28 0.097684644 
50 597 38 64 0.096168384 
125 466 15 19 0.09567399 
750 462 9 10 0.0827931 
880 476 12 16 0.07657944 
792 605 23 38 0.06915526 
34 519 21 29 0.06659312 
804 484 13 17 0.065108865 
213 502 12 16 0.06430215 
998 577 21 33 0.06268372 
279 492 13 15 0.062056918 
758 633 43 49 0.05953495 
213 524 13 21 0.058553338 
860 471 11 12 0.05467531 
150 487 14 21 0.05462372 
711 456 15 20 0.053244878 
221 490 12 16 0.053031202 
79 485 11 13 0.052814927 
69 576 34 53 0.051965 
90 514 26 26 0.051257342 
796 446 9 11 0.04892243 
93 464 11 12 0.0448669 
741 550 14 21 0.044038564 
606 563 25 34 0.04205236 
800 479 10 14 0.039643705 
127 480 14 17 0.039540723 
657 480 11 14 0.03877439 
237 468 14 16 0.03699961 
736 484 11 15 0.035466246 
888 460 9 11 0.035171974 
31 445 10 14 0.03469556 
287 462 10 12 0.03270641 
318 500 10 11 0.03243633 
773 483 11 15 0.03228278 
76 460 11 13 0.032268424 
846 524 14 17 0.032138478 
895 477 13 17 0.03160521 
91 529 18 18 0.031246208 
701 406 10 13 0.030701006 
783 473 12 15 0.030419363 
83 523 20 21 0.029993543 
659 484 14 16 0.029797869 
820 505 21 24 0.029711619 
864 501 22 27 0.02941808 
857 475 10 13 0.029412966 
390 498 10 14 0.02937381 
344 465 12 16 0.02908648 
116 452 11 12 0.028800001 
752 468 10 12 0.028451936 
740 624 27 34 0.02828083 
882 469 13 16 0.027902437 
39 616 36 45 0.027669225 
823 471 12 15 0.027623193 
826 501 15 17 0.027459366 
693 496 22 27 0.027367454 
783 617 29 39 0.027085118 
5 630 55 48 0.026362244 
748 506 12 18 0.02542131 
232 467 12 16 0.024508573 
692 643 16 19 0.023722172 
79 488 14 18 0.023520898 
88 463 10 13 0.023474997 
817 439 7 9 0.023132984 
845 535 24 33 0.02298025 
143 469 11 15 0.022910528 
727 533 23 28 0.022450663 
268 485 13 16 0.022346418 
219 463 14 17 0.022332134 
283 468 13 16 0.021984477 
807 528 13 19 0.021783002 
928 475 13 17 0.02149772 
276 470 22 27 0.021344498 
686 507 13 19 0.021262169 
691 582 13 22 0.021181233 
244 492 15 19 0.021120414 
814 512 22 26 0.021094488 
679 523 14 16 0.021031562 
127 489 14 16 0.020982375 
810 519 19 26 0.02084449 
15 433 8 10 0.020120457 
308 501 12 13 0.020083688 
209 500 19 28 0.020007716 
