2_Demonstration_Demonstration_Or_Protest_2_225
760
446 431 15 18 0.9452491 
944 434 17 20 0.9392584 
354 441 15 18 0.8969727 
985 501 15 20 0.8870699 
136 411 14 20 0.88398224 
321 441 17 21 0.8599898 
502 434 13 15 0.84999245 
857 429 16 20 0.8444589 
463 412 13 16 0.826978 
919 410 13 16 0.8146772 
918 387 13 15 0.7638943 
256 411 14 17 0.76038945 
884 436 13 17 0.7561644 
37 405 20 25 0.7074685 
802 432 14 18 0.67666316 
994 404 11 15 0.65654135 
234 434 13 16 0.6293453 
177 452 13 16 0.5737442 
206 454 14 17 0.5612356 
173 430 14 17 0.4881533 
360 347 9 11 0.44829014 
573 403 11 13 0.4432326 
891 366 11 14 0.44125888 
816 418 10 14 0.42628294 
288 352 9 11 0.40707338 
822 374 9 13 0.4027322 
861 352 11 14 0.39820626 
989 356 11 13 0.3908488 
559 426 15 18 0.39033625 
585 292 8 11 0.39017323 
661 413 16 18 0.38811076 
983 355 11 14 0.387017 
703 350 8 9 0.38574272 
782 367 9 11 0.38452506 
537 342 8 11 0.38104814 
272 437 13 15 0.36251798 
346 347 9 11 0.36186928 
450 357 10 13 0.3391273 
742 260 10 12 0.3305453 
502 351 11 14 0.3285125 
899 602 13 18 0.3112319 
181 415 10 14 0.31002003 
831 398 12 15 0.30123517 
926 451 12 16 0.29840687 
804 359 11 13 0.28818348 
276 364 10 13 0.28681114 
584 407 11 15 0.2806802 
679 428 10 13 0.2793414 
393 423 11 15 0.27699983 
934 404 12 15 0.27648067 
265 333 7 9 0.2619113 
868 414 13 16 0.2543284 
673 303 10 13 0.25009102 
314 344 9 10 0.2424269 
699 425 14 19 0.2339981 
568 359 9 10 0.23061156 
629 371 11 14 0.22915861 
934 307 10 12 0.22777373 
357 404 12 15 0.22564587 
593 347 10 12 0.22112083 
350 295 10 13 0.2085351 
696 451 10 14 0.1992007 
577 413 10 12 0.19780149 
908 366 10 13 0.19120818 
919 332 9 11 0.1908008 
277 441 12 15 0.19012661 
370 360 9 11 0.185894 
813 344 8 10 0.18301477 
305 359 10 13 0.1809142 
495 460 24 29 0.17455469 
992 384 10 12 0.17449518 
762 416 14 17 0.17324097 
382 344 8 10 0.17312624 
386 316 12 15 0.172687 
343 418 13 15 0.16869956 
733 428 14 17 0.16527869 
994 452 13 17 0.16343458 
589 294 8 10 0.16041549 
848 412 11 14 0.15690322 
425 352 9 11 0.15485162 
765 438 13 16 0.15387025 
993 341 10 12 0.1503498 
409 351 8 10 0.14980498 
423 320 9 12 0.14631037 
430 411 10 13 0.14304464 
854 391 12 17 0.14302492 
804 375 11 12 0.14179748 
1015 405 8 13 0.14124599 
632 412 11 13 0.14029288 
672 355 9 13 0.13909183 
427 421 12 16 0.13493314 
370 332 7 10 0.1313347 
303 375 8 11 0.13114095 
977 423 11 15 0.13050492 
918 434 12 16 0.12999398 
874 295 8 10 0.12987807 
92 432 16 18 0.12843083 
901 316 9 12 0.12763596 
327 331 8 11 0.1270976 
160 318 8 11 0.12643638 
568 292 9 12 0.12612143 
1 417 10 18 0.12553504 
179 434 12 14 0.1249366 
399 410 12 14 0.12411872 
350 414 12 16 0.123301364 
390 382 9 13 0.12290851 
637 410 12 14 0.122735426 
866 426 14 19 0.121714875 
806 379 10 13 0.12153286 
155 340 8 12 0.12098625 
330 443 14 18 0.12062717 
776 365 10 12 0.118002914 
377 302 8 10 0.11381464 
841 340 9 12 0.11281786 
370 256 7 9 0.11213708 
789 246 7 10 0.110421345 
816 326 8 10 0.10979463 
581 438 12 14 0.109391384 
726 430 11 14 0.10929571 
400 270 8 10 0.10842626 
225 437 12 14 0.106088474 
385 356 10 12 0.10547485 
192 435 10 12 0.1040731 
588 375 11 13 0.10340634 
904 340 10 12 0.10206218 
111 399 10 13 0.09881249 
680 293 7 10 0.098658 
317 398 12 15 0.09849411 
648 380 11 14 0.09793116 
590 395 10 13 0.09683382 
925 610 9 13 0.09677247 
764 396 12 14 0.09673824 
628 311 10 12 0.09588804 
426 288 9 11 0.09564457 
662 356 10 12 0.09560171 
583 312 9 11 0.094925515 
367 382 9 10 0.09480906 
174 422 14 17 0.09383099 
452 353 10 12 0.09279477 
854 311 7 9 0.09026419 
288 329 8 10 0.08970131 
275 389 12 15 0.089211516 
358 325 8 10 0.08855405 
422 449 12 16 0.0876244 
385 349 9 11 0.0871677 
255 364 9 11 0.08715712 
413 352 9 11 0.08699876 
686 462 10 13 0.08678753 
719 387 10 13 0.0866552 
644 411 10 14 0.08662976 
821 419 12 14 0.08536896 
541 389 10 12 0.084982656 
53 354 12 16 0.08494962 
768 364 10 12 0.08408875 
718 268 8 10 0.0836825 
407 389 11 13 0.08102439 
254 392 11 14 0.08092809 
925 382 12 17 0.0803358 
191 451 11 14 0.080315895 
657 358 9 11 0.07989812 
413 398 11 13 0.07975919 
736 350 9 11 0.07970279 
108 421 11 14 0.079197355 
711 374 9 12 0.078380935 
1005 521 16 19 0.07738025 
825 336 8 10 0.07670335 
945 372 9 12 0.07660438 
846 325 8 10 0.075307526 
433 375 9 11 0.07462084 
751 366 9 12 0.0734748 
924 407 13 16 0.07344167 
866 238 8 10 0.07289938 
880 355 9 11 0.07260205 
689 365 8 11 0.071704894 
325 366 9 11 0.070998855 
905 371 11 13 0.07086177 
456 295 8 10 0.06919621 
828 422 12 15 0.06900315 
650 340 10 13 0.06890782 
737 343 9 12 0.06875081 
407 396 11 13 0.06817534 
53 379 10 13 0.06737534 
912 386 12 15 0.067366175 
54 404 13 18 0.06721369 
334 419 11 14 0.06653648 
438 333 9 11 0.066106625 
964 383 12 15 0.06594169 
913 332 9 12 0.06573002 
885 341 8 10 0.065280944 
447 326 8 10 0.065142654 
398 366 9 12 0.064952634 
895 286 7 10 0.0649146 
793 278 8 10 0.06470479 
581 419 12 15 0.06432146 
440 327 9 11 0.064074494 
948 593 10 11 0.063309684 
798 279 7 10 0.06324897 
714 270 8 10 0.06281536 
664 376 9 11 0.06269594 
720 245 7 9 0.062478766 
434 303 8 11 0.062460184 
404 404 11 13 0.06120298 
861 292 8 10 0.06117237 
919 348 10 13 0.06112288 
649 296 9 11 0.06095877 
774 351 9 10 0.060756613 
918 287 7 10 0.060577538 
241 351 8 11 0.06008715 
473 388 10 12 0.059997402 
856 317 8 10 0.0594752 
648 232 10 11 0.05946712 
541 365 9 12 0.059402112 
868 405 13 15 0.059219815 
329 421 10 12 0.058645755 
704 345 8 10 0.058225825 
981 573 10 12 0.058146507 
289 240 6 8 0.05783606 
373 326 8 11 0.05776638 
860 393 11 16 0.057124667 
895 327 10 12 0.056721732 
945 351 9 13 0.056650143 
431 350 8 11 0.0566188 
669 333 10 12 0.056509655 
822 198 8 10 0.055936698 
902 335 10 13 0.055686932 
816 320 8 10 0.054928392 
250 326 6 9 0.05463703 
39 400 12 16 0.054624803 
262 360 9 11 0.054580722 
641 318 9 11 0.05457331 
907 398 12 14 0.05447926 
622 382 11 13 0.05431615 
636 428 12 15 0.053697206 
815 297 8 11 0.053694587 
383 372 11 12 0.053463843 
425 413 11 13 0.05287094 
279 255 8 10 0.05275959 
856 333 8 12 0.05266065 
278 280 7 9 0.052605595 
904 288 7 8 0.0525993 
751 214 7 9 0.052450035 
673 254 9 10 0.052032262 
696 375 8 12 0.051945742 
439 381 9 12 0.05162044 
769 263 7 9 0.051499423 
660 323 10 12 0.05124437 
928 374 10 12 0.05119822 
426 271 7 9 0.050979078 
0 396 9 15 0.050931644 
697 421 11 16 0.050751083 
358 368 8 11 0.05068586 
726 402 13 16 0.050389927 
526 399 9 12 0.050214294 
693 379 9 13 0.050189964 
708 253 9 11 0.05014468 
928 357 10 13 0.05006667 
584 380 11 12 0.04983302 
464 372 9 12 0.049727596 
296 372 9 12 0.049701545 
580 429 12 14 0.0496104 
536 365 10 13 0.04952436 
682 332 9 11 0.04952358 
167 366 10 12 0.04943783 
712 380 9 11 0.04893806 
327 268 7 10 0.048692536 
786 296 7 10 0.04868991 
454 363 9 12 0.048687525 
711 366 9 11 0.04858213 
226 349 8 12 0.04795486 
693 249 8 10 0.0477013 
997 387 11 13 0.047453884 
588 423 11 13 0.047204282 
822 223 9 11 0.046737827 
951 349 9 13 0.046735607 
528 413 11 14 0.04662892 
991 408 11 14 0.04638508 
825 340 9 11 0.045907967 
829 341 9 10 0.04590272 
563 443 12 15 0.045902494 
325 280 8 10 0.04551767 
656 303 7 10 0.045294747 
998 348 10 13 0.045276623 
437 349 8 11 0.044921145 
842 454 14 17 0.044435512 
55 443 14 19 0.04439792 
785 255 8 10 0.0442026 
690 253 8 10 0.044128057 
498 356 11 13 0.043903135 
1009 404 11 14 0.04388585 
769 279 9 12 0.043745045 
981 438 12 16 0.04364906 
893 358 10 12 0.04356359 
1008 546 13 18 0.043321427 
296 253 7 10 0.043243892 
777 380 10 13 0.043184713 
422 396 10 12 0.043043405 
689 215 9 11 0.04296718 
269 350 8 10 0.042901635 
446 389 10 13 0.042826172 
374 320 8 11 0.042746957 
652 374 10 12 0.042705003 
329 342 8 12 0.04265304 
311 295 8 10 0.042452052 
868 397 12 15 0.042395357 
535 347 9 11 0.042366248 
868 356 10 13 0.04230243 
845 357 11 14 0.04226568 
364 348 8 11 0.04211486 
245 340 8 10 0.042100612 
728 255 8 9 0.041874204 
414 421 9 12 0.041858077 
384 443 12 15 0.041836757 
830 326 8 11 0.041686334 
249 278 7 10 0.041686125 
414 445 14 17 0.041671444 
864 319 8 9 0.041655384 
726 271 8 10 0.04164692 
738 261 9 11 0.041634806 
694 365 9 12 0.04162576 
891 443 12 16 0.041619625 
567 414 8 11 0.041464765 
542 404 13 16 0.041429617 
693 217 8 10 0.041402597 
1 433 10 18 0.041305065 
104 405 11 13 0.04128193 
605 428 12 14 0.041179787 
689 247 8 10 0.041116923 
846 320 8 11 0.04088012 
676 356 9 12 0.040860683 
857 340 9 11 0.040710747 
626 366 11 15 0.040625792 
996 355 11 14 0.04058136 
638 379 11 14 0.04048393 
801 363 11 14 0.04046397 
767 255 7 10 0.040358882 
641 312 9 12 0.040340632 
773 358 10 13 0.040235475 
851 406 12 16 0.040199917 
665 264 7 9 0.04008158 
431 306 9 12 0.040080037 
189 367 9 11 0.040048253 
288 372 9 12 0.039943676 
181 447 12 15 0.03987998 
935 341 9 10 0.03962488 
319 247 7 8 0.03961661 
696 325 8 10 0.039574597 
294 368 9 11 0.03924275 
457 373 8 12 0.039171692 
776 255 7 10 0.039055735 
677 350 8 12 0.038960088 
383 387 12 14 0.03889312 
855 305 7 9 0.03865448 
702 356 9 11 0.038537096 
895 303 8 10 0.038340095 
380 301 8 11 0.038322728 
721 429 11 15 0.03829108 
704 334 8 10 0.038222373 
864 255 8 11 0.037971728 
337 366 8 11 0.037924267 
649 261 8 10 0.037909336 
832 355 9 12 0.03785135 
232 452 11 15 0.037756607 
992 446 12 16 0.03770653 
373 333 8 11 0.037589923 
934 373 10 13 0.037228923 
458 413 12 14 0.03716353 
954 212 11 15 0.037046365 
738 421 14 16 0.036987625 
248 367 9 10 0.0369359 
412 390 10 13 0.036595657 
791 429 12 16 0.036484286 
932 389 11 14 0.036427733 
758 367 9 11 0.036118753 
1014 320 8 12 0.03592777 
790 326 9 12 0.035844523 
340 395 11 14 0.035840534 
898 311 8 11 0.035839316 
399 389 11 13 0.03577279 
871 318 6 9 0.03573018 
337 281 7 10 0.03566716 
408 419 10 13 0.035662785 
321 311 9 11 0.03555736 
491 374 12 15 0.03543868 
769 303 8 11 0.035366945 
197 391 10 12 0.035249658 
521 397 9 12 0.03518119 
759 271 8 10 0.03509193 
275 458 12 15 0.034809235 
101 429 12 16 0.034776844 
264 344 8 9 0.0347364 
919 441 13 17 0.034590248 
279 304 7 9 0.034492202 
599 394 10 14 0.034429032 
384 322 10 14 0.03439793 
865 311 7 9 0.034393772 
428 356 9 12 0.034317628 
343 320 8 10 0.034152582 
446 395 11 14 0.034075517 
808 420 11 14 0.03406973 
695 280 7 10 0.03397477 
400 397 11 12 0.03393759 
631 339 10 14 0.03391872 
718 309 8 11 0.033800267 
657 417 12 15 0.03374392 
543 384 10 12 0.0335804 
813 357 11 13 0.0335189 
791 233 7 9 0.033399634 
808 483 11 15 0.033206567 
831 239 8 9 0.033005733 
321 316 8 11 0.032963976 
737 355 9 12 0.032937583 
719 240 8 10 0.032884546 
744 244 8 10 0.032870635 
320 334 9 10 0.03286306 
703 271 7 9 0.032778535 
507 357 10 13 0.032733954 
440 278 7 10 0.03271925 
896 332 9 12 0.032705672 
904 388 11 13 0.0326933 
159 376 10 12 0.032588556 
342 234 7 9 0.03255779 
526 428 13 17 0.032469377 
289 289 7 9 0.03244317 
822 368 10 13 0.032427665 
624 255 7 9 0.032397963 
826 284 8 11 0.03236484 
717 421 10 14 0.032338697 
815 378 11 14 0.032314807 
428 325 10 12 0.03228155 
576 311 8 11 0.0321148 
406 367 10 13 0.03201465 
805 295 9 11 0.031890154 
735 441 12 14 0.031837083 
545 325 8 10 0.031799536 
317 349 9 11 0.0317862 
247 248 7 9 0.0317148 
722 279 8 10 0.031690985 
448 310 9 11 0.03151152 
408 308 8 11 0.03146479 
265 350 8 10 0.031392265 
272 303 7 9 0.031340186 
353 335 7 9 0.03125691 
95 411 10 14 0.031184379 
608 294 8 11 0.031171339 
735 333 8 10 0.031167794 
640 257 8 10 0.031055678 
304 286 8 9 0.030990904 
938 411 12 16 0.03095275 
676 307 10 14 0.03090847 
216 390 9 11 0.030906945 
353 366 9 11 0.030891867 
886 351 10 12 0.030784156 
744 366 9 13 0.030755363 
445 382 10 12 0.030721463 
343 248 7 9 0.030647893 
861 372 12 15 0.030629378 
710 279 7 9 0.03060697 
1008 501 11 16 0.030551827 
243 435 13 16 0.030536054 
925 350 11 14 0.030498909 
255 350 8 11 0.03041446 
293 296 8 10 0.030410787 
433 334 8 11 0.03030481 
725 278 8 10 0.030045133 
167 435 11 15 0.029866999 
800 342 8 10 0.02985901 
439 297 7 10 0.029809397 
856 328 8 11 0.02972398 
424 406 9 12 0.029638607 
110 355 11 15 0.029570067 
606 413 10 12 0.029560875 
388 374 11 13 0.029542679 
711 247 8 10 0.029520037 
249 300 10 12 0.029435137 
647 256 8 10 0.029396513 
936 420 11 15 0.029373659 
888 356 10 12 0.029325338 
554 318 7 10 0.029292082 
360 382 10 11 0.02924753 
869 351 10 12 0.029242817 
663 386 12 14 0.029224956 
376 349 8 11 0.029221639 
267 413 11 15 0.029121093 
541 359 9 12 0.029119242 
908 605 12 15 0.029115885 
845 416 12 16 0.029078342 
598 373 11 14 0.029002309 
669 388 12 14 0.028910045 
880 430 13 16 0.028880885 
741 350 9 11 0.028833268 
904 401 12 16 0.028740838 
532 418 12 15 0.028715402 
630 302 8 11 0.02871044 
401 349 9 11 0.028659025 
272 247 6 9 0.028589621 
772 397 11 15 0.028500332 
829 335 9 11 0.028434696 
253 279 8 11 0.028402299 
321 359 8 11 0.02840104 
424 343 7 9 0.028280068 
414 414 10 13 0.028263664 
383 335 8 10 0.02812503 
671 395 12 14 0.028101038 
466 269 7 10 0.028082823 
800 255 8 10 0.028047165 
838 421 11 14 0.028037326 
735 246 7 10 0.028023938 
33 409 14 19 0.028020203 
759 391 11 14 0.0280184 
1001 518 12 16 0.027972285 
368 304 8 9 0.027948022 
793 272 8 9 0.027683316 
376 263 8 10 0.027625306 
223 355 9 12 0.027611706 
985 388 10 13 0.027605794 
820 465 11 15 0.027601376 
901 324 10 13 0.027547944 
682 238 8 10 0.027541557 
958 343 9 12 0.027529038 
908 340 10 13 0.02751155 
222 476 10 13 0.027426055 
478 397 10 13 0.02732917 
687 380 11 13 0.027296955 
242 342 8 10 0.027277805 
217 358 8 10 0.027062416 
602 269 7 10 0.027053008 
890 325 7 10 0.027044984 
424 334 9 11 0.026912853 
670 341 9 11 0.026911778 
400 265 9 10 0.02687291 
823 426 13 16 0.0268694 
890 285 8 11 0.026664346 
1009 320 9 11 0.026655544 
417 343 7 9 0.02664003 
834 401 13 16 0.026614409 
719 350 9 11 0.0265539 
857 354 11 14 0.026478875 
919 340 11 14 0.02644624 
713 288 8 10 0.026383584 
904 382 11 13 0.02636823 
248 357 8 11 0.026358778 
630 295 8 10 0.026325855 
572 292 10 12 0.02632142 
329 349 8 10 0.026312048 
280 310 7 9 0.02627457 
807 271 8 10 0.026266398 
199 452 11 16 0.026215933 
825 280 8 10 0.026181586 
389 436 12 17 0.026140755 
932 381 11 14 0.026133498 
653 295 8 10 0.026101999 
864 280 8 10 0.02608456 
672 364 10 12 0.026068797 
246 352 8 11 0.026060663 
754 166 7 9 0.026056945 
768 223 8 9 0.026054684 
710 395 10 14 0.02597451 
653 262 8 10 0.025858846 
477 382 8 12 0.025774948 
406 333 8 10 0.025657423 
391 366 10 11 0.025636416 
800 380 11 14 0.025595376 
815 193 8 9 0.025555206 
140 362 12 15 0.025552297 
895 240 8 9 0.025516652 
1004 390 12 13 0.025477942 
915 148 8 11 0.025457058 
415 326 9 11 0.025378037 
763 429 14 17 0.025350725 
983 383 10 12 0.025275227 
694 286 8 11 0.02527445 
229 345 8 10 0.025236713 
712 390 10 14 0.025198044 
706 278 7 9 0.025195854 
294 230 7 9 0.025171347 
799 263 8 9 0.0251102 
297 319 7 10 0.025062695 
295 326 8 10 0.025054889 
294 300 8 10 0.025001284 
813 436 10 14 0.02495223 
935 317 9 12 0.024905652 
665 269 8 10 0.024859834 
358 245 8 11 0.024844801 
414 366 9 11 0.024838805 
296 391 11 13 0.024810372 
424 310 9 11 0.024746114 
322 264 7 10 0.024732716 
141 317 8 11 0.024710195 
672 288 8 11 0.024702204 
759 166 6 8 0.024695352 
1014 470 10 15 0.024570355 
440 358 9 11 0.024569603 
589 437 11 14 0.024548605 
318 431 13 16 0.024504462 
535 359 10 12 0.024490964 
722 389 12 14 0.024484096 
635 374 11 14 0.024422608 
776 239 8 9 0.024367446 
539 394 14 17 0.024352036 
341 366 10 12 0.024325097 
888 337 8 10 0.024302257 
808 348 11 13 0.024240503 
383 295 8 10 0.024163209 
290 293 8 11 0.024144076 
848 335 8 11 0.024139239 
958 530 11 13 0.024137305 
742 240 8 10 0.024078874 
653 443 14 18 0.023994554 
752 247 8 10 0.023984306 
493 414 11 15 0.02394589 
860 342 11 12 0.023897748 
439 262 7 9 0.023888707 
606 408 9 11 0.023857683 
453 340 10 12 0.023817966 
828 415 13 14 0.023793755 
374 254 8 10 0.023769217 
561 388 9 11 0.023764875 
208 350 7 9 0.02376124 
823 358 8 11 0.023710335 
905 277 9 10 0.023667492 
414 439 12 15 0.023654634 
584 389 9 11 0.023617288 
808 192 8 10 0.023607112 
631 397 9 11 0.023594365 
885 462 13 15 0.023593294 
888 319 8 11 0.023588462 
713 324 8 11 0.023539681 
825 305 6 8 0.023513896 
597 439 11 13 0.023485973 
108 414 12 15 0.023482965 
273 360 9 11 0.02339786 
311 301 7 9 0.023329627 
78 438 11 15 0.023298642 
382 394 13 15 0.023286365 
232 459 10 13 0.023231177 
240 366 8 11 0.02320775 
752 359 8 10 0.02318669 
756 380 11 14 0.023068713 
687 287 9 12 0.023004822 
625 294 8 11 0.022996861 
433 343 8 10 0.022994492 
369 309 8 10 0.022977775 
191 350 7 9 0.022973083 
327 293 8 9 0.022951651 
52 345 11 14 0.022903545 
1006 507 15 19 0.022827096 
143 372 11 13 0.022775175 
429 397 9 11 0.022739358 
792 285 8 10 0.022638218 
703 264 8 10 0.022635063 
439 448 13 17 0.022565473 
791 446 10 14 0.022542378 
842 321 7 10 0.022523295 
913 328 8 10 0.022515707 
223 403 10 14 0.022493698 
393 302 8 10 0.022459693 
576 436 12 16 0.022459261 
833 310 7 11 0.022442915 
809 209 8 9 0.022426225 
691 456 12 16 0.022411365 
799 271 7 10 0.022411292 
710 419 13 17 0.022398528 
632 255 8 9 0.022394674 
334 264 8 11 0.02237753 
719 286 7 10 0.022331616 
953 344 9 11 0.022328494 
58 438 14 18 0.022320654 
391 343 9 11 0.02231874 
698 270 7 10 0.02231856 
391 292 9 11 0.022305889 
637 335 12 15 0.022283671 
544 322 8 9 0.022282965 
337 286 8 9 0.02226583 
124 439 12 15 0.022265758 
376 269 9 10 0.022252988 
737 365 10 13 0.02225071 
785 326 9 12 0.02215365 
743 452 12 16 0.022106936 
322 269 8 10 0.022071619 
391 404 11 13 0.022068633 
400 277 7 10 0.02204646 
790 320 9 10 0.022012701 
680 343 8 11 0.021966085 
956 348 10 13 0.021963134 
279 285 7 9 0.021937303 
680 380 11 13 0.021922883 
775 247 7 10 0.021909397 
529 357 8 12 0.021905508 
771 412 12 16 0.021827765 
431 366 10 12 0.021772964 
928 363 10 13 0.021648308 
872 279 8 9 0.021621443 
399 342 9 11 0.021591093 
527 403 10 13 0.021589352 
574 428 12 15 0.021585999 
775 263 7 9 0.021520613 
321 239 7 9 0.02151092 
737 381 10 12 0.021489488 
151 376 8 11 0.021489434 
589 428 11 13 0.021453492 
760 263 8 9 0.021440526 
551 373 9 10 0.021437882 
390 286 9 12 0.02143309 
720 395 11 14 0.021418069 
898 445 13 15 0.0213679 
323 398 10 14 0.021367302 
449 340 9 11 0.021350602 
1006 395 11 15 0.02132155 
757 372 10 13 0.021298204 
165 292 9 11 0.021268498 
654 365 10 13 0.021261832 
86 433 14 18 0.021259407 
599 428 12 15 0.021238582 
687 304 8 10 0.021188114 
769 269 8 11 0.021161845 
334 333 8 11 0.021027735 
115 404 11 14 0.020981569 
290 231 7 9 0.020960562 
513 365 8 10 0.020959973 
455 271 7 9 0.020940002 
753 183 8 11 0.020914042 
669 261 8 10 0.020911194 
871 334 8 10 0.020893939 
288 345 9 12 0.020893477 
447 318 9 12 0.020876445 
687 310 9 11 0.020873042 
830 246 7 9 0.020870803 
823 193 8 10 0.020850955 
791 238 7 10 0.020841073 
162 365 9 11 0.02082032 
325 286 8 11 0.020775173 
926 393 13 16 0.020767424 
335 249 7 10 0.02076685 
392 414 11 15 0.020680167 
172 366 9 12 0.02067268 
713 231 7 9 0.02057408 
857 191 7 9 0.020555126 
762 255 7 10 0.020499106 
867 451 13 15 0.020493956 
750 255 8 10 0.02045787 
653 236 8 11 0.020386424 
789 252 9 11 0.02037198 
322 327 8 10 0.020365251 
103 411 11 14 0.020353848 
711 360 9 11 0.020345692 
831 304 7 9 0.020328745 
404 271 8 10 0.020286292 
776 296 7 9 0.020279571 
283 443 11 15 0.020223487 
990 428 11 15 0.020182537 
600 366 11 12 0.02015232 
400 319 8 11 0.020126082 
389 395 11 15 0.020113548 
464 301 9 11 0.020107953 
850 305 7 9 0.02008616 
3 503 11 14 0.020083558 
728 247 8 10 0.020063434 
256 326 7 11 0.020054605 
265 304 8 9 0.020011477 
455 406 11 13 0.020010917 
