2_Demonstration_Demonstrators_2_712
32
888 424 38 48 0.9910404 
702 536 26 31 0.9808864 
649 532 43 57 0.9763534 
764 478 40 52 0.9555317 
114 566 28 35 0.88703996 
996 376 27 39 0.66042846 
679 533 25 35 0.63599735 
745 38 37 44 0.16653931 
956 447 36 46 0.12001064 
458 277 8 10 0.119257726 
644 195 10 12 0.09406855 
675 518 28 36 0.091615334 
897 57 30 35 0.077041864 
119 542 10 12 0.06475442 
754 541 25 46 0.060372423 
368 394 7 9 0.05561243 
704 443 27 36 0.054854475 
349 392 8 10 0.045394767 
612 260 11 14 0.037090298 
731 24 37 42 0.035829183 
748 438 19 22 0.03537973 
119 509 11 14 0.031231146 
506 272 9 12 0.0307844 
481 277 8 10 0.030347323 
-2 586 29 53 0.029097032 
373 393 8 9 0.028245898 
622 260 11 14 0.027962457 
666 509 31 36 0.026796427 
731 453 23 32 0.02587437 
351 370 7 9 0.023842819 
135 535 10 12 0.022306804 
718 447 27 36 0.021012267 
