2_Demonstration_Demonstration_Or_Protest_2_453
58
61 308 33 44 0.9980654 
185 275 63 74 0.99636793 
573 324 31 38 0.9946519 
399 257 42 68 0.99170387 
474 233 84 111 0.9883541 
609 294 22 33 0.98747444 
9 293 41 55 0.9838531 
755 327 22 28 0.97598416 
691 311 21 27 0.9758321 
662 304 21 29 0.9721724 
738 311 16 21 0.9699866 
648 279 20 30 0.94984055 
717 337 21 25 0.926009 
804 308 19 27 0.924276 
913 321 17 22 0.89043045 
721 318 17 20 0.7841364 
270 337 17 21 0.53522706 
554 319 15 22 0.18679726 
830 332 13 17 0.13014406 
779 308 12 16 0.12732562 
551 306 23 32 0.10543232 
805 344 18 22 0.10351294 
226 291 32 45 0.08255902 
31 298 38 56 0.07354287 
754 305 13 16 0.07260353 
346 313 18 22 0.07198311 
828 403 13 18 0.06472055 
662 385 16 17 0.064105324 
576 342 27 37 0.06289112 
834 293 15 22 0.062742196 
295 325 13 15 0.060923163 
530 312 14 22 0.059764706 
5 353 14 18 0.056328893 
801 277 10 14 0.053837474 
312 279 22 37 0.052946292 
0 525 47 42 0.04322909 
638 284 14 19 0.042881355 
280 279 10 15 0.039630946 
743 362 14 17 0.039605033 
548 299 14 21 0.035931308 
286 324 14 18 0.031998426 
703 315 21 28 0.030631961 
587 262 21 28 0.030312635 
543 314 23 33 0.027738042 
565 518 24 23 0.026673293 
-4 330 37 57 0.025791965 
650 381 15 19 0.025124943 
144 89 64 79 0.02432167 
833 321 14 19 0.023884863 
785 353 18 20 0.02342823 
562 310 18 25 0.023345225 
674 252 13 16 0.02327627 
336 309 31 41 0.02229407 
242 319 14 19 0.021272225 
82 310 27 37 0.02122431 
565 312 26 33 0.02090823 
675 380 14 18 0.020389097 
1 346 21 34 0.020004952 
