2_Demonstration_Protesters_2_156
39
432 319 45 67 0.997133 
739 441 52 54 0.9964102 
249 316 44 54 0.99594754 
55 290 36 43 0.99557376 
136 326 38 43 0.99240303 
613 340 44 51 0.99237216 
0 316 20 33 0.7866685 
778 128 17 21 0.70353544 
704 146 12 15 0.39643493 
983 -8 37 55 0.39014733 
673 139 10 14 0.27449995 
725 131 15 18 0.20144755 
686 142 10 14 0.18711002 
678 125 9 11 0.18391615 
719 132 11 15 0.090655096 
563 123 13 17 0.083753504 
712 131 9 13 0.06451742 
628 115 15 21 0.06112505 
678 144 11 15 0.04991891 
-35 236 533 523 0.04059478 
563 139 12 15 0.03379753 
100 163 15 18 0.032881644 
652 142 9 12 0.032342624 
771 308 12 16 0.03158478 
693 141 10 14 0.030522756 
547 143 13 15 0.030379115 
811 110 15 21 0.02897968 
800 335 25 35 0.028232835 
354 121 15 19 0.02814091 
663 156 13 14 0.027833246 
648 141 10 12 0.02707243 
701 154 12 15 0.026190825 
688 137 9 12 0.025023926 
676 135 10 13 0.02452063 
527 121 13 16 0.024399402 
559 128 15 19 0.02262785 
524 140 11 14 0.021922506 
551 116 12 14 0.021848306 
705 128 10 12 0.020960415 
