2_Demonstration_Political_Rally_2_816
51
507 30 97 126 0.9990382 
798 557 59 71 0.99787474 
701 493 53 68 0.9932421 
93 439 94 144 0.98921484 
231 431 69 82 0.9886669 
828 488 51 67 0.95236325 
583 110 70 89 0.946289 
719 431 29 36 0.9235125 
689 463 33 48 0.9181951 
148 398 54 67 0.90731263 
933 448 42 50 0.8779106 
761 431 34 44 0.82030106 
52 294 63 82 0.8039796 
942 572 66 88 0.73995554 
784 425 32 43 0.5828717 
951 486 46 55 0.488211 
691 471 48 60 0.48721534 
540 65 83 107 0.41911113 
877 442 31 36 0.2077144 
791 480 34 46 0.11044205 
160 293 44 48 0.10068075 
690 426 21 28 0.083989166 
915 428 26 34 0.0838846 
917 518 33 45 0.06624487 
343 355 32 41 0.06020553 
829 472 41 53 0.058425833 
923 396 14 19 0.052862775 
123 416 67 101 0.045840126 
342 496 56 86 0.044134595 
650 484 42 61 0.04410851 
808 482 42 61 0.040063147 
351 338 40 46 0.03802706 
704 446 39 48 0.035199422 
942 464 41 47 0.03392721 
834 456 38 40 0.033465 
324 350 25 38 0.032236755 
798 430 27 35 0.032068174 
682 433 24 32 0.031500306 
733 481 51 63 0.028272096 
634 471 31 46 0.028163068 
904 434 32 40 0.025451165 
140 268 81 97 0.025442265 
281 363 24 34 0.0232541 
748 435 31 36 0.022863131 
176 426 48 73 0.022628482 
325 357 15 23 0.022593021 
990 449 28 37 0.02235228 
905 383 26 35 0.021984467 
24 403 144 159 0.021932773 
679 448 27 40 0.021002633 
756 486 47 59 0.020162975 
