2_Demonstration_Demonstrators_2_414
91
399 32 22 27 0.9842025 
134 42 23 27 0.9613136 
201 41 20 23 0.95085907 
597 39 22 27 0.92008924 
250 51 19 23 0.8963629 
690 55 21 26 0.8923243 
763 47 20 23 0.8850465 
484 27 23 27 0.8818929 
818 50 21 27 0.7188649 
19 36 22 29 0.6837211 
308 40 24 27 0.6683746 
97 61 17 22 0.58043885 
934 42 25 29 0.5391316 
811 54 18 25 0.4309638 
11 43 21 26 0.28625306 
947 41 22 28 0.24729031 
365 39 13 17 0.22740105 
227 42 15 23 0.19726665 
2 49 19 22 0.14430264 
740 14 17 23 0.12463099 
910 52 15 18 0.120112985 
294 0 26 26 0.10824077 
866 21 16 20 0.10365817 
831 46 23 31 0.09948507 
701 52 20 28 0.0959014 
105 22 16 23 0.09062479 
237 46 18 25 0.0814 
532 40 17 21 0.0769355 
912 48 23 26 0.07634717 
223 36 15 20 0.07566599 
739 49 15 18 0.0752657 
177 50 21 31 0.07332683 
276 41 20 28 0.07225496 
106 63 15 23 0.07217384 
45 52 16 21 0.07175462 
957 43 21 28 0.070287205 
718 50 15 20 0.0679858 
119 96 25 31 0.06686907 
586 44 20 26 0.06467599 
318 4 15 18 0.06347746 
423 30 13 20 0.062618345 
32 42 23 30 0.060952246 
805 59 18 23 0.059036218 
475 30 21 25 0.05683621 
864 59 19 21 0.051819455 
681 107 17 21 0.051399514 
86 63 17 22 0.04753035 
301 41 19 22 0.04725025 
148 43 24 30 0.046088 
524 40 18 23 0.04570349 
679 50 21 27 0.04287967 
473 61 22 26 0.042612445 
537 47 22 25 0.041584052 
0 54 12 19 0.041163802 
868 39 18 20 0.03920505 
267 50 14 21 0.038951967 
872 47 20 26 0.03568109 
115 67 17 21 0.035324484 
842 100 24 28 0.035184238 
84 6 21 28 0.034970827 
293 44 23 29 0.03491961 
361 68 16 18 0.03407171 
359 35 14 19 0.034000993 
321 37 18 24 0.033137653 
901 51 16 21 0.032427683 
4 90 17 23 0.032081988 
164 46 22 31 0.031494435 
773 99 24 28 0.031321805 
42 43 16 21 0.030227456 
350 7 15 21 0.029943442 
969 48 15 19 0.029363362 
921 48 28 35 0.02933225 
517 50 16 21 0.029106088 
542 55 22 26 0.028021181 
46 10 365 538 0.027914548 
33 35 18 23 0.027791815 
99 5 21 27 0.027253188 
191 41 22 28 0.027100276 
754 -2 20 19 0.0266391 
269 43 16 22 0.026579866 
382 44 13 17 0.026506988 
187 50 15 23 0.026025789 
798 56 15 21 0.02530962 
884 46 16 24 0.025106693 
892 47 19 25 0.024576817 
259 47 16 21 0.022332748 
670 47 20 28 0.02160392 
925 44 18 22 0.021038594 
541 65 15 19 0.020898964 
548 49 17 20 0.020361068 
578 54 16 22 0.02003252 
