2_Demonstration_Demonstrators_2_196
695
183 724 10 12 0.80481696 
35 734 12 16 0.7743553 
86 715 11 14 0.6885608 
152 719 9 12 0.65610003 
928 629 8 11 0.6406541 
278 581 9 12 0.6358447 
209 694 11 13 0.6354128 
415 614 7 9 0.6274899 
477 642 10 13 0.5913032 
637 670 9 12 0.5243315 
302 300 10 12 0.5130785 
739 621 8 11 0.48807666 
364 648 8 11 0.4555741 
192 465 7 9 0.4352104 
64 364 8 11 0.42220515 
242 496 7 8 0.41589582 
761 735 9 12 0.40616858 
676 444 8 11 0.39292392 
72 444 8 11 0.38002366 
833 511 6 8 0.3760625 
386 490 8 10 0.35337803 
832 679 8 10 0.32859167 
445 613 8 10 0.3186393 
349 726 8 11 0.3126891 
166 461 7 9 0.30691126 
185 325 7 9 0.2945127 
437 532 8 10 0.29146397 
722 502 8 10 0.2889959 
56 667 10 12 0.2756692 
236 318 9 11 0.26527122 
369 444 8 10 0.26379701 
159 745 9 12 0.26371172 
374 713 9 12 0.26351684 
528 450 8 10 0.24305703 
89 376 8 10 0.23542449 
297 463 8 10 0.23193002 
180 351 9 11 0.22266643 
23 661 8 11 0.22148515 
712 635 9 12 0.21562788 
642 631 6 9 0.21484897 
219 473 6 9 0.2130555 
91 446 8 10 0.2120862 
631 613 8 10 0.21065837 
323 343 10 12 0.20680852 
161 444 7 10 0.1925623 
486 572 7 10 0.19185475 
81 547 8 11 0.18108614 
466 472 7 9 0.17834178 
143 361 7 10 0.17785552 
343 326 9 11 0.17650118 
145 220 7 10 0.17006092 
437 480 8 11 0.16543956 
944 649 8 11 0.16520976 
109 375 10 12 0.16368796 
344 300 8 11 0.160896 
125 712 8 11 0.16043124 
752 526 8 10 0.15798217 
149 638 9 11 0.15661426 
135 513 8 9 0.15340185 
191 374 6 9 0.15078743 
297 348 9 12 0.1441779 
204 308 9 12 0.1439428 
814 636 8 10 0.13686958 
751 636 8 11 0.13405772 
32 572 8 10 0.1340308 
200 672 8 11 0.13207245 
30 369 8 10 0.12913956 
162 493 8 9 0.12765035 
227 487 7 9 0.12701812 
311 270 8 10 0.12652272 
942 659 9 12 0.12612626 
240 607 9 11 0.12512824 
184 296 9 11 0.12344998 
28 488 8 11 0.12300253 
306 479 6 8 0.12199762 
630 566 9 12 0.1181425 
108 667 12 16 0.117594294 
250 343 9 12 0.11719683 
274 254 6 9 0.11670138 
343 510 6 9 0.11649149 
294 318 9 12 0.11612717 
273 464 7 8 0.11332468 
259 477 6 10 0.11280929 
287 236 8 10 0.11135256 
114 214 7 9 0.11012626 
411 557 7 9 0.109571986 
448 609 8 10 0.10856918 
202 365 8 10 0.10585658 
271 686 8 10 0.10467088 
301 350 8 11 0.10461167 
464 606 7 9 0.10426463 
178 480 7 9 0.10298442 
521 523 10 13 0.10164529 
129 735 11 13 0.10113032 
233 446 7 8 0.101120085 
139 446 7 9 0.101005286 
446 585 8 9 0.10094534 
107 375 7 10 0.10093281 
351 384 7 10 0.10090678 
333 287 7 9 0.098872 
182 358 8 11 0.09867934 
455 605 7 10 0.09593281 
70 484 8 11 0.09583392 
263 473 7 9 0.094611295 
221 472 7 9 0.09325349 
302 641 7 10 0.093221046 
600 439 7 9 0.09192999 
247 652 8 10 0.09096285 
236 687 9 11 0.089813255 
145 417 8 10 0.08977182 
442 584 7 10 0.08970918 
173 400 8 10 0.088978134 
63 373 8 10 0.088422686 
359 609 8 9 0.087630354 
584 553 8 11 0.08604674 
584 389 8 10 0.0853751 
351 635 9 12 0.08520164 
46 553 8 10 0.08519081 
346 614 7 9 0.085040756 
182 367 8 10 0.08425039 
234 190 8 10 0.08390381 
374 281 9 11 0.08389361 
58 501 8 11 0.08358223 
9 691 11 14 0.082738735 
854 713 9 11 0.08263019 
296 345 8 10 0.08226536 
218 343 7 10 0.08188413 
174 374 7 9 0.08179946 
250 716 10 13 0.08135117 
370 365 9 12 0.07956955 
198 349 7 10 0.079333015 
66 482 7 9 0.078052685 
807 657 11 15 0.07775473 
321 312 7 11 0.07740518 
126 649 10 15 0.07704042 
222 349 7 10 0.07699162 
0 705 7 11 0.07656717 
619 653 8 11 0.07580194 
238 442 7 9 0.0756581 
112 378 10 13 0.07539848 
598 323 14 16 0.07241117 
163 383 7 10 0.07150481 
357 537 8 10 0.071390174 
278 455 8 10 0.07089189 
282 471 6 8 0.06999299 
144 484 9 11 0.06993775 
879 537 8 9 0.06968034 
104 714 9 12 0.06956321 
417 630 8 11 0.06939541 
319 711 8 10 0.06863364 
46 703 9 13 0.06833357 
176 471 7 8 0.06813848 
152 644 9 12 0.06812683 
433 596 7 10 0.068009146 
576 577 8 11 0.06629133 
927 569 7 9 0.06582831 
625 416 8 11 0.065601826 
351 497 7 9 0.0652222 
337 340 9 11 0.06496214 
160 359 8 11 0.06412338 
294 313 8 10 0.06375051 
182 343 7 9 0.06373681 
72 376 7 9 0.06368348 
392 366 7 9 0.06315285 
337 487 7 9 0.06295036 
195 350 7 10 0.06156711 
302 517 8 11 0.061526697 
144 376 9 11 0.061330993 
811 733 8 10 0.060721893 
394 566 7 9 0.060611356 
606 665 8 11 0.060561422 
66 533 8 10 0.060075257 
734 534 7 9 0.05992801 
177 368 8 10 0.05971122 
72 232 8 10 0.059556205 
481 604 7 10 0.059171505 
326 360 8 11 0.059005022 
200 677 10 13 0.058584068 
216 335 7 9 0.058230806 
23 367 8 11 0.0580291 
505 689 9 12 0.057778113 
86 750 9 12 0.057594415 
120 652 11 13 0.05729791 
134 691 13 15 0.05664618 
748 710 9 10 0.056638613 
106 329 7 9 0.056617986 
255 704 7 10 0.056432966 
170 375 7 9 0.056329876 
89 303 6 8 0.055333402 
154 335 7 9 0.054691155 
250 273 6 8 0.05467883 
156 733 10 11 0.05466851 
369 374 9 11 0.054507002 
523 607 8 11 0.053602397 
517 591 8 10 0.053466965 
105 575 7 8 0.053322632 
524 520 9 12 0.053192947 
621 440 8 10 0.053163152 
421 629 8 11 0.053130247 
216 717 10 14 0.053093698 
294 324 8 10 0.052903607 
146 465 7 9 0.052781496 
110 351 7 9 0.052749753 
199 345 7 9 0.052652244 
78 695 11 13 0.052400388 
477 585 8 10 0.052399863 
370 717 8 11 0.052263893 
0 468 6 11 0.052089453 
750 724 9 10 0.051786743 
398 439 8 10 0.05156691 
232 471 7 8 0.051146243 
896 551 9 12 0.05056557 
33 392 7 9 0.050374344 
233 691 11 13 0.05017574 
320 304 7 9 0.049686484 
182 215 7 9 0.049627457 
263 302 7 9 0.049494423 
599 634 7 10 0.049429648 
503 427 10 13 0.049412902 
274 456 8 10 0.049269665 
295 412 8 10 0.049247023 
93 376 7 10 0.049218543 
352 541 7 9 0.04900308 
151 343 7 9 0.048790127 
253 288 8 9 0.048706897 
397 630 9 11 0.048383407 
110 330 7 9 0.048372846 
145 350 8 9 0.04822827 
133 647 8 12 0.04795932 
462 375 8 11 0.047864445 
247 424 7 9 0.047841933 
160 222 7 9 0.047828984 
157 647 9 11 0.047498982 
150 221 7 10 0.047182452 
828 696 10 12 0.04687537 
97 728 8 10 0.046797454 
630 422 8 11 0.046274044 
254 511 7 10 0.04604442 
148 383 9 11 0.046032112 
16 710 11 13 0.046031024 
186 374 8 10 0.045939613 
18 367 8 11 0.04561782 
135 672 10 12 0.045054883 
509 580 8 11 0.04494828 
229 431 8 9 0.044913862 
202 305 8 11 0.044693302 
160 351 7 9 0.04438667 
343 494 7 9 0.044381857 
159 365 9 11 0.044134818 
178 216 7 9 0.04404699 
688 718 7 9 0.04399452 
447 599 8 9 0.04372251 
59 664 10 12 0.04338784 
346 607 8 11 0.043375593 
760 630 8 10 0.043248605 
662 680 9 11 0.043058503 
296 280 8 11 0.042912867 
253 348 8 10 0.042849634 
178 485 6 9 0.042630583 
258 304 7 9 0.042590637 
29 716 9 11 0.042431 
288 385 10 11 0.042147722 
246 495 8 9 0.042093813 
645 632 7 9 0.042088505 
730 736 8 10 0.042030383 
206 360 7 10 0.04201452 
88 501 9 11 0.042013332 
345 542 7 9 0.04200621 
233 680 8 11 0.04161523 
162 199 7 9 0.041612696 
93 741 8 11 0.04155673 
217 497 7 9 0.041479386 
811 637 7 10 0.041475557 
216 446 6 8 0.041421223 
406 625 7 9 0.041404832 
861 721 8 9 0.041368056 
753 743 8 11 0.041273344 
94 734 9 12 0.041263215 
151 730 11 13 0.041220848 
151 470 7 9 0.04106216 
202 207 6 9 0.041017443 
191 588 9 12 0.040973734 
221 345 7 10 0.040880628 
208 254 7 9 0.04059122 
127 368 8 9 0.040518746 
22 716 11 13 0.040149093 
208 351 7 9 0.0401299 
761 623 9 10 0.040109802 
205 686 11 14 0.0400124 
738 573 7 9 0.039989468 
178 344 7 9 0.03980629 
281 301 9 10 0.039803077 
493 582 8 11 0.039801262 
88 341 8 11 0.03974986 
313 472 6 9 0.039619856 
112 358 7 9 0.039531443 
122 223 7 10 0.03947375 
837 676 10 13 0.03944991 
266 381 8 10 0.03942289 
222 478 8 9 0.03940471 
254 502 7 9 0.03933353 
72 720 8 11 0.03928604 
894 555 9 12 0.03928257 
230 549 8 11 0.038940325 
442 609 8 11 0.03890683 
25 372 8 11 0.038634054 
242 423 7 9 0.03863312 
89 361 7 8 0.038615003 
182 481 6 9 0.03859235 
341 558 8 10 0.038347796 
366 407 8 10 0.038255196 
338 494 7 9 0.03820062 
624 647 7 10 0.038157318 
281 325 7 10 0.038062856 
490 589 8 11 0.038003836 
253 381 8 11 0.03783269 
286 301 7 10 0.03782682 
232 441 8 9 0.03776086 
697 696 9 11 0.037646294 
226 432 7 9 0.037561297 
146 469 7 9 0.037352286 
687 713 8 10 0.03731669 
69 530 7 10 0.03727851 
350 613 8 10 0.036611427 
256 614 10 14 0.03650227 
102 464 7 9 0.0363935 
311 328 8 11 0.03616084 
341 333 10 12 0.036115386 
304 472 7 9 0.036052126 
239 287 6 9 0.035856027 
432 415 7 8 0.03582592 
71 415 7 9 0.035818756 
271 469 7 9 0.03573871 
225 446 7 9 0.03565017 
237 626 9 13 0.03553393 
297 600 7 9 0.035487015 
335 540 7 10 0.035446804 
94 497 9 11 0.03528826 
77 724 10 12 0.035221763 
78 397 7 9 0.034997195 
129 201 7 9 0.034678604 
7 579 7 11 0.03464075 
278 463 7 9 0.0346052 
114 237 7 9 0.03458146 
494 459 8 13 0.034500033 
109 510 7 9 0.03448694 
359 613 8 11 0.034460768 
406 629 9 11 0.03444103 
201 229 7 9 0.03443436 
510 605 7 10 0.034410864 
151 350 7 9 0.034303505 
231 425 7 8 0.034265466 
106 512 7 9 0.034232065 
378 503 8 10 0.03417691 
761 712 9 12 0.034108993 
158 329 6 8 0.033955235 
761 615 8 10 0.03381101 
638 550 7 11 0.0336425 
81 751 10 12 0.03361275 
191 696 9 11 0.03358724 
757 751 10 13 0.033565488 
254 497 8 9 0.03347441 
105 279 7 9 0.033439647 
456 601 7 10 0.033394 
95 360 7 8 0.033367753 
342 488 7 9 0.03326114 
168 686 10 13 0.033240397 
262 253 7 9 0.032802805 
0 504 7 11 0.032639228 
298 517 8 11 0.032491058 
446 589 7 9 0.032432035 
786 616 8 11 0.032365825 
129 206 7 10 0.032238316 
80 471 8 10 0.032138478 
334 614 8 11 0.0321325 
166 388 8 10 0.032097876 
241 278 6 9 0.03203562 
826 615 7 9 0.032018147 
158 334 7 9 0.03199259 
636 480 12 16 0.031922635 
542 365 9 11 0.031824417 
400 645 8 10 0.03175136 
105 368 7 9 0.031585902 
903 637 7 10 0.031492963 
317 535 8 10 0.031465665 
721 667 9 11 0.031330552 
121 247 7 8 0.03132887 
94 398 7 9 0.031327665 
115 669 11 14 0.031266138 
825 655 8 11 0.031246448 
325 696 9 11 0.031196102 
160 216 8 10 0.03110223 
507 577 7 10 0.030902361 
304 309 9 10 0.03084671 
767 616 8 10 0.030802386 
888 671 10 13 0.030701758 
360 541 7 9 0.030598221 
144 733 10 12 0.0305459 
311 679 10 13 0.030507129 
256 310 8 9 0.030503266 
774 652 9 11 0.030460145 
176 256 8 10 0.030218948 
559 640 9 11 0.030127598 
849 729 8 10 0.030093558 
226 438 7 10 0.03008656 
775 615 7 9 0.030011205 
166 239 9 11 0.029857548 
679 694 10 11 0.029831449 
34 398 7 9 0.029828778 
414 83 9 11 0.02981716 
23 473 7 10 0.029734809 
280 405 8 10 0.029729638 
136 375 8 9 0.029626597 
894 672 9 12 0.029590854 
222 709 13 16 0.029558761 
330 615 8 10 0.029471442 
166 215 7 9 0.029386865 
80 717 12 14 0.029298639 
25 408 8 10 0.02923013 
198 590 9 12 0.029152086 
823 647 7 9 0.029078772 
232 480 7 10 0.029023828 
95 340 8 11 0.028983071 
194 502 6 8 0.028948858 
160 344 7 8 0.028848909 
1 519 8 12 0.028794719 
234 314 8 10 0.028758103 
54 180 9 11 0.028661506 
335 294 8 10 0.028646853 
464 601 7 10 0.028592203 
80 232 7 10 0.028567743 
865 652 9 13 0.028548595 
478 615 8 11 0.028488973 
112 296 7 8 0.028351711 
176 230 8 10 0.028324248 
346 622 7 9 0.028319925 
280 494 7 9 0.028306829 
708 679 9 12 0.028266476 
89 367 8 10 0.028189665 
239 358 7 10 0.028174587 
673 544 6 9 0.028153157 
127 248 7 9 0.028123835 
136 233 8 10 0.028078988 
129 486 7 9 0.028066512 
167 629 8 11 0.028065084 
248 359 7 9 0.027922088 
199 225 7 8 0.027792916 
286 471 7 10 0.027781174 
741 617 9 11 0.027705815 
144 495 9 11 0.027700156 
231 391 9 11 0.027666975 
236 511 9 11 0.027607676 
155 328 6 8 0.027586527 
589 413 10 12 0.027550487 
438 597 8 10 0.027362322 
304 332 7 10 0.027357798 
304 526 8 10 0.027302386 
109 559 9 12 0.02725805 
883 658 11 14 0.027166447 
845 672 8 11 0.027099974 
326 701 9 11 0.027043877 
194 344 7 9 0.027021583 
95 366 7 10 0.02701365 
82 584 9 11 0.026887534 
336 482 7 9 0.026830085 
40 503 7 9 0.026729222 
134 697 15 17 0.026708582 
311 275 8 10 0.026687069 
269 383 8 11 0.026683139 
369 360 9 12 0.026680019 
745 637 9 11 0.02655313 
295 424 7 9 0.0265423 
919 639 7 10 0.026514804 
767 622 7 10 0.026358925 
181 222 8 10 0.026283676 
705 535 6 8 0.026280664 
784 735 10 12 0.026227094 
903 672 9 11 0.026226357 
431 103 8 12 0.026175445 
775 631 8 10 0.025969926 
113 233 7 9 0.025969831 
330 536 7 10 0.02593676 
258 293 7 10 0.025924161 
310 425 8 11 0.025922656 
425 606 8 11 0.025788834 
336 504 7 9 0.025770476 
191 241 7 10 0.02575643 
84 699 12 14 0.025728004 
200 336 7 8 0.0257121 
105 663 12 13 0.025693972 
245 231 8 11 0.025665678 
23 666 9 12 0.025663193 
200 248 7 9 0.025594689 
177 261 7 9 0.025571708 
232 456 7 8 0.025559286 
528 677 9 11 0.025534999 
8 679 10 14 0.025492152 
366 620 8 11 0.02548304 
38 392 7 9 0.025480084 
56 480 7 9 0.025479507 
847 662 8 10 0.025417492 
238 185 8 10 0.025416402 
184 336 7 9 0.025378974 
725 622 8 10 0.025342721 
615 533 8 11 0.025318153 
165 676 9 12 0.025305241 
249 277 7 9 0.025234953 
329 632 8 10 0.025123412 
758 593 8 10 0.024995197 
100 693 10 14 0.024976783 
105 381 8 10 0.024958927 
797 668 9 12 0.024954844 
165 489 8 9 0.024805818 
368 633 8 11 0.024804827 
118 478 7 9 0.024712477 
798 636 9 12 0.024711441 
352 302 8 10 0.024699068 
34 429 8 10 0.024656001 
168 735 9 11 0.024596997 
222 359 7 10 0.024573531 
146 345 7 9 0.024564994 
195 223 7 10 0.024547087 
150 464 7 10 0.02453878 
199 694 9 12 0.02452101 
358 527 7 9 0.024504479 
191 245 7 10 0.024498215 
585 422 10 11 0.024419637 
168 479 7 9 0.024375252 
616 348 9 14 0.024369782 
296 431 7 8 0.024348477 
188 301 8 12 0.0243462 
41 495 8 10 0.024264183 
386 536 8 10 0.024142096 
630 512 9 11 0.024093855 
110 368 8 9 0.024092829 
22 748 9 12 0.024032751 
505 605 8 10 0.024003178 
481 556 8 10 0.02398128 
144 198 7 9 0.02396118 
232 464 6 8 0.023955133 
753 748 9 11 0.023929425 
45 231 11 12 0.023900338 
247 415 8 9 0.023882113 
338 510 8 9 0.023866134 
288 325 8 11 0.023864161 
409 608 7 9 0.023816861 
337 301 9 11 0.02380857 
280 438 7 8 0.023731668 
128 358 7 9 0.023696233 
190 310 7 10 0.023694716 
358 304 7 10 0.023682997 
488 614 8 12 0.023664126 
113 478 8 9 0.023655912 
313 445 7 9 0.02365361 
241 472 6 8 0.023650955 
152 479 8 10 0.023587765 
200 383 7 8 0.023575684 
121 367 8 9 0.023507856 
95 749 8 12 0.02342205 
217 286 7 9 0.023404406 
397 560 7 10 0.02339292 
201 501 8 11 0.02335126 
483 569 8 11 0.023349302 
303 409 7 10 0.023340203 
911 654 8 11 0.023258593 
272 429 8 11 0.023242043 
333 632 8 10 0.023230236 
151 217 8 10 0.023224352 
240 500 8 9 0.023194049 
50 668 9 12 0.023161799 
218 359 7 10 0.023153502 
749 608 8 11 0.023143796 
117 374 9 12 0.023098702 
186 246 7 9 0.023026792 
286 479 7 9 0.023007983 
168 368 8 10 0.02296503 
390 535 8 10 0.022928992 
7 700 9 12 0.022915931 
166 223 7 8 0.022903955 
657 639 7 9 0.022895716 
372 441 7 9 0.022877472 
909 404 16 21 0.022864489 
829 614 8 10 0.02286371 
168 504 8 10 0.022862809 
253 648 8 10 0.022843728 
695 624 8 11 0.022735147 
209 376 7 8 0.022629816 
192 648 9 12 0.022621382 
585 448 8 10 0.022618908 
191 369 7 9 0.02261461 
84 545 9 11 0.02259 
582 701 9 11 0.02257729 
119 230 7 9 0.02257371 
274 487 6 8 0.02256685 
423 625 8 11 0.022511134 
129 384 8 10 0.022442827 
209 224 7 9 0.022432059 
31 749 10 12 0.022425383 
56 391 7 10 0.022422723 
348 663 10 13 0.02238462 
656 670 7 9 0.022326002 
626 420 8 12 0.022305846 
351 608 7 10 0.022262601 
48 205 10 14 0.022253614 
247 302 6 9 0.022236079 
104 566 8 10 0.022220543 
31 621 8 11 0.022214523 
233 623 10 15 0.02218283 
622 405 8 10 0.022148132 
15 489 8 11 0.022141363 
155 441 6 8 0.022131918 
262 297 7 9 0.02211762 
713 654 7 10 0.02210784 
250 336 8 10 0.022106834 
208 487 6 9 0.022084292 
466 487 9 12 0.022074884 
325 311 8 11 0.022058284 
376 488 8 10 0.022042993 
325 316 8 12 0.022035861 
95 566 8 10 0.02201696 
386 542 7 9 0.02201576 
45 470 8 10 0.021979555 
335 598 7 9 0.021961192 
45 694 10 13 0.021857511 
769 664 9 12 0.02185597 
5 229 10 11 0.021848831 
28 660 9 13 0.021778394 
113 472 8 10 0.021758333 
130 480 7 10 0.0217529 
585 590 11 13 0.021695465 
226 424 7 9 0.021690032 
135 480 8 10 0.021668363 
325 364 9 12 0.021663263 
305 425 8 10 0.021661097 
138 360 7 10 0.021631414 
401 518 7 9 0.021613758 
43 551 8 11 0.02160709 
175 279 8 9 0.021599516 
474 589 7 9 0.021587357 
101 700 10 14 0.021585716 
79 413 7 9 0.021576514 
726 726 8 11 0.02157165 
146 239 7 9 0.021452954 
152 359 8 10 0.021431426 
354 526 7 9 0.021421662 
16 372 8 11 0.021351045 
216 441 6 8 0.02131744 
191 359 7 9 0.021314818 
5 659 10 13 0.0212487 
330 637 8 11 0.02121468 
17 589 8 10 0.021201251 
23 359 8 9 0.021143263 
135 485 8 10 0.02112217 
390 543 7 10 0.021105953 
201 295 6 9 0.021102386 
788 619 9 12 0.021082932 
86 232 7 9 0.021020956 
205 502 8 10 0.021017645 
385 375 7 9 0.02100871 
185 382 7 9 0.020942036 
161 630 8 10 0.020931508 
200 496 6 8 0.02088952 
396 680 9 11 0.020884948 
37 427 9 12 0.020884186 
717 749 9 11 0.020860251 
734 735 7 10 0.020855103 
79 677 10 13 0.020829128 
282 270 6 9 0.020794127 
855 727 8 11 0.020752931 
359 221 7 9 0.020687575 
206 207 7 9 0.020653868 
129 373 7 10 0.020636022 
314 512 7 10 0.02056798 
321 359 8 10 0.020561632 
118 473 7 9 0.020559248 
590 658 11 15 0.020507472 
162 457 8 9 0.02048008 
337 520 7 9 0.020466018 
382 609 8 10 0.020359317 
251 510 7 10 0.020347198 
760 605 9 11 0.020328222 
557 363 9 12 0.02032695 
440 566 10 12 0.020318452 
106 351 7 9 0.020295875 
87 425 7 9 0.020276982 
295 458 8 10 0.020245267 
559 472 8 10 0.020135194 
391 551 7 8 0.020095812 
277 254 7 9 0.0200573 
344 536 7 9 0.020048548 
443 311 14 18 0.020048006 
79 479 7 10 0.020047475 
217 329 7 9 0.020046271 
33 503 8 9 0.02003445 
137 365 8 11 0.020024985 
