2_Demonstration_Demonstrators_2_181
95
77 530 56 75 0.9992605 
662 521 36 49 0.9954495 
882 591 46 61 0.9954442 
411 533 25 30 0.9948015 
847 500 24 31 0.9930628 
941 541 35 46 0.99301225 
719 513 22 29 0.9890927 
529 561 22 33 0.98732156 
545 514 13 16 0.93933004 
260 529 13 17 0.9308531 
339 534 12 16 0.91471434 
464 533 15 18 0.9089144 
761 564 27 32 0.9007999 
231 544 20 26 0.898129 
280 529 17 22 0.83960587 
187 554 21 27 0.8124349 
560 544 17 21 0.78220445 
782 499 18 24 0.7760176 
379 518 11 14 0.61183923 
505 526 10 14 0.27105147 
469 514 11 13 0.26732147 
399 515 10 13 0.21575032 
423 513 11 14 0.19905934 
437 510 9 11 0.19809635 
316 517 9 12 0.17421658 
227 525 13 16 0.17175539 
376 537 11 16 0.16623056 
453 517 9 11 0.15312278 
541 539 13 16 0.15256053 
492 539 12 15 0.13638483 
432 510 10 12 0.13141716 
365 540 12 14 0.11687271 
649 507 10 13 0.11152179 
521 524 11 13 0.10910549 
464 515 11 13 0.10414199 
160 527 10 13 0.100444525 
394 555 15 22 0.0947072 
481 502 10 12 0.09468497 
404 515 11 14 0.08362158 
495 517 9 11 0.07887058 
500 561 14 17 0.07822585 
190 516 14 16 0.07631526 
632 508 8 11 0.0736676 
204 585 18 24 0.068358056 
313 511 9 12 0.0633764 
368 513 8 10 0.062117677 
404 511 9 11 0.05682186 
182 533 14 18 0.05596241 
511 518 9 12 0.0555452 
376 496 375 580 0.05332408 
307 529 13 16 0.051808935 
488 517 10 12 0.05153266 
155 561 16 26 0.051189028 
478 519 9 12 0.047525667 
524 529 13 16 0.047238197 
344 517 9 11 0.045262136 
352 513 7 10 0.0417777 
503 518 9 12 0.040972378 
577 504 9 12 0.040966097 
241 542 15 19 0.04087874 
327 518 9 12 0.03833308 
360 516 8 11 0.037356578 
392 510 8 10 0.03551956 
665 493 10 12 0.035134755 
415 517 11 13 0.033209164 
397 520 11 16 0.0329603 
508 528 12 15 0.031049287 
519 520 11 13 0.030625684 
393 517 10 13 0.029870052 
545 471 8 9 0.029088939 
759 531 14 15 0.028225197 
436 514 11 13 0.028119367 
512 512 9 12 0.027664825 
572 532 14 17 0.027652359 
357 412 10 12 0.0274666 
417 510 9 11 0.026949562 
341 528 13 17 0.026812308 
485 508 11 14 0.026223982 
528 501 10 12 0.025752973 
548 546 17 19 0.025543366 
496 525 11 13 0.025026562 
479 523 10 14 0.02495386 
325 508 10 13 0.02466367 
438 537 14 20 0.024460144 
55 548 25 36 0.023870183 
313 503 9 11 0.023124391 
429 -3 515 632 0.022171011 
193 571 25 37 0.021715079 
486 524 10 13 0.021681633 
345 513 8 10 0.021512363 
392 524 11 13 0.021348653 
464 511 19 24 0.020968556 
163 530 12 15 0.020771816 
568 544 17 21 0.020473221 
576 516 11 15 0.020347554 
