2_Demonstration_Demonstration_Or_Protest_2_140
812
953 639 27 31 0.9969688 
842 629 26 31 0.99380976 
803 643 18 22 0.98270756 
332 519 15 20 0.981455 
741 548 16 20 0.9806309 
203 540 15 19 0.97950464 
956 589 17 21 0.97900945 
138 584 18 23 0.97857636 
786 560 16 21 0.97847784 
299 518 16 19 0.9734284 
764 624 17 21 0.97273964 
494 475 13 18 0.9724166 
157 545 15 18 0.97182065 
244 605 17 22 0.9709819 
638 486 13 18 0.9677119 
455 395 12 16 0.96665233 
181 615 17 19 0.96478283 
702 462 14 17 0.96232665 
382 476 13 16 0.95862705 
333 606 18 22 0.95847034 
302 606 15 19 0.9580431 
721 628 17 20 0.95439595 
281 524 15 19 0.95149994 
524 526 14 18 0.95058084 
768 541 18 21 0.9495305 
805 569 16 20 0.9492902 
522 574 18 23 0.94815856 
413 562 17 21 0.9453513 
617 526 17 22 0.94174755 
757 577 16 20 0.94038 
724 474 14 16 0.93911034 
249 562 14 20 0.9379763 
751 286 9 12 0.9379578 
779 521 13 15 0.9370452 
853 264 9 12 0.9365663 
561 355 8 12 0.9324599 
559 501 13 19 0.93203133 
914 602 16 17 0.9311042 
687 415 12 15 0.93056995 
601 379 11 15 0.9273881 
834 542 14 17 0.92364746 
451 485 13 17 0.92324847 
547 525 15 18 0.9229216 
682 476 14 16 0.9208703 
625 626 18 21 0.9201066 
638 384 13 16 0.9187345 
414 476 15 20 0.9183376 
532 491 14 18 0.9135563 
571 535 15 19 0.9093289 
656 332 9 12 0.90675575 
374 632 18 21 0.9067053 
739 394 13 15 0.9064523 
762 596 16 18 0.9044804 
232 464 15 20 0.9014417 
390 614 16 21 0.898042 
375 509 14 19 0.89628816 
644 461 14 16 0.89515513 
452 643 17 21 0.89361215 
784 262 10 14 0.8903809 
566 468 12 14 0.8845336 
430 619 19 23 0.8764647 
710 389 11 14 0.8705884 
511 501 14 19 0.8674801 
219 619 20 22 0.8664005 
910 581 14 17 0.8622189 
549 476 13 17 0.85738266 
713 573 12 16 0.85440516 
591 459 14 15 0.84021723 
483 637 14 18 0.8385824 
512 386 11 15 0.8282873 
305 557 15 19 0.81432694 
529 621 18 22 0.8003174 
623 378 11 13 0.7896057 
686 505 14 16 0.7866935 
870 237 9 11 0.78654814 
364 601 16 19 0.7862741 
183 650 22 23 0.78354484 
493 631 14 17 0.7633513 
650 528 14 16 0.762229 
859 598 16 17 0.73956907 
552 418 11 14 0.73596597 
378 573 13 16 0.72340953 
822 272 11 13 0.7228691 
548 396 11 14 0.70587367 
652 557 14 19 0.70533943 
721 312 10 13 0.70026547 
726 253 8 10 0.6969382 
160 592 16 20 0.689742 
692 271 9 11 0.6626067 
532 300 9 11 0.65683514 
674 368 10 14 0.64967763 
654 271 10 14 0.6427669 
577 329 11 14 0.64154446 
490 530 15 19 0.6412296 
610 434 13 16 0.63187414 
803 300 11 15 0.6093846 
924 641 22 26 0.6074217 
597 245 8 10 0.6005515 
558 386 10 14 0.59975505 
897 279 11 15 0.5971397 
984 263 10 13 0.59065306 
933 278 11 13 0.5896407 
858 288 11 14 0.57577527 
630 471 13 16 0.56495386 
761 256 9 12 0.56004846 
742 241 8 11 0.5494678 
889 269 8 11 0.548027 
861 323 11 13 0.543653 
888 228 9 11 0.5408959 
962 232 8 10 0.5371861 
671 319 10 13 0.530904 
564 247 7 10 0.51997703 
907 642 27 29 0.518319 
569 286 7 9 0.50427306 
927 309 9 11 0.48979613 
413 653 20 20 0.4883378 
671 543 14 18 0.48702386 
600 277 7 9 0.43985468 
585 315 8 10 0.43816853 
769 236 8 10 0.43800732 
787 318 10 13 0.42984414 
735 268 7 10 0.41564307 
660 639 20 22 0.3956795 
569 430 11 14 0.37507355 
699 589 14 17 0.3708657 
930 324 10 13 0.36608365 
654 600 14 18 0.3650896 
433 589 14 19 0.35653964 
794 238 8 11 0.35500732 
232 486 14 16 0.33480573 
969 264 9 11 0.32599506 
882 604 15 17 0.3204481 
362 549 16 20 0.32004836 
605 316 9 10 0.31692007 
583 230 7 9 0.31110418 
702 216 7 8 0.30812934 
697 357 9 12 0.30756128 
723 255 7 10 0.30194798 
939 228 8 10 0.30079147 
827 576 18 20 0.29415104 
798 239 7 10 0.2798192 
520 277 10 12 0.2792999 
757 209 8 9 0.27324727 
447 605 15 21 0.2546105 
840 300 9 11 0.25413522 
761 174 6 9 0.2523423 
493 430 11 13 0.24931736 
685 309 8 11 0.2469211 
839 216 8 9 0.23999822 
701 237 8 10 0.2382053 
820 319 9 12 0.23430564 
774 189 8 10 0.2342946 
730 233 6 8 0.23055209 
519 627 12 16 0.22894464 
745 176 6 8 0.22400564 
878 284 8 12 0.21955848 
690 294 9 11 0.21910934 
913 177 9 11 0.21434484 
687 198 8 10 0.21221769 
976 248 8 8 0.2121996 
730 168 7 10 0.21167585 
833 246 8 12 0.20713742 
968 215 9 10 0.20695275 
398 389 15 18 0.20281851 
679 300 8 11 0.19897394 
471 388 11 13 0.18776599 
657 205 8 11 0.18380432 
543 258 7 9 0.18328264 
842 238 8 11 0.18161678 
742 597 15 19 0.18145739 
933 245 8 10 0.17979181 
668 502 12 16 0.17503373 
597 547 15 17 0.17435592 
686 348 9 12 0.16718069 
615 285 8 10 0.16691892 
784 286 8 12 0.16605343 
800 145 7 9 0.16015351 
877 579 13 16 0.15770717 
552 390 11 15 0.15721843 
681 207 7 9 0.15585098 
720 344 9 12 0.15218106 
736 279 8 11 0.14964597 
765 260 9 11 0.14957677 
800 262 9 12 0.14736758 
770 152 8 10 0.14647165 
853 215 9 11 0.14647038 
593 345 9 11 0.14602205 
695 446 11 13 0.14462082 
954 215 6 9 0.14385605 
716 240 9 11 0.14349446 
686 256 7 10 0.1429285 
511 581 11 16 0.14266342 
953 158 7 9 0.13976088 
679 395 10 13 0.13961135 
594 326 8 10 0.13956979 
874 285 8 12 0.13938293 
670 391 9 13 0.13756879 
817 201 8 10 0.13131736 
633 280 8 10 0.13038783 
528 256 7 9 0.1303082 
928 239 8 11 0.13009217 
606 407 12 15 0.12975836 
631 285 7 10 0.12969588 
687 225 7 9 0.12613145 
610 249 7 10 0.12605788 
747 317 10 13 0.12587662 
742 198 7 9 0.12476793 
838 221 7 9 0.12210238 
667 248 8 10 0.12165685 
719 184 7 10 0.12054977 
586 524 15 17 0.120425574 
734 285 9 11 0.11847525 
682 255 8 11 0.11816783 
846 142 9 10 0.11792468 
524 276 9 12 0.117683485 
973 214 8 10 0.11588763 
426 503 15 20 0.11168797 
818 150 7 9 0.11096348 
596 289 9 11 0.110473 
824 237 8 10 0.10709841 
750 183 7 9 0.10673575 
628 461 12 13 0.10526311 
626 610 14 17 0.10306303 
602 318 8 10 0.102897555 
468 587 12 15 0.10283545 
822 149 7 9 0.10274774 
355 618 12 17 0.10231603 
809 158 8 10 0.102166966 
688 229 6 9 0.10140202 
792 174 7 9 0.10128123 
858 183 6 8 0.09951814 
539 261 7 10 0.097879864 
324 644 18 18 0.097075105 
770 189 8 11 0.096916825 
715 245 8 10 0.09242651 
824 246 9 11 0.09204828 
177 476 12 14 0.090731844 
806 240 8 10 0.08964012 
666 253 7 10 0.08959861 
809 620 17 19 0.08860827 
843 143 8 10 0.087802775 
741 650 22 24 0.08772184 
649 309 9 12 0.08766855 
953 208 7 8 0.085945874 
689 277 8 10 0.08467535 
636 469 12 15 0.08456123 
913 230 7 9 0.08419191 
913 224 7 9 0.0841652 
617 281 8 11 0.083951764 
747 181 7 9 0.08386487 
781 215 7 9 0.08291119 
108 608 22 28 0.08248638 
702 483 12 15 0.082346104 
738 214 7 9 0.08193236 
760 300 9 11 0.080121264 
468 554 13 16 0.07950531 
840 182 6 8 0.078680605 
824 170 7 8 0.07770123 
775 277 8 10 0.07661347 
738 239 8 10 0.07601339 
839 197 7 9 0.075928845 
792 184 7 9 0.075581774 
936 294 12 14 0.07553483 
734 186 8 9 0.075088516 
880 224 8 9 0.07508767 
526 374 10 13 0.07481121 
687 206 7 10 0.07477383 
633 183 7 8 0.0733853 
872 191 9 10 0.07337729 
790 279 8 10 0.07291355 
283 613 13 17 0.07286299 
827 277 10 13 0.0725712 
710 270 8 10 0.072522335 
626 213 7 9 0.07243063 
776 248 8 10 0.07223056 
835 199 6 9 0.071765855 
528 380 10 12 0.07121386 
798 285 9 11 0.07087421 
744 301 9 11 0.06974089 
699 215 7 8 0.069713674 
202 589 12 17 0.069650955 
894 245 8 10 0.0684469 
526 260 9 11 0.06584224 
206 637 13 17 0.06582722 
832 284 10 12 0.06560785 
826 214 7 9 0.065562695 
602 312 9 10 0.065533295 
672 313 8 11 0.06520171 
905 580 13 16 0.064956985 
952 198 7 9 0.0648039 
556 394 11 13 0.0646184 
934 207 7 9 0.064399816 
686 524 16 16 0.064269476 
676 324 9 12 0.0640362 
269 658 14 15 0.06398863 
826 189 7 9 0.063369654 
508 413 13 16 0.06319522 
793 190 7 9 0.063167624 
303 580 13 16 0.06283027 
608 652 20 20 0.0624418 
939 299 11 14 0.061578672 
687 358 10 11 0.061430607 
463 549 12 18 0.061145768 
890 192 6 8 0.06097589 
832 215 7 8 0.060970593 
1001 256 8 11 0.05988094 
792 157 8 10 0.059622876 
713 413 10 13 0.05930316 
703 221 7 9 0.059217636 
850 159 6 9 0.059057046 
833 184 7 9 0.058821574 
837 246 8 11 0.0585493 
801 296 10 13 0.058401532 
773 233 8 11 0.058127575 
281 597 16 19 0.057911046 
916 575 12 15 0.057734817 
637 279 9 11 0.057594348 
806 222 7 9 0.057191867 
641 214 7 10 0.05711764 
960 215 7 9 0.05701262 
735 434 10 13 0.05692474 
974 198 6 8 0.05660996 
998 219 9 12 0.056366693 
834 223 8 9 0.05630613 
863 182 6 8 0.056017794 
583 461 11 13 0.055483606 
17 653 15 19 0.055459637 
759 295 9 11 0.055264153 
776 393 12 16 0.055172794 
831 175 7 8 0.0550333 
681 223 7 9 0.054911885 
661 206 7 9 0.054300528 
853 221 8 10 0.05421257 
686 302 9 12 0.054009885 
930 206 7 9 0.053708084 
687 240 7 9 0.053208202 
670 253 8 10 0.052787267 
759 200 7 9 0.052537363 
793 169 7 9 0.05215002 
704 199 7 8 0.052098326 
712 135 7 9 0.051740352 
744 310 10 12 0.05167977 
694 351 9 12 0.051125977 
783 292 9 11 0.0507991 
694 362 11 13 0.050476436 
595 293 8 10 0.050420236 
825 173 7 9 0.0503276 
632 271 7 9 0.050120063 
697 310 8 10 0.050076228 
695 166 7 8 0.05007604 
825 232 7 10 0.04981103 
190 644 21 25 0.049711645 
664 453 11 14 0.04962732 
767 216 7 9 0.049560715 
554 383 11 13 0.049521036 
831 191 7 9 0.04939194 
648 209 7 10 0.049123757 
688 327 9 11 0.049080893 
501 435 13 15 0.048956156 
509 263 9 12 0.04893353 
737 207 8 11 0.048719205 
820 296 13 15 0.04863296 
575 398 9 12 0.04859716 
686 287 8 10 0.048554096 
685 512 15 18 0.048536524 
888 200 7 9 0.04850124 
754 213 7 9 0.048313 
579 230 7 10 0.04819416 
459 532 13 16 0.048072405 
897 205 7 9 0.047755934 
804 277 9 11 0.047344796 
517 352 10 12 0.046487685 
858 178 6 8 0.046434715 
754 257 8 9 0.046342243 
889 245 9 10 0.046305772 
856 231 7 9 0.046091214 
781 302 9 11 0.04603332 
927 183 6 8 0.045998067 
816 294 10 15 0.045816872 
791 233 9 10 0.045656573 
546 357 8 11 0.0456053 
897 201 6 8 0.04558514 
800 215 7 9 0.04542905 
718 189 8 10 0.045164917 
696 319 8 10 0.044892922 
879 190 6 9 0.044385824 
630 214 7 9 0.04434012 
817 190 7 9 0.044026077 
776 253 8 10 0.044018183 
573 285 7 10 0.043990105 
743 215 7 8 0.043709416 
807 216 7 10 0.043694776 
574 452 11 13 0.043687113 
882 183 7 9 0.043575488 
673 295 8 10 0.043495674 
786 175 7 9 0.043243177 
737 225 7 8 0.04318553 
865 647 25 25 0.043159313 
758 585 21 24 0.043114144 
683 390 11 14 0.043015342 
887 183 6 9 0.042340085 
634 476 13 16 0.04213793 
696 161 7 10 0.041827183 
594 214 7 10 0.04175239 
214 593 14 17 0.041722298 
318 618 15 18 0.04171877 
891 601 13 17 0.04170777 
848 198 7 9 0.041682247 
166 510 13 15 0.0416435 
616 390 9 12 0.04156838 
208 631 20 24 0.041560322 
585 272 7 9 0.041540727 
694 301 8 10 0.041446712 
800 269 10 11 0.04142908 
553 304 7 9 0.0414023 
885 176 7 9 0.041194208 
894 577 12 15 0.041029826 
840 193 8 10 0.040813018 
590 318 7 10 0.04080809 
672 446 11 14 0.040799547 
639 296 8 10 0.04069561 
778 222 8 9 0.04064423 
513 355 9 12 0.040630307 
688 194 8 9 0.040558927 
475 526 13 16 0.04053571 
808 244 8 10 0.040505894 
735 231 7 9 0.040321115 
919 181 7 10 0.040218785 
673 215 7 9 0.040209077 
784 311 10 11 0.040156126 
728 172 8 10 0.040114816 
743 224 7 9 0.040102612 
791 285 9 12 0.039872475 
802 222 7 9 0.039789163 
920 199 6 8 0.039775822 
97 431 15 20 0.039764933 
999 244 9 11 0.039742924 
940 284 10 12 0.03949834 
749 302 9 11 0.03948288 
593 334 8 10 0.039354887 
972 268 9 11 0.039318312 
688 247 7 9 0.039299067 
807 165 7 10 0.039298095 
307 658 19 17 0.039262004 
696 209 7 9 0.039109133 
919 223 7 10 0.039069686 
629 379 11 14 0.03894352 
816 185 7 8 0.038901366 
842 148 7 9 0.038598772 
664 348 9 12 0.038547125 
830 230 8 9 0.03844796 
694 652 15 17 0.03816999 
693 325 9 11 0.038087178 
952 246 7 9 0.037977125 
813 158 7 9 0.037955374 
733 168 7 10 0.037874162 
383 616 16 19 0.037822776 
558 303 8 9 0.03742837 
846 243 9 11 0.037367996 
762 191 6 8 0.03713035 
665 294 8 10 0.036806513 
856 191 7 9 0.036686197 
983 246 6 9 0.03668359 
865 197 8 9 0.036172304 
505 412 11 13 0.036139626 
412 538 15 18 0.036136836 
994 645 16 18 0.03608217 
324 586 13 15 0.03607836 
778 208 7 8 0.036038026 
720 260 7 10 0.036029518 
769 270 8 11 0.03591202 
829 480 9 12 0.0357323 
624 286 9 11 0.035537455 
805 271 9 11 0.035482854 
895 190 7 9 0.035439357 
799 244 7 10 0.035199862 
713 190 7 9 0.03515972 
782 208 7 9 0.0351184 
742 207 8 11 0.035075173 
824 207 7 9 0.035067443 
703 208 8 10 0.03491889 
689 363 9 12 0.03481998 
793 152 7 9 0.034808755 
632 294 7 10 0.034765504 
515 417 11 15 0.034685854 
794 216 6 8 0.034609806 
927 318 11 14 0.03460682 
680 145 6 8 0.03458225 
839 279 9 12 0.034546506 
471 393 12 16 0.034495376 
623 230 7 10 0.03445016 
840 209 7 8 0.034427375 
574 462 11 15 0.034375284 
793 244 8 10 0.034161974 
693 141 7 10 0.033888813 
896 185 7 9 0.03360076 
716 382 12 16 0.033414155 
888 239 8 10 0.0333916 
674 588 16 19 0.03327371 
903 240 8 11 0.03326947 
914 198 7 9 0.033210382 
498 429 13 16 0.033120926 
947 191 6 9 0.03303205 
872 302 10 11 0.032940105 
681 260 8 10 0.032917038 
831 160 7 8 0.03288198 
682 286 7 9 0.03277951 
520 237 9 13 0.03270178 
766 175 7 8 0.032669835 
592 272 7 9 0.032601625 
854 143 7 9 0.03258532 
927 292 9 12 0.03251349 
905 216 7 9 0.032419275 
944 246 8 10 0.032413475 
830 239 9 11 0.032407194 
767 221 7 10 0.03226131 
847 279 9 11 0.032248568 
831 208 7 8 0.032246284 
656 265 9 12 0.0320682 
581 467 12 14 0.031937458 
551 271 8 10 0.031879783 
585 359 8 11 0.031728204 
847 314 11 14 0.03160913 
928 223 7 9 0.03152535 
886 317 11 13 0.03150351 
628 502 11 15 0.031477362 
691 557 16 19 0.031365227 
961 387 21 24 0.03127901 
785 238 7 10 0.031267513 
730 184 7 9 0.031205298 
778 262 8 11 0.031170428 
597 334 9 10 0.0311288 
518 283 9 11 0.030983288 
881 206 6 9 0.03096384 
950 192 7 9 0.030917874 
760 170 7 9 0.030905602 
623 279 8 10 0.03084477 
470 529 13 16 0.030757915 
724 389 11 13 0.030725606 
901 601 11 15 0.030630646 
936 200 6 9 0.030568074 
849 182 6 8 0.030537821 
799 319 9 11 0.030151857 
818 223 7 9 0.030131813 
965 235 8 11 0.030125676 
671 269 9 11 0.030112993 
631 342 10 13 0.03010099 
652 591 14 18 0.030094579 
751 175 7 9 0.030091142 
574 280 8 10 0.030049065 
572 444 12 15 0.030040229 
672 263 8 10 0.029988999 
822 223 7 9 0.02997489 
833 252 9 11 0.029934397 
808 200 7 8 0.02966819 
623 505 13 16 0.029668037 
840 178 7 8 0.029627558 
762 136 7 10 0.029406006 
591 263 8 10 0.029391045 
575 303 7 9 0.029205034 
973 485 10 13 0.029190263 
721 215 7 9 0.02913526 
823 572 14 19 0.029102685 
629 413 12 15 0.028881676 
532 644 24 26 0.028712567 
673 208 7 9 0.028706823 
959 208 6 9 0.028447576 
526 351 8 10 0.028436758 
690 162 7 9 0.028412968 
886 285 8 11 0.02838382 
681 281 8 10 0.028335674 
902 574 12 15 0.02832515 
520 622 19 24 0.028321322 
638 183 7 9 0.028263096 
929 201 7 8 0.028256683 
929 284 11 13 0.028211975 
786 200 7 8 0.02819627 
359 605 19 24 0.028104156 
739 199 8 10 0.028041825 
715 653 17 18 0.028021349 
775 295 8 10 0.028001584 
751 271 8 9 0.0279985 
817 232 7 9 0.02799414 
642 208 7 9 0.027992234 
697 232 7 10 0.027930003 
729 285 9 11 0.027865186 
848 192 7 9 0.02765787 
713 254 8 10 0.027655458 
882 228 8 11 0.02744221 
691 548 16 17 0.02735122 
799 190 6 9 0.027326584 
744 255 8 10 0.027321925 
855 158 6 9 0.027179834 
584 226 8 10 0.027178852 
584 387 10 13 0.027135614 
590 359 9 13 0.027100768 
703 159 7 9 0.027097808 
921 207 7 9 0.027067384 
767 287 9 11 0.027041236 
525 368 9 12 0.027018921 
761 224 7 9 0.027004067 
727 333 9 11 0.026991887 
871 197 7 10 0.026968684 
617 198 6 9 0.026911004 
831 169 7 9 0.026883341 
754 261 7 10 0.026864195 
883 573 14 16 0.026847733 
804 261 9 12 0.026802719 
584 237 7 9 0.02677259 
730 263 8 11 0.026735084 
689 530 15 17 0.026704038 
625 475 12 14 0.026669953 
641 199 6 9 0.026557967 
767 294 8 10 0.026552003 
680 150 7 9 0.026526313 
817 145 7 9 0.02650876 
131 571 15 20 0.02650526 
768 277 9 11 0.02647059 
589 387 10 13 0.02646331 
752 224 7 9 0.026387345 
766 136 7 10 0.026356142 
717 394 11 13 0.026308205 
648 597 15 19 0.026261576 
848 232 7 9 0.02623102 
863 178 7 8 0.026208336 
807 150 7 9 0.026207127 
751 245 7 9 0.026156224 
723 503 14 18 0.026099926 
665 173 7 10 0.026093611 
865 214 7 9 0.02599599 
848 284 9 12 0.025977261 
352 613 12 16 0.025897503 
784 232 8 9 0.025852423 
880 309 11 13 0.02579996 
837 284 9 12 0.02577928 
339 491 12 15 0.02571327 
856 197 7 9 0.02555147 
314 650 18 19 0.025479611 
887 206 7 9 0.025398336 
929 216 6 8 0.025378658 
919 231 8 9 0.025312116 
808 144 6 9 0.02529925 
919 215 8 11 0.025290556 
974 254 8 9 0.025284143 
494 452 12 16 0.025215922 
714 185 7 9 0.025168814 
816 216 8 9 0.025076704 
902 199 8 9 0.025057487 
668 450 11 15 0.025046352 
679 216 7 9 0.025029302 
647 288 8 11 0.024998376 
672 333 9 11 0.02491659 
687 318 9 10 0.024864921 
787 266 10 13 0.024823934 
854 588 17 20 0.024811713 
625 271 7 9 0.024711775 
631 209 7 9 0.02466832 
622 386 10 13 0.024585206 
728 295 8 10 0.02457339 
663 184 7 9 0.024529641 
953 221 7 10 0.024508903 
872 215 6 9 0.024492215 
578 530 14 20 0.024490736 
795 143 6 9 0.02444985 
888 277 8 12 0.024443243 
872 292 9 11 0.024403432 
705 193 7 8 0.024370575 
807 318 9 11 0.024364047 
873 573 13 16 0.024327677 
790 199 7 9 0.024239643 
593 255 8 10 0.024226343 
687 260 9 11 0.02421883 
893 264 9 11 0.024139479 
616 634 26 28 0.024015019 
887 167 8 9 0.02382702 
682 343 9 12 0.023719719 
29 658 17 16 0.023715977 
234 498 14 17 0.02362592 
922 238 8 10 0.023522677 
865 224 7 8 0.023520904 
611 287 7 10 0.023504669 
866 232 7 9 0.023504242 
583 287 8 9 0.023500137 
685 382 9 12 0.023465762 
276 654 12 16 0.023457779 
882 167 6 8 0.023433685 
769 199 6 8 0.023418078 
595 242 8 10 0.023375096 
905 222 7 8 0.023368271 
197 581 14 22 0.02333633 
855 153 7 9 0.023334572 
927 232 8 10 0.023325935 
911 216 8 9 0.023300933 
682 240 6 9 0.023288615 
775 386 20 26 0.023278214 
878 292 9 11 0.023274146 
934 641 17 22 0.023269381 
638 272 8 9 0.023227356 
725 397 10 13 0.023206336 
363 558 13 18 0.023162406 
920 159 7 9 0.023137163 
819 168 7 9 0.023134502 
622 571 12 15 0.02312368 
799 185 7 10 0.023071228 
634 191 7 9 0.023059731 
1006 255 8 12 0.02301552 
500 443 14 16 0.022923382 
695 398 9 11 0.022909343 
443 616 15 19 0.022869516 
528 331 9 12 0.022850735 
682 414 11 14 0.022812176 
749 321 11 14 0.022806117 
639 284 9 10 0.022783846 
881 246 8 10 0.022775007 
960 247 7 9 0.022754256 
718 622 14 19 0.022713363 
800 256 9 11 0.022624359 
767 248 8 9 0.02261267 
667 319 8 11 0.0226066 
623 397 11 13 0.022468321 
706 152 7 9 0.022457076 
729 430 11 13 0.022436766 
584 517 13 15 0.022432374 
639 222 7 10 0.022400899 
683 596 14 17 0.02238663 
896 216 7 9 0.022306377 
953 557 12 16 0.022298776 
682 200 8 10 0.022297736 
807 231 7 10 0.022274062 
640 239 7 9 0.022273326 
632 630 17 20 0.02221005 
662 201 7 9 0.022176167 
402 80 7 9 0.022136532 
946 198 6 9 0.022134157 
712 223 7 9 0.0220546 
880 217 7 8 0.022052327 
607 263 8 9 0.022049788 
679 160 6 8 0.021916239 
405 462 12 15 0.021913132 
697 223 7 9 0.021836774 
582 454 12 15 0.021822518 
569 406 10 12 0.021805499 
742 193 8 9 0.021804532 
406 533 16 19 0.021773258 
888 159 7 9 0.021674251 
800 232 7 10 0.021633621 
659 605 15 18 0.021613406 
594 278 8 9 0.021542389 
701 309 9 11 0.021504665 
655 215 7 9 0.021461943 
655 349 10 13 0.021416 
865 209 7 9 0.021388669 
441 478 11 16 0.02137368 
687 216 8 9 0.02135542 
736 293 8 11 0.0212428 
242 654 16 18 0.021220006 
793 222 7 9 0.021201814 
752 190 7 9 0.021194577 
800 208 7 8 0.021171454 
877 303 11 12 0.021159243 
482 402 14 17 0.021109775 
817 238 8 10 0.021089472 
901 648 20 21 0.021065464 
669 349 9 12 0.02105175 
509 254 9 13 0.021046195 
687 373 9 12 0.020948881 
673 200 6 8 0.020868361 
591 382 10 13 0.02085719 
921 192 7 9 0.020841615 
728 215 6 9 0.020823188 
553 309 7 10 0.020809367 
315 466 12 15 0.020796534 
882 201 7 9 0.020783475 
687 538 15 19 0.020772181 
784 280 9 11 0.020759918 
785 191 7 10 0.020726077 
832 315 10 14 0.020695858 
838 316 10 13 0.02068685 
720 151 7 9 0.020674018 
731 422 12 14 0.020646906 
744 322 10 13 0.020639926 
848 177 6 8 0.020607322 
970 256 7 10 0.020603983 
816 246 8 11 0.020577421 
760 184 7 8 0.020437105 
714 310 9 11 0.02043283 
437 597 15 20 0.02042946 
836 458 12 16 0.020415837 
946 208 6 8 0.020394877 
818 274 11 14 0.020383783 
774 156 7 10 0.020383257 
533 382 9 12 0.020373182 
669 412 12 16 0.020371245 
883 311 12 14 0.020344619 
807 285 10 12 0.020330936 
821 201 8 9 0.020328542 
893 224 8 10 0.020313604 
776 287 9 10 0.020284044 
829 594 16 19 0.020277858 
610 411 12 14 0.020243764 
872 208 7 9 0.020229543 
694 332 9 12 0.020227458 
688 618 17 21 0.020204592 
929 158 7 10 0.020188615 
113 603 17 21 0.020185743 
848 150 8 9 0.020182583 
711 143 7 9 0.020137414 
419 545 14 17 0.020017594 
566 251 8 11 0.020015368 
692 477 13 16 0.020012429 
975 194 7 9 0.020008134 
776 168 7 8 0.02000595 
