2_Demonstration_Demonstrators_2_162
30
240 351 78 69 0.9972154 
655 357 42 53 0.9885798 
585 346 37 51 0.98441535 
621 359 23 32 0.9602156 
500 387 38 63 0.9516574 
560 440 39 59 0.719043 
473 359 9 12 0.54405296 
465 529 172 126 0.50965786 
395 317 10 13 0.1331973 
197 313 31 41 0.100675136 
472 401 31 42 0.09225719 
365 363 16 20 0.07040499 
380 317 10 12 0.06799094 
628 352 36 53 0.05530725 
606 349 29 42 0.044408843 
552 302 11 14 0.041911025 
469 340 11 14 0.039306812 
980 344 10 12 0.03574303 
480 393 41 56 0.034070957 
349 367 56 64 0.03202648 
307 421 54 58 0.030772166 
201 316 46 69 0.028457334 
523 320 17 19 0.027382623 
373 355 43 53 0.02684694 
631 360 20 26 0.025171617 
353 351 40 49 0.0238278 
496 358 11 15 0.022789653 
463 341 12 14 0.022723338 
495 335 9 11 0.022355918 
448 282 12 16 0.020421559 
