2_Demonstration_Protesters_2_178
36
631 517 57 70 0.9993326 
740 509 67 63 0.99889237 
264 495 67 84 0.9980496 
62 536 71 95 0.99728656 
910 570 73 67 0.9970567 
548 544 69 76 0.9941843 
680 27 40 44 0.9682758 
764 108 51 56 0.9678312 
365 63 41 49 0.8486203 
460 69 53 60 0.83504355 
-2 81 35 48 0.82395893 
593 108 42 53 0.78615844 
131 61 28 38 0.5034242 
60 74 44 48 0.39514914 
278 399 47 48 0.26129213 
875 277 22 53 0.22506575 
108 24 14 19 0.1845618 
157 163 16 22 0.14375864 
146 60 32 37 0.13337617 
7 157 31 37 0.10387386 
434 168 43 44 0.065372795 
226 78 55 64 0.048425548 
293 20 16 17 0.043078717 
122 68 30 45 0.030085167 
775 261 13 14 0.02718016 
81 77 35 41 0.025691954 
100 13 12 15 0.025662467 
52 65 35 43 0.025467489 
677 164 36 53 0.025332006 
624 110 38 46 0.022754626 
18 80 30 40 0.022167953 
238 621 58 48 0.021288881 
678 220 28 33 0.021205492 
161 63 20 25 0.021012181 
709 248 17 24 0.020902358 
535 185 25 31 0.020317 
