2_Demonstration_Demonstration_Or_Protest_2_799
207
197 223 12 14 0.9038712 
363 303 16 20 0.8910769 
277 302 14 18 0.8795363 
432 229 11 15 0.84375644 
469 268 12 15 0.82211035 
166 278 12 15 0.79396266 
119 269 14 16 0.78805053 
265 282 12 16 0.78021944 
557 198 8 10 0.74394464 
164 225 13 18 0.7437853 
620 236 10 14 0.7135085 
214 310 10 14 0.70057505 
878 309 11 14 0.6992871 
872 234 10 13 0.5619572 
594 204 9 11 0.55794424 
801 236 10 12 0.48944443 
691 334 9 12 0.4179665 
29 212 9 12 0.41061342 
462 240 10 13 0.38567278 
60 252 12 16 0.36231232 
666 322 10 14 0.35392684 
720 326 9 11 0.30311546 
451 185 11 15 0.2616806 
57 260 11 16 0.25730032 
858 244 9 12 0.25713474 
684 200 9 11 0.23946148 
397 123 11 14 0.22141488 
911 237 9 10 0.21746519 
367 199 8 10 0.20955059 
61 266 10 13 0.17886782 
854 272 9 12 0.15671705 
645 213 8 10 0.15463065 
820 341 9 12 0.15313195 
313 286 10 12 0.14818174 
796 301 9 12 0.14650889 
758 215 10 13 0.13551961 
484 197 9 11 0.13370483 
641 225 8 10 0.1302903 
152 262 10 13 0.122809485 
326 186 10 13 0.12193126 
609 254 8 10 0.117372476 
650 230 9 10 0.114313915 
231 245 10 13 0.10997442 
470 236 11 13 0.10828646 
809 308 9 13 0.10799486 
833 340 12 15 0.10794687 
726 255 9 13 0.10641741 
949 229 8 10 0.10534719 
860 334 9 11 0.10273199 
710 302 7 10 0.1003182 
664 198 8 11 0.100018755 
614 192 7 9 0.09830321 
646 310 8 11 0.09404543 
135 202 10 13 0.09355817 
324 262 12 14 0.0919495 
809 301 9 13 0.08540076 
406 233 9 11 0.08325592 
769 215 9 12 0.08300346 
497 230 8 9 0.08123544 
791 231 9 12 0.07680938 
703 127 10 13 0.075776584 
668 199 9 10 0.07527223 
775 333 11 13 0.07184325 
824 318 9 11 0.071017236 
476 235 10 13 0.0690749 
501 231 8 10 0.068648286 
747 285 13 17 0.06823208 
645 351 9 11 0.06752102 
835 346 10 14 0.0674597 
846 306 13 16 0.06409137 
863 291 11 14 0.05992487 
311 235 11 14 0.058142535 
822 324 10 11 0.057885714 
845 233 9 11 0.05739829 
703 215 7 9 0.055509266 
47 300 8 10 0.055317 
625 199 8 11 0.05359567 
808 296 8 11 0.053542394 
724 324 9 12 0.05353976 
658 198 7 10 0.045966543 
488 245 9 13 0.045672197 
259 197 8 11 0.045186643 
468 244 11 13 0.04501463 
290 216 9 11 0.044985514 
431 172 8 11 0.04484 
303 200 10 12 0.044241816 
501 237 9 11 0.04279633 
834 334 11 14 0.042165153 
383 294 12 16 0.041802518 
782 296 9 11 0.04097723 
133 262 10 13 0.04044566 
32 331 8 12 0.03987786 
350 287 11 14 0.038542368 
318 278 13 13 0.03843936 
727 301 8 10 0.038380288 
118 325 11 17 0.038373087 
689 302 8 10 0.038204808 
685 231 9 11 0.038015194 
185 301 10 13 0.03788753 
294 261 8 11 0.03779346 
447 213 8 11 0.037778273 
254 237 10 11 0.037466113 
688 340 10 14 0.037404627 
683 236 11 14 0.036961384 
322 188 9 11 0.036954693 
150 210 12 14 0.036877856 
847 255 8 9 0.03683474 
303 222 9 11 0.03608358 
57 300 8 10 0.035340093 
231 227 10 13 0.035091255 
750 341 10 15 0.03497036 
799 297 8 11 0.034740638 
867 294 9 12 0.03455446 
905 347 9 13 0.03416558 
248 229 9 11 0.034163225 
295 220 9 12 0.034156695 
613 280 8 9 0.03284765 
609 205 8 11 0.03269499 
459 349 14 19 0.032430016 
448 208 9 11 0.031975795 
487 230 8 10 0.03195623 
480 222 9 11 0.03194665 
496 243 10 14 0.031401873 
861 355 9 13 0.031071847 
925 263 10 12 0.031068288 
804 330 10 13 0.030923937 
685 348 10 13 0.030734483 
407 260 9 12 0.030268943 
693 301 8 11 0.03019966 
566 208 8 10 0.030149167 
497 238 10 13 0.02989857 
361 198 10 12 0.029768212 
816 223 8 10 0.029739602 
766 332 11 13 0.029370893 
641 183 7 9 0.029287744 
629 200 8 10 0.029033497 
128 253 9 12 0.028706312 
151 255 12 15 0.028267354 
935 261 8 10 0.028240254 
346 270 13 16 0.027913608 
486 224 8 10 0.027785167 
784 262 9 11 0.027700648 
680 313 8 11 0.027328275 
817 335 10 13 0.027234985 
640 209 8 10 0.02711007 
736 287 8 12 0.027077122 
809 286 8 11 0.026996765 
478 244 9 12 0.0265143 
320 269 13 16 0.026256373 
609 198 8 11 0.026002774 
422 348 14 19 0.025965175 
374 191 8 10 0.025883963 
648 356 10 12 0.02584929 
681 255 8 10 0.02567296 
87 279 10 13 0.025435887 
495 312 9 11 0.025408939 
258 191 9 12 0.025049102 
238 227 10 13 0.025036145 
758 333 11 12 0.025002657 
401 232 9 11 0.024868077 
690 285 8 11 0.024604985 
66 260 12 15 0.024349084 
409 254 10 12 0.024260687 
310 223 8 11 0.024069922 
496 226 7 9 0.023941332 
613 196 9 11 0.023926262 
864 298 11 14 0.023885025 
672 357 9 12 0.023785995 
372 198 9 12 0.02373509 
501 244 9 11 0.023718271 
735 205 7 10 0.023573695 
697 215 8 10 0.02321957 
772 219 9 11 0.023128755 
752 335 10 12 0.023015596 
403 125 9 13 0.022574266 
646 224 8 11 0.022538615 
726 320 9 12 0.022453746 
87 269 9 12 0.022339592 
756 341 12 13 0.022296445 
856 328 10 12 0.022208631 
648 236 9 12 0.022187402 
670 247 7 10 0.021695184 
906 237 8 11 0.02158728 
654 225 8 10 0.02155945 
369 299 14 19 0.021497402 
752 238 8 11 0.021461342 
974 299 10 14 0.021208128 
254 231 9 11 0.021093868 
663 271 9 13 0.020970093 
157 256 11 15 0.020938275 
112 268 11 14 0.020856427 
729 295 8 11 0.020797225 
647 209 8 11 0.02078302 
462 344 11 14 0.020706875 
814 315 10 12 0.020663114 
369 193 9 11 0.020625828 
83 245 11 15 0.020553509 
845 247 9 13 0.020541904 
993 309 8 10 0.02035676 
60 300 10 12 0.020289047 
631 229 9 11 0.020283407 
688 357 10 15 0.020215306 
802 327 9 12 0.02021359 
773 338 12 13 0.020210171 
773 233 9 10 0.020190362 
816 326 10 12 0.020148503 
391 229 8 10 0.020030707 
