2_Demonstration_Demonstration_Or_Protest_2_306
21
824 214 105 139 0.99919504 
664 213 66 87 0.9985103 
362 181 53 68 0.98636484 
168 157 122 169 0.98185146 
585 233 50 60 0.9787136 
314 196 41 56 0.9530721 
619 203 36 50 0.681989 
747 253 57 73 0.32789576 
398 157 28 51 0.24365844 
455 216 41 42 0.24232239 
341 325 69 86 0.1474473 
475 142 41 57 0.084806524 
334 187 45 64 0.07600391 
597 218 48 57 0.07566345 
465 165 47 56 0.06849839 
634 213 31 46 0.037157923 
2 264 62 96 0.026504986 
638 201 50 69 0.025842553 
994 252 14 17 0.023705147 
377 154 44 65 0.02107023 
456 301 49 60 0.020961283 
