2_Demonstration_Political_Rally_2_267
27
748 307 30 36 0.99185807 
196 366 19 22 0.71276873 
98 400 23 30 0.7045399 
449 325 21 28 0.5283099 
814 351 24 46 0.4991031 
772 398 24 31 0.48848832 
0 374 27 50 0.44699335 
443 334 23 26 0.442852 
141 354 24 33 0.3467779 
582 287 26 47 0.1945949 
319 276 39 46 0.16563505 
820 335 37 61 0.109554544 
201 433 19 26 0.09799689 
114 447 17 23 0.09417129 
544 287 29 42 0.075949386 
712 396 23 32 0.06411866 
787 395 25 33 0.063972026 
570 286 27 42 0.0627572 
139 369 18 26 0.051481064 
834 324 29 44 0.042542327 
431 335 27 29 0.03849603 
338 270 26 43 0.035900295 
81 451 17 21 0.03096497 
456 317 18 26 0.029458774 
838 360 31 46 0.028151525 
0 329 46 63 0.02761569 
209 428 17 23 0.026937546 
