2_Demonstration_Demonstration_Or_Protest_2_420
396
405 231 50 76 0.99734926 
595 166 30 49 0.99309057 
474 161 39 45 0.9930542 
309 168 31 46 0.98963165 
809 184 31 41 0.9845648 
419 131 23 34 0.9818971 
718 159 34 49 0.97273695 
742 267 40 62 0.97172856 
908 112 14 19 0.95648634 
207 269 35 55 0.9550674 
70 182 26 45 0.94749635 
642 124 27 39 0.9267936 
692 135 21 30 0.91205466 
209 148 24 33 0.8479061 
975 131 21 29 0.8235476 
18 146 23 32 0.77469975 
365 166 29 41 0.7663 
556 237 35 52 0.7557505 
517 142 24 33 0.72682166 
259 165 20 34 0.7262213 
843 168 27 45 0.7257942 
929 211 32 44 0.7255416 
771 122 16 20 0.6704912 
971 114 19 23 0.63861734 
115 156 22 33 0.6212603 
139 128 15 21 0.57973075 
0 300 43 58 0.56869805 
838 151 15 23 0.54396075 
817 127 17 19 0.5277401 
110 274 48 66 0.50475997 
61 137 15 25 0.48679885 
570 161 26 35 0.45122474 
1008 98 11 16 0.4486543 
923 234 35 60 0.42212456 
951 101 11 13 0.39296857 
984 140 22 30 0.38278982 
309 111 14 19 0.3796855 
827 116 12 14 0.3293043 
386 203 35 51 0.2872703 
630 104 12 17 0.2720939 
911 169 28 32 0.2654982 
260 131 14 23 0.23720841 
601 107 11 17 0.2360627 
863 116 12 13 0.23518223 
978 188 32 39 0.21547063 
124 94 10 13 0.2055293 
600 102 10 14 0.20457563 
671 86 8 10 0.19731812 
841 157 21 36 0.18954246 
982 94 9 10 0.1792935 
195 199 27 38 0.1768936 
1008 113 13 16 0.17454767 
966 88 10 12 0.17372167 
111 113 12 14 0.17369337 
172 200 27 37 0.16299503 
834 307 48 54 0.15641406 
246 120 11 14 0.14942376 
652 273 34 44 0.14880957 
409 112 15 19 0.14826535 
936 108 10 14 0.1463432 
735 133 14 19 0.1453599 
359 154 24 34 0.14181933 
512 88 8 10 0.12552378 
103 101 10 13 0.1254431 
384 86 8 10 0.12260942 
733 136 21 29 0.12092497 
479 279 33 48 0.12002419 
370 94 9 13 0.11804866 
617 97 8 10 0.11344903 
889 124 14 16 0.11330983 
231 100 12 19 0.11056542 
865 94 9 12 0.09828261 
977 110 16 19 0.0976861 
900 198 25 36 0.09728051 
463 94 9 10 0.09725127 
51 126 19 30 0.09663327 
517 111 11 14 0.09568673 
575 92 8 10 0.09529493 
409 103 9 12 0.08992447 
707 118 11 12 0.08846947 
36 96 9 11 0.087639906 
697 145 33 47 0.08701207 
266 131 14 20 0.08683869 
951 123 10 13 0.08653984 
869 92 9 12 0.08426332 
777 88 7 10 0.08317489 
951 96 9 12 0.0829689 
850 177 32 47 0.082593486 
195 121 22 29 0.08201947 
555 150 15 21 0.08156118 
981 86 9 10 0.08051929 
966 132 12 18 0.07849451 
547 125 13 17 0.0784599 
19 182 21 29 0.07673875 
988 113 15 18 0.07584922 
579 285 40 41 0.07547731 
704 100 9 13 0.07541904 
5 135 15 18 0.07379948 
403 180 24 34 0.07336299 
737 103 8 10 0.07276422 
977 84 9 11 0.07147383 
0 84 7 10 0.0710525 
200 88 7 8 0.07074645 
74 102 18 20 0.07059641 
223 85 7 10 0.06708457 
494 102 9 12 0.06683912 
86 76 9 11 0.066689275 
614 120 10 14 0.0664887 
204 105 13 16 0.06626942 
139 294 48 58 0.06516199 
765 101 9 11 0.06441305 
709 95 8 12 0.06407089 
182 124 12 19 0.06360222 
109 258 37 55 0.061741076 
429 95 9 12 0.060947802 
29 118 17 21 0.060929958 
577 125 11 14 0.060330737 
9 139 22 28 0.060066026 
39 98 9 13 0.05966395 
694 116 10 13 0.0587524 
62 78 9 12 0.058420137 
280 95 8 11 0.058333542 
390 94 8 11 0.05817577 
760 110 9 13 0.057093564 
-1 174 17 30 0.05682848 
825 112 10 13 0.05597521 
137 131 26 33 0.055866595 
768 78 6 8 0.055631086 
580 131 11 14 0.055572234 
16 102 7 9 0.055564266 
927 95 9 11 0.055379733 
117 109 11 14 0.054692574 
542 116 11 14 0.0540266 
981 80 9 11 0.053788964 
64 140 23 30 0.05376002 
933 103 10 14 0.052572682 
788 141 13 18 0.052247237 
423 77 7 10 0.052065637 
385 93 8 11 0.051978484 
567 251 46 54 0.05167385 
11 122 13 16 0.051106077 
625 108 10 15 0.050989617 
5 123 14 16 0.05071267 
952 340 57 73 0.050570242 
761 100 9 11 0.050570183 
932 124 13 15 0.050174877 
35 121 25 28 0.04965235 
995 112 14 18 0.04958748 
304 100 10 15 0.049452834 
187 121 19 27 0.04945216 
218 86 7 10 0.049217604 
498 89 6 9 0.049130674 
199 153 24 33 0.04883111 
854 95 9 10 0.04827156 
481 94 8 10 0.04746048 
503 88 8 9 0.046766996 
425 99 10 13 0.046409745 
687 89 6 8 0.04576461 
584 104 8 10 0.045736004 
903 146 15 19 0.04552278 
920 93 8 11 0.045477513 
993 86 9 12 0.04524702 
702 84 7 10 0.04521748 
912 245 31 52 0.04509486 
372 97 12 15 0.044625267 
886 96 9 12 0.044464685 
263 109 10 12 0.044402216 
168 104 9 12 0.044141334 
382 245 27 51 0.043911643 
930 101 9 13 0.0438292 
937 155 16 19 0.043651484 
25 104 9 11 0.0435708 
897 73 8 10 0.042606324 
199 103 10 14 0.04214937 
754 97 7 9 0.041218713 
374 193 38 48 0.040806692 
496 93 8 9 0.040794194 
91 271 49 60 0.040534135 
820 114 20 23 0.040093157 
173 104 9 11 0.040061623 
119 85 9 11 0.040059093 
191 85 8 9 0.039943714 
771 140 16 21 0.039682936 
960 133 12 17 0.039605066 
361 78 8 10 0.039259255 
225 100 10 15 0.038871396 
967 183 31 39 0.03885154 
839 131 10 14 0.038681794 
601 95 8 10 0.038451966 
103 107 13 16 0.038354304 
558 93 8 11 0.038088553 
401 139 16 22 0.03748307 
446 110 10 12 0.037422374 
926 86 10 11 0.037408892 
968 128 19 25 0.03680662 
844 132 10 13 0.036477003 
4 158 26 34 0.036267217 
778 141 20 28 0.036219906 
545 33 8 10 0.03601885 
695 110 9 13 0.035964213 
177 94 7 9 0.03576486 
1 130 11 19 0.035622336 
192 104 9 12 0.035595957 
345 141 25 33 0.03557191 
1014 84 8 11 0.03553284 
423 73 7 8 0.035532616 
956 108 11 14 0.035417132 
300 130 12 16 0.034802124 
663 100 8 12 0.034790687 
737 68 9 11 0.03464942 
665 96 8 12 0.03460351 
746 53 6 9 0.03445755 
53 93 10 12 0.03436412 
294 109 8 12 0.03419091 
456 89 8 10 0.033611435 
648 74 7 8 0.033602554 
129 164 16 27 0.03356236 
166 94 7 9 0.033518698 
124 108 11 13 0.033514407 
182 95 8 10 0.03342193 
830 178 29 42 0.033392977 
803 159 24 31 0.033061303 
58 77 7 10 0.033000477 
392 189 32 41 0.032950036 
357 120 12 14 0.03292858 
565 33 9 11 0.032840747 
759 96 9 11 0.03276411 
161 94 8 10 0.03259289 
20 142 17 22 0.032419577 
7 178 22 30 0.032359976 
558 88 8 10 0.032193672 
659 182 33 46 0.0321819 
906 145 22 26 0.031956363 
64 83 9 11 0.031880166 
827 129 14 18 0.031696107 
968 70 8 10 0.031246265 
463 107 10 14 0.031238398 
911 192 39 52 0.031196203 
607 88 7 9 0.030968552 
414 63 7 8 0.030721944 
62 95 9 12 0.030628854 
455 108 9 12 0.030512355 
101 130 21 27 0.030494612 
956 125 10 15 0.030294666 
938 203 28 38 0.030219365 
484 133 11 14 0.030182747 
346 128 17 21 0.030153671 
198 115 15 19 0.029977392 
250 78 7 10 0.029945021 
959 183 23 31 0.029898817 
383 82 8 10 0.02950075 
29 101 9 13 0.029145135 
553 94 8 10 0.028797472 
779 117 13 16 0.028773151 
847 110 9 12 0.028286237 
862 100 10 13 0.028124 
935 143 12 14 0.028093543 
934 112 14 19 0.028008386 
805 172 26 37 0.027921533 
456 124 11 15 0.027776077 
145 77 7 9 0.027758077 
397 215 46 59 0.027700761 
24 79 9 10 0.027564364 
186 164 21 32 0.027558958 
48 79 7 9 0.027471792 
55 141 15 25 0.027341561 
790 115 9 12 0.02721577 
391 104 12 16 0.02720977 
264 174 23 39 0.02716813 
637 281 56 58 0.026794998 
859 138 23 26 0.026789216 
287 94 8 11 0.026777916 
40 87 7 9 0.02672876 
696 103 9 12 0.026659308 
233 315 42 37 0.0266391 
49 86 7 10 0.02663492 
994 155 26 33 0.02634422 
144 94 8 11 0.026222918 
7 101 8 11 0.026159443 
926 129 14 17 0.026076145 
305 96 9 11 0.026073324 
189 81 8 10 0.026021283 
929 106 11 15 0.025872843 
806 129 13 19 0.02580183 
34 153 17 24 0.025715094 
151 93 8 11 0.025499053 
95 79 9 11 0.025380332 
881 93 8 11 0.025363024 
727 146 30 42 0.025192527 
69 151 24 30 0.025181605 
495 124 10 13 0.025124462 
169 77 7 9 0.025121836 
507 126 13 16 0.025116552 
990 91 11 13 0.024957044 
160 306 38 45 0.024889426 
797 131 13 18 0.024819039 
666 86 8 10 0.024750257 
487 89 7 9 0.024549179 
935 148 15 19 0.024454229 
482 89 7 9 0.02439781 
728 118 9 12 0.024360957 
921 88 7 10 0.024325715 
102 146 24 31 0.024310265 
965 77 11 12 0.02428048 
135 94 9 11 0.024266938 
460 125 13 15 0.024127683 
53 87 10 12 0.024116497 
537 116 9 12 0.024083022 
0 163 12 23 0.024069846 
727 102 8 10 0.023812803 
512 103 8 9 0.023782812 
199 94 7 9 0.02376134 
232 87 7 10 0.023710921 
251 125 12 17 0.023564665 
633 259 43 49 0.023560258 
206 77 8 10 0.023530463 
869 111 11 14 0.023454728 
790 131 13 18 0.023432069 
263 95 8 10 0.023349531 
493 108 11 13 0.023315568 
17 96 7 9 0.023270933 
152 87 7 9 0.023255795 
950 88 8 10 0.023138156 
152 141 23 32 0.023120424 
494 118 10 14 0.023118446 
52 151 15 26 0.023095233 
311 88 8 9 0.023078877 
381 223 30 48 0.023055665 
721 104 8 11 0.022888789 
463 89 7 10 0.02284079 
850 143 23 27 0.022798236 
397 132 15 22 0.022750318 
-128 63 439 436 0.022733113 
294 95 8 11 0.022695525 
70 84 7 11 0.022665307 
843 274 50 61 0.022662735 
214 95 8 10 0.022639496 
268 109 10 13 0.02256594 
347 137 18 22 0.022443086 
512 115 10 14 0.022410741 
701 107 10 13 0.022397358 
207 88 8 9 0.022392686 
158 175 21 32 0.022379324 
309 93 8 11 0.022329118 
860 134 16 18 0.022301381 
18 72 7 9 0.022220204 
389 87 8 11 0.022188433 
240 124 13 17 0.02213167 
619 286 50 49 0.022030385 
981 97 12 14 0.022017455 
977 119 23 27 0.02198489 
989 173 28 38 0.021964137 
687 93 7 9 0.021952974 
405 119 15 19 0.021943286 
398 251 33 56 0.021941101 
811 149 24 28 0.021938717 
377 86 8 10 0.021925615 
933 254 32 49 0.021844573 
929 78 9 11 0.021796066 
265 73 7 8 0.021763941 
488 62 6 8 0.021732936 
803 195 26 35 0.021666689 
250 137 20 29 0.021659672 
281 87 7 9 0.021621797 
917 70 8 10 0.021577805 
503 103 8 10 0.021557704 
689 115 10 13 0.021485869 
549 137 14 23 0.02147208 
307 103 12 16 0.021458676 
554 88 7 10 0.021454623 
383 172 33 38 0.021419987 
945 94 9 11 0.021394487 
113 84 9 11 0.021314796 
958 116 10 15 0.021313842 
82 78 8 10 0.021300018 
272 96 8 10 0.021219607 
376 175 20 27 0.021194385 
176 117 12 18 0.02114875 
410 63 7 9 0.021105092 
621 95 8 10 0.021079298 
813 301 50 59 0.020947766 
409 86 8 10 0.020943414 
287 87 7 9 0.020910949 
961 162 22 31 0.020907572 
857 100 9 12 0.020884471 
486 93 7 10 0.020860495 
1011 37 12 19 0.02064646 
446 114 11 15 0.020606706 
39 151 22 31 0.020495139 
529 97 7 9 0.020493248 
856 77 8 11 0.020475524 
958 93 10 13 0.020356834 
536 101 8 10 0.020177644 
695 124 13 15 0.020171437 
0 101 9 12 0.020138994 
415 93 8 10 0.020137027 
