2_Demonstration_Political_Rally_2_746
152
584 89 70 82 0.99966633 
585 368 64 74 0.9994512 
852 2258 56 73 0.99911815 
514 357 60 76 0.99796474 
55 2333 42 58 0.9965166 
171 2373 85 102 0.9963336 
354 2329 90 98 0.9940163 
592 2298 30 38 0.99218446 
967 118 37 59 0.9915969 
779 1347 71 100 0.99004084 
201 2254 39 54 0.9817348 
752 2322 32 38 0.97346187 
129 2304 39 46 0.94209236 
306 2279 24 33 0.932643 
720 1373 34 50 0.92880076 
280 208 17 20 0.90403515 
645 2286 26 34 0.89038306 
333 190 17 21 0.8212553 
269 196 12 16 0.74985725 
699 1356 11 14 0.5533137 
281 1327 41 56 0.4551529 
252 197 12 15 0.4498852 
861 141 14 18 0.40394008 
701 395 29 47 0.40240797 
443 1317 9 12 0.37022293 
175 1329 12 16 0.3567626 
406 1340 10 15 0.33220977 
460 1364 12 15 0.28937972 
832 191 12 14 0.28647214 
483 1317 12 16 0.26689512 
430 1342 8 11 0.24948496 
719 1352 9 10 0.23030692 
491 1346 12 16 0.21025512 
620 2312 22 30 0.1888171 
702 1352 10 12 0.18272576 
46 200 20 31 0.17341202 
363 2258 15 18 0.15984915 
322 2285 28 33 0.1597181 
833 216 11 15 0.13468009 
488 2290 43 53 0.13243425 
181 1312 8 11 0.12753564 
660 1356 13 18 0.12453197 
354 215 13 16 0.116773605 
246 200 16 19 0.11009174 
479 2298 33 41 0.1059617 
155 1326 15 18 0.08958993 
641 1353 26 42 0.080172375 
145 1316 9 13 0.07801873 
705 2282 25 46 0.0754708 
666 2287 23 35 0.07522246 
685 1372 11 14 0.07409812 
464 1332 8 11 0.07339358 
469 1357 10 14 0.07116382 
876 186 15 17 0.07035604 
152 1324 11 15 0.06923053 
628 2309 14 19 0.064047664 
402 1327 7 10 0.062326636 
521 1334 9 11 0.061119054 
880 247 11 14 0.06032583 
679 1374 11 14 0.059619635 
122 1300 12 16 0.059178054 
731 197 14 17 0.058601376 
685 1340 8 10 0.058492474 
207 1301 9 14 0.058107764 
751 211 13 17 0.055231314 
426 965 23 30 0.055109613 
535 972 27 34 0.054294772 
681 1338 7 9 0.054024518 
45 192 15 28 0.052866355 
391 1343 9 13 0.051484715 
467 1363 11 15 0.05067817 
341 2264 23 28 0.05052135 
695 1360 12 15 0.050286297 
116 1288 16 20 0.04888192 
199 1330 12 17 0.048561163 
227 1313 18 21 0.047995016 
652 1357 16 27 0.04738623 
165 1325 14 18 0.04710844 
536 1319 10 12 0.046222437 
535 1342 10 13 0.04573347 
219 1315 16 20 0.04517385 
277 1295 10 13 0.042394105 
712 1351 9 11 0.04158691 
402 1334 9 13 0.040696684 
789 228 15 18 0.04053571 
443 2276 11 14 0.039516225 
337 2285 22 29 0.039189566 
430 1318 8 10 0.038294937 
30 239 43 78 0.03800079 
616 1345 43 73 0.037968207 
159 1301 8 11 0.03752959 
341 2261 14 17 0.037218593 
264 1302 10 13 0.036278427 
885 180 12 19 0.03575796 
713 1356 10 12 0.034274783 
214 201 10 13 0.03394354 
472 1381 12 15 0.033915035 
725 1348 8 11 0.03390062 
235 1311 15 21 0.033603746 
323 226 12 15 0.033335093 
269 1300 11 14 0.03316801 
469 1372 11 14 0.03142105 
300 214 12 15 0.03031109 
478 1342 9 13 0.029880194 
411 1341 10 14 0.029636014 
86 1225 35 57 0.029083788 
177 2250 24 34 0.028946806 
627 339 39 44 0.028941084 
710 1372 14 18 0.028657578 
296 2290 39 45 0.028557004 
799 203 13 15 0.02822049 
149 719 239 267 0.027707428 
404 1369 16 21 0.026970534 
686 1366 11 13 0.026872184 
426 1318 7 9 0.026441818 
294 2192 16 21 0.02604112 
689 1358 9 12 0.025631258 
50 190 23 33 0.025605023 
473 1340 9 12 0.025071306 
355 2265 15 20 0.02481964 
316 2235 19 23 0.024539566 
137 1302 9 12 0.024401354 
284 1279 10 13 0.024111453 
189 1330 15 18 0.024036981 
470 1335 9 13 0.023929026 
142 1312 10 13 0.023879463 
886 115 10 14 0.023875969 
209 204 9 13 0.023333203 
673 1403 24 31 0.023227505 
332 2267 25 33 0.022901585 
215 1354 19 20 0.022860555 
512 2297 30 42 0.022487331 
288 167 12 17 0.02222633 
292 212 12 16 0.022204844 
536 1334 10 13 0.022194583 
641 1402 27 35 0.02196897 
239 202 14 17 0.021796294 
863 151 12 16 0.021783985 
240 197 11 14 0.021735739 
690 1379 13 18 0.021661777 
177 1315 11 14 0.021595314 
352 174 9 12 0.021461101 
124 1288 11 16 0.0212745 
712 400 18 28 0.021264354 
112 1292 23 30 0.021227587 
490 1352 14 17 0.020898435 
255 304 20 27 0.020772267 
739 195 10 16 0.020498715 
665 1357 13 17 0.02047718 
614 2294 23 34 0.020242391 
470 1388 14 16 0.020204637 
158 1297 8 10 0.020001298 
