2_Demonstration_Protesters_2_493
542
719 133 35 43 0.99799204 
771 129 34 43 0.9977187 
649 176 44 53 0.996761 
556 132 34 43 0.996644 
386 148 38 46 0.99657935 
923 160 35 45 0.9965126 
92 111 26 34 0.99649745 
339 115 35 40 0.99499667 
278 114 28 36 0.9928947 
302 152 39 52 0.9926023 
375 97 25 30 0.9910932 
877 207 41 53 0.99011517 
849 141 30 40 0.9873471 
256 98 22 27 0.9872858 
18 100 24 28 0.98661405 
524 117 24 30 0.9854966 
868 92 23 31 0.98523927 
313 84 22 28 0.9834992 
-1 414 87 164 0.9827247 
386 73 20 23 0.98182446 
455 131 39 47 0.9817042 
219 65 17 21 0.98058975 
31 68 23 28 0.9805062 
710 111 27 29 0.98006904 
635 105 24 29 0.97842604 
604 84 22 28 0.97826606 
161 80 21 25 0.97803885 
67 62 21 25 0.9719197 
201 80 21 28 0.97187954 
268 74 21 26 0.9690139 
918 75 23 29 0.9648416 
80 89 23 26 0.9646412 
187 58 16 18 0.964327 
409 114 25 28 0.9591737 
782 85 22 30 0.953016 
433 71 19 22 0.95116395 
339 90 22 26 0.94656825 
827 181 34 45 0.94536763 
135 105 21 27 0.94515574 
542 75 22 25 0.9435649 
567 52 15 18 0.9410129 
292 68 20 26 0.94084173 
578 128 26 34 0.9390862 
963 69 19 24 0.9369095 
637 51 18 23 0.9298787 
704 50 14 17 0.9280222 
230 85 19 26 0.91965526 
736 90 23 27 0.91719264 
938 129 31 42 0.91138756 
520 87 22 25 0.9106498 
925 48 17 21 0.90799904 
745 47 15 19 0.90669334 
211 116 21 26 0.90405315 
190 117 21 28 0.90315974 
653 90 21 28 0.900071 
481 59 22 25 0.8979608 
988 152 35 52 0.88935924 
830 74 24 29 0.8789593 
520 65 17 20 0.8786635 
719 80 19 22 0.8767958 
844 47 17 21 0.86372644 
469 119 29 37 0.86335194 
661 62 20 24 0.8592335 
96 57 12 15 0.8313487 
334 43 11 13 0.82535094 
802 20 13 16 0.8160034 
584 59 19 22 0.8138743 
950 53 16 18 0.812482 
488 91 21 28 0.78888834 
254 47 11 14 0.7852729 
161 47 11 14 0.78455704 
131 85 21 26 0.77718115 
0 87 16 29 0.7702519 
549 41 13 16 0.76169014 
14 60 15 17 0.7610758 
322 58 15 19 0.7577462 
468 35 11 14 0.75134367 
644 99 23 29 0.7368215 
763 46 14 16 0.73550665 
665 48 16 18 0.73295015 
788 59 14 17 0.7279138 
518 39 12 14 0.7277847 
548 112 25 33 0.71914566 
752 197 29 33 0.71329254 
612 54 19 23 0.70456666 
426 51 13 16 0.6836392 
666 168 33 44 0.65142184 
139 50 12 16 0.6361263 
130 65 14 17 0.62878364 
307 47 12 15 0.6213212 
458 55 15 20 0.6206723 
692 77 22 25 0.6193721 
2 133 26 35 0.61105376 
497 98 20 26 0.6057747 
239 83 20 27 0.59761286 
247 62 13 15 0.59268075 
60 113 23 27 0.5906037 
553 15 10 13 0.58896506 
620 19 11 13 0.5865214 
236 46 12 14 0.58559984 
654 19 11 13 0.57123196 
0 47 11 18 0.552574 
565 30 11 13 0.54866076 
886 49 18 21 0.5464553 
380 33 10 11 0.544605 
547 52 13 16 0.5074077 
77 43 12 15 0.5003138 
846 19 11 13 0.4919187 
420 36 11 14 0.48619145 
35 51 12 14 0.46258694 
456 82 16 18 0.46006212 
702 10 11 14 0.44226775 
501 11 10 12 0.4362026 
617 65 18 21 0.40947863 
906 130 26 38 0.4036451 
215 190 47 58 0.39984554 
819 120 23 28 0.39855593 
809 49 15 18 0.39749038 
112 63 11 14 0.3953781 
503 53 13 16 0.37383428 
387 50 14 17 0.36661267 
247 82 17 22 0.3545095 
628 1 11 11 0.33133763 
22 44 10 11 0.3275135 
370 57 13 16 0.30044317 
355 22 10 11 0.28956223 
997 91 15 19 0.28871408 
528 82 20 25 0.28607827 
841 76 18 23 0.28378493 
278 40 9 12 0.2738629 
201 116 19 26 0.25733566 
487 262 21 32 0.25700235 
365 85 16 18 0.25026467 
574 19 10 13 0.24612625 
820 67 18 21 0.24332614 
1000 87 20 28 0.23822778 
423 138 24 34 0.22954305 
725 55 12 15 0.22894382 
687 27 11 13 0.22467281 
896 19 13 17 0.22343637 
871 12 13 16 0.21667917 
438 35 11 14 0.21392713 
605 1 10 11 0.20731845 
588 46 12 14 0.20664668 
174 39 9 11 0.20598266 
534 114 25 32 0.19691432 
364 38 9 11 0.19614363 
341 101 28 33 0.19528757 
145 36 8 11 0.19180252 
328 44 11 13 0.18850072 
608 73 23 25 0.18673082 
339 43 11 13 0.18505694 
916 14 12 14 0.17536989 
782 7 11 13 0.17363922 
508 76 14 19 0.17234899 
752 6 12 13 0.16765633 
180 112 24 28 0.16656235 
284 49 14 17 0.1621458 
832 30 11 14 0.16177693 
122 38 9 11 0.15485574 
754 72 16 20 0.15122867 
111 48 10 12 0.14694811 
365 75 17 18 0.14410853 
719 54 13 14 0.14160542 
212 69 21 26 0.14158732 
370 22 8 10 0.14076684 
606 56 16 19 0.13928437 
481 98 23 30 0.13810608 
365 66 16 18 0.13782129 
732 0 11 10 0.1368266 
820 50 14 16 0.13446936 
464 1 8 9 0.13358872 
692 37 11 14 0.12877889 
30 46 10 12 0.12761283 
530 58 14 17 0.12671185 
673 22 9 13 0.12642288 
605 42 13 15 0.12566817 
930 68 20 28 0.120427124 
710 6 12 14 0.12008378 
939 68 16 21 0.118574746 
608 21 9 12 0.11680292 
149 31 8 11 0.11603436 
599 38 12 14 0.115611196 
583 97 17 21 0.11510695 
365 44 12 13 0.11510598 
640 7 10 13 0.11510375 
940 151 28 42 0.1146382 
119 47 10 12 0.11056391 
151 63 11 14 0.11008456 
709 28 12 15 0.10915042 
497 6 12 13 0.1086544 
427 149 30 42 0.10842911 
814 34 12 13 0.107772306 
476 15 9 12 0.10623395 
767 0 9 9 0.10571851 
698 85 20 24 0.10496025 
395 52 12 14 0.10447202 
249 47 11 13 0.10261449 
501 20 11 13 0.10243912 
535 37 10 13 0.10044402 
716 7 10 12 0.09645218 
584 51 14 18 0.09509264 
429 35 12 14 0.094280235 
480 45 12 14 0.09401221 
320 53 12 16 0.093445815 
410 88 17 19 0.09344454 
756 28 12 15 0.09111396 
659 21 9 12 0.08907396 
135 48 12 14 0.08758537 
409 100 19 22 0.087306835 
366 31 9 11 0.08650413 
653 1 12 11 0.08516137 
17 21 8 11 0.08457021 
349 39 9 12 0.08446171 
370 92 22 27 0.08391354 
699 0 12 12 0.083289996 
184 29 7 10 0.08271363 
42 36 9 11 0.080271244 
210 31 8 11 0.07870809 
272 156 26 39 0.07858584 
525 19 9 12 0.07743015 
696 10 12 14 0.07714912 
612 47 14 16 0.07637384 
862 34 13 16 0.074080974 
704 94 19 21 0.07313281 
520 16 9 12 0.072776794 
223 52 12 15 0.07260163 
494 30 9 12 0.07252576 
126 46 10 13 0.072247 
601 3 10 13 0.07173047 
230 51 11 14 0.07060563 
452 92 20 26 0.06974117 
836 6 11 14 0.0687838 
317 31 8 10 0.068778865 
569 12 10 13 0.06615475 
30 29 8 9 0.06611725 
105 38 9 11 0.06516614 
566 8 10 11 0.06487935 
679 33 12 15 0.06479114 
678 27 11 14 0.064532086 
470 109 23 27 0.06404436 
274 22 7 9 0.06355632 
106 73 14 17 0.06355261 
96 30 9 12 0.06255193 
477 52 15 17 0.061832212 
536 29 11 13 0.061537616 
33 24 8 10 0.061361805 
498 81 18 24 0.0608917 
511 42 13 16 0.060726006 
545 37 11 14 0.06020576 
652 56 19 25 0.05866167 
190 38 8 10 0.05841774 
758 35 12 14 0.05838701 
580 -1 10 10 0.058313727 
407 30 9 11 0.0581813 
806 56 15 18 0.057967644 
790 43 13 15 0.05789059 
438 45 11 14 0.057712432 
434 138 27 37 0.056831025 
991 87 15 21 0.05678626 
273 43 10 13 0.05628682 
574 36 11 12 0.056266725 
492 55 22 25 0.056259684 
432 168 26 37 0.055608347 
786 78 15 20 0.055011455 
822 9 13 16 0.05476181 
568 21 12 14 0.054620974 
521 99 24 30 0.054378297 
478 37 10 13 0.054220866 
200 22 6 9 0.054135166 
718 46 10 12 0.053704787 
329 59 14 17 0.053456586 
353 28 9 11 0.05336109 
685 75 18 22 0.0533385 
542 29 10 12 0.05171487 
717 39 12 13 0.051496107 
343 39 10 13 0.051268194 
755 46 17 21 0.051211473 
525 51 14 16 0.0511486 
645 49 19 24 0.050883424 
613 36 12 14 0.05085232 
416 42 10 13 0.050477155 
45 32 10 12 0.050414067 
763 72 16 22 0.050370574 
398 29 9 12 0.050290417 
653 35 12 14 0.049661186 
820 35 12 13 0.049633708 
889 73 17 21 0.049345884 
644 5 11 13 0.04930363 
429 130 24 32 0.049049184 
249 22 7 9 0.04861375 
829 8 14 16 0.04847618 
613 0 11 11 0.048063643 
282 31 9 10 0.048052832 
175 55 11 13 0.047844168 
884 63 16 21 0.047823314 
261 67 14 17 0.04774097 
4 8 10 13 0.047509998 
297 37 9 11 0.04741929 
80 22 8 10 0.0470838 
329 28 8 10 0.046287067 
113 30 7 9 0.046239674 
173 60 13 16 0.045761965 
619 25 12 15 0.045433674 
530 160 28 35 0.044768535 
292 50 14 16 0.044521686 
94 35 9 12 0.04443938 
373 46 10 14 0.043526452 
487 11 9 12 0.04345242 
906 64 22 26 0.043442905 
598 411 41 59 0.042919848 
384 47 10 14 0.04278779 
265 31 7 9 0.042377584 
320 46 10 13 0.042176176 
675 52 12 15 0.0421038 
176 43 9 11 0.041943148 
871 182 31 35 0.041908834 
466 57 14 19 0.041825846 
887 18 13 17 0.041685343 
517 4 9 12 0.04163103 
893 53 20 25 0.041590534 
648 14 12 14 0.041437797 
358 28 11 13 0.041317824 
392 30 9 11 0.04106995 
507 88 21 27 0.04100075 
662 3 13 13 0.040866643 
821 78 20 23 0.04072929 
381 58 14 17 0.040469572 
221 47 11 13 0.039879195 
260 49 11 14 0.039516944 
647 91 18 21 0.039098553 
286 71 17 21 0.03898906 
876 15 13 18 0.038476344 
899 61 20 25 0.038319092 
572 29 11 13 0.03786695 
213 35 9 12 0.037699148 
804 72 15 20 0.03766928 
908 18 14 18 0.037659977 
223 14 7 9 0.037469104 
153 66 15 17 0.037458066 
455 61 15 20 0.037372943 
100 81 16 20 0.037274852 
199 31 7 9 0.037066855 
486 38 10 13 0.036877368 
997 34 12 16 0.036820307 
730 58 12 15 0.036283076 
549 31 11 13 0.03590717 
558 113 20 23 0.035864744 
947 30 12 15 0.03532205 
236 40 11 12 0.03531034 
704 29 11 14 0.035151716 
580 39 11 12 0.034856968 
234 38 8 11 0.034816973 
854 0 13 11 0.034765244 
846 39 13 14 0.0347334 
841 20 12 14 0.034627207 
500 344 98 133 0.034513664 
971 94 17 23 0.034409825 
525 142 27 36 0.03437847 
631 56 15 19 0.034306236 
765 2 11 14 0.03415013 
814 70 14 20 0.034077276 
294 45 11 14 0.033853173 
447 59 12 15 0.03381791 
904 118 26 32 0.033714756 
795 65 14 19 0.033580687 
1007 114 18 30 0.033236112 
777 6 11 13 0.032978088 
980 87 19 27 0.032685056 
571 47 14 17 0.032604087 
373 16 9 11 0.032580186 
37 21 8 10 0.032521397 
383 68 16 19 0.0325201 
836 33 13 15 0.032514524 
183 55 12 15 0.03251428 
478 7 10 12 0.032449175 
756 9 11 14 0.032175343 
473 19 10 12 0.031976946 
621 47 11 14 0.031748857 
318 36 9 11 0.031678796 
746 81 21 27 0.031514734 
464 98 21 25 0.031463813 
355 89 16 20 0.031428657 
161 22 8 11 0.03125767 
510 69 14 18 0.031013766 
170 39 9 11 0.030944943 
685 58 13 16 0.030856777 
1007 37 13 17 0.030847413 
150 25 9 11 0.030831667 
717 396 65 60 0.03076389 
557 1 9 9 0.030687321 
183 38 9 11 0.030632088 
1010 88 14 24 0.030615754 
542 1 10 11 0.030525807 
149 53 11 13 0.03044971 
444 54 12 15 0.030435644 
686 0 11 11 0.030417295 
211 177 38 51 0.03037495 
404 140 30 42 0.030022277 
705 76 15 18 0.03000647 
411 124 25 39 0.029866003 
793 75 19 26 0.029692138 
946 71 16 22 0.029660566 
399 35 10 13 0.029632019 
688 41 13 15 0.029532019 
665 89 16 21 0.029483007 
101 31 8 11 0.029468141 
29 58 15 18 0.029398479 
155 456 64 42 0.029370137 
559 5 10 12 0.02935744 
624 72 15 19 0.02898765 
185 25 8 9 0.028914768 
489 30 10 12 0.028772684 
332 48 13 16 0.028461257 
533 42 11 14 0.028341467 
240 60 12 16 0.028304262 
842 68 17 20 0.028271178 
247 31 8 10 0.028261485 
382 85 23 28 0.02791113 
710 0 12 12 0.027898466 
477 31 9 12 0.027874643 
105 45 10 12 0.02785966 
760 0 11 12 0.027809128 
92 62 14 18 0.027799033 
397 21 9 11 0.027626928 
686 5 12 14 0.02736873 
70 51 14 16 0.027285423 
750 0 12 12 0.027259376 
18 40 9 12 0.027158963 
199 16 6 8 0.027121346 
416 22 8 10 0.026926104 
226 60 14 19 0.026871387 
653 45 13 17 0.026858129 
273 106 25 31 0.026740512 
512 0 10 11 0.026729222 
453 -69 448 520 0.026721084 
88 36 9 11 0.026675481 
948 147 19 27 0.026660616 
445 21 9 11 0.026564078 
473 240 41 55 0.026383692 
18 53 15 18 0.02625235 
560 52 12 16 0.026251309 
648 0 11 11 0.026103877 
20 23 9 11 0.026081758 
188 82 13 19 0.026056595 
465 81 15 18 0.026023472 
685 68 15 18 0.02593529 
272 17 7 9 0.025901385 
285 39 9 12 0.02586823 
256 32 7 9 0.02571627 
343 31 7 9 0.025697542 
189 74 14 20 0.025663652 
190 7 7 8 0.02554997 
672 65 16 19 0.02544751 
415 51 11 16 0.02544368 
446 100 23 28 0.025394125 
389 36 10 11 0.025392437 
54 80 14 19 0.025117265 
715 27 13 16 0.02502428 
177 108 20 22 0.024793122 
440 115 23 29 0.024603691 
948 0 13 12 0.024548389 
447 0 8 9 0.024532236 
803 129 23 31 0.024250584 
617 17 10 12 0.024024263 
269 30 8 10 0.024008501 
446 83 21 26 0.023901448 
102 22 8 10 0.023869079 
694 23 9 12 0.023824262 
566 62 15 19 0.023780352 
224 30 7 10 0.023749031 
943 51 13 18 0.023607124 
710 94 24 26 0.023594024 
919 56 16 19 0.023475464 
421 77 21 24 0.023452641 
763 28 12 14 0.023446057 
630 45 13 15 0.023423221 
289 22 7 9 0.023420174 
335 29 8 9 0.023414785 
725 88 22 27 0.023211822 
952 153 26 37 0.023206692 
1007 11 14 18 0.023188248 
150 45 11 14 0.0230745 
496 21 10 14 0.022933938 
292 62 16 20 0.022858687 
941 58 16 20 0.022830607 
551 5 12 13 0.02272304 
301 32 8 10 0.022703141 
770 49 13 16 0.022685096 
336 25 8 9 0.022676643 
63 45 9 12 0.022531817 
462 383 120 144 0.022530256 
181 61 17 20 0.02252779 
661 14 11 14 0.02247913 
302 38 9 10 0.022436157 
572 6 11 13 0.022332301 
661 37 13 14 0.022305356 
-10 182 79 124 0.022278361 
826 46 13 15 0.022255847 
138 67 16 17 0.022190759 
280 1 10 11 0.022148624 
660 29 11 13 0.022055816 
469 454 92 98 0.022044392 
556 37 11 14 0.021999512 
669 14 11 12 0.021959169 
312 36 10 12 0.021932289 
316 324 9 11 0.021880222 
838 159 38 43 0.02181622 
407 36 9 12 0.021727296 
261 9 8 9 0.021713862 
406 53 11 15 0.021547329 
717 65 15 16 0.021533681 
910 1 16 16 0.021497758 
539 123 33 46 0.021419479 
383 7 8 11 0.02132182 
361 1 8 9 0.021250416 
193 15 7 9 0.021222524 
256 40 9 11 0.021111054 
129 22 7 9 0.021019803 
444 32 10 12 0.021019325 
128 69 23 24 0.020977883 
153 6 8 9 0.020884903 
222 80 21 26 0.020847805 
388 99 23 30 0.02078638 
845 24 13 17 0.020699421 
79 17 7 9 0.020674093 
588 69 16 20 0.020619338 
766 22 11 13 0.020560896 
728 82 17 20 0.02049668 
555 357 49 90 0.020484757 
182 45 8 11 0.020455401 
360 60 12 15 0.020446366 
569 377 28 47 0.020424373 
269 51 11 14 0.020406365 
594 131 26 34 0.020401288 
637 0 11 11 0.020387376 
168 30 7 9 0.020385021 
716 238 11 16 0.020351864 
467 0 10 10 0.020243641 
241 31 8 9 0.020138238 
471 6 10 12 0.020105477 
262 12 8 11 0.020021064 
