2_Demonstration_Protesters_2_46
94
738 437 102 140 0.9986594 
77 50 61 76 0.99842834 
335 72 68 90 0.99765164 
388 116 52 70 0.9969777 
262 146 67 99 0.9961526 
483 561 94 152 0.9958111 
959 118 58 81 0.99551696 
270 15 56 63 0.99396425 
125 104 67 99 0.993909 
574 556 108 151 0.99247265 
757 41 59 77 0.9901542 
431 505 84 137 0.9885233 
605 603 116 132 0.9876602 
822 62 80 99 0.9864629 
498 151 69 104 0.9848267 
645 277 80 119 0.984536 
42 22 52 65 0.9831396 
793 601 86 116 0.9826848 
931 211 71 107 0.9819649 
616 94 60 87 0.98115206 
383 342 98 105 0.98038447 
925 46 57 71 0.98036706 
728 200 55 69 0.97517437 
236 82 62 84 0.9672907 
60 248 69 98 0.9637095 
929 596 90 137 0.95676225 
562 33 56 71 0.95545137 
751 130 68 68 0.95111287 
467 144 61 86 0.9044781 
831 22 33 37 0.8766755 
959 534 53 99 0.8647775 
518 558 118 154 0.8348315 
361 348 75 91 0.82129437 
259 544 110 151 0.79658014 
257 460 74 85 0.7581473 
582 64 62 82 0.575905 
197 12 47 56 0.44073802 
753 192 52 64 0.31980935 
134 -2 34 45 0.28168026 
843 422 77 97 0.2661501 
-1 434 48 121 0.24648885 
254 474 97 143 0.20623615 
481 19 31 42 0.18967783 
774 187 40 55 0.18417902 
455 526 89 165 0.16859436 
341 -2 42 37 0.1214082 
655 36 33 42 0.10998016 
781 423 108 133 0.09453357 
543 54 56 74 0.0793603 
718 181 50 67 0.074466206 
675 32 37 45 0.06218461 
24 245 65 88 0.061458223 
744 18 56 67 0.05163199 
215 21 49 58 0.05080744 
555 29 43 49 0.04917021 
457 133 50 68 0.047219906 
729 6 50 58 0.043125123 
-1 103 29 69 0.04303352 
242 123 39 49 0.04134439 
27 15 48 61 0.03949788 
872 -1 32 32 0.038471006 
923 17 53 61 0.03777455 
831 26 53 60 0.0357707 
442 11 46 57 0.03568111 
746 136 38 48 0.034707922 
562 86 65 77 0.033950258 
941 553 64 124 0.03322134 
248 301 60 72 0.03174765 
1 -5 46 54 0.031129975 
217 304 59 79 0.029732859 
912 73 54 76 0.029534409 
704 326 58 85 0.029169863 
927 3 39 41 0.02916219 
946 178 66 102 0.028969347 
540 82 38 48 0.028597128 
352 390 54 75 0.028365 
552 14 36 40 0.028355183 
0 30 25 42 0.027889132 
428 103 38 49 0.027412647 
-8 513 111 194 0.02540992 
140 601 17 23 0.025160205 
646 189 53 63 0.02495675 
445 111 46 62 0.023876779 
699 22 44 58 0.023002775 
562 11 59 57 0.023001716 
755 99 32 39 0.022635464 
205 89 73 98 0.022497643 
354 -4 58 49 0.02070639 
745 -1 44 35 0.020591816 
938 67 60 75 0.020555139 
785 150 51 65 0.020546842 
736 139 29 40 0.020507328 
336 49 53 68 0.020286264 
640 38 34 41 0.020105453 
