2_Demonstration_Demonstrators_2_546
62
945 169 24 33 0.9870139 
800 200 28 34 0.96563196 
324 199 24 38 0.92687416 
199 199 11 15 0.7872446 
433 178 18 31 0.7731887 
477 170 16 27 0.50262666 
890 156 12 16 0.36015177 
986 160 15 23 0.35982344 
147 188 13 17 0.30561277 
155 173 13 16 0.19085695 
225 158 17 21 0.1876347 
301 225 13 16 0.10056859 
148 178 16 21 0.09035982 
420 127 12 15 0.08847566 
527 157 14 18 0.08603455 
947 146 12 16 0.07669298 
173 215 12 16 0.06970282 
942 151 13 18 0.06707634 
283 254 15 19 0.06546845 
325 133 13 15 0.062120676 
158 201 13 17 0.05929642 
603 153 18 33 0.057359885 
998 180 12 15 0.05091867 
844 177 13 16 0.049369372 
357 131 15 19 0.048437595 
154 183 16 20 0.04805083 
228 196 10 13 0.04725702 
283 169 15 23 0.04539426 
141 176 16 20 0.0438445 
770 173 19 27 0.04293428 
485 168 24 32 0.042520944 
565 304 16 23 0.03970258 
989 153 10 14 0.039701276 
416 142 10 13 0.03856424 
341 164 14 19 0.03781239 
114 275 28 28 0.034950797 
183 189 10 13 0.03461592 
331 133 12 14 0.033811152 
695 128 9 11 0.032796744 
795 260 219 232 0.03197292 
441 150 11 13 0.030369068 
250 135 22 27 0.029603178 
150 204 13 15 0.02955426 
382 187 12 18 0.029537674 
678 170 14 20 0.027682967 
1006 171 12 16 0.0274061 
309 277 17 23 0.027027125 
995 171 14 19 0.026452066 
993 161 15 20 0.025141748 
535 283 14 19 0.02436017 
497 170 19 22 0.024021616 
253 164 13 16 0.023438253 
212 197 11 14 0.023437837 
537 265 22 30 0.023242509 
811 163 16 20 0.022820726 
386 124 15 20 0.022561954 
678 156 12 15 0.02219446 
664 170 9 13 0.022140939 
416 130 12 16 0.021763137 
442 154 16 17 0.02092671 
652 195 34 57 0.020786906 
219 162 20 25 0.020710144 
