2_Demonstration_Political_Rally_2_741
40
574 481 43 54 0.9862141 
125 500 29 52 0.87395024 
738 476 16 22 0.7328989 
205 477 24 36 0.5197299 
671 434 10 14 0.31161734 
302 447 23 28 0.19649374 
831 453 9 13 0.15586875 
245 418 14 17 0.14124055 
724 451 13 18 0.118405595 
237 410 16 18 0.080675356 
760 450 13 18 0.079790615 
656 440 8 10 0.07490278 
825 455 10 12 0.05882926 
733 451 12 16 0.058704156 
769 473 12 17 0.056320768 
641 445 7 10 0.05467908 
752 445 11 15 0.050994992 
796 488 18 21 0.050114445 
703 450 12 17 0.04907842 
247 435 22 32 0.04894075 
858 432 9 12 0.0480762 
243 420 23 26 0.043445706 
211 408 22 29 0.043268654 
312 444 24 28 0.03751787 
663 475 14 16 0.03578225 
645 444 8 11 0.033749226 
910 461 8 10 0.02917929 
708 450 15 18 0.029043812 
174 429 13 18 0.027019722 
783 438 13 16 0.026843833 
203 417 23 28 0.023867734 
897 460 9 11 0.023784611 
347 446 22 27 0.022903012 
822 458 11 13 0.022291912 
287 441 42 47 0.022072308 
902 460 9 11 0.021756709 
796 478 15 19 0.021373723 
679 460 10 12 0.020802686 
216 485 15 25 0.020730184 
231 410 14 18 0.02043165 
