2_Demonstration_Political_Rally_2_491
38
631 374 26 42 0.98411185 
651 504 29 45 0.98181504 
583 490 52 84 0.9714068 
538 496 36 56 0.96967256 
791 525 16 24 0.95228046 
565 387 24 36 0.9504782 
906 541 17 21 0.9321843 
746 539 19 23 0.9311191 
969 536 16 22 0.92420167 
386 461 21 26 0.9104598 
863 525 21 26 0.84000236 
251 626 13 16 0.3346728 
328 592 28 50 0.32419738 
285 633 14 24 0.14061017 
286 640 20 33 0.098900065 
273 618 9 14 0.0660059 
110 601 32 45 0.06329543 
51 574 18 25 0.06192573 
176 634 44 62 0.05395056 
50 564 15 17 0.04195493 
223 606 11 15 0.04017373 
156 621 45 64 0.040089723 
277 615 9 13 0.033217296 
20 666 34 44 0.03161937 
30 580 11 13 0.030935211 
813 487 10 14 0.028764931 
873 525 18 22 0.02752974 
82 59 441 695 0.026908122 
126 612 47 65 0.026139373 
563 481 52 80 0.02389381 
903 535 13 19 0.022210259 
180 630 31 40 0.02180997 
457 657 43 63 0.021153133 
218 583 22 29 0.02114734 
451 618 43 59 0.021003624 
35 621 36 40 0.02091294 
197 641 15 18 0.020878177 
228 604 10 13 0.020408295 
