2_Demonstration_Demonstration_Or_Protest_2_304
36
193 275 51 70 0.99916124 
761 290 107 129 0.996994 
526 344 47 67 0.9955642 
429 378 44 54 0.9943241 
372 362 35 45 0.9941744 
301 386 38 44 0.9918019 
681 404 45 56 0.9914972 
547 345 44 65 0.9846139 
80 382 36 49 0.9844488 
260 382 38 55 0.95902246 
916 376 38 56 0.9194636 
31 399 33 39 0.8661809 
722 395 35 46 0.510777 
699 397 42 53 0.18943031 
22 402 26 32 0.18339649 
7 400 25 33 0.10412564 
610 369 27 34 0.10293521 
968 447 45 76 0.07087474 
218 358 25 33 0.061466247 
56 383 36 52 0.047817077 
637 368 14 19 0.045833826 
665 356 11 14 0.04234692 
207 390 34 47 0.04217039 
860 651 68 61 0.04192884 
0 559 9 14 0.03889959 
603 354 27 32 0.03713213 
202 361 40 54 0.025823245 
943 428 13 19 0.025625845 
650 397 32 43 0.025157647 
38 353 25 30 0.023426326 
637 385 35 48 0.023019766 
453 357 11 14 0.022398116 
617 327 11 13 0.02221021 
620 364 25 30 0.021425156 
604 350 17 20 0.021345153 
1 400 18 27 0.020592596 
