2_Demonstration_Political_Rally_2_365
127
736 108 238 347 0.9992563 
461 293 73 101 0.99628973 
404 394 14 18 0.91378766 
385 398 16 22 0.9122357 
213 343 72 85 0.9051544 
326 419 10 13 0.7384611 
363 397 10 12 0.48554185 
352 408 11 13 0.47351697 
345 396 9 11 0.4674813 
374 379 8 12 0.43914056 
425 367 10 12 0.3345845 
-11 369 93 242 0.3128106 
378 360 8 9 0.28342357 
351 342 9 12 0.23972769 
332 349 9 12 0.19891061 
272 584 59 60 0.19307074 
371 429 12 15 0.18756436 
391 365 8 10 0.15004142 
414 380 10 12 0.13422039 
333 376 8 11 0.11893075 
344 366 7 10 0.11422055 
345 422 8 11 0.11272705 
343 361 7 8 0.10388389 
447 348 10 12 0.102498166 
321 416 10 13 0.09919977 
353 368 7 10 0.09682622 
310 442 10 13 0.092133366 
295 396 10 13 0.089138195 
371 376 8 11 0.08547941 
407 333 7 9 0.08439428 
350 336 9 10 0.08239857 
393 360 8 10 0.07858795 
44 286 49 69 0.07677927 
353 373 7 9 0.07583784 
407 328 8 10 0.075300634 
302 395 10 13 0.07325623 
353 444 12 17 0.06942255 
305 372 9 12 0.066375464 
369 345 7 9 0.06424091 
321 236 9 12 0.06399751 
304 443 9 12 0.0632323 
359 368 7 9 0.061888028 
433 357 8 11 0.060364332 
399 360 7 9 0.060319725 
666 229 57 59 0.060162053 
361 393 10 11 0.06003857 
407 352 8 9 0.058023676 
333 344 9 11 0.05712377 
386 334 6 8 0.055382155 
336 367 8 10 0.054934613 
384 375 8 10 0.05351594 
331 414 9 13 0.05101964 
312 385 8 10 0.049912844 
358 374 7 9 0.049906652 
368 349 7 8 0.049823754 
409 380 9 11 0.048735663 
377 363 9 11 0.047454726 
357 440 11 17 0.046409912 
422 391 11 13 0.046055958 
394 343 7 9 0.04548963 
359 383 8 10 0.043790154 
400 365 7 9 0.04082036 
429 387 11 14 0.039893534 
393 351 6 9 0.039247513 
407 366 7 9 0.038970098 
391 334 7 9 0.038612686 
310 388 9 11 0.03818159 
309 369 7 10 0.037707966 
407 358 8 10 0.0371098 
242 367 59 78 0.036918554 
429 370 9 12 0.03519316 
536 349 12 16 0.034817062 
337 358 8 10 0.034667637 
345 372 8 10 0.033288024 
399 343 6 9 0.032388568 
383 382 9 11 0.032251827 
438 375 9 11 0.032045465 
301 422 9 12 0.03185062 
360 333 7 9 0.031021735 
401 351 7 9 0.030997673 
391 384 9 10 0.030930514 
365 402 11 14 0.030200172 
416 358 7 9 0.029729659 
410 375 9 11 0.029433897 
100 148 46 55 0.028532136 
351 360 7 9 0.028164864 
353 428 9 11 0.02805994 
347 341 8 12 0.02721452 
402 327 7 9 0.02674642 
33 252 57 82 0.026544828 
186 333 59 74 0.02645542 
417 319 7 8 0.026364727 
348 393 10 11 0.02600141 
383 365 8 11 0.025934678 
327 392 8 10 0.025863977 
437 358 8 10 0.025854705 
416 343 7 8 0.025811715 
368 334 8 9 0.02564678 
361 329 7 9 0.025316853 
357 429 9 11 0.025222657 
390 389 11 13 0.025212124 
238 336 39 55 0.024750741 
391 271 8 10 0.024676088 
332 420 10 12 0.024025371 
360 360 7 9 0.023978677 
409 343 7 9 0.023926819 
399 389 12 15 0.02390606 
312 415 9 11 0.023427885 
302 415 9 12 0.022953574 
553 343 9 11 0.022868894 
35 11 77 64 0.02273327 
418 368 8 11 0.022680912 
423 334 7 9 0.02222994 
376 352 7 8 0.022196993 
449 326 7 10 0.022122748 
398 382 9 11 0.021953784 
399 377 8 10 0.021864476 
434 333 7 10 0.021715473 
415 327 7 8 0.021706084 
321 413 19 23 0.021647897 
360 350 7 9 0.020945638 
351 328 6 8 0.020719802 
349 422 10 12 0.02052569 
309 396 9 13 0.020454906 
25 170 65 80 0.020316739 
318 384 7 9 0.02024504 
415 352 8 9 0.020079458 
