2_Demonstration_Political_Rally_2_641
30
572 160 55 71 0.99924684 
514 158 49 64 0.9987393 
429 180 50 66 0.9986859 
115 128 52 67 0.99862254 
201 133 47 56 0.9972898 
8 147 44 59 0.9959709 
723 158 40 73 0.9958454 
647 156 38 63 0.9922213 
294 141 40 59 0.97928095 
819 157 35 51 0.87664276 
902 147 31 48 0.87629414 
341 228 35 47 0.870817 
935 177 36 46 0.8427549 
476 205 28 39 0.77255005 
987 213 33 59 0.69694394 
590 145 47 67 0.56700826 
844 139 26 43 0.48222172 
166 144 31 43 0.36126766 
535 163 47 63 0.15925401 
607 142 35 46 0.11075054 
395 170 35 51 0.09361298 
0 179 22 49 0.07901529 
413 181 44 60 0.06359123 
482 202 19 25 0.050270833 
41 438 27 31 0.043497592 
531 94 38 53 0.028033793 
425 54 37 51 0.027216459 
203 421 17 21 0.0265297 
168 144 20 26 0.026460491 
834 147 43 60 0.021109657 
