2_Demonstration_Demonstration_Or_Protest_2_644
91
100 237 31 39 0.9962813 
767 287 25 34 0.9945227 
231 64 27 36 0.99367803 
878 310 28 35 0.99180907 
822 279 22 28 0.9900394 
147 182 23 30 0.9900317 
174 174 21 28 0.9737613 
657 272 24 31 0.9602836 
331 88 20 32 0.9592156 
716 247 21 32 0.9526503 
835 142 18 22 0.94328386 
932 275 21 27 0.9350092 
655 298 23 31 0.9340031 
20 33 19 21 0.9297766 
562 275 25 36 0.9231136 
363 247 20 27 0.9230264 
850 271 20 23 0.91788983 
644 238 19 23 0.9093004 
517 274 24 31 0.86209184 
429 233 20 27 0.8577157 
405 244 19 22 0.84774446 
569 122 17 20 0.6148117 
550 244 20 26 0.49103394 
511 247 19 21 0.47991627 
540 193 17 22 0.459559 
525 149 19 23 0.37214124 
446 284 20 24 0.37012255 
487 314 22 27 0.33608612 
294 239 15 18 0.30039564 
354 253 22 25 0.22175857 
571 266 27 36 0.19507442 
271 289 13 18 0.19214858 
473 161 16 20 0.16976483 
388 245 13 17 0.15542893 
976 275 23 28 0.1542883 
237 220 15 19 0.15119766 
210 48 16 19 0.14917846 
640 114 10 14 0.10192952 
863 347 30 39 0.08682636 
537 271 22 28 0.084907845 
832 273 21 28 0.081569284 
445 166 14 19 0.07531231 
434 164 16 21 0.074895136 
580 257 22 31 0.07096043 
458 224 20 26 0.07032737 
476 273 17 21 0.070251286 
28 190 27 36 0.069200344 
386 162 16 17 0.0681842 
964 268 28 33 0.06136175 
208 53 21 29 0.058803122 
398 244 14 19 0.054277174 
537 151 15 21 0.052007042 
733 95 13 16 0.051210593 
644 110 12 16 0.050450478 
1007 293 14 22 0.04817454 
869 330 29 37 0.046412617 
474 293 16 20 0.0437999 
31 32 16 20 0.04367783 
675 269 22 27 0.0416612 
381 154 16 19 0.04057623 
422 240 15 20 0.039757453 
757 74 16 20 0.038606036 
468 268 15 20 0.038385887 
215 58 24 33 0.037530806 
785 260 12 15 0.036743302 
517 258 22 27 0.034148064 
98 176 14 19 0.033265512 
499 164 15 19 0.03275054 
365 215 11 13 0.02839688 
494 169 16 19 0.028198175 
585 265 23 31 0.0276166 
554 236 18 22 0.027250266 
417 296 22 26 0.026239894 
482 254 18 21 0.026062282 
430 207 15 18 0.02604871 
503 194 13 18 0.025800392 
445 277 16 21 0.025712661 
575 127 17 21 0.024713362 
483 268 17 21 0.024596803 
963 284 19 24 0.023997992 
433 155 15 20 0.023733726 
987 283 15 22 0.022703208 
521 250 15 18 0.02243093 
724 253 28 31 0.021687655 
208 247 9 13 0.021620335 
528 272 18 25 0.021523636 
508 164 13 18 0.021427495 
506 223 15 19 0.020689895 
590 256 21 28 0.02067731 
406 152 15 18 0.020460242 
378 248 15 23 0.020139832 
