2_Demonstration_Political_Rally_2_960
18
397 274 55 63 0.99804306 
579 777 49 62 0.9969138 
209 204 146 185 0.9966613 
708 238 62 79 0.99656373 
541 283 53 62 0.9861724 
110 267 50 65 0.96452326 
589 309 27 37 0.94858 
0 257 65 119 0.9327609 
627 316 32 37 0.8250488 
915 307 52 58 0.106657885 
564 289 46 58 0.09575521 
595 302 17 19 0.05997552 
395 254 31 40 0.05875272 
670 274 12 14 0.034708016 
666 306 24 31 0.030674534 
380 295 26 43 0.024726812 
149 299 76 110 0.021397427 
627 258 11 14 0.020982277 
