2_Demonstration_Demonstration_Or_Protest_2_441
39
855 172 35 43 0.99889743 
286 187 33 41 0.9982651 
329 208 37 44 0.9973884 
1 190 30 39 0.99725527 
570 175 34 47 0.9970607 
931 154 37 46 0.99597484 
402 164 36 46 0.99425274 
610 174 39 47 0.99370146 
232 153 39 49 0.9894198 
108 186 41 51 0.9838684 
790 157 43 53 0.9778425 
500 162 36 53 0.97278523 
719 164 28 40 0.9714688 
139 170 26 35 0.89847344 
852 356 29 31 0.88158625 
316 174 25 35 0.87745166 
569 97 21 30 0.5368798 
683 84 19 24 0.20768481 
123 177 35 41 0.20308788 
494 579 49 44 0.15802631 
701 116 16 19 0.15401812 
45 196 27 33 0.1261524 
676 167 24 30 0.086171165 
497 600 42 33 0.06373478 
697 29 10 12 0.052241575 
146 123 25 33 0.0504433 
543 185 23 30 0.046080157 
681 30 13 16 0.04329297 
126 200 32 39 0.03921393 
444 176 32 41 0.037597176 
85 200 25 36 0.033287525 
582 102 27 34 0.030328317 
898 600 49 37 0.027887477 
459 501 28 31 0.026355283 
742 55 23 26 0.02597079 
826 176 26 34 0.024823528 
322 161 22 34 0.021827824 
729 164 41 51 0.020332446 
442 497 47 62 0.020122854 
