2_Demonstration_Demonstration_Or_Protest_2_450
46
190 271 44 75 0.982467 
291 351 21 27 0.9640319 
584 272 29 56 0.80411285 
435 329 36 50 0.80223733 
907 321 15 25 0.712961 
854 357 12 15 0.46201783 
727 331 27 32 0.37660447 
814 358 9 12 0.3738179 
957 340 13 16 0.36084238 
859 358 12 16 0.30657506 
872 348 11 14 0.24944894 
0 399 11 20 0.18216759 
31 381 8 10 0.15659341 
320 373 17 20 0.15585853 
981 342 10 13 0.13780072 
725 320 21 31 0.12761854 
46 382 11 15 0.11635041 
402 310 18 30 0.06481185 
464 532 11 14 0.06288477 
715 309 21 31 0.054864947 
807 364 11 14 0.04725391 
814 382 10 14 0.04044591 
715 309 13 19 0.03985906 
0 371 7 12 0.039649043 
408 320 19 25 0.03672939 
1012 357 11 15 0.03498934 
40 381 10 13 0.034071356 
340 337 12 15 0.0339518 
951 344 14 19 0.033786688 
14 423 11 16 0.032910444 
871 413 8 10 0.032065347 
44 378 18 26 0.03179558 
455 300 27 32 0.03134915 
868 355 12 15 0.029777247 
497 500 9 11 0.025881607 
25 380 9 12 0.02518453 
770 325 14 25 0.02402821 
953 334 10 15 0.022769842 
446 609 9 11 0.022007128 
894 340 12 18 0.021976052 
993 355 14 18 0.021370396 
839 364 10 14 0.02121294 
790 348 13 17 0.020882344 
990 349 12 13 0.02076496 
814 371 13 18 0.02045449 
323 366 15 19 0.020166256 
