2_Demonstration_Demonstration_Or_Protest_2_619
241
990 193 14 19 0.98192316 
908 117 15 21 0.9534435 
855 101 13 17 0.9451798 
758 115 12 15 0.92110336 
946 224 15 17 0.91525674 
527 125 11 15 0.906756 
678 95 12 15 0.8731196 
647 138 12 18 0.86662793 
818 138 15 20 0.84624016 
808 86 12 15 0.8415092 
202 149 16 19 0.83097976 
495 132 12 15 0.8223095 
892 185 15 20 0.81069547 
982 253 14 21 0.75329113 
501 113 10 14 0.7521159 
293 175 12 17 0.7497105 
620 113 13 16 0.74752146 
251 232 16 19 0.725063 
393 126 11 14 0.6746754 
202 227 15 22 0.6733575 
453 114 11 14 0.6620281 
553 111 11 15 0.6576445 
595 25 8 10 0.6501098 
782 147 12 16 0.6394163 
418 394 16 18 0.60501313 
734 138 12 13 0.6000507 
430 92 13 16 0.54863584 
418 114 12 15 0.5472142 
571 129 14 16 0.4523838 
556 195 15 18 0.44991222 
579 152 12 17 0.43461707 
551 16 7 9 0.42022917 
800 110 11 14 0.40679288 
648 180 16 19 0.3945882 
428 183 14 18 0.3693676 
475 544 16 20 0.3620717 
157 198 11 14 0.35718125 
492 214 15 19 0.3526319 
735 118 11 14 0.33479103 
895 262 12 15 0.32929504 
461 204 15 19 0.31531823 
627 234 12 17 0.312084 
590 217 17 22 0.3061846 
846 249 14 21 0.2961338 
435 290 14 18 0.27204087 
783 180 13 19 0.25991204 
417 265 16 17 0.21388613 
313 368 17 22 0.21080956 
615 173 12 14 0.19110774 
912 38 8 11 0.18691722 
533 256 14 17 0.18611667 
924 198 15 19 0.18263705 
819 150 14 20 0.18054835 
394 182 15 18 0.17524308 
98 251 13 18 0.16177696 
258 130 13 16 0.16125596 
870 261 14 16 0.16049653 
476 552 20 20 0.15624157 
205 201 12 15 0.1558048 
735 48 9 11 0.15501037 
636 466 19 25 0.145265 
273 158 15 17 0.1412346 
246 263 15 20 0.1316331 
987 287 15 20 0.1257606 
543 140 12 15 0.12236479 
652 269 17 20 0.11916023 
213 164 13 14 0.11734564 
737 61 9 10 0.114581734 
462 126 13 17 0.10953583 
824 91 9 13 0.10424613 
413 397 23 25 0.0995585 
550 20 9 11 0.09771366 
570 298 20 19 0.096284755 
360 150 11 13 0.096164525 
205 267 13 20 0.09530319 
528 253 14 18 0.09096654 
629 133 12 14 0.090111874 
156 206 16 20 0.08952536 
333 127 11 13 0.089020066 
213 263 15 20 0.087551616 
679 206 12 17 0.086663365 
241 192 15 21 0.08609477 
471 124 10 13 0.0855235 
460 117 11 13 0.08029212 
424 166 9 12 0.07651038 
340 110 10 13 0.07370552 
710 213 15 18 0.07339765 
762 109 13 16 0.07176625 
785 295 11 14 0.07056931 
571 138 15 17 0.06899676 
516 243 12 17 0.068665214 
851 254 15 20 0.06718966 
209 154 15 17 0.065856166 
627 471 22 23 0.06457446 
881 144 14 18 0.06306411 
829 327 13 16 0.06290341 
285 263 17 22 0.062427953 
341 134 11 14 0.060482636 
385 343 16 22 0.06014121 
872 366 13 16 0.059783813 
411 195 11 12 0.059458464 
447 178 12 15 0.059211727 
972 268 10 13 0.056620754 
476 123 9 12 0.055940315 
342 94 10 13 0.053926617 
764 102 11 14 0.053229656 
860 260 17 19 0.052191675 
752 190 9 12 0.051927313 
296 123 11 13 0.050243154 
486 216 16 21 0.049749468 
547 16 8 11 0.048298925 
108 150 14 20 0.045607675 
280 139 11 13 0.045134556 
414 407 16 20 0.045064386 
600 94 10 14 0.044762906 
558 132 12 15 0.044520374 
888 191 12 18 0.044473957 
427 80 19 26 0.043615274 
780 205 13 20 0.04336228 
527 109 9 11 0.043214742 
291 272 17 21 0.0427116 
407 190 11 13 0.042434268 
317 168 13 18 0.042397127 
628 124 13 15 0.04169462 
343 99 10 13 0.041185018 
456 208 14 18 0.041112967 
793 110 10 13 0.040953174 
287 211 13 16 0.04088313 
270 121 9 11 0.04057915 
286 155 11 15 0.040194284 
867 230 12 16 0.0386663 
178 267 13 19 0.038482036 
291 283 17 19 0.038063508 
381 349 16 22 0.037433077 
554 85 11 14 0.037241224 
607 164 13 16 0.036948767 
499 174 13 16 0.036806006 
509 116 11 14 0.03653733 
898 189 16 18 0.036515288 
637 235 12 17 0.03600703 
211 377 22 27 0.035696864 
776 211 10 17 0.0355227 
797 306 12 14 0.03533701 
255 139 12 17 0.03508466 
335 138 13 16 0.03504298 
152 202 14 18 0.034175687 
812 301 13 15 0.034127086 
600 46 9 13 0.033962592 
320 304 26 35 0.033644266 
198 272 14 18 0.033266503 
427 268 12 14 0.033175148 
864 225 9 12 0.032376017 
335 118 11 13 0.032307655 
232 158 10 14 0.032189347 
284 135 10 14 0.031967837 
519 109 9 11 0.03169188 
229 357 15 23 0.031538084 
298 141 14 16 0.03151269 
546 172 14 19 0.031485025 
551 30 9 11 0.031034213 
551 189 15 18 0.030639723 
870 130 13 17 0.030497909 
929 205 16 22 0.030494777 
123 431 18 19 0.030373948 
775 143 14 18 0.030344782 
621 148 10 13 0.030037468 
247 158 10 12 0.029994285 
274 373 13 18 0.029916374 
932 284 14 15 0.02934733 
414 228 15 18 0.029264117 
435 277 13 14 0.029248899 
510 123 11 14 0.02907601 
827 156 13 15 0.02887183 
373 101 10 13 0.028804837 
303 358 25 31 0.028469764 
726 164 14 17 0.028185377 
132 417 17 21 0.028101642 
192 229 14 18 0.02804564 
243 251 21 27 0.028043598 
641 138 12 16 0.027874539 
185 198 10 14 0.027738364 
988 285 24 32 0.027430208 
351 92 10 12 0.027350549 
490 133 11 13 0.027099537 
784 116 10 13 0.026976613 
904 186 15 19 0.026669903 
837 158 11 15 0.025726505 
607 140 13 16 0.025511991 
462 464 9 12 0.025415836 
578 131 12 14 0.025351275 
138 424 14 21 0.025202688 
794 349 13 18 0.025180586 
172 230 13 16 0.025173096 
380 207 14 18 0.02505701 
598 171 10 14 0.0248287 
64 165 18 19 0.024753423 
977 258 12 19 0.024709757 
219 357 17 22 0.024632437 
241 493 17 23 0.02451065 
164 219 13 17 0.024426306 
788 175 14 20 0.024397708 
612 137 13 17 0.024397211 
446 214 10 14 0.024262665 
906 39 8 11 0.024113646 
500 137 13 15 0.024030197 
256 147 12 16 0.023952045 
120 417 20 24 0.023887627 
788 152 13 15 0.023724368 
904 128 13 20 0.023500292 
558 13 8 11 0.023445092 
806 102 11 15 0.02342937 
562 190 13 20 0.023406072 
243 445 17 19 0.023222983 
738 135 12 15 0.022921056 
600 245 10 15 0.02289816 
183 203 12 19 0.022774316 
916 37 8 12 0.022612723 
357 91 10 13 0.022548124 
614 147 12 15 0.022454854 
509 133 12 14 0.022229299 
347 139 10 14 0.022126418 
611 158 13 17 0.021914827 
805 304 16 17 0.021867247 
762 170 13 15 0.021859214 
270 150 13 15 0.021744257 
486 180 13 18 0.02162904 
902 56 9 10 0.021615002 
629 182 14 18 0.021577772 
365 143 12 14 0.021460893 
791 304 13 15 0.021352455 
752 164 11 13 0.02112307 
981 268 35 57 0.02109725 
462 110 10 12 0.020915901 
466 198 15 19 0.02088245 
592 204 12 16 0.020845458 
566 235 14 17 0.020701049 
425 282 21 26 0.020664662 
493 175 15 21 0.02066045 
523 245 13 16 0.020302663 
327 187 12 17 0.020244109 
85 420 16 19 0.020201027 
