2_Demonstration_Demonstrators_2_244
60
426 110 51 66 0.99834025 
725 153 65 87 0.9970606 
252 174 29 31 0.9859714 
843 140 26 33 0.97216606 
203 170 17 19 0.96596164 
935 119 27 33 0.8142847 
617 136 19 22 0.6552655 
713 186 22 36 0.48698753 
120 210 27 32 0.4360093 
359 172 11 13 0.38844532 
336 174 11 14 0.28653428 
544 137 24 31 0.23785312 
131 212 30 41 0.23432066 
48 185 8 11 0.22949348 
905 158 26 31 0.20846142 
113 243 20 22 0.17423518 
165 179 13 16 0.15416706 
303 167 10 12 0.109496996 
905 133 20 26 0.08744275 
156 173 15 19 0.08258008 
118 225 30 34 0.07053815 
374 171 9 12 0.06789671 
51 232 13 15 0.055614356 
171 180 13 17 0.054943018 
683 138 17 23 0.05311375 
145 223 28 37 0.051126484 
392 192 10 13 0.049042158 
26 190 7 10 0.04658497 
82 216 13 17 0.046269897 
72 166 12 14 0.045643505 
32 211 8 11 0.045140296 
73 156 11 13 0.04160515 
309 174 9 11 0.038970705 
366 168 11 13 0.036538307 
204 140 12 15 0.031945243 
352 172 12 14 0.030356644 
317 175 8 10 0.02955995 
78 171 10 13 0.028856736 
50 182 11 15 0.027594473 
91 168 25 27 0.027392123 
337 169 9 13 0.027224649 
108 237 17 22 0.027133947 
689 141 20 24 0.02680242 
613 141 25 30 0.026727788 
108 213 29 32 0.026222087 
532 139 18 22 0.025878401 
86 173 13 15 0.025347728 
905 142 25 32 0.02454425 
384 175 9 12 0.022811152 
155 165 15 18 0.022299217 
609 134 13 17 0.021926181 
107 201 24 30 0.021384887 
6 68 13 16 0.021251857 
0 181 8 12 0.02110686 
246 147 9 12 0.020695964 
554 147 18 23 0.020677038 
158 158 10 12 0.020659935 
669 150 12 17 0.020504532 
155 177 21 26 0.020269664 
165 202 18 20 0.02025942 
