2_Demonstration_Protesters_2_525
1016
660 485 31 38 0.99708945 
879 519 36 43 0.9964934 
416 515 29 38 0.9956126 
760 457 28 35 0.9948361 
994 460 29 33 0.994769 
482 434 29 37 0.9947068 
552 484 31 39 0.99431264 
655 425 29 33 0.99307996 
326 414 24 29 0.9923344 
762 400 24 29 0.9899041 
388 437 22 28 0.98881185 
577 403 25 28 0.98864937 
998 398 23 28 0.98802096 
204 379 22 30 0.98797464 
53 432 27 33 0.9878042 
233 486 27 30 0.9873372 
298 489 30 35 0.9870133 
847 425 27 32 0.982948 
469 329 14 17 0.9828044 
1 372 21 29 0.9731092 
949 433 25 27 0.97289824 
686 220 14 18 0.96982354 
318 326 14 18 0.96953684 
714 360 21 26 0.9694836 
811 228 14 18 0.9693942 
309 382 22 28 0.96842545 
455 269 10 14 0.9671221 
862 329 13 16 0.96704215 
765 302 15 19 0.96615267 
849 367 16 19 0.9587886 
918 479 33 37 0.9571964 
525 395 17 22 0.9567201 
950 348 22 26 0.9564522 
920 375 20 26 0.9561701 
62 344 14 18 0.9550116 
502 318 11 14 0.95473987 
781 344 16 18 0.9532568 
723 225 13 16 0.9493328 
250 369 19 25 0.9491125 
639 298 13 16 0.9452414 
775 234 12 15 0.9388903 
783 317 15 19 0.9361586 
645 218 12 15 0.93478125 
339 347 18 22 0.93256587 
959 235 12 15 0.93016464 
597 211 12 15 0.9296846 
592 343 17 20 0.9267331 
672 321 15 19 0.9256222 
885 330 12 16 0.9252399 
834 340 13 17 0.92191684 
414 314 11 14 0.9218445 
186 339 12 15 0.9218239 
866 229 12 16 0.92177784 
145 341 12 16 0.9184753 
718 333 14 16 0.91804796 
713 308 14 18 0.9161413 
244 294 9 12 0.9119188 
767 508 23 39 0.9109743 
81 317 11 15 0.9062585 
79 379 21 25 0.9041116 
84 516 29 30 0.9026191 
1006 238 16 21 0.8980266 
797 364 17 20 0.8948233 
456 308 12 15 0.89450634 
995 224 13 17 0.87543935 
384 280 9 13 0.87075156 
368 324 12 15 0.8691953 
479 397 19 23 0.86718094 
447 211 9 12 0.8644915 
527 278 10 12 0.8620659 
440 293 12 14 0.8559417 
386 349 14 20 0.8501013 
845 396 18 22 0.843924 
476 294 10 13 0.8432374 
502 221 9 11 0.84149563 
533 310 12 15 0.8353482 
502 283 11 13 0.82064044 
358 276 10 12 0.8204589 
360 306 13 16 0.81881005 
822 180 11 14 0.80466425 
664 310 11 14 0.7982767 
992 381 16 20 0.7852204 
32 320 12 16 0.7788258 
768 218 13 16 0.7650299 
373 293 9 12 0.7361768 
616 211 11 14 0.7354385 
88 349 11 13 0.722316 
54 299 10 13 0.72067684 
561 208 10 12 0.7132411 
344 266 10 12 0.70000285 
169 289 9 12 0.6787002 
321 294 10 12 0.66452897 
125 301 11 14 0.66322213 
421 336 14 18 0.6502037 
265 287 11 14 0.64716804 
156 357 11 13 0.64574504 
250 312 11 13 0.6440551 
372 268 9 11 0.6414763 
21 298 10 14 0.63007754 
275 359 15 18 0.6292965 
395 213 7 10 0.62464434 
534 333 15 18 0.6237542 
309 264 9 11 0.623387 
108 354 14 16 0.6209299 
633 228 10 13 0.6189391 
21 336 12 15 0.61873925 
543 290 11 13 0.61002964 
477 215 8 10 0.60824627 
124 319 11 14 0.60249937 
408 205 9 11 0.601156 
0 346 10 15 0.5804419 
55 410 23 25 0.5777532 
215 300 10 12 0.57685703 
560 326 11 14 0.57326776 
579 298 12 14 0.56732637 
211 353 16 18 0.56490356 
74 279 10 12 0.5350375 
416 275 10 13 0.5173636 
222 284 8 11 0.51500654 
297 310 11 13 0.5071912 
192 323 11 14 0.50539184 
472 232 8 10 0.4965389 
225 315 9 12 0.48582074 
968 249 12 16 0.47289094 
159 278 8 10 0.46412262 
890 183 9 11 0.46254396 
429 378 13 17 0.4612402 
832 365 13 17 0.45853934 
524 207 10 13 0.45491102 
293 293 9 11 0.44086447 
972 215 11 14 0.43623638 
564 303 9 12 0.4306326 
78 262 8 11 0.41674623 
115 356 12 15 0.41432807 
630 369 19 22 0.41083792 
928 263 11 13 0.39458337 
376 237 7 9 0.3937684 
230 255 8 10 0.39361703 
94 301 10 12 0.3930594 
133 287 9 11 0.39268818 
944 213 8 12 0.39201578 
941 292 10 13 0.39074805 
277 274 8 10 0.38990322 
568 280 11 14 0.3827056 
255 347 14 17 0.38204125 
268 314 10 13 0.38024652 
838 253 14 18 0.37430277 
416 369 14 17 0.37422565 
887 219 11 14 0.36212373 
437 358 10 14 0.35124037 
287 337 12 15 0.3466316 
103 281 8 11 0.34450588 
913 236 14 16 0.3294027 
285 205 8 10 0.30993503 
27 416 15 18 0.30781198 
524 334 14 17 0.3022704 
428 205 10 12 0.30217022 
141 360 10 12 0.30114263 
117 271 8 11 0.30007482 
154 389 14 15 0.29630515 
805 435 13 16 0.29360214 
873 375 12 16 0.29110256 
249 207 7 8 0.2906913 
130 433 21 22 0.29060322 
170 257 7 9 0.2837144 
712 219 10 13 0.28201124 
968 376 17 21 0.27996093 
699 251 14 16 0.27912706 
937 237 11 15 0.2783126 
890 238 10 12 0.27166256 
464 212 9 11 0.26900896 
227 311 10 13 0.26641265 
983 295 11 13 0.2628258 
986 277 13 16 0.25851637 
300 316 13 17 0.25096214 
278 327 9 12 0.25058803 
166 371 13 15 0.24795818 
327 210 8 9 0.24692373 
728 210 11 13 0.23862195 
473 213 9 11 0.2364224 
329 276 9 11 0.2363738 
375 214 8 9 0.23308714 
863 250 10 14 0.23289402 
39 281 8 11 0.23136432 
425 215 9 12 0.23073982 
438 322 12 15 0.2302875 
900 356 13 17 0.22865917 
752 206 8 10 0.22735834 
503 366 12 15 0.22654037 
575 214 9 11 0.2258317 
620 262 10 13 0.21556541 
829 218 13 17 0.21550468 
295 349 12 16 0.21329562 
487 239 8 11 0.21148726 
158 300 8 11 0.20548299 
334 303 10 11 0.20525484 
311 284 8 10 0.20191683 
415 284 9 12 0.20014091 
633 340 15 17 0.19796905 
77 297 9 11 0.19794711 
933 221 9 11 0.19191383 
910 327 13 17 0.18959546 
874 206 9 12 0.18625526 
189 272 9 11 0.18439516 
429 220 8 11 0.17905246 
148 379 16 18 0.17899711 
299 385 15 21 0.1784991 
211 262 7 10 0.17720154 
573 323 10 13 0.17636995 
356 403 17 26 0.17581266 
159 330 10 13 0.16613527 
540 212 9 11 0.16020046 
466 378 16 18 0.15637554 
645 342 11 13 0.15445065 
595 322 12 15 0.1526165 
156 314 11 14 0.14750168 
531 556 29 24 0.14700072 
351 292 10 12 0.1468441 
107 323 11 13 0.14498425 
261 351 15 19 0.1421241 
979 238 11 15 0.14045815 
396 300 11 13 0.1391458 
521 212 9 12 0.13832487 
7 309 9 11 0.1372462 
428 309 9 11 0.13599244 
914 243 14 16 0.13416378 
318 173 7 10 0.13042864 
152 301 9 11 0.13014156 
932 340 11 13 0.12943742 
406 253 9 11 0.12826987 
839 246 13 15 0.12813668 
398 317 10 14 0.12483769 
1 309 8 11 0.12463087 
465 385 16 21 0.123596296 
789 222 11 14 0.12203265 
230 303 9 10 0.12177308 
526 239 8 10 0.12152714 
936 215 10 12 0.12113527 
744 235 10 13 0.118748285 
82 214 6 9 0.11852399 
304 354 12 18 0.1178071 
91 464 14 19 0.11728802 
32 269 8 10 0.117157444 
437 274 10 13 0.117089935 
750 236 9 12 0.11623072 
875 449 18 23 0.11355724 
344 308 10 13 0.112833224 
901 349 12 16 0.112627104 
858 247 10 14 0.11238175 
254 273 8 10 0.11203233 
351 236 8 11 0.1116706 
288 288 9 12 0.111670114 
141 323 10 12 0.11126367 
30 285 8 10 0.11115788 
345 214 7 9 0.110465206 
269 206 7 9 0.10767954 
258 256 7 10 0.10573096 
793 198 10 12 0.104633644 
422 245 8 10 0.104556575 
358 261 8 9 0.10368089 
194 288 8 10 0.10329472 
647 234 12 14 0.103286974 
424 294 9 12 0.10244209 
149 271 9 10 0.10201025 
305 223 6 9 0.10096617 
271 263 8 9 0.10081005 
335 198 7 8 0.1006889 
948 213 9 12 0.10043217 
336 319 12 14 0.1000228 
584 270 11 14 0.09868718 
575 221 9 11 0.09856276 
709 198 9 11 0.0968718 
262 255 9 10 0.09685297 
683 251 12 15 0.096573785 
149 254 8 9 0.096341744 
619 267 12 15 0.09615059 
392 263 8 11 0.095703565 
487 231 8 10 0.095644176 
192 312 10 12 0.09417011 
8 326 9 12 0.09345318 
306 214 6 8 0.093118094 
409 212 9 11 0.09209625 
792 212 11 12 0.091867946 
190 241 7 10 0.09116997 
38 334 11 13 0.09088384 
511 244 10 12 0.0902418 
65 231 9 11 0.08894254 
1009 213 11 14 0.08862213 
431 199 8 11 0.08816094 
390 247 8 10 0.08815944 
104 320 10 14 0.08814029 
145 262 7 10 0.088109486 
109 262 9 11 0.087962374 
393 295 9 13 0.08784262 
868 252 9 12 0.08779754 
547 400 16 21 0.08727591 
304 279 8 11 0.08707465 
223 326 8 11 0.08700444 
792 205 12 14 0.08689511 
678 246 12 14 0.08676614 
249 271 7 10 0.08649072 
632 256 9 12 0.08621697 
270 255 7 9 0.08591423 
806 441 14 21 0.085531466 
479 232 8 10 0.08539754 
6 279 7 10 0.084789574 
365 201 8 9 0.084454626 
397 308 11 14 0.08386119 
193 261 7 9 0.08386061 
496 301 10 13 0.083137535 
327 273 8 11 0.08307348 
942 327 11 15 0.08285804 
154 278 8 10 0.08182691 
270 332 11 14 0.08096136 
576 207 9 11 0.0808597 
423 309 10 13 0.08047203 
334 255 7 9 0.07960578 
297 272 7 9 0.07958179 
418 246 8 10 0.07937599 
295 193 6 8 0.07900981 
646 225 12 16 0.07900222 
256 278 7 9 0.078787476 
814 313 13 18 0.07790233 
106 261 8 10 0.07771118 
264 332 11 13 0.07687748 
222 334 9 13 0.076217644 
741 221 10 11 0.07610512 
619 207 12 14 0.075674616 
678 483 26 35 0.07566974 
48 272 8 9 0.07510406 
370 264 8 11 0.074115716 
5 332 11 14 0.07388676 
595 310 11 13 0.07384673 
111 278 9 11 0.07271734 
912 232 11 14 0.072470374 
46 342 11 15 0.07212872 
305 284 9 11 0.07210566 
745 215 9 12 0.072084375 
98 280 8 11 0.07189102 
53 309 11 14 0.070494756 
18 296 10 12 0.07019612 
343 303 9 12 0.07008491 
637 335 13 15 0.06956221 
348 269 9 11 0.06953857 
932 346 12 16 0.069506146 
26 285 9 11 0.068643756 
912 248 12 15 0.068593204 
424 301 10 12 0.06848935 
362 200 7 9 0.06802593 
94 307 9 12 0.06783412 
349 397 13 17 0.067690484 
330 256 8 10 0.06684584 
0 424 9 18 0.06677904 
464 231 9 10 0.06660455 
222 301 9 11 0.066520385 
414 214 8 10 0.06620505 
292 340 11 14 0.066148594 
281 292 9 11 0.06611208 
499 280 10 12 0.066101804 
186 208 7 8 0.06564715 
13 310 8 10 0.0650422 
705 199 9 11 0.06500442 
671 207 8 11 0.06398251 
481 237 8 11 0.063740514 
727 295 12 15 0.06298055 
192 202 7 9 0.0628008 
561 237 8 10 0.062531635 
415 254 8 11 0.06231011 
182 309 9 11 0.06174139 
327 300 10 12 0.061736383 
648 190 7 9 0.061670136 
151 213 7 8 0.06165591 
306 210 6 8 0.06155617 
441 238 8 10 0.061364114 
516 386 12 16 0.061277326 
130 381 12 15 0.06116688 
86 209 7 10 0.06114036 
106 174 6 9 0.061036643 
196 318 10 13 0.060686797 
295 321 13 15 0.060441054 
349 309 10 13 0.060229696 
521 239 9 11 0.060228378 
941 232 11 14 0.060127176 
912 190 8 10 0.059995387 
302 342 11 14 0.05961568 
42 387 15 20 0.059339862 
209 294 9 10 0.059325594 
65 278 8 10 0.059204567 
443 324 12 15 0.05920045 
519 230 8 10 0.058502093 
975 224 11 15 0.058235142 
929 229 9 13 0.05821676 
828 238 10 13 0.058116257 
478 220 8 10 0.058078174 
112 183 6 8 0.057991542 
163 332 10 13 0.05796931 
319 278 8 11 0.05779831 
749 212 10 13 0.05774941 
518 245 8 11 0.057747718 
263 262 9 10 0.057587113 
29 339 10 14 0.05745926 
782 222 12 14 0.057403345 
392 270 9 10 0.05699275 
894 188 9 12 0.056957006 
110 176 6 8 0.056899246 
349 263 9 12 0.056747712 
350 214 7 9 0.056572996 
486 269 9 11 0.05651482 
433 275 9 12 0.055871967 
382 238 7 10 0.055863302 
538 208 9 11 0.055216696 
95 285 9 10 0.0549717 
933 230 11 14 0.0544609 
361 217 6 8 0.054124724 
399 272 9 11 0.053846464 
225 208 7 9 0.053661916 
345 237 9 11 0.053575672 
310 323 12 16 0.053107675 
151 361 11 15 0.05309764 
57 264 7 9 0.053090833 
335 247 7 10 0.05286063 
256 362 20 25 0.05273966 
136 324 10 12 0.052714426 
237 339 13 15 0.05258725 
79 268 9 11 0.052518547 
207 208 7 9 0.05238515 
504 246 9 11 0.052372687 
383 199 7 9 0.052251894 
39 381 14 17 0.05224249 
843 324 12 15 0.05214871 
928 214 10 11 0.051854238 
895 195 9 12 0.05174512 
469 208 9 11 0.051739126 
241 288 9 11 0.05152954 
121 216 7 9 0.05150327 
191 205 7 9 0.051173158 
581 214 9 12 0.05113615 
305 269 8 11 0.050752964 
144 295 9 11 0.0506967 
889 187 9 12 0.050606105 
511 208 8 10 0.05058698 
51 295 9 12 0.050451677 
19 345 13 17 0.050068207 
144 277 8 10 0.049990304 
159 272 9 11 0.049950115 
20 355 14 16 0.04903524 
583 221 9 10 0.048977364 
106 216 6 9 0.04890143 
5 454 17 23 0.048817534 
254 207 7 9 0.048770614 
235 201 6 8 0.048672374 
319 287 9 12 0.04854386 
134 318 10 14 0.048260953 
365 278 9 12 0.048257105 
47 287 8 9 0.04816185 
200 177 7 9 0.048131526 
529 314 11 14 0.04797472 
912 184 9 10 0.047714423 
390 253 9 10 0.047513213 
240 280 7 9 0.047308777 
120 222 7 9 0.047105104 
278 230 7 10 0.046965484 
550 270 10 13 0.04659465 
30 452 12 17 0.046222962 
704 220 10 14 0.045995805 
230 333 11 14 0.045570344 
40 216 6 8 0.045517664 
56 287 7 10 0.04520678 
552 324 10 13 0.04491589 
2 341 12 16 0.044905484 
192 292 8 11 0.044798505 
645 324 11 13 0.044775184 
710 227 11 14 0.0446895 
756 384 17 21 0.04458568 
89 286 9 10 0.04451295 
564 211 10 13 0.044212714 
177 310 9 11 0.04408943 
65 236 8 11 0.043906614 
704 213 10 13 0.04368078 
81 240 7 9 0.043611225 
832 252 12 16 0.0434948 
443 386 12 17 0.043286238 
454 326 11 15 0.04328117 
303 238 8 10 0.043190256 
455 381 11 14 0.043182023 
544 256 9 11 0.04313142 
163 208 6 9 0.04312866 
110 257 8 10 0.04300644 
113 409 17 23 0.042788982 
229 354 12 15 0.042484827 
15 349 12 15 0.042463012 
278 337 14 17 0.042340655 
25 280 7 10 0.04226788 
800 357 16 20 0.042261668 
927 236 9 14 0.042174324 
646 317 11 14 0.04195531 
152 327 10 12 0.04190532 
98 175 7 9 0.04184546 
614 217 11 13 0.041784704 
447 330 12 15 0.041726626 
288 240 7 9 0.041499734 
835 214 11 15 0.04141545 
344 293 9 11 0.041410968 
391 316 12 16 0.041403033 
959 214 10 12 0.041347083 
288 271 8 10 0.041334074 
407 271 9 11 0.04130251 
444 358 11 13 0.041145515 
568 231 8 11 0.041029382 
870 279 12 15 0.040998183 
356 293 10 11 0.040934935 
45 334 10 13 0.040848527 
208 271 7 9 0.04081243 
183 287 7 10 0.040798534 
185 277 8 10 0.040724944 
361 248 7 8 0.040608525 
908 348 12 14 0.04059772 
806 209 9 11 0.04046945 
420 273 9 11 0.04044535 
101 357 17 19 0.04043856 
591 219 10 12 0.040355954 
157 373 14 18 0.040261634 
108 341 12 15 0.040204618 
472 252 10 13 0.040192135 
160 296 8 10 0.040150803 
256 216 6 9 0.04006527 
71 247 7 9 0.040060576 
982 383 18 24 0.040050127 
489 224 8 10 0.040024817 
90 300 9 12 0.040017188 
272 216 7 9 0.03994013 
173 356 11 14 0.03992737 
964 552 35 24 0.039198257 
64 214 6 9 0.039145995 
297 277 8 10 0.039059244 
231 327 9 12 0.038790792 
231 294 9 11 0.038728192 
226 213 8 9 0.038555566 
416 222 7 9 0.03853572 
573 229 9 10 0.038507875 
172 317 11 13 0.038490023 
118 341 11 12 0.03848542 
368 287 9 11 0.038445808 
366 204 8 10 0.0383073 
125 356 10 13 0.038296938 
47 315 11 14 0.03825448 
493 238 8 11 0.03824153 
942 217 10 13 0.038183827 
761 219 11 15 0.03807559 
854 230 10 13 0.038049623 
374 297 12 14 0.03804326 
33 392 21 27 0.038036548 
441 231 8 10 0.037937183 
664 206 10 12 0.037931178 
47 278 8 10 0.037882797 
261 342 13 18 0.037787717 
48 217 8 9 0.037737772 
376 209 7 9 0.03771277 
671 200 8 10 0.03761435 
361 205 8 10 0.037592348 
415 292 9 12 0.03751305 
425 241 8 10 0.03750975 
371 237 7 10 0.037476223 
275 231 6 9 0.037451025 
353 255 7 10 0.037432548 
38 301 9 12 0.03726881 
105 515 16 22 0.03723854 
369 215 7 9 0.03722004 
210 301 9 12 0.037088085 
240 270 8 10 0.037069384 
320 271 8 10 0.037028037 
344 287 9 10 0.037004612 
779 537 32 36 0.036994964 
32 280 9 11 0.036983833 
56 270 8 10 0.036832258 
375 254 7 9 0.036736093 
264 271 7 10 0.036719646 
167 270 8 10 0.036585625 
408 295 9 12 0.036571357 
63 263 7 10 0.036540456 
131 302 10 12 0.03649289 
705 250 14 16 0.036417756 
166 208 7 8 0.03637334 
480 269 9 11 0.03632468 
885 226 12 14 0.036265194 
148 455 16 21 0.036264382 
541 324 11 14 0.036133397 
386 247 8 10 0.03612301 
63 271 8 10 0.03608501 
197 311 10 11 0.03606179 
346 231 7 10 0.036016997 
121 308 11 12 0.035891764 
517 317 11 14 0.03546737 
55 278 7 10 0.035411306 
704 204 9 13 0.03540853 
559 270 9 11 0.03536386 
825 243 10 14 0.035194717 
406 300 10 12 0.03510271 
391 309 12 15 0.03503466 
313 198 7 9 0.035 
354 199 7 9 0.034915227 
310 213 7 10 0.034853753 
311 210 6 8 0.03480957 
358 238 7 10 0.034676015 
208 288 8 10 0.034602065 
199 180 8 10 0.034491897 
249 278 8 10 0.03444262 
747 363 14 18 0.034382757 
872 362 13 17 0.034375265 
527 245 8 10 0.03432448 
383 231 7 10 0.034273572 
240 311 9 11 0.034155436 
431 323 12 15 0.034063894 
487 319 10 12 0.033968005 
432 245 8 10 0.0339569 
528 231 8 11 0.033948515 
494 335 10 14 0.03383521 
630 296 13 17 0.03377173 
375 287 10 12 0.033726625 
55 341 13 16 0.033695076 
311 224 7 9 0.033645824 
313 231 6 8 0.033629477 
760 214 10 14 0.033603147 
518 224 8 10 0.033349376 
845 236 12 14 0.033299055 
145 300 8 11 0.033251293 
382 306 11 14 0.033144943 
552 332 11 15 0.033120994 
206 325 9 11 0.033072047 
717 215 10 12 0.033004325 
360 222 7 9 0.03299379 
464 292 9 13 0.032917477 
953 253 10 13 0.032879382 
587 274 11 14 0.0328589 
585 182 8 9 0.032781634 
964 231 11 15 0.032773465 
328 309 10 13 0.032723915 
445 317 10 14 0.03265278 
151 296 9 11 0.03262396 
239 326 10 12 0.03261648 
273 224 7 8 0.032551683 
173 255 7 10 0.032516744 
510 437 20 29 0.03251214 
451 213 9 12 0.032404058 
910 260 12 14 0.032351233 
217 333 10 12 0.032349654 
762 379 15 18 0.032300364 
279 261 8 10 0.03229136 
558 262 11 12 0.03228545 
544 271 9 11 0.032282844 
439 245 8 11 0.032224197 
511 223 8 10 0.032158278 
560 246 10 12 0.0319853 
219 280 8 10 0.031971745 
945 277 9 12 0.0319274 
518 324 10 13 0.03189974 
128 333 11 15 0.031844627 
649 184 8 9 0.03177507 
512 213 8 11 0.03176076 
723 246 13 15 0.031640425 
129 280 7 9 0.031599786 
146 224 7 9 0.031573787 
161 224 6 8 0.03148193 
539 182 8 11 0.03143268 
263 280 9 10 0.03141082 
336 262 8 11 0.03139511 
585 264 9 11 0.03133511 
0 264 8 11 0.031308968 
216 270 7 10 0.031307574 
88 224 7 8 0.03113107 
1012 206 11 17 0.031125987 
446 230 8 10 0.031058349 
391 231 7 9 0.031013181 
133 333 10 12 0.030860959 
65 247 7 10 0.030776728 
280 354 15 19 0.030757278 
498 217 9 11 0.030700967 
464 286 9 11 0.030669106 
127 296 11 13 0.030612852 
350 209 8 9 0.030462384 
301 294 9 10 0.030446427 
124 441 17 21 0.03043217 
143 198 7 9 0.030416097 
405 407 15 19 0.030380372 
383 224 7 9 0.030337391 
106 221 7 10 0.030319482 
286 345 14 19 0.030292608 
14 325 9 12 0.030290606 
72 309 9 11 0.03023615 
643 334 11 14 0.03021872 
358 283 11 13 0.03019244 
89 294 9 11 0.030160429 
882 220 11 14 0.030127633 
582 206 9 11 0.030082835 
313 294 9 11 0.030035336 
313 193 7 9 0.030029338 
374 247 9 10 0.030000338 
218 350 14 17 0.029968802 
903 191 8 11 0.029959407 
802 453 21 28 0.029889332 
220 294 10 12 0.029855892 
487 263 8 11 0.029819299 
751 219 9 13 0.029779872 
199 292 8 11 0.029735649 
336 194 7 9 0.029673118 
409 286 9 11 0.029664023 
238 317 9 11 0.029640261 
336 295 9 11 0.029619563 
61 301 9 12 0.02960581 
590 181 8 11 0.029566925 
1003 220 13 16 0.02956314 
349 302 10 12 0.029498206 
9 294 8 10 0.029481815 
330 246 7 9 0.029438026 
781 205 10 12 0.029348128 
28 294 10 13 0.029314252 
113 296 8 10 0.029286547 
304 230 8 10 0.029142048 
527 292 11 12 0.029043237 
241 206 6 9 0.02904168 
382 301 10 13 0.029034272 
756 206 9 12 0.028903974 
7 285 8 11 0.028887661 
401 247 8 10 0.028859677 
161 214 6 8 0.028762346 
344 408 23 29 0.028644841 
385 206 6 9 0.028618623 
93 354 13 17 0.028617887 
38 345 14 18 0.028599812 
69 334 11 13 0.028596751 
50 207 6 8 0.028592369 
232 259 8 10 0.02858448 
311 330 12 16 0.028457263 
509 402 14 18 0.028437704 
877 212 11 13 0.028413808 
368 255 8 10 0.028377626 
72 209 6 8 0.028360764 
87 181 7 9 0.02835975 
231 287 8 10 0.028356887 
166 356 11 14 0.02832347 
104 245 7 9 0.02829368 
431 362 13 17 0.028282605 
198 278 8 10 0.028277408 
612 350 15 18 0.028265966 
288 278 9 11 0.028229356 
241 263 7 9 0.028228808 
0 269 7 10 0.028126001 
385 263 7 10 0.028067477 
314 170 7 9 0.028059347 
496 231 7 10 0.028049903 
296 198 6 8 0.027981635 
208 199 7 8 0.02796588 
865 441 23 29 0.027962085 
777 205 9 11 0.027906567 
255 238 6 9 0.02771073 
378 199 6 9 0.027600443 
534 230 8 10 0.02755528 
551 276 10 12 0.027511768 
79 334 11 14 0.027504096 
323 209 7 9 0.027490882 
330 241 7 9 0.027384724 
887 195 9 12 0.027384182 
796 220 11 15 0.02732322 
135 280 8 11 0.027237756 
398 276 9 11 0.027237436 
518 310 9 12 0.027164632 
216 326 9 12 0.027162451 
319 231 6 9 0.02711266 
368 247 7 9 0.027040968 
589 263 9 11 0.027028212 
678 261 14 16 0.027028114 
247 263 7 9 0.026998114 
62 310 9 12 0.026955757 
167 341 10 13 0.026847046 
104 240 7 9 0.026843745 
184 324 12 14 0.026740288 
464 326 14 16 0.026722522 
348 316 11 14 0.026702194 
520 339 11 15 0.02670104 
873 262 10 12 0.0266577 
951 220 9 11 0.026617825 
7 262 7 10 0.026578931 
457 230 9 11 0.026578708 
385 253 8 10 0.026571011 
16 262 7 9 0.026566574 
295 301 11 12 0.026545232 
532 342 15 18 0.026530957 
409 311 12 14 0.026521264 
166 299 9 12 0.026475532 
81 223 7 9 0.026469046 
281 215 7 8 0.026395222 
378 222 7 9 0.026357178 
150 223 7 10 0.026329448 
82 348 12 14 0.026297735 
110 284 8 11 0.02621608 
848 229 11 14 0.02615041 
543 201 8 10 0.026129203 
400 230 7 10 0.026105817 
185 257 7 9 0.026057368 
463 247 8 10 0.026025904 
137 200 7 9 0.026002876 
104 182 7 9 0.025932109 
199 272 8 10 0.025769798 
249 216 7 8 0.025764437 
976 377 19 24 0.025742639 
164 326 12 14 0.025715956 
535 325 12 14 0.02571039 
408 260 10 12 0.025705472 
62 387 14 16 0.025663897 
118 332 11 14 0.025648579 
470 310 11 13 0.025611272 
448 309 10 14 0.025581628 
73 318 10 12 0.025580743 
57 216 7 9 0.025480235 
392 240 8 9 0.025388446 
158 352 11 14 0.025378633 
625 297 11 15 0.025345981 
128 473 18 20 0.025323614 
128 352 10 13 0.02532233 
97 182 7 9 0.025288474 
63 286 8 10 0.025212174 
797 228 11 15 0.024984814 
5 353 13 17 0.024932787 
557 335 14 18 0.024925312 
551 338 11 15 0.024863787 
505 208 8 9 0.024842836 
477 316 12 14 0.024741903 
262 328 10 12 0.02473048 
319 193 7 9 0.024703767 
297 239 7 9 0.024685306 
29 400 17 23 0.024560163 
598 254 9 12 0.024542373 
65 255 7 9 0.024476353 
533 223 9 11 0.024387525 
529 253 10 12 0.02431837 
86 177 8 9 0.024317283 
574 308 11 14 0.024300167 
34 215 7 9 0.02429196 
602 325 14 17 0.024280896 
49 222 7 8 0.024252063 
110 215 7 9 0.024173561 
105 169 7 9 0.024159528 
79 355 13 17 0.024113435 
238 201 6 9 0.024088154 
182 304 8 9 0.024053587 
471 288 10 11 0.024038626 
673 184 7 9 0.024002327 
231 207 7 9 0.024002174 
618 189 8 10 0.023993058 
878 199 9 12 0.023977755 
886 253 10 13 0.023975242 
335 240 7 9 0.023964437 
119 247 7 9 0.023947706 
96 318 9 11 0.023878958 
207 213 7 10 0.023838537 
281 257 7 9 0.02380564 
303 248 8 9 0.023751508 
820 370 14 18 0.023707082 
216 225 6 8 0.02366975 
371 319 13 16 0.02364801 
343 247 8 9 0.023640972 
202 214 7 9 0.023611108 
76 362 14 15 0.023445379 
287 214 7 9 0.023351118 
112 301 9 12 0.02329329 
408 276 10 12 0.023271408 
395 533 15 19 0.023266597 
143 288 9 10 0.023263585 
247 347 14 18 0.023215365 
80 245 7 9 0.02316804 
198 330 10 14 0.023145001 
296 255 8 9 0.023136161 
921 268 9 12 0.023136076 
442 208 9 11 0.02313204 
165 279 9 10 0.023090657 
839 238 12 14 0.023082672 
558 254 11 12 0.023080435 
456 292 10 12 0.023074787 
429 254 11 14 0.022966512 
887 388 13 18 0.022942845 
62 334 12 13 0.022864684 
95 323 10 13 0.02282648 
502 228 9 11 0.022770273 
90 255 7 9 0.022743061 
256 222 7 8 0.022701899 
462 419 16 22 0.022694234 
56 222 6 9 0.022688322 
704 226 11 15 0.022678673 
474 222 8 11 0.02264431 
70 239 7 10 0.022630686 
980 229 11 13 0.022617264 
31 311 9 11 0.022609418 
710 276 15 18 0.022598134 
825 404 16 19 0.022585548 
409 231 8 11 0.022577284 
538 316 12 15 0.02257215 
177 198 7 9 0.02252781 
701 355 14 20 0.022524701 
39 295 8 11 0.022522911 
932 353 14 17 0.022520924 
137 341 9 13 0.02250042 
446 252 8 11 0.022483008 
401 253 9 11 0.022469284 
440 309 10 13 0.022431964 
743 356 12 17 0.022412723 
126 338 10 13 0.022410374 
24 325 10 12 0.022394093 
771 529 27 41 0.022389853 
435 373 13 18 0.022253318 
621 321 12 17 0.022171607 
351 223 8 9 0.022135284 
170 364 14 17 0.022132853 
945 330 15 17 0.022130784 
303 331 12 15 0.022085316 
144 183 7 9 0.02208008 
293 307 19 22 0.02207863 
640 203 10 13 0.022072863 
383 323 11 14 0.02206282 
504 192 7 9 0.022045953 
917 222 10 12 0.022043075 
536 291 11 13 0.022011407 
507 284 9 13 0.021963349 
247 256 7 9 0.021947477 
345 224 7 8 0.0219273 
114 190 6 9 0.021911485 
881 252 9 13 0.021879645 
288 262 7 10 0.021864098 
320 225 6 9 0.021851288 
737 222 10 13 0.021811724 
63 327 10 12 0.021756608 
565 236 9 11 0.021719523 
271 248 7 9 0.021691477 
152 286 8 10 0.021677548 
892 232 12 14 0.021646984 
137 183 7 9 0.021644304 
952 397 15 17 0.021619335 
969 269 13 14 0.021612924 
160 263 8 10 0.021599794 
138 174 7 9 0.021591116 
414 261 10 11 0.021564191 
525 326 11 13 0.021558078 
917 191 8 10 0.02154004 
720 251 14 15 0.021529965 
795 277 13 16 0.021526432 
197 262 8 9 0.021491254 
193 224 7 8 0.021474088 
905 214 9 11 0.021466292 
214 257 8 10 0.021407282 
297 248 7 9 0.021342997 
797 235 11 14 0.021342482 
409 222 8 9 0.021305637 
326 287 9 12 0.021272287 
0 287 7 11 0.021249043 
398 263 9 11 0.021216743 
288 224 6 8 0.02120849 
287 316 10 13 0.021117482 
919 197 7 10 0.021110004 
880 228 9 14 0.021097856 
319 198 6 9 0.02109556 
357 332 12 16 0.021092048 
904 245 10 14 0.021044595 
199 257 7 8 0.02097515 
566 320 11 14 0.020948354 
791 235 10 14 0.020918466 
297 231 7 10 0.02089474 
63 294 8 11 0.02089071 
150 335 11 13 0.020878512 
500 252 11 12 0.020867031 
479 244 9 12 0.020859579 
231 249 7 10 0.020853955 
301 304 11 13 0.020850826 
488 278 9 11 0.020845907 
331 199 7 9 0.020812737 
135 207 7 8 0.020801226 
152 249 7 9 0.020772925 
207 361 15 19 0.020766182 
135 216 7 9 0.020762721 
822 396 13 18 0.020757291 
478 210 9 10 0.020754898 
119 296 9 11 0.020721048 
1012 217 12 16 0.020711761 
72 214 7 9 0.020701362 
495 207 7 9 0.020671872 
66 224 7 9 0.020671332 
501 290 10 14 0.020670364 
915 356 15 17 0.020639433 
893 254 12 14 0.020625742 
503 198 7 9 0.020620525 
422 286 10 12 0.02060003 
518 303 10 12 0.020599086 
639 326 13 15 0.020598881 
41 232 7 9 0.020570025 
186 262 7 9 0.020565318 
497 199 7 10 0.020564731 
821 355 12 15 0.020546012 
606 181 8 10 0.020514436 
965 207 11 14 0.020499054 
924 354 14 18 0.020471346 
560 296 9 11 0.020446172 
486 294 9 12 0.020409059 
432 193 7 9 0.020407574 
72 257 8 9 0.020400528 
505 239 8 10 0.020362178 
800 459 14 20 0.0203299 
958 220 10 12 0.020318765 
904 221 10 12 0.02027223 
970 384 19 26 0.020196952 
249 223 5 8 0.020186588 
905 326 12 16 0.020171294 
416 240 8 10 0.020156078 
24 307 9 12 0.020094246 
565 271 11 13 0.020079464 
216 307 9 12 0.02006191 
471 200 7 9 0.020044517 
66 209 7 9 0.020041984 
84 360 15 18 0.020035524 
