2_Demonstration_Demonstrators_2_28
226
455 396 26 34 0.9973189 
658 605 54 64 0.99700814 
171 382 26 31 0.9965643 
513 443 29 37 0.9953002 
39 391 32 40 0.994699 
386 429 26 33 0.99349666 
752 430 25 34 0.99329114 
603 384 22 29 0.99247783 
249 395 23 31 0.9916363 
328 513 35 43 0.99004537 
547 362 15 22 0.9876181 
176 514 42 53 0.98722327 
33 543 44 59 0.9860042 
35 361 27 32 0.982404 
891 438 26 40 0.98155403 
88 478 34 45 0.9810416 
596 505 35 44 0.9802586 
978 477 29 39 0.9800719 
844 514 42 51 0.9788063 
262 452 23 30 0.9780878 
490 388 21 29 0.97691923 
260 361 21 27 0.9693923 
295 426 24 30 0.96827805 
329 443 25 32 0.96710956 
866 397 24 32 0.96141803 
181 599 46 69 0.9554975 
64 352 19 24 0.94615537 
646 367 15 20 0.9455481 
435 463 24 32 0.92310524 
421 352 14 19 0.9171156 
587 362 17 21 0.9066211 
620 364 13 16 0.8948095 
368 381 17 23 0.8912044 
240 341 13 17 0.88458264 
137 411 23 34 0.88427544 
700 580 33 53 0.8800284 
492 561 35 54 0.8757402 
685 451 19 23 0.87249976 
1004 443 20 34 0.8693408 
672 378 16 24 0.86636406 
477 366 18 23 0.8550354 
442 370 19 27 0.8410048 
716 403 13 17 0.8393439 
525 344 9 11 0.8372992 
217 370 14 17 0.81904346 
215 337 12 15 0.8134484 
284 370 18 21 0.77213377 
766 350 14 20 0.74594986 
194 353 11 15 0.6988666 
438 496 31 34 0.6537263 
693 357 14 17 0.64208657 
757 352 14 19 0.61551017 
457 346 11 14 0.5617799 
134 369 16 20 0.55664796 
154 368 17 23 0.5289858 
711 355 12 15 0.49062562 
172 346 10 13 0.46212253 
572 341 11 13 0.43938398 
639 349 10 13 0.4381827 
762 405 14 21 0.43204418 
500 368 12 16 0.42556077 
670 352 9 12 0.38203913 
830 332 9 11 0.37338203 
804 360 10 13 0.357788 
794 332 9 11 0.35171676 
99 362 18 21 0.33150443 
839 389 12 18 0.32697406 
685 593 44 56 0.31287602 
417 356 11 14 0.30660477 
651 342 10 12 0.28623268 
886 365 9 11 0.2786546 
915 419 15 22 0.27549982 
994 340 9 11 0.26894355 
278 347 11 14 0.24686195 
617 320 10 12 0.24545828 
0 364 12 19 0.24370003 
565 369 14 19 0.24074875 
805 392 13 18 0.21222743 
407 378 12 16 0.19267349 
809 330 8 10 0.19083355 
274 365 18 27 0.18788621 
501 351 10 13 0.18411711 
11 346 14 17 0.18370557 
460 524 28 36 0.18011959 
817 364 9 13 0.1793389 
564 321 8 10 0.1787213 
2 384 15 21 0.17846702 
511 356 9 12 0.17372447 
230 322 7 10 0.1716276 
636 354 13 16 0.16843498 
61 339 14 16 0.15616111 
470 369 15 19 0.15546216 
472 319 8 10 0.15526085 
969 365 11 16 0.14760844 
330 342 9 12 0.13937023 
864 322 7 10 0.13661404 
614 347 11 14 0.13542299 
664 331 8 11 0.1342159 
588 320 8 11 0.13277626 
139 368 20 26 0.122790486 
711 364 12 17 0.1224521 
628 365 12 15 0.11739951 
955 365 11 16 0.117172256 
497 355 11 13 0.11647998 
901 358 10 12 0.108476676 
637 364 12 15 0.10763814 
463 370 14 18 0.09288562 
324 311 8 11 0.092199706 
896 510 28 46 0.08527112 
606 347 11 14 0.08344661 
893 363 10 13 0.07919798 
362 506 25 38 0.07552072 
163 364 14 18 0.07400509 
853 331 9 12 0.07387403 
849 333 8 11 0.07318868 
127 367 15 22 0.06714957 
89 332 9 11 0.06708505 
194 573 43 65 0.06664796 
105 357 15 19 0.06561431 
834 368 8 12 0.06331706 
198 387 12 19 0.062224574 
641 326 7 11 0.06145709 
159 374 21 28 0.06079583 
845 371 12 14 0.060246002 
1001 356 10 14 0.0602422 
999 349 11 14 0.059892 
571 398 13 18 0.055839103 
283 410 15 19 0.055159323 
700 360 13 18 0.05361033 
658 329 8 10 0.053161833 
389 367 11 15 0.05205865 
856 327 8 12 0.051952124 
113 360 18 28 0.05114125 
677 410 18 23 0.049639877 
707 390 12 18 0.049227342 
838 333 9 11 0.048889607 
675 350 11 14 0.048530646 
897 358 9 13 0.047568534 
521 347 9 12 0.046732012 
1005 380 10 14 0.04664457 
475 348 12 13 0.04643942 
848 328 7 10 0.045145143 
934 402 24 29 0.043314725 
656 333 8 11 0.042856462 
936 316 9 12 0.042277507 
903 361 11 15 0.042091306 
885 368 11 15 0.041345693 
643 347 11 14 0.040422175 
345 509 30 40 0.040245477 
595 357 13 18 0.039963044 
968 352 9 11 0.03986682 
172 335 9 11 0.03941043 
968 358 11 14 0.039213784 
285 347 10 13 0.03910355 
429 341 12 15 0.03882726 
604 353 13 16 0.036094956 
426 310 8 10 0.035843186 
33 372 29 41 0.035763767 
925 389 11 13 0.035432976 
595 375 21 29 0.035285495 
290 365 15 19 0.035084505 
398 377 15 19 0.03445375 
-43 121 321 457 0.033743255 
839 371 10 13 0.033495907 
443 141 16 19 0.033343296 
528 355 11 15 0.03318965 
325 416 23 27 0.03264038 
483 360 13 15 0.03259604 
588 396 13 18 0.032327145 
721 337 8 11 0.032008193 
51 353 21 27 0.031922527 
436 482 28 37 0.031776845 
615 367 14 17 0.031754993 
580 342 10 12 0.031642485 
921 340 12 14 0.03164003 
814 349 8 10 0.031032603 
903 336 8 11 0.03085021 
798 388 15 20 0.030847128 
821 358 8 11 0.03081563 
198 342 10 13 0.03055188 
945 357 9 12 0.03053449 
950 360 10 13 0.030248476 
568 337 10 13 0.029814301 
684 435 16 19 0.028918007 
432 378 13 18 0.028341202 
616 355 12 15 0.02732799 
1015 317 8 11 0.026436217 
226 324 10 12 0.026424715 
688 360 14 18 0.026359916 
184 336 9 12 0.026333494 
573 365 12 17 0.026170574 
209 341 11 13 0.025984386 
445 379 22 29 0.025739828 
0 387 20 33 0.025714979 
348 356 14 16 0.025622353 
550 349 10 13 0.025109623 
387 367 19 25 0.025101004 
477 319 8 11 0.024609 
600 349 12 14 0.024408901 
934 335 10 13 0.02439495 
189 382 20 28 0.024260841 
1006 414 17 23 0.024225553 
861 402 18 26 0.024038685 
117 356 13 20 0.02398731 
293 344 9 12 0.023136824 
516 355 9 13 0.023012681 
880 402 13 20 0.02292676 
260 391 21 30 0.022507846 
653 346 10 13 0.022491539 
918 394 12 15 0.022299228 
167 358 11 14 0.022138266 
814 403 15 18 0.022111991 
582 358 15 17 0.021791898 
633 349 11 14 0.021756178 
622 216 8 10 0.02135152 
790 388 14 17 0.021254292 
272 349 13 16 0.020927329 
799 256 7 8 0.020683102 
291 407 16 21 0.020661816 
448 349 10 12 0.020521536 
899 428 24 35 0.020417746 
665 354 11 14 0.02026536 
574 354 12 15 0.020227231 
3 354 15 22 0.020221021 
226 371 14 18 0.020081831 
210 562 31 56 0.020012282 
