2_Demonstration_Demonstration_Or_Protest_2_402
39
475 124 47 54 0.9977976 
670 137 59 69 0.9943131 
313 151 56 65 0.9891802 
385 111 57 66 0.98817086 
608 111 56 66 0.98540086 
186 148 58 68 0.97571427 
795 123 59 70 0.95536596 
834 1 36 43 0.50135225 
912 7 22 31 0.1828879 
770 5 24 31 0.15571666 
539 125 12 15 0.06291571 
705 12 10 13 0.060109 
831 53 40 45 0.059340954 
920 229 8 10 0.05222125 
634 115 67 94 0.049593393 
863 246 9 12 0.04684679 
589 128 33 43 0.04615447 
849 260 9 11 0.04354608 
977 15 11 14 0.041497197 
657 31 9 12 0.041350074 
46 191 9 11 0.03967461 
980 0 13 10 0.035796385 
644 35 10 12 0.03579202 
148 204 24 30 0.03572437 
983 205 11 12 0.03398706 
918 224 9 12 0.03359107 
692 29 11 14 0.03320808 
968 77 10 15 0.03179343 
147 148 35 51 0.029293017 
167 144 52 66 0.02725952 
646 65 14 16 0.027100854 
701 28 9 13 0.026963888 
641 31 10 13 0.024815809 
977 339 11 14 0.024701232 
963 317 13 17 0.02463491 
1014 354 8 13 0.02269609 
896 241 6 8 0.022621766 
5 184 11 16 0.022452878 
714 16 25 35 0.021003408 
