2_Demonstration_Demonstrators_2_170
29
867 192 56 66 0.9992286 
735 138 65 82 0.9988387 
927 174 80 86 0.9983187 
319 116 57 88 0.9935533 
591 100 45 66 0.99308914 
40 116 24 34 0.9724095 
722 123 34 43 0.9669602 
5 120 19 27 0.9334614 
192 114 35 44 0.780133 
89 128 17 21 0.5195767 
252 126 34 41 0.48431543 
103 182 36 45 0.24683785 
34 201 26 29 0.085135244 
550 289 31 28 0.078122556 
59 117 26 32 0.0643867 
715 128 51 62 0.06171661 
76 122 24 30 0.057092085 
690 122 32 47 0.044748973 
0 115 13 20 0.042993717 
445 152 44 49 0.036997575 
505 48 31 43 0.030818554 
492 128 40 46 0.03017303 
540 149 14 18 0.029061215 
697 109 31 43 0.028666819 
238 126 28 34 0.027996205 
239 129 13 17 0.02568606 
849 196 29 42 0.02255452 
570 92 12 17 0.021906273 
898 131 11 15 0.020097742 
