2_Demonstration_Protesters_2_92
81
260 433 53 69 0.9951208 
243 302 34 37 0.9929075 
198 325 28 40 0.98346484 
826 331 34 48 0.9659851 
428 302 15 19 0.96467394 
346 332 20 27 0.9478301 
747 360 49 58 0.9417131 
84 515 72 138 0.93637574 
687 341 34 43 0.91350394 
314 308 29 45 0.86514914 
380 317 21 28 0.82975227 
649 300 21 30 0.81072897 
964 306 30 45 0.6031292 
92 295 11 15 0.602287 
587 321 17 26 0.54029936 
494 320 20 29 0.39533547 
162 317 15 21 0.38812697 
116 312 22 27 0.34800062 
468 301 20 28 0.31514168 
66 343 33 42 0.27330345 
927 366 28 42 0.23665003 
140 313 14 22 0.18703133 
934 312 22 30 0.13723202 
48 340 42 52 0.13465858 
748 408 37 44 0.1295407 
477 309 22 29 0.123178095 
935 319 34 51 0.12119449 
129 311 21 26 0.11953486 
184 289 12 15 0.108774975 
616 434 23 29 0.09810303 
163 307 15 16 0.09326389 
772 581 50 62 0.08774257 
617 378 24 33 0.08772396 
114 431 39 58 0.087453954 
279 327 27 33 0.07487119 
198 524 48 61 0.0745371 
486 321 16 23 0.0702964 
329 326 23 32 0.069708906 
34 283 13 15 0.06583933 
1 308 23 33 0.06086554 
596 321 24 31 0.058502547 
951 320 27 43 0.05563918 
126 377 40 52 0.054504294 
375 313 14 21 0.047183793 
464 299 14 22 0.046974607 
146 306 12 16 0.04661036 
617 291 14 17 0.046434272 
487 303 23 35 0.04590171 
498 299 27 34 0.04429715 
739 308 17 20 0.04390263 
548 316 16 20 0.041679136 
188 296 16 19 0.041281614 
104 318 25 29 0.04051984 
81 348 20 30 0.039090917 
391 320 18 22 0.039040875 
412 308 14 19 0.035406545 
144 373 27 41 0.035172675 
168 319 19 24 0.03438162 
92 325 26 29 0.033716537 
658 299 27 33 0.033085503 
145 314 18 26 0.032760605 
606 426 27 33 0.032200187 
276 311 26 38 0.03140267 
0 311 34 49 0.030927133 
-1 348 37 67 0.030712558 
182 298 15 18 0.030307109 
323 329 18 27 0.029854277 
467 293 16 23 0.027867723 
126 438 46 71 0.02577626 
938 325 18 26 0.023969542 
329 320 16 25 0.023334632 
194 307 17 21 0.023194524 
398 309 23 28 0.022808366 
364 254 394 396 0.02235196 
738 362 36 48 0.022332685 
605 315 24 30 0.021748766 
602 328 27 33 0.02148329 
122 303 16 19 0.02081803 
582 531 15 18 0.020553987 
972 314 37 44 0.020093758 
735 312 23 31 0.02000584 
