2_Demonstration_Demonstrators_2_163
20
566 182 94 131 0.99845827 
192 267 59 71 0.9982907 
891 267 37 45 0.9935028 
841 288 36 41 0.9933601 
553 294 24 31 0.98130566 
96 253 40 58 0.9292291 
341 182 77 113 0.9285635 
22 237 30 48 0.82730347 
778 260 29 34 0.07689015 
27 228 47 65 0.050613884 
170 272 55 66 0.041167133 
0 300 17 25 0.037877705 
769 268 39 47 0.03738541 
907 323 33 46 0.031596158 
114 254 50 67 0.027516743 
199 521 45 47 0.02569761 
853 806 197 340 0.02361107 
448 923 14 17 0.022313323 
147 261 50 68 0.02166371 
69 487 12 15 0.020101052 
