2_Demonstration_Protesters_2_901
94
787 340 63 72 0.99053276 
277 352 50 64 0.9895376 
581 170 36 44 0.9883364 
679 337 44 51 0.96096593 
450 340 53 65 0.95776284 
515 645 80 114 0.93263924 
407 351 37 58 0.9315949 
828 93 51 63 0.84143764 
538 193 29 39 0.8154365 
597 358 41 50 0.6633816 
900 685 68 101 0.6307636 
934 502 28 41 0.6302563 
481 334 42 58 0.49791062 
145 349 34 50 0.45814174 
722 205 35 43 0.290124 
957 644 31 43 0.27997237 
692 209 25 31 0.2688326 
466 656 61 90 0.26219678 
74 621 54 71 0.25702786 
886 -4 40 35 0.2438158 
532 449 34 54 0.21145497 
114 351 33 48 0.20585431 
39 345 30 41 0.20144024 
123 573 43 64 0.15866786 
126 346 40 57 0.13774535 
746 376 36 41 0.13550544 
54 628 80 110 0.13213809 
784 122 30 36 0.12871735 
564 496 55 55 0.12794858 
390 352 38 51 0.12517972 
229 581 49 87 0.115036905 
117 413 29 37 0.114464626 
961 696 44 73 0.107111886 
147 318 47 66 0.10485661 
0 563 29 62 0.1024759 
431 351 35 50 0.083853565 
758 127 41 52 0.083745524 
935 689 53 88 0.07806824 
0 354 24 43 0.07653954 
818 117 25 35 0.071107715 
642 385 29 39 0.065606475 
105 585 47 68 0.05678823 
293 669 53 63 0.055552743 
23 326 49 73 0.04813594 
-2 346 43 66 0.047145553 
941 645 50 74 0.046894975 
978 539 41 60 0.045161802 
233 726 50 70 0.043280493 
366 339 50 63 0.042559993 
776 216 34 38 0.040528905 
263 668 58 65 0.04044057 
919 512 34 37 0.039438464 
500 341 35 53 0.038734265 
791 211 42 46 0.03761264 
547 474 52 63 0.037275262 
40 637 62 77 0.037271924 
19 765 45 64 0.035840288 
155 164 59 82 0.03582429 
322 390 32 39 0.034641884 
73 317 31 38 0.034152064 
132 405 26 40 0.032501794 
438 523 43 64 0.032019768 
85 600 50 67 0.03175877 
576 362 37 44 0.031303797 
830 655 55 72 0.030401869 
188 448 27 37 0.028667778 
51 336 34 46 0.028267944 
69 324 42 57 0.028267615 
613 339 36 57 0.027609494 
895 0 49 45 0.027599623 
749 351 36 46 0.02728055 
814 127 16 23 0.027111342 
696 196 25 34 0.02666405 
244 610 52 73 0.025917795 
344 546 45 66 0.02586889 
682 203 27 33 0.025176939 
746 133 33 43 0.024668004 
638 459 33 43 0.02454803 
664 349 31 38 0.024362925 
16 305 84 117 0.024276592 
513 318 39 51 0.02390004 
973 513 43 63 0.023880674 
52 614 51 65 0.023862824 
30 585 47 67 0.023394378 
507 443 44 63 0.023259647 
72 670 94 143 0.022941515 
55 651 169 204 0.022791265 
18 346 33 39 0.022221604 
750 541 50 56 0.021793196 
13 574 46 74 0.021479035 
945 615 50 63 0.021223927 
162 300 57 79 0.020860633 
660 441 42 58 0.02023747 
765 362 50 61 0.020197041 
