2_Demonstration_Demonstration_Or_Protest_2_200
133
807 490 55 61 0.99686843 
277 217 35 46 0.99457586 
73 266 36 47 0.9940513 
177 223 32 39 0.99202746 
222 190 30 36 0.9898038 
787 383 46 53 0.988872 
84 131 30 39 0.9874402 
939 300 45 60 0.9818268 
851 324 38 50 0.9814369 
387 223 24 32 0.9806707 
12 364 40 52 0.9731972 
882 165 27 34 0.9659326 
948 176 36 40 0.95713603 
312 365 44 56 0.93379176 
842 132 24 27 0.9328629 
285 170 24 30 0.9295116 
308 98 15 17 0.9293216 
356 151 21 30 0.9088727 
462 13 12 14 0.90287566 
399 48 15 20 0.8781149 
669 381 43 62 0.85095596 
275 68 13 18 0.84776556 
366 113 15 19 0.826291 
903 0 15 17 0.7508515 
356 26 12 15 0.7262781 
22 71 15 19 0.718786 
845 192 25 30 0.69926965 
895 297 32 45 0.68512213 
902 116 16 22 0.6750877 
404 484 50 47 0.5600447 
1 317 23 38 0.52134293 
681 36 18 22 0.5198622 
541 167 23 32 0.50268465 
924 78 18 23 0.41258928 
396 164 23 31 0.40892553 
527 86 10 14 0.40414974 
812 0 11 10 0.3719074 
351 120 15 20 0.35283357 
17 128 18 23 0.27909794 
355 115 16 20 0.23210195 
301 169 22 30 0.21172121 
314 167 21 28 0.20058416 
504 163 25 28 0.18005736 
121 261 29 39 0.17909434 
388 150 24 32 0.15048312 
261 207 20 31 0.14064923 
406 141 15 17 0.12528843 
790 92 15 20 0.1111765 
501 7 11 14 0.09698239 
287 80 14 19 0.09650716 
89 29 12 18 0.09514157 
872 304 38 51 0.09085509 
318 78 12 15 0.07990469 
673 45 9 13 0.0729326 
357 3 10 12 0.07069113 
515 166 24 32 0.0676876 
649 37 12 16 0.065908305 
487 39 11 12 0.06257539 
35 137 14 18 0.062540926 
693 0 14 17 0.06160209 
759 71 9 12 0.06150996 
390 29 10 12 0.060431037 
1008 26 14 18 0.05932404 
398 481 36 38 0.058433257 
867 133 13 18 0.056474797 
912 119 16 21 0.056223363 
759 84 10 14 0.04865736 
895 150 24 30 0.048645005 
532 168 22 31 0.04700978 
479 89 16 19 0.046673775 
766 0 12 11 0.042732798 
799 16 16 18 0.04130597 
919 392 40 49 0.040890932 
63 258 29 40 0.040197387 
391 23 11 13 0.03987881 
234 140 20 25 0.03896584 
912 134 23 32 0.038308937 
649 28 9 13 0.03827077 
541 75 11 13 0.03809278 
361 84 12 18 0.037911307 
914 291 42 59 0.036880754 
980 185 28 35 0.036794256 
884 191 16 19 0.036096916 
945 10 9 13 0.035504714 
903 142 24 29 0.034612145 
351 111 14 19 0.03440948 
908 122 24 31 0.03415857 
477 31 10 11 0.03307757 
671 30 9 12 0.033071246 
758 75 12 16 0.032898538 
826 121 43 54 0.03227726 
265 208 30 38 0.0322701 
523 180 16 23 0.030966928 
902 288 29 33 0.029627487 
397 448 52 58 0.029624786 
398 140 21 27 0.028877359 
525 114 12 16 0.028499413 
200 178 23 28 0.02849585 
30 140 20 27 0.028477736 
35 152 13 18 0.02826044 
354 125 16 21 0.027683968 
841 175 24 30 0.027549824 
669 50 10 14 0.027303489 
926 71 13 18 0.026641754 
292 85 14 20 0.026572933 
296 178 18 25 0.026459036 
671 39 11 14 0.02521595 
319 58 11 14 0.025178477 
138 422 42 51 0.025167484 
534 77 13 16 0.024277631 
503 77 12 14 0.023584712 
987 193 26 39 0.023051614 
427 283 13 17 0.022972949 
382 152 16 24 0.022972092 
76 391 17 20 0.022957478 
49 155 23 34 0.022670394 
690 41 14 17 0.022133475 
1009 82 15 22 0.021921098 
565 0 13 12 0.021918288 
327 8 12 13 0.021886298 
445 80 17 20 0.02171212 
884 182 27 34 0.021584313 
841 162 23 27 0.02152474 
296 359 35 43 0.021510452 
859 134 17 22 0.021362446 
890 152 19 22 0.021275992 
351 1 12 11 0.021264395 
670 66 32 37 0.02103423 
309 166 16 20 0.020581676 
77 95 16 20 0.020206753 
257 76 10 14 0.020091802 
247 198 26 34 0.020072369 
575 61 10 12 0.020045446 
