2_Demonstration_Political_Rally_2_319
334
617 456 35 47 0.99697876 
668 445 23 33 0.9798799 
138 687 24 38 0.97814435 
391 465 25 35 0.9720425 
154 485 23 36 0.9697742 
119 445 21 31 0.968716 
713 531 32 48 0.96372217 
274 458 23 38 0.935834 
459 438 16 25 0.89273876 
51 458 22 30 0.8748045 
839 572 44 63 0.82773405 
844 397 11 15 0.7918198 
855 430 15 25 0.7076448 
311 420 13 16 0.6651025 
874 387 12 15 0.65641284 
724 475 28 32 0.636997 
46 562 25 52 0.619921 
176 420 13 17 0.5431904 
343 364 9 12 0.4613659 
585 403 24 28 0.44450128 
577 515 37 52 0.41801867 
724 398 11 14 0.40811616 
204 441 26 31 0.37799025 
109 371 10 13 0.36472273 
118 390 9 12 0.3640666 
0 397 9 15 0.3194343 
288 375 9 10 0.31303692 
309 518 23 38 0.27478552 
995 491 15 21 0.26383445 
534 391 11 14 0.259055 
37 454 23 33 0.2250855 
190 438 32 39 0.22023311 
926 376 8 10 0.21158494 
438 406 11 13 0.20882924 
239 398 11 16 0.20491354 
33 390 10 12 0.20228857 
424 366 10 12 0.19935572 
400 364 8 11 0.19361682 
231 358 9 11 0.18783553 
245 383 9 12 0.18566008 
57 375 9 10 0.185303 
783 417 10 15 0.18280376 
895 394 12 14 0.18275562 
965 380 9 11 0.17305192 
312 358 7 10 0.17230402 
685 397 9 11 0.1650844 
249 369 7 10 0.16469814 
365 420 11 17 0.16097307 
5 394 14 18 0.15857364 
375 358 8 10 0.15803263 
135 368 8 10 0.15777251 
455 375 10 13 0.1572844 
972 521 31 36 0.15714613 
160 373 10 11 0.15452021 
537 449 16 25 0.15125208 
142 409 13 16 0.14758763 
749 405 8 12 0.14606872 
955 399 12 15 0.14486225 
78 389 10 12 0.14238128 
830 433 12 15 0.13989545 
281 465 25 35 0.1385579 
433 446 20 28 0.1379752 
335 415 9 13 0.13702902 
62 375 8 10 0.13319246 
157 389 14 16 0.13313527 
72 352 8 10 0.12738419 
834 428 15 18 0.12641147 
901 405 11 13 0.11371956 
262 448 21 30 0.112634525 
298 473 17 28 0.10584065 
375 427 13 20 0.10525608 
182 356 8 11 0.10289273 
175 414 12 15 0.1000777 
304 359 8 10 0.09527348 
462 364 8 11 0.094023205 
224 352 8 9 0.09280104 
468 394 18 19 0.09277048 
141 375 9 12 0.09257203 
814 367 7 9 0.089463644 
113 390 9 12 0.08877537 
891 447 15 20 0.08780165 
240 390 9 12 0.08758783 
408 380 10 13 0.08753651 
173 491 27 36 0.08751842 
373 406 8 12 0.08735544 
12 396 12 16 0.085611284 
303 419 15 18 0.084840976 
371 357 7 10 0.083000936 
388 399 11 14 0.08299168 
222 373 7 10 0.081837304 
193 358 8 10 0.08128555 
815 390 8 10 0.080484614 
316 380 11 13 0.08033051 
350 450 20 20 0.07945143 
157 484 38 50 0.07917586 
763 420 12 16 0.07710645 
492 382 14 16 0.07630415 
23 366 9 12 0.07628314 
190 412 21 26 0.0747677 
5 372 9 11 0.07419628 
689 373 9 12 0.07328399 
323 395 16 22 0.07318259 
38 440 24 30 0.07311733 
359 207 9 13 0.07274995 
165 367 9 11 0.07192569 
16 350 7 10 0.06876928 
242 402 12 17 0.06866497 
872 412 12 15 0.068559155 
165 372 10 12 0.06730752 
199 381 9 11 0.06572702 
1013 383 9 13 0.065374725 
137 372 8 11 0.06529637 
898 360 7 9 0.0630408 
435 410 13 16 0.062051654 
358 373 9 11 0.06154406 
441 442 21 28 0.06114763 
709 413 11 15 0.061080515 
991 398 9 11 0.06073264 
506 366 9 11 0.05808771 
220 397 10 14 0.05802123 
888 433 21 32 0.057858296 
898 389 12 15 0.056963567 
167 407 12 15 0.056808587 
215 445 18 24 0.056677952 
277 357 11 13 0.05635959 
688 407 9 13 0.055926036 
35 409 11 15 0.05491541 
261 380 9 11 0.052533276 
270 359 10 11 0.05185019 
573 523 24 40 0.050913025 
182 383 10 13 0.050273396 
320 343 8 10 0.048820693 
885 390 10 12 0.048534084 
912 415 10 15 0.047142584 
537 394 14 17 0.047045276 
182 388 11 14 0.047014497 
595 395 18 20 0.046368517 
405 360 9 11 0.04571588 
900 413 13 16 0.045713678 
558 393 16 20 0.04562511 
55 380 9 12 0.045448717 
381 360 8 10 0.045355223 
319 388 12 14 0.045159496 
869 390 13 17 0.044343166 
901 419 14 16 0.044255693 
325 392 11 14 0.043488413 
318 400 13 18 0.043455955 
514 475 16 23 0.043235347 
89 357 8 10 0.043140963 
831 367 8 10 0.043119315 
144 379 9 12 0.042133477 
824 383 9 11 0.041275583 
878 526 42 49 0.041130055 
709 392 8 11 0.040884554 
490 261 7 10 0.040254578 
929 444 12 16 0.040193424 
866 366 7 9 0.040018663 
2 369 8 11 0.039877426 
574 535 14 24 0.03951874 
341 412 12 18 0.039493047 
679 350 10 13 0.039045837 
807 452 23 29 0.039026696 
233 402 12 18 0.03858591 
66 320 6 8 0.037523624 
159 383 11 14 0.03747716 
865 396 8 12 0.037355606 
272 364 9 10 0.03710278 
965 397 13 14 0.036886733 
23 371 10 13 0.036707483 
260 441 16 26 0.03659867 
103 390 10 13 0.036319237 
206 380 9 12 0.036063593 
604 391 15 17 0.035817076 
910 383 8 11 0.035649505 
808 381 9 10 0.035245866 
309 403 13 19 0.035225127 
631 411 15 21 0.035139576 
792 397 9 13 0.03501577 
254 359 8 9 0.034670033 
273 326 7 8 0.034627724 
704 391 9 11 0.03441267 
384 375 8 11 0.03438888 
104 449 21 30 0.034272604 
500 428 23 33 0.03424976 
898 364 8 11 0.03421662 
678 340 12 14 0.03417374 
330 327 7 9 0.034154393 
62 368 8 10 0.033674534 
254 403 12 16 0.03363469 
253 367 8 10 0.03359383 
317 359 8 9 0.03349517 
216 368 7 10 0.03342998 
825 368 7 9 0.033382587 
54 321 7 8 0.0333051 
744 437 16 19 0.033215366 
57 368 9 10 0.033143535 
315 413 13 21 0.032910354 
372 420 12 21 0.03270841 
905 374 7 10 0.03254991 
217 373 8 10 0.03227852 
777 413 10 15 0.03220391 
198 326 7 9 0.0319089 
359 422 14 19 0.031507995 
743 374 8 11 0.03140612 
863 376 8 11 0.031164153 
909 405 9 13 0.031130755 
604 438 13 20 0.030246187 
266 358 8 10 0.030156858 
30 461 16 24 0.030128743 
841 373 8 12 0.030128554 
201 343 8 9 0.029992511 
796 392 9 12 0.029917665 
886 367 8 9 0.02974628 
0 332 7 11 0.029625239 
417 366 8 11 0.029535556 
40 319 7 9 0.029223861 
35 394 11 15 0.029195406 
96 351 7 9 0.028906604 
347 417 15 19 0.028860003 
46 381 11 13 0.02875008 
830 383 8 10 0.02855097 
226 356 9 10 0.028273597 
197 358 8 10 0.0282289 
910 375 7 10 0.027995192 
822 388 8 11 0.027356409 
32 385 9 12 0.027296131 
962 361 7 9 0.026927141 
617 373 10 12 0.026858173 
550 363 8 12 0.026731007 
372 412 11 17 0.026493382 
376 475 23 32 0.026479956 
814 373 7 10 0.026447438 
792 367 8 10 0.026263352 
915 413 11 15 0.026248323 
387 476 23 32 0.026233803 
992 375 8 11 0.026151052 
693 409 11 16 0.026067087 
652 341 9 12 0.025985654 
240 373 9 11 0.025974471 
873 416 15 18 0.025904495 
856 391 9 13 0.025883881 
110 393 11 16 0.025870996 
973 392 9 11 0.02587 
828 461 20 29 0.025308933 
445 412 15 19 0.025215643 
31 320 7 9 0.02521213 
111 329 7 9 0.02519635 
765 414 12 16 0.025168145 
200 375 9 11 0.025130192 
294 367 9 12 0.025121145 
488 386 13 17 0.025090395 
25 328 7 9 0.025083812 
181 490 33 44 0.024874635 
815 383 8 11 0.024762217 
178 352 8 11 0.024528267 
334 350 7 10 0.024335407 
766 455 19 31 0.024259998 
414 373 9 12 0.024222707 
102 351 8 9 0.02414741 
209 367 7 9 0.024048466 
94 367 8 10 0.024008337 
65 326 7 8 0.023883581 
575 404 11 17 0.023747964 
879 358 7 8 0.023385795 
259 396 13 16 0.02335641 
764 405 11 14 0.02335525 
20 396 11 16 0.02331737 
909 388 10 13 0.023256306 
830 563 37 54 0.023181727 
613 390 10 14 0.023148524 
833 436 22 27 0.023136979 
848 431 14 22 0.023094116 
215 400 13 18 0.023050457 
297 333 8 10 0.023018142 
73 382 10 13 0.022965489 
809 376 8 10 0.022842068 
903 383 10 13 0.022795433 
857 376 8 10 0.022768596 
213 382 9 11 0.022588192 
303 365 8 11 0.022583012 
424 360 9 11 0.022557463 
46 387 11 14 0.02254603 
437 415 14 19 0.022487966 
328 349 8 10 0.022439176 
621 382 11 16 0.022433806 
315 326 7 9 0.02239621 
465 395 13 15 0.022362575 
316 515 32 42 0.022215666 
236 359 8 10 0.022178339 
503 472 24 30 0.022167545 
111 443 21 30 0.022082502 
94 382 13 16 0.022042159 
486 393 13 17 0.022011109 
873 360 7 9 0.022003146 
23 350 7 10 0.02193957 
713 476 26 34 0.021906061 
406 467 25 31 0.021762999 
206 375 9 11 0.02171841 
128 381 8 11 0.021657823 
134 409 16 19 0.021503903 
262 319 7 9 0.02150326 
274 442 15 22 0.021475831 
704 409 13 17 0.021327047 
962 365 7 10 0.021319563 
69 405 10 14 0.02130248 
257 380 9 12 0.021256953 
73 309 7 9 0.021165924 
241 351 7 9 0.02115585 
535 366 9 12 0.021133974 
248 335 6 9 0.021129837 
80 322 6 7 0.021122184 
207 342 7 9 0.021119248 
398 373 9 12 0.021087883 
575 446 13 17 0.020956803 
465 443 16 21 0.020916803 
387 411 12 15 0.020887377 
912 343 8 11 0.02087552 
40 304 7 8 0.020839376 
695 383 9 10 0.020788249 
22 332 7 9 0.020735664 
782 421 15 20 0.020651659 
312 353 8 9 0.020537695 
968 391 11 13 0.02044028 
680 404 10 12 0.020426985 
80 325 6 9 0.020418948 
961 377 9 11 0.02039427 
384 335 6 8 0.020361515 
234 390 9 11 0.0203022 
7 359 8 10 0.020257821 
492 392 17 19 0.020247567 
433 334 8 10 0.020180956 
635 529 29 32 0.020144163 
321 238 517 551 0.020121189 
998 397 9 11 0.020024115 
