2_Demonstration_Protesters_2_531
2212
740 331 15 19 0.9888642 
171 511 17 22 0.98699576 
156 473 16 22 0.9863718 
294 651 21 27 0.9863594 
364 583 23 26 0.9858096 
795 392 14 19 0.9835343 
501 314 14 18 0.9834616 
978 434 19 25 0.98226124 
420 337 14 17 0.9812377 
655 315 13 17 0.9812103 
773 260 13 16 0.98115486 
644 478 17 22 0.98109645 
845 412 16 22 0.9800039 
989 263 13 18 0.9794326 
587 492 16 23 0.97921664 
120 473 17 20 0.97880554 
466 480 17 22 0.9780938 
606 244 13 16 0.97733235 
281 499 20 23 0.97700214 
606 329 15 20 0.9766797 
227 649 21 27 0.9761881 
972 219 14 18 0.97534776 
959 238 13 17 0.9752578 
570 305 14 18 0.9744942 
501 227 13 16 0.9734891 
347 413 16 21 0.9729557 
349 450 15 18 0.9727821 
358 300 13 17 0.971924 
927 540 22 26 0.9717076 
750 488 15 21 0.9713018 
618 433 18 24 0.971208 
118 323 12 15 0.9712062 
696 322 13 18 0.97118795 
565 278 13 17 0.9707402 
161 643 21 26 0.9699065 
934 260 13 18 0.9698126 
206 187 12 15 0.96972734 
668 234 13 16 0.9694168 
82 459 18 23 0.9693254 
23 519 19 21 0.96871156 
314 490 17 25 0.9685569 
92 278 13 17 0.9685033 
822 230 13 16 0.9663462 
843 262 14 18 0.9649469 
628 389 16 21 0.9647484 
455 320 13 17 0.96446 
863 180 12 16 0.96336514 
107 581 19 27 0.96317697 
494 444 16 22 0.9626324 
678 142 9 12 0.9619747 
233 490 17 21 0.96160156 
246 473 16 22 0.96039426 
751 361 15 20 0.9592589 
830 403 15 19 0.9584255 
570 549 19 24 0.9582354 
847 197 13 16 0.95758593 
21 435 16 20 0.9572473 
452 236 13 15 0.956661 
498 284 13 17 0.9561145 
602 455 18 23 0.955423 
904 364 13 19 0.9553132 
835 312 14 18 0.9553081 
964 422 14 18 0.9545202 
93 239 13 16 0.9542845 
975 299 14 17 0.9540801 
21 362 16 20 0.9539259 
767 538 22 28 0.95379466 
125 538 18 25 0.9520173 
785 486 18 24 0.95114726 
134 249 12 16 0.9504724 
496 194 12 15 0.9498768 
228 244 13 16 0.9495121 
367 242 12 15 0.9491465 
866 460 20 23 0.94895697 
516 461 20 23 0.9488009 
40 286 12 16 0.9477945 
663 355 13 16 0.9476112 
455 509 19 25 0.9467992 
247 373 14 18 0.94641405 
61 491 18 23 0.9462485 
823 133 8 11 0.94617003 
541 217 12 16 0.945899 
959 313 15 18 0.94486004 
400 252 13 16 0.944637 
1002 578 21 28 0.9443914 
116 509 19 23 0.9441051 
423 131 9 12 0.9439587 
867 250 13 15 0.9426253 
815 107 10 12 0.94167495 
665 542 17 26 0.941318 
356 477 16 19 0.94097924 
637 236 13 17 0.94014674 
997 318 14 17 0.93880254 
454 205 13 15 0.93864256 
14 566 19 25 0.93628544 
526 303 12 15 0.93559957 
173 239 12 15 0.9350168 
71 314 13 18 0.93371046 
12 414 16 21 0.93363386 
786 436 17 23 0.933327 
991 390 15 20 0.9322307 
412 230 12 15 0.93081963 
265 276 14 17 0.9307737 
275 465 14 20 0.9303748 
150 324 13 15 0.9263745 
475 310 13 18 0.9239842 
407 476 17 22 0.92347634 
22 243 12 15 0.9224977 
917 481 20 25 0.9215844 
135 302 13 17 0.92061037 
479 426 17 20 0.92011195 
731 198 12 15 0.91849566 
743 110 10 12 0.9179063 
339 215 12 14 0.9177611 
678 196 13 17 0.91596407 
142 621 17 24 0.91486925 
882 234 14 18 0.91417843 
96 424 17 21 0.9137509 
241 227 13 16 0.9136297 
797 268 12 15 0.9127579 
789 325 12 15 0.91214776 
991 165 12 15 0.91097814 
127 218 12 15 0.9096089 
471 280 13 17 0.9064532 
748 172 12 15 0.8997231 
411 158 10 14 0.8978807 
756 406 15 18 0.89609903 
33 163 10 14 0.8958617 
50 372 14 18 0.895459 
794 120 9 11 0.8934289 
615 301 14 19 0.89200217 
268 155 11 13 0.8911194 
414 522 19 25 0.8907936 
38 316 13 16 0.8898263 
54 318 14 17 0.88904536 
319 254 11 15 0.8870421 
198 254 13 16 0.8866537 
774 124 9 12 0.885397 
399 508 18 22 0.88282126 
879 539 19 23 0.8823843 
416 445 17 19 0.8807559 
192 432 16 21 0.8801179 
211 270 14 16 0.8774988 
424 301 12 16 0.8773287 
592 262 13 16 0.8768992 
686 447 14 18 0.8768855 
144 406 17 22 0.87663704 
309 212 11 14 0.8762647 
238 287 13 16 0.87385255 
744 73 9 11 0.87318027 
894 110 9 12 0.8725362 
777 285 12 16 0.87151265 
896 407 15 20 0.8702213 
377 426 15 16 0.86900043 
279 326 14 19 0.86854184 
830 188 11 13 0.8664464 
682 246 12 16 0.86627644 
899 264 13 16 0.8651369 
890 383 15 18 0.8651107 
765 224 15 19 0.8650033 
680 387 17 21 0.86267734 
335 511 18 23 0.8625302 
909 184 12 15 0.8580205 
246 121 7 9 0.8563222 
584 94 8 10 0.8548452 
387 119 9 11 0.85467744 
718 270 13 16 0.8535904 
378 261 13 16 0.8530447 
844 329 13 17 0.85298914 
38 354 14 18 0.85174084 
582 287 13 15 0.8496265 
873 142 11 14 0.84845966 
751 421 15 20 0.84820694 
355 157 12 14 0.84656435 
872 224 12 15 0.84583247 
294 118 9 11 0.8425556 
264 573 19 24 0.8416494 
371 382 14 16 0.8408817 
1007 225 12 17 0.8403322 
943 93 9 12 0.8373935 
701 413 15 17 0.83702576 
329 30 7 9 0.8367021 
344 396 12 16 0.8359135 
431 415 14 18 0.8358249 
552 179 10 13 0.8349813 
899 310 13 18 0.83371294 
732 232 12 15 0.83200365 
538 101 9 11 0.83041245 
519 93 8 11 0.8283688 
888 192 13 16 0.8226491 
788 569 16 21 0.82171375 
871 443 19 20 0.81974447 
684 173 11 14 0.818109 
683 473 17 22 0.8172912 
459 139 10 13 0.81635994 
469 371 14 17 0.8147473 
23 473 15 21 0.8094668 
298 386 14 18 0.80741405 
345 340 14 17 0.80093837 
657 263 15 19 0.79829466 
990 183 11 14 0.7949646 
287 164 9 11 0.79116124 
543 118 11 13 0.7889906 
70 206 12 14 0.7881313 
320 175 11 15 0.7851098 
419 279 14 16 0.7833037 
810 256 12 17 0.7804226 
678 121 9 12 0.7786595 
355 223 12 15 0.77609676 
745 247 11 16 0.7758443 
809 357 14 18 0.7683212 
958 181 12 14 0.7682635 
280 140 8 11 0.76652795 
800 288 13 17 0.76617914 
760 150 9 12 0.7649345 
610 53 8 11 0.764223 
-1 604 13 26 0.75739235 
536 320 11 15 0.7559707 
186 210 10 14 0.75245047 
975 85 9 11 0.75122094 
425 207 12 16 0.74569297 
759 91 9 12 0.7456648 
432 119 9 11 0.74050134 
11 205 12 15 0.7391394 
584 326 14 18 0.73744315 
345 286 12 15 0.7283147 
700 142 9 12 0.7267448 
201 296 14 18 0.7250565 
155 285 13 18 0.7217 
735 26 8 10 0.7207798 
483 148 10 13 0.71990204 
781 77 8 10 0.7189639 
565 7 8 10 0.718777 
723 249 13 16 0.7159431 
519 564 20 25 0.70914674 
633 409 15 19 0.70898914 
514 120 8 10 0.70680845 
279 436 15 21 0.70376426 
857 165 9 12 0.70286936 
717 301 13 15 0.70225644 
418 574 15 24 0.6956945 
274 183 11 13 0.6946852 
709 168 10 13 0.6909334 
680 14 9 11 0.6889768 
210 94 7 9 0.688036 
496 370 14 17 0.6863546 
127 383 14 18 0.6836365 
896 78 8 10 0.6810807 
90 62 8 11 0.6800619 
393 135 11 13 0.676444 
364 173 10 11 0.6758111 
967 279 13 15 0.6730205 
127 196 10 12 0.664152 
365 94 9 11 0.656613 
295 145 9 10 0.6474738 
942 223 13 15 0.64245325 
690 30 8 10 0.6393365 
668 22 9 11 0.6393084 
925 333 12 14 0.6373849 
635 215 12 14 0.6321587 
718 91 9 12 0.6295748 
622 86 8 10 0.62943894 
816 89 8 10 0.62743956 
784 204 12 14 0.6269285 
474 406 13 15 0.6245123 
379 207 11 12 0.6211358 
301 167 9 12 0.6204959 
551 89 8 10 0.6195994 
574 105 8 10 0.61854404 
893 166 9 12 0.61524564 
228 127 8 11 0.61235094 
895 294 15 19 0.61095977 
996 644 18 26 0.60656077 
282 106 7 10 0.604192 
270 63 9 11 0.6033583 
713 119 9 11 0.5994474 
816 73 8 10 0.5991606 
621 189 9 12 0.5989001 
164 195 10 12 0.59869057 
322 226 11 13 0.59820235 
56 297 14 17 0.58995694 
634 342 11 14 0.58538467 
66 260 12 15 0.5847027 
472 230 9 12 0.57673794 
636 95 9 11 0.576632 
851 365 12 16 0.57251376 
-1 325 10 15 0.5675186 
675 277 16 19 0.56377333 
911 103 9 11 0.56179327 
456 353 12 16 0.5617666 
47 228 10 12 0.55853236 
898 173 11 13 0.5580298 
615 68 8 9 0.5537586 
244 155 8 12 0.5469686 
625 111 9 12 0.54264474 
965 144 9 11 0.53372884 
518 506 16 19 0.5299988 
409 198 11 14 0.5262913 
584 209 10 12 0.5236546 
357 195 10 13 0.52332175 
44 51 9 12 0.5196362 
391 103 8 9 0.51962864 
939 161 12 15 0.51663214 
757 119 9 11 0.5161445 
472 98 8 11 0.5093485 
296 187 9 12 0.50881094 
177 6 7 9 0.5084944 
235 183 12 14 0.5068242 
519 320 12 15 0.5057168 
860 75 8 12 0.5032627 
747 191 11 14 0.49914673 
457 221 12 14 0.49898162 
78 158 9 12 0.48507842 
319 112 8 11 0.48171738 
568 56 8 9 0.47922984 
866 121 9 11 0.47645468 
171 220 12 14 0.47415257 
655 112 9 11 0.46188378 
286 204 9 12 0.46180204 
884 100 9 11 0.45924795 
427 85 7 9 0.4591615 
641 32 8 10 0.4529617 
204 315 11 14 0.4526109 
778 16 9 12 0.4525282 
437 29 8 10 0.4491785 
850 244 13 14 0.44852817 
1012 419 11 17 0.44596747 
184 168 9 11 0.4408178 
648 80 9 11 0.43795007 
329 241 11 13 0.43592978 
489 125 9 12 0.4273747 
483 111 8 10 0.42640585 
978 12 9 11 0.42599982 
351 112 9 11 0.42395315 
965 101 9 12 0.42375678 
693 120 8 10 0.4214612 
217 158 9 10 0.4204439 
982 119 9 11 0.41783223 
645 183 9 11 0.4157332 
211 497 11 15 0.41562468 
357 136 9 12 0.41293046 
135 456 16 20 0.41070023 
582 244 11 13 0.4074041 
229 219 10 13 0.40493944 
597 179 9 12 0.40290084 
816 9 8 11 0.40039712 
715 189 12 14 0.3994079 
7 61 8 10 0.39784706 
332 125 10 12 0.3971011 
497 102 8 10 0.39622077 
730 5 8 9 0.39180157 
95 80 8 10 0.38772523 
712 45 8 9 0.38595024 
566 92 8 10 0.38364473 
472 350 11 13 0.38362914 
160 142 9 11 0.37688166 
363 48 7 9 0.3702851 
319 78 6 9 0.36869717 
988 336 13 16 0.36771864 
276 223 12 14 0.3675318 
233 143 8 10 0.3655306 
666 381 13 19 0.36500368 
64 42 7 8 0.36284226 
547 5 7 10 0.36159676 
99 215 11 15 0.36133367 
759 316 12 15 0.35763472 
299 102 7 9 0.3563928 
141 147 8 11 0.35279664 
245 102 7 9 0.34813982 
723 303 11 14 0.3452047 
250 309 13 17 0.3438224 
262 80 8 10 0.33885658 
696 96 9 11 0.3388135 
964 5 9 11 0.33856994 
376 57 7 8 0.3381786 
941 2 9 10 0.33792955 
591 113 8 10 0.335009 
517 137 9 11 0.3342585 
850 87 7 10 0.3326105 
305 48 7 10 0.3298245 
181 128 7 10 0.32864666 
547 30 7 9 0.32844883 
785 92 8 11 0.32786918 
401 78 7 9 0.32583433 
262 119 8 10 0.3244439 
358 24 7 10 0.32270494 
210 121 7 9 0.3219054 
661 119 9 11 0.3215077 
338 80 7 8 0.32090697 
310 93 8 10 0.31823778 
618 359 14 16 0.31697363 
73 225 10 12 0.3167149 
513 38 7 8 0.31536445 
197 128 7 9 0.30671266 
774 450 16 20 0.3066301 
641 125 9 10 0.29861397 
448 101 7 9 0.29771405 
469 73 9 11 0.2960929 
101 190 9 12 0.29605767 
230 102 7 10 0.29096514 
407 334 10 13 0.29072002 
304 135 7 10 0.2893406 
393 87 8 10 0.28845853 
274 87 7 9 0.28799385 
453 157 10 13 0.2867643 
833 112 8 11 0.285772 
547 63 6 8 0.28518865 
369 38 6 9 0.28135866 
80 49 7 10 0.28079143 
346 69 8 11 0.2782571 
52 194 11 13 0.2775974 
104 265 12 14 0.2770288 
461 88 7 10 0.27620912 
611 119 7 10 0.27600747 
602 96 7 10 0.27581057 
505 171 10 12 0.27544466 
174 41 8 10 0.2743689 
443 86 6 9 0.27357897 
321 56 7 8 0.27336094 
705 25 8 10 0.27109665 
333 133 10 12 0.26918203 
758 330 12 15 0.2663496 
375 127 8 11 0.26551068 
514 22 7 10 0.26467302 
813 436 14 16 0.26333272 
586 58 6 8 0.26081446 
828 355 10 14 0.26049846 
890 1 7 9 0.2567662 
224 215 10 13 0.25490734 
369 71 7 9 0.2508527 
996 4 8 11 0.25048652 
703 9 8 10 0.24883348 
768 94 8 11 0.24519719 
436 118 9 11 0.24505909 
799 32 9 11 0.24436748 
793 152 10 12 0.24423368 
625 46 8 10 0.24278331 
657 54 8 11 0.24222131 
423 183 9 11 0.23919742 
373 293 11 14 0.23827215 
762 299 14 17 0.23766078 
937 0 9 10 0.23499511 
893 2 7 9 0.23484807 
390 69 7 9 0.23312424 
497 353 15 18 0.23261958 
412 202 12 14 0.22985022 
254 325 11 16 0.2285406 
517 22 7 9 0.2279911 
995 69 8 11 0.22780107 
528 64 7 8 0.2265721 
514 2 7 10 0.21864215 
345 112 9 10 0.21853326 
159 275 13 16 0.21681525 
529 14 7 9 0.21654525 
466 41 7 9 0.21494423 
406 125 8 10 0.2131171 
546 137 8 10 0.21147639 
807 24 9 11 0.20999376 
453 30 7 10 0.20717126 
424 101 8 11 0.20548192 
469 355 15 18 0.20512559 
566 485 15 21 0.20489879 
390 192 11 13 0.20373946 
0 287 8 15 0.20238551 
823 205 10 13 0.200056 
684 201 11 15 0.19795698 
328 143 9 12 0.19762899 
776 166 9 11 0.19724281 
573 118 8 10 0.19544506 
760 14 7 9 0.19323774 
598 206 10 12 0.19203223 
535 97 9 11 0.19129948 
703 110 8 10 0.19059351 
397 14 7 9 0.19045572 
344 373 11 15 0.19026805 
989 213 11 15 0.1887747 
804 188 10 13 0.18860202 
113 173 9 11 0.18790357 
80 127 7 10 0.18706465 
198 161 8 10 0.18631971 
416 379 17 20 0.18566854 
356 348 13 15 0.18452086 
1005 101 10 12 0.18447049 
333 650 20 26 0.18397035 
594 230 12 14 0.1834784 
782 167 9 11 0.18228711 
259 262 12 14 0.18042322 
63 187 10 13 0.17975108 
462 111 8 9 0.1785862 
1014 111 8 11 0.17736343 
111 109 8 9 0.17644654 
157 6 8 10 0.17628205 
961 386 12 18 0.17388731 
489 81 8 10 0.17387119 
306 95 8 11 0.17363526 
528 9 8 10 0.1726248 
301 252 11 14 0.17241564 
1007 108 10 12 0.17149118 
389 49 8 9 0.17110819 
501 104 9 10 0.17109692 
346 37 8 10 0.17032808 
296 165 10 12 0.17028463 
632 133 9 11 0.16981328 
837 112 9 11 0.16763371 
0 91 7 11 0.16751581 
77 79 7 9 0.16693619 
670 89 7 10 0.165386 
837 140 9 11 0.16466819 
901 78 9 11 0.16330753 
213 260 13 16 0.1629332 
169 25 8 10 0.16279571 
282 429 14 16 0.16224147 
534 213 12 14 0.16208749 
2 77 8 10 0.16199902 
319 160 8 10 0.16184874 
166 260 11 15 0.16029526 
422 111 9 11 0.15849936 
74 48 7 10 0.15813023 
633 301 12 15 0.15806787 
286 77 7 9 0.15712914 
337 54 7 9 0.15681292 
1001 26 9 12 0.15669304 
314 41 7 8 0.15623999 
310 8 8 11 0.15542583 
3 501 12 15 0.15506998 
754 118 8 11 0.15488036 
872 108 8 10 0.15481602 
581 182 9 11 0.15246649 
426 68 7 10 0.15169686 
797 0 8 9 0.15156122 
352 243 10 13 0.15098467 
151 41 8 9 0.15078244 
629 47 8 9 0.15048425 
376 475 11 15 0.15036044 
622 20 8 10 0.14973731 
334 88 9 11 0.1485288 
529 211 10 14 0.14832808 
334 121 8 10 0.14798397 
541 299 11 14 0.14785478 
646 13 9 11 0.14708632 
919 109 8 10 0.14674005 
582 13 7 9 0.14664787 
662 123 9 12 0.14623393 
110 70 8 11 0.14513837 
542 78 7 9 0.14502248 
760 0 9 10 0.14458613 
504 88 7 9 0.14314052 
94 171 11 13 0.14310627 
662 46 7 9 0.14263995 
729 85 9 11 0.14224304 
289 23 7 9 0.1417293 
383 31 7 9 0.14172389 
1015 197 8 12 0.14157262 
97 120 6 8 0.14031155 
241 46 8 10 0.14026073 
458 111 7 10 0.1400922 
466 26 6 7 0.14005633 
40 143 7 10 0.13945991 
568 31 6 8 0.13677852 
728 286 12 14 0.13673513 
217 166 10 12 0.13533565 
341 174 11 14 0.13462916 
174 68 8 10 0.13440186 
0 528 10 12 0.13391067 
128 246 15 16 0.13374344 
336 10 7 8 0.13322416 
25 308 11 13 0.13290574 
18 615 18 24 0.13264446 
997 365 12 15 0.13096741 
720 440 18 20 0.13040668 
630 73 8 9 0.13009118 
1007 60 8 12 0.1290855 
246 44 9 11 0.12892173 
637 61 9 11 0.12887534 
807 196 13 16 0.12862343 
143 111 7 10 0.12788619 
522 72 8 11 0.12785307 
737 126 8 10 0.12754174 
964 127 9 10 0.12731408 
817 149 9 11 0.12620196 
150 25 8 11 0.12531494 
377 30 6 9 0.12512001 
63 56 7 9 0.12475903 
17 121 7 10 0.12450477 
247 326 12 16 0.12418812 
782 86 10 13 0.12327845 
170 113 7 10 0.12310294 
330 92 7 10 0.1219741 
479 87 7 9 0.12194598 
375 119 8 11 0.121719904 
50 79 8 10 0.121686354 
993 2 8 9 0.12128368 
254 93 7 9 0.12127271 
157 388 12 15 0.12113122 
80 94 8 10 0.120973185 
221 172 9 12 0.11876199 
337 48 7 9 0.11844483 
743 47 7 10 0.11803101 
609 496 15 19 0.1173461 
953 21 8 10 0.11726322 
871 22 8 9 0.11721912 
439 81 7 8 0.11712121 
500 412 10 15 0.11699155 
670 303 15 18 0.116707176 
1 191 8 13 0.116335906 
88 56 8 9 0.11625781 
988 567 14 19 0.1159187 
601 79 7 9 0.11440974 
538 78 7 10 0.11435626 
14 92 9 12 0.11412447 
953 179 12 15 0.113855585 
965 108 10 12 0.11370982 
47 95 7 9 0.11359972 
794 574 16 18 0.11324546 
83 38 7 9 0.11265181 
333 141 10 11 0.11233496 
728 47 7 9 0.11194861 
230 80 7 10 0.110971525 
829 376 10 14 0.11082388 
326 54 7 9 0.110538125 
71 113 7 9 0.11041517 
471 126 8 10 0.11031669 
709 0 8 9 0.110111 
175 25 7 9 0.10966321 
327 71 6 9 0.109652646 
166 28 8 10 0.10947149 
600 38 8 10 0.10926618 
705 86 7 10 0.10876767 
848 117 8 10 0.10844426 
710 302 13 17 0.10826245 
1002 46 8 11 0.10812575 
687 87 7 9 0.10743249 
130 24 7 9 0.106994055 
513 139 10 12 0.10595036 
848 149 9 12 0.10549804 
73 53 7 10 0.10517097 
376 25 7 9 0.10515564 
479 242 10 13 0.10508285 
593 73 7 8 0.10483374 
160 181 8 10 0.10453556 
574 71 8 10 0.10426419 
97 145 8 10 0.104119465 
289 56 8 9 0.10410396 
353 139 10 11 0.103684045 
958 22 8 11 0.103618406 
525 70 9 11 0.103599586 
190 165 9 12 0.103385165 
962 97 8 11 0.103017285 
709 207 10 13 0.10259188 
614 127 8 10 0.10212207 
123 87 7 9 0.10162701 
698 72 7 9 0.101379275 
217 25 7 9 0.10092616 
688 94 7 10 0.10090295 
646 6 11 14 0.10057787 
712 15 7 10 0.10029981 
331 410 12 17 0.099463336 
912 443 12 13 0.09878271 
476 170 10 14 0.09858231 
229 131 10 13 0.09828777 
424 188 9 11 0.09762005 
138 145 8 10 0.0976005 
914 17 7 9 0.09746149 
599 113 8 10 0.09718871 
830 151 9 11 0.096827 
310 195 9 11 0.09633168 
494 84 8 10 0.096319504 
1007 257 13 16 0.09603733 
247 95 8 10 0.09567857 
78 244 10 13 0.09521107 
530 87 8 10 0.0951923 
505 26 7 8 0.09494722 
55 259 10 13 0.09487153 
258 118 7 10 0.09478148 
274 47 7 9 0.094638795 
488 71 7 8 0.09460074 
367 142 8 10 0.09443986 
282 73 7 9 0.09400837 
72 245 10 12 0.09397558 
591 28 8 10 0.09382912 
760 154 11 13 0.09348224 
431 191 9 11 0.093178004 
117 172 8 11 0.09298848 
117 141 8 10 0.09297088 
430 101 8 9 0.09288707 
383 253 12 17 0.09264782 
575 228 11 13 0.09252215 
366 212 9 12 0.092208944 
114 168 9 11 0.09158432 
278 124 9 10 0.09120089 
709 22 8 10 0.091074854 
959 163 12 14 0.09054826 
854 110 8 10 0.090519994 
525 77 8 11 0.09024125 
1005 442 16 19 0.09020903 
848 94 8 10 0.089100935 
17 158 9 11 0.08866474 
377 60 8 9 0.08851093 
22 152 8 9 0.08850909 
424 81 8 11 0.0884817 
836 407 17 23 0.08838106 
69 255 12 14 0.08832165 
375 297 12 14 0.08817292 
637 56 8 11 0.0879453 
368 78 8 9 0.087874636 
807 96 7 9 0.087837115 
200 72 7 10 0.08764038 
880 275 13 15 0.08758139 
668 440 13 17 0.08746088 
816 411 13 16 0.08728363 
733 86 9 11 0.08716268 
214 120 8 10 0.086771786 
409 25 7 9 0.0867502 
668 0 10 11 0.08670837 
329 121 8 10 0.08669585 
613 7 8 10 0.086272866 
512 109 9 11 0.08611612 
359 117 7 9 0.08598634 
42 32 8 9 0.085691676 
310 45 7 10 0.08565523 
632 77 7 9 0.08562345 
163 267 12 15 0.08527187 
867 38 7 10 0.08508085 
1006 96 9 11 0.08503202 
88 180 11 12 0.085012965 
431 449 12 16 0.08455699 
821 362 11 14 0.08425363 
553 104 8 9 0.08401985 
401 276 11 14 0.083966635 
815 203 11 13 0.083787374 
385 247 11 13 0.0835582 
290 63 6 9 0.08341685 
736 94 8 10 0.08340022 
519 414 11 15 0.08311747 
497 97 8 10 0.08269441 
667 87 7 10 0.08266979 
633 22 7 10 0.08262192 
847 240 12 14 0.082442254 
287 73 7 9 0.08241624 
765 215 14 17 0.08240765 
759 54 7 9 0.082263805 
334 93 8 10 0.08218606 
289 15 8 9 0.08204648 
91 81 7 9 0.08192428 
369 34 7 8 0.081731156 
609 6 8 10 0.08172262 
262 125 9 11 0.08165494 
533 527 16 21 0.08157965 
1012 377 12 17 0.08149657 
297 78 7 9 0.08134829 
3 352 13 19 0.08066028 
285 109 8 10 0.08061046 
593 78 7 9 0.08059236 
174 113 7 10 0.08041736 
998 85 8 10 0.08040865 
488 14 7 9 0.08037128 
1006 31 8 10 0.08026924 
384 172 9 11 0.08026653 
159 148 9 11 0.0801988 
830 157 10 12 0.08014646 
907 102 8 10 0.080029465 
854 143 12 14 0.07969149 
111 46 7 9 0.079294965 
925 172 10 13 0.0791437 
397 316 11 15 0.07900244 
182 380 12 14 0.07898622 
96 125 7 10 0.078857124 
974 150 10 12 0.07867348 
600 14 7 9 0.07857275 
887 213 10 13 0.07839669 
58 30 7 8 0.078046285 
118 103 8 10 0.07802124 
144 93 7 10 0.07790924 
474 1 7 9 0.077884115 
261 190 8 10 0.07788169 
380 385 12 15 0.07782881 
332 372 10 13 0.07780691 
847 111 9 11 0.0777627 
494 179 10 12 0.07716647 
664 134 9 11 0.076944664 
303 52 8 10 0.076932006 
493 132 9 12 0.07660802 
669 422 17 21 0.076160505 
561 93 9 10 0.07604669 
165 348 14 17 0.07585394 
961 109 10 12 0.075841665 
392 53 7 9 0.07582698 
569 39 7 9 0.07553812 
390 164 10 12 0.07544023 
766 0 8 10 0.074940816 
926 117 8 10 0.07494001 
975 103 8 11 0.07455088 
254 141 9 11 0.07450052 
835 292 13 15 0.07435428 
503 108 8 10 0.074037 
408 46 7 9 0.07392717 
315 113 7 10 0.07358682 
226 79 8 9 0.07347308 
25 323 11 14 0.07346857 
688 103 8 10 0.07333609 
177 132 8 10 0.07320403 
864 95 8 10 0.07305275 
454 117 8 10 0.07304291 
761 251 10 14 0.07288532 
255 48 7 9 0.072805695 
333 338 11 16 0.07240485 
588 94 8 11 0.07238756 
458 14 7 9 0.07235094 
150 93 8 10 0.07212337 
387 103 7 9 0.072007895 
345 66 7 8 0.07181353 
360 53 8 10 0.071777366 
822 150 9 11 0.07175094 
466 76 8 10 0.07171595 
223 41 6 8 0.07162656 
344 93 7 9 0.07154562 
958 49 8 9 0.07110021 
634 61 8 10 0.071075134 
137 95 7 9 0.07079501 
180 5 8 10 0.070775546 
255 268 12 15 0.07069321 
407 94 7 9 0.07049046 
729 70 7 9 0.07039642 
718 133 8 10 0.07036979 
287 31 7 9 0.07031074 
712 193 12 14 0.07004593 
758 308 14 18 0.07002753 
990 119 8 11 0.06999664 
632 38 7 9 0.06991644 
584 99 9 11 0.06985583 
255 112 7 9 0.06967657 
384 87 8 9 0.06957459 
269 427 13 20 0.069293134 
375 144 8 10 0.06919711 
447 487 14 19 0.069157 
549 141 9 10 0.06910427 
97 30 7 9 0.06910425 
809 87 8 10 0.068692304 
1007 348 12 14 0.0686305 
646 120 9 11 0.06857596 
651 245 13 16 0.06839071 
297 321 12 17 0.068319 
335 149 9 11 0.068268076 
583 188 9 11 0.068190984 
248 1 7 8 0.06804804 
88 174 11 12 0.06789522 
298 39 7 8 0.06778224 
322 74 7 9 0.06755811 
302 141 9 11 0.06751298 
16 165 9 11 0.06750877 
607 218 12 14 0.06729101 
702 103 8 10 0.06725521 
662 72 8 10 0.06672611 
39 148 8 10 0.06661261 
87 67 8 10 0.066563174 
917 104 8 11 0.06649766 
830 135 9 11 0.06642789 
921 33 8 10 0.066227525 
238 279 14 16 0.06618657 
927 402 14 17 0.06612491 
151 62 7 9 0.06607657 
700 95 9 11 0.06592013 
1006 159 8 11 0.0658971 
222 327 11 14 0.06577059 
848 359 12 15 0.065758 
256 9 7 9 0.06573345 
397 87 8 10 0.0649133 
727 52 8 10 0.0647777 
110 125 7 9 0.06472637 
606 24 7 9 0.06410465 
250 21 8 10 0.064085476 
666 368 14 18 0.06401066 
58 41 7 9 0.06384236 
937 222 12 14 0.06377358 
760 113 8 10 0.06363185 
343 89 7 9 0.063630365 
256 206 8 10 0.06355273 
712 87 10 12 0.06340855 
854 118 8 10 0.06314744 
325 109 8 11 0.06285153 
260 324 12 17 0.06283114 
617 103 7 9 0.06281273 
182 30 8 9 0.06264443 
918 16 7 9 0.062550895 
392 94 9 11 0.06236022 
623 40 8 10 0.06235954 
935 108 8 11 0.062328335 
215 125 8 10 0.062266644 
624 81 8 10 0.062257435 
6 149 8 10 0.062108487 
663 78 8 9 0.061926298 
365 89 9 10 0.06172802 
234 244 13 15 0.06166404 
314 253 10 14 0.06163887 
857 31 8 9 0.06160586 
461 159 10 12 0.061514106 
329 164 10 12 0.061483216 
673 16 9 12 0.061470088 
633 31 8 10 0.061146922 
274 141 9 11 0.061031133 
191 45 7 9 0.06091429 
400 72 7 9 0.060851984 
639 270 13 18 0.060712103 
1001 109 9 11 0.06064805 
455 78 6 9 0.06050778 
450 80 7 8 0.060405344 
672 103 8 11 0.06039517 
510 149 10 11 0.060361113 
431 70 7 9 0.06012455 
464 363 14 17 0.060114708 
392 66 7 9 0.060010374 
594 177 9 11 0.059876 
559 78 7 9 0.059872992 
283 78 6 9 0.0598623 
985 0 8 9 0.05984723 
287 142 8 10 0.059789117 
729 64 8 10 0.059740767 
439 26 7 9 0.05969319 
911 278 11 14 0.059658576 
777 54 7 9 0.059645046 
711 62 8 10 0.05960324 
231 317 10 13 0.059521243 
765 29 8 11 0.059359677 
486 119 9 11 0.059341922 
711 111 8 10 0.059309904 
641 189 9 11 0.059260033 
501 180 10 12 0.059221253 
558 105 8 9 0.05921774 
800 80 9 11 0.058914088 
911 85 8 11 0.058856018 
350 32 8 11 0.058840953 
192 62 7 10 0.058807768 
480 14 7 9 0.05878368 
273 120 8 10 0.05872652 
397 227 11 14 0.058725458 
919 86 8 10 0.058721695 
79 70 7 10 0.05824945 
527 110 8 10 0.058180436 
719 183 11 13 0.058038853 
301 189 9 12 0.058028433 
313 116 8 10 0.057888746 
581 229 10 14 0.05785752 
408 141 9 11 0.05781358 
718 79 8 10 0.057396006 
1012 343 12 16 0.057257697 
272 92 8 10 0.057256766 
344 7 7 9 0.05719248 
673 54 8 11 0.0571516 
774 172 9 12 0.057107233 
469 40 7 9 0.05708484 
678 53 7 10 0.057081178 
968 32 7 9 0.057072114 
46 259 11 13 0.05706496 
342 150 9 10 0.057001118 
697 147 10 12 0.05700074 
189 104 8 9 0.05687588 
58 56 8 10 0.05685489 
538 120 9 11 0.056705214 
790 200 11 14 0.056647457 
575 135 7 9 0.056432422 
434 26 7 9 0.0564279 
926 112 8 10 0.056411397 
932 395 14 17 0.055988546 
600 31 7 9 0.055899013 
670 323 14 17 0.05589253 
896 177 12 15 0.05579319 
128 103 7 9 0.055596203 
478 30 7 9 0.05522365 
17 402 16 19 0.055165 
383 80 7 9 0.055115867 
713 149 8 10 0.0549374 
319 165 10 11 0.054923847 
741 53 8 10 0.054791223 
703 182 9 12 0.05467749 
965 159 11 13 0.05450503 
163 284 12 16 0.054500338 
770 120 9 12 0.05449422 
400 94 8 10 0.054468308 
405 517 20 27 0.05443425 
946 15 8 11 0.054399095 
680 177 12 14 0.05437281 
520 189 9 12 0.0542539 
199 248 12 14 0.054141976 
560 88 8 10 0.05392588 
505 127 8 10 0.053871736 
375 78 7 9 0.053844165 
329 9 6 9 0.053824272 
213 54 8 9 0.053746223 
446 436 13 16 0.05373768 
58 25 7 9 0.05372444 
358 213 10 13 0.053650502 
295 55 7 10 0.053078633 
500 252 12 14 0.053005017 
790 102 8 10 0.052991115 
423 97 7 9 0.052849025 
175 300 12 16 0.052734766 
873 15 8 11 0.05264963 
774 101 7 10 0.052647144 
528 92 9 11 0.052582823 
999 62 10 13 0.05257951 
842 95 7 9 0.052551102 
154 515 14 17 0.05254432 
870 327 13 16 0.052505657 
0 223 8 14 0.052485 
512 123 9 11 0.052457005 
717 125 9 11 0.05241144 
417 16 6 9 0.05236358 
255 89 8 9 0.05234224 
231 98 7 9 0.05230973 
978 38 7 10 0.052283943 
504 64 6 8 0.05220195 
41 135 8 10 0.0521782 
576 39 7 9 0.05217426 
456 8 8 10 0.052092385 
976 47 8 10 0.052074693 
922 22 8 10 0.052025404 
575 78 7 10 0.05197954 
0 165 7 10 0.051942993 
145 62 7 9 0.05192933 
807 143 9 11 0.051871315 
77 238 10 14 0.051687777 
678 18 9 12 0.05165824 
418 96 7 9 0.051627286 
241 87 7 9 0.051617123 
618 39 7 9 0.051589828 
1005 449 18 24 0.051558796 
354 192 10 12 0.051519334 
447 299 11 14 0.051518817 
385 190 9 12 0.05150616 
172 228 12 13 0.051496014 
182 309 12 15 0.051236607 
705 63 8 10 0.051208228 
167 102 7 9 0.051196508 
980 8 9 12 0.051158044 
479 7 6 9 0.051141642 
254 136 8 10 0.051091935 
910 157 9 12 0.050848246 
185 40 8 10 0.050836537 
505 133 8 11 0.050682485 
335 255 10 14 0.050480217 
272 55 9 11 0.050431214 
794 31 8 10 0.05031962 
271 431 18 25 0.050171945 
901 167 10 13 0.05013023 
441 112 8 10 0.05009576 
193 71 7 9 0.05009265 
398 198 10 13 0.050059285 
704 117 9 11 0.049994793 
590 234 13 15 0.049964406 
965 269 13 16 0.049953036 
772 96 8 11 0.049910657 
111 180 9 10 0.04990403 
126 238 12 14 0.049852487 
879 110 8 11 0.04982863 
816 212 11 14 0.04980096 
636 306 12 16 0.049572114 
919 171 11 13 0.049493145 
481 117 8 10 0.0494855 
743 17 8 10 0.04947151 
939 93 8 10 0.049410407 
796 314 13 16 0.04926006 
625 70 8 10 0.04918807 
694 87 8 10 0.04915953 
785 101 8 11 0.049145386 
573 253 12 15 0.048993837 
121 195 12 14 0.04896836 
610 126 8 10 0.048921444 
629 116 8 10 0.04886693 
319 61 8 9 0.048842046 
152 78 7 10 0.048840143 
66 113 8 9 0.04881914 
1000 151 9 10 0.04881401 
477 95 9 11 0.04879854 
725 183 9 12 0.048786163 
975 91 10 11 0.04877005 
19 292 11 13 0.04876955 
529 135 8 11 0.048726078 
21 157 9 11 0.04860596 
288 9 7 10 0.04847145 
408 110 7 10 0.048430674 
204 257 12 16 0.048388965 
187 103 6 9 0.04828234 
249 16 9 11 0.04825918 
447 112 8 10 0.048254475 
785 171 8 11 0.04820772 
265 37 6 9 0.048045613 
312 72 7 9 0.04795449 
101 172 9 11 0.047800098 
449 117 7 9 0.047785725 
422 294 13 16 0.04764923 
244 348 11 13 0.04763668 
254 14 7 10 0.04757846 
857 104 8 10 0.04754661 
854 93 8 11 0.04748588 
823 301 11 12 0.047441643 
129 29 9 11 0.047441307 
559 73 7 9 0.047434166 
199 63 7 9 0.047412332 
939 170 12 15 0.047411676 
407 1 7 8 0.04730448 
199 132 8 10 0.04730145 
589 57 8 10 0.047291663 
925 339 15 21 0.047063224 
180 299 11 14 0.047021326 
618 21 8 10 0.04696095 
80 134 8 10 0.046881676 
50 87 7 10 0.0468641 
296 414 11 15 0.0467859 
278 53 8 9 0.04675355 
713 104 7 9 0.046683896 
434 80 7 10 0.04662489 
656 105 8 9 0.046616226 
502 94 8 10 0.046589218 
418 79 7 9 0.046568375 
847 103 7 10 0.046424296 
362 81 6 9 0.04642376 
279 388 12 14 0.046420984 
569 77 8 10 0.046360098 
184 62 9 11 0.04634359 
102 148 8 10 0.046325892 
136 103 7 9 0.046171047 
314 63 6 8 0.046013564 
623 175 8 9 0.045983754 
399 103 8 10 0.045940347 
911 21 8 10 0.04586811 
287 39 7 9 0.045820236 
653 78 8 11 0.045794096 
146 24 8 11 0.045694817 
585 39 6 8 0.045626044 
286 388 12 15 0.045561653 
384 65 7 9 0.04555899 
622 184 9 12 0.045496255 
215 29 8 10 0.045478765 
671 157 9 11 0.04547349 
688 35 9 11 0.04546037 
730 80 8 11 0.045445036 
408 134 9 11 0.045403354 
497 65 6 8 0.04539479 
616 32 7 9 0.045231648 
757 295 14 17 0.04522926 
384 197 10 12 0.04515801 
608 30 7 9 0.04506811 
962 185 12 14 0.045025237 
752 149 9 11 0.044977147 
297 97 8 11 0.044946495 
375 167 8 11 0.044942465 
424 116 9 11 0.04492542 
313 159 8 9 0.044908367 
673 78 7 9 0.04490833 
405 339 11 14 0.04486625 
471 120 8 10 0.044839583 
398 23 8 9 0.04480223 
569 125 8 10 0.044797845 
125 181 10 11 0.04476893 
863 102 8 11 0.044726707 
374 149 9 12 0.044630554 
169 214 11 14 0.044444595 
856 126 8 11 0.044366412 
682 88 8 10 0.04433269 
425 21 7 9 0.04428428 
233 48 7 9 0.044245154 
384 152 9 10 0.044244535 
30 316 13 17 0.044223282 
88 112 6 8 0.044199895 
576 237 11 14 0.044186853 
473 30 7 9 0.044171814 
799 47 9 10 0.044090815 
201 110 6 8 0.044078898 
390 251 12 15 0.044054102 
138 111 7 10 0.043936823 
278 49 7 9 0.043922257 
334 159 9 11 0.043906387 
904 158 9 11 0.0438783 
3 452 17 21 0.04385954 
186 45 7 9 0.04375498 
860 160 10 12 0.043713737 
144 105 7 9 0.043695364 
1015 158 9 13 0.043638382 
478 101 8 11 0.043621894 
400 39 7 9 0.043620467 
327 105 7 8 0.043566372 
223 46 7 9 0.043470725 
183 219 11 13 0.04344745 
602 23 7 9 0.043402884 
72 237 11 14 0.043400172 
399 64 7 9 0.043379895 
965 117 10 11 0.043336727 
51 228 10 14 0.04333063 
570 72 7 10 0.043298278 
777 160 9 12 0.043247577 
718 174 10 11 0.04323446 
512 57 6 9 0.04320857 
586 111 8 10 0.043182585 
414 31 7 8 0.04318197 
536 125 9 11 0.043146156 
408 55 7 8 0.04310774 
703 187 11 14 0.043099333 
248 88 7 9 0.04305169 
66 136 7 9 0.04299191 
880 0 8 8 0.042933427 
801 96 9 11 0.04288399 
193 132 8 10 0.04285242 
816 172 10 13 0.04283856 
863 109 9 11 0.04283854 
673 72 7 10 0.042762622 
611 69 7 10 0.04271386 
80 111 7 9 0.04262512 
623 128 8 10 0.042582154 
827 205 12 15 0.042418666 
498 108 8 11 0.04240688 
769 167 9 12 0.042395696 
179 236 11 15 0.042392477 
744 158 8 10 0.042355787 
449 25 7 8 0.042301506 
992 12 8 10 0.04229304 
694 39 8 10 0.04227692 
519 110 8 10 0.042273663 
368 329 12 15 0.0422358 
574 126 8 10 0.042190053 
224 182 9 11 0.04214237 
983 111 9 11 0.042138025 
736 173 9 11 0.042051323 
405 346 10 14 0.042042725 
126 284 15 17 0.04193854 
49 157 8 11 0.041877266 
681 93 8 10 0.04186238 
824 374 11 13 0.041854385 
166 97 7 9 0.041762616 
774 2 8 9 0.041731752 
774 7 9 9 0.041617576 
439 168 9 12 0.041516602 
717 16 8 10 0.04145678 
687 110 8 9 0.041429657 
329 13 7 9 0.041399863 
543 307 11 15 0.04138286 
445 252 11 14 0.041367546 
471 25 7 8 0.04136486 
760 37 8 10 0.041351836 
490 9 6 9 0.041342426 
385 39 7 8 0.04133499 
366 292 13 15 0.041216776 
110 64 8 10 0.04118201 
664 18 10 12 0.04114744 
185 229 11 14 0.04114606 
168 134 7 9 0.041091066 
29 304 11 14 0.041048624 
702 72 7 9 0.04090015 
178 28 7 10 0.040829875 
409 88 8 10 0.040803723 
860 149 9 11 0.040793065 
102 352 15 19 0.040787563 
273 126 8 10 0.04069366 
265 103 6 9 0.04059144 
0 214 7 12 0.040530797 
737 54 9 10 0.040504623 
152 45 8 9 0.040445548 
524 318 11 15 0.040428966 
895 105 10 12 0.04032115 
1016 78 7 11 0.040293057 
317 40 7 8 0.040219534 
593 13 7 9 0.040192038 
712 80 7 9 0.040161103 
367 113 7 10 0.040149365 
62 14 7 9 0.040117767 
902 125 9 10 0.04004484 
824 403 13 18 0.040004842 
497 40 7 8 0.04000011 
759 49 8 10 0.03999547 
713 134 8 10 0.03996033 
606 78 7 10 0.039846882 
570 109 10 11 0.039809756 
717 205 11 13 0.039806645 
704 80 8 10 0.039784513 
394 23 7 10 0.03978012 
960 13 10 13 0.03972664 
295 63 6 9 0.039669234 
249 137 8 9 0.03965888 
689 124 8 11 0.039634403 
718 21 8 10 0.039629634 
242 96 8 10 0.039599795 
828 298 13 15 0.039593987 
767 172 10 13 0.039503593 
647 207 11 13 0.039503086 
104 120 7 10 0.03946265 
504 40 7 9 0.039441507 
765 181 10 12 0.039432008 
327 213 10 12 0.039405566 
474 6 7 9 0.03938547 
526 219 10 14 0.039373137 
417 101 8 10 0.03925717 
767 23 8 10 0.03913342 
23 70 7 9 0.039109353 
417 55 6 8 0.038962416 
358 261 11 15 0.038933154 
392 40 7 8 0.03892876 
358 206 11 12 0.038880963 
803 266 12 15 0.038872685 
121 95 8 10 0.038812246 
376 102 7 9 0.038781386 
143 6 6 8 0.03876577 
801 101 8 10 0.038744684 
112 54 7 10 0.038735818 
143 2 7 8 0.038686235 
162 97 7 8 0.038645495 
112 317 14 18 0.03863154 
1007 37 8 10 0.03860716 
9 93 8 10 0.038571537 
377 7 7 9 0.03856866 
590 39 8 10 0.038527828 
966 2 8 10 0.03852766 
463 7 7 9 0.038482312 
466 103 7 10 0.03846321 
993 340 14 15 0.038460016 
504 46 7 9 0.03833949 
590 61 8 10 0.038321946 
584 127 8 9 0.038300082 
557 213 10 13 0.03825751 
86 127 8 10 0.03823333 
136 48 7 9 0.03817038 
742 21 8 10 0.03817028 
361 28 7 9 0.038128424 
399 9 8 10 0.038051046 
718 45 7 10 0.03804736 
121 182 8 10 0.038027093 
442 94 7 10 0.03802426 
697 112 9 11 0.03800977 
397 158 10 13 0.037994515 
71 136 7 10 0.03798686 
488 174 10 13 0.03794128 
258 357 12 14 0.03792754 
949 17 8 10 0.03788714 
666 94 8 9 0.03778105 
295 72 7 10 0.03771895 
576 93 9 11 0.037691705 
703 55 8 9 0.03769136 
761 31 10 11 0.03768374 
49 152 7 10 0.037675027 
91 313 13 17 0.037664402 
622 92 9 11 0.037644777 
351 65 7 9 0.037636895 
877 206 11 15 0.037571102 
511 157 9 11 0.03747919 
559 110 7 9 0.03745992 
712 244 10 14 0.03742498 
79 154 9 11 0.0373978 
322 104 7 10 0.037384335 
72 141 8 9 0.037321795 
622 104 8 10 0.03731074 
861 142 10 13 0.037297644 
417 111 9 11 0.03727948 
29 259 11 13 0.03726919 
373 73 8 10 0.037246063 
852 348 12 14 0.03722637 
544 72 8 10 0.037208192 
588 458 11 16 0.03713907 
0 505 12 16 0.037097517 
218 214 10 12 0.03706602 
305 196 9 11 0.03704919 
408 42 7 9 0.037019677 
929 158 9 12 0.037009917 
73 127 8 10 0.03700342 
758 337 13 17 0.036891222 
237 206 11 13 0.036845405 
915 437 14 17 0.036814198 
553 79 7 9 0.036788315 
598 189 10 11 0.036781326 
717 211 11 14 0.03676697 
232 84 7 10 0.036765363 
86 49 7 9 0.03662514 
153 2 8 9 0.036614608 
729 104 9 10 0.036596145 
735 158 9 10 0.03650188 
5 71 10 13 0.03649593 
552 71 7 10 0.036472674 
640 71 7 9 0.03646755 
65 118 8 10 0.0364542 
143 117 7 10 0.03645231 
483 314 12 16 0.036435846 
441 15 7 10 0.03638369 
465 126 8 10 0.036236804 
151 57 7 9 0.036220938 
190 41 7 10 0.03621834 
801 185 10 12 0.036209423 
224 111 7 9 0.036180142 
305 71 7 9 0.03603594 
510 33 9 9 0.036013644 
464 118 8 10 0.035963412 
17 151 8 10 0.035962004 
853 340 13 15 0.03596118 
141 235 11 14 0.03591478 
942 98 11 13 0.03585151 
375 228 10 13 0.03585144 
967 424 18 24 0.03584957 
255 54 8 9 0.03582999 
518 102 9 10 0.03582521 
106 126 7 9 0.035792667 
567 60 8 10 0.035751067 
370 15 7 9 0.03572146 
585 117 8 11 0.035512302 
1000 53 10 13 0.035507344 
1008 126 10 14 0.035477288 
530 141 8 10 0.03543094 
307 7 7 10 0.035430245 
926 165 11 14 0.035409443 
375 96 8 10 0.03534915 
878 14 8 10 0.03534865 
352 103 8 10 0.035345092 
416 47 7 8 0.035321373 
384 135 7 10 0.03530399 
192 23 7 8 0.035287965 
878 79 8 10 0.035276126 
449 127 8 10 0.03524139 
650 55 7 10 0.035237145 
760 8 8 10 0.03510558 
104 16 7 9 0.03509809 
648 47 7 9 0.035086185 
78 102 8 10 0.034995597 
419 391 14 17 0.03499537 
414 23 7 9 0.03496777 
495 8 7 9 0.03494961 
599 86 7 10 0.034911063 
382 222 12 14 0.034907658 
112 153 8 10 0.03482172 
655 59 8 11 0.034809146 
727 41 8 10 0.034765735 
243 274 13 16 0.03476165 
561 120 7 9 0.0347538 
768 14 7 10 0.03474426 
302 235 10 12 0.034677498 
631 16 8 10 0.034576043 
170 65 8 10 0.034569774 
442 103 8 9 0.034549102 
718 149 8 11 0.03447973 
248 32 6 9 0.034433167 
612 214 10 15 0.03432321 
428 295 13 16 0.034313075 
606 101 8 10 0.034304246 
743 94 8 9 0.034291513 
638 208 11 13 0.03421282 
775 181 10 12 0.03419376 
712 144 8 11 0.03417047 
934 227 12 15 0.03412987 
781 244 11 14 0.034074448 
366 179 10 12 0.034063 
880 116 9 11 0.03403703 
696 79 7 9 0.03392188 
993 84 9 10 0.03391623 
647 23 7 9 0.03390404 
808 78 8 10 0.033885337 
950 65 8 9 0.033882085 
254 229 10 13 0.033859193 
342 55 7 8 0.03383878 
995 571 20 26 0.033829395 
607 190 9 11 0.033827025 
1016 151 8 12 0.03370037 
60 236 11 13 0.03364617 
407 103 8 10 0.033636373 
368 220 10 13 0.03354568 
743 132 9 12 0.03351329 
352 96 7 9 0.033487882 
183 25 7 9 0.03348166 
366 196 9 11 0.033469256 
937 30 7 9 0.033399403 
369 117 7 10 0.0333902 
1008 163 9 12 0.033382017 
726 174 9 11 0.033376876 
949 158 10 11 0.033376507 
487 103 8 10 0.03336994 
615 48 8 10 0.03335485 
664 41 8 9 0.033339456 
46 135 7 9 0.03333538 
375 15 8 10 0.033322975 
461 226 11 15 0.033280138 
64 72 7 9 0.033272896 
65 61 7 10 0.03324066 
615 205 10 13 0.033230644 
855 133 9 11 0.03318069 
53 87 8 10 0.033168834 
571 475 13 17 0.03316587 
998 117 8 10 0.033136766 
443 377 13 17 0.033103425 
488 285 10 13 0.033075165 
488 47 7 9 0.03299798 
696 45 7 10 0.032916494 
406 78 7 9 0.032902736 
362 86 8 10 0.0329014 
959 31 8 10 0.03289868 
913 32 7 10 0.032828417 
374 189 10 12 0.0328113 
344 115 8 11 0.032794546 
217 47 7 10 0.032790393 
200 307 13 17 0.032749955 
640 47 8 9 0.032744523 
601 8 7 9 0.03273739 
964 463 12 15 0.032724384 
591 189 9 13 0.032645356 
254 253 11 12 0.032641985 
711 54 8 11 0.03262833 
1017 85 8 12 0.032577645 
1002 96 8 10 0.032566752 
327 65 7 9 0.03256181 
904 194 11 14 0.032553367 
784 319 14 17 0.03254672 
365 135 9 12 0.03250729 
718 260 13 16 0.032505482 
318 468 15 15 0.032487087 
138 118 7 10 0.032484442 
599 71 7 9 0.032456376 
496 47 7 9 0.03244116 
174 330 14 17 0.032403607 
439 252 12 14 0.032369267 
328 341 12 16 0.032365113 
961 2 8 9 0.03236327 
610 379 13 15 0.03229974 
911 165 9 12 0.032280184 
283 228 11 14 0.032271277 
480 47 7 8 0.032269783 
529 22 8 9 0.032228194 
547 87 8 10 0.03222551 
671 109 7 10 0.032214925 
550 3 7 9 0.032182373 
985 140 9 12 0.032159325 
928 88 7 9 0.032119513 
351 128 8 10 0.03211305 
477 179 9 13 0.032094132 
799 64 8 10 0.03209277 
744 150 9 12 0.03209027 
660 111 9 11 0.032078076 
812 189 12 15 0.032014593 
975 134 9 11 0.032012302 
533 539 16 21 0.031984568 
504 70 7 9 0.031966202 
78 142 8 9 0.03193869 
809 102 8 10 0.03190881 
1014 32 8 11 0.031856574 
568 136 8 10 0.031821895 
733 2 8 10 0.031788945 
89 120 6 9 0.031786438 
737 47 8 10 0.031701203 
598 291 12 16 0.03167157 
336 103 7 9 0.03166855 
777 48 7 10 0.03165925 
114 136 8 11 0.03160344 
945 21 8 10 0.03158599 
719 63 7 9 0.031498276 
48 101 7 10 0.03149374 
820 87 8 10 0.031453032 
225 97 7 9 0.031442948 
741 127 8 11 0.031424202 
208 101 8 10 0.031388212 
584 72 7 9 0.03137131 
474 16 7 8 0.031355523 
897 126 9 10 0.031323157 
439 134 9 10 0.031314924 
820 72 9 11 0.031263918 
87 34 7 9 0.031257767 
1008 216 12 17 0.03124833 
768 6 8 10 0.031239513 
928 284 13 17 0.031228978 
322 142 9 11 0.031228589 
264 71 9 11 0.031199459 
106 110 7 10 0.031191519 
306 475 15 18 0.031156175 
536 23 6 9 0.031125033 
290 181 9 12 0.031120013 
439 372 13 15 0.031069942 
336 230 10 13 0.031040391 
975 109 9 11 0.031007405 
576 47 7 10 0.030999811 
679 104 8 10 0.030998912 
735 63 7 9 0.030965641 
42 229 11 14 0.030940069 
523 581 16 19 0.030907188 
727 165 9 12 0.03089501 
192 57 7 9 0.030892344 
640 78 7 10 0.030880412 
647 73 8 9 0.030808123 
927 388 13 15 0.030793417 
303 40 7 9 0.030739183 
653 432 12 17 0.030720325 
415 117 9 11 0.030601727 
447 150 9 12 0.030570757 
265 135 8 10 0.03057065 
303 24 7 10 0.030530535 
573 54 7 10 0.030526837 
127 96 8 9 0.030513467 
94 366 13 20 0.03050958 
793 54 8 9 0.030346455 
591 135 8 9 0.030282538 
175 117 7 9 0.030221127 
744 86 8 10 0.030218082 
250 141 8 11 0.030199751 
470 111 9 10 0.030095046 
354 56 6 8 0.030029714 
400 31 6 9 0.029974062 
577 177 9 10 0.02997394 
658 72 7 10 0.02996878 
766 111 8 9 0.029955646 
295 222 10 13 0.02994686 
845 251 15 18 0.029943364 
163 405 13 17 0.029932063 
247 214 10 12 0.029863052 
793 190 10 12 0.029810326 
799 54 7 10 0.029807547 
659 48 8 10 0.029746452 
865 45 8 11 0.029731855 
418 181 9 12 0.029671913 
808 0 7 9 0.02964002 
711 183 11 13 0.029639253 
663 140 9 11 0.029625446 
949 165 11 14 0.029618813 
720 394 12 16 0.029611975 
623 285 12 14 0.02960695 
438 8 8 11 0.029580694 
550 26 7 9 0.029576369 
964 12 10 12 0.02957537 
304 65 6 8 0.029543636 
366 157 10 12 0.0295318 
118 109 8 9 0.029468004 
560 206 11 14 0.029421553 
675 313 13 18 0.029399501 
815 418 14 16 0.029387929 
482 500 15 20 0.029361315 
415 87 8 10 0.029297011 
855 170 11 13 0.029293638 
559 135 8 11 0.029285312 
617 184 8 10 0.029222183 
402 125 9 11 0.02920663 
231 110 7 9 0.029204894 
232 227 10 13 0.029166125 
789 168 9 12 0.029147 
146 41 8 10 0.029139943 
607 113 8 9 0.02913371 
287 171 10 12 0.029102476 
373 222 10 13 0.029085705 
543 95 9 11 0.02907293 
434 444 13 16 0.02906189 
144 57 8 9 0.029050117 
755 93 8 11 0.0290418 
374 158 9 11 0.029004533 
360 63 6 8 0.028979365 
982 47 7 9 0.028949983 
112 158 8 10 0.028872196 
315 212 11 12 0.02885752 
653 213 11 13 0.028852304 
527 117 8 11 0.028845258 
88 167 10 12 0.028835967 
320 95 7 9 0.02881045 
475 464 16 21 0.028795548 
921 8 8 9 0.028774949 
488 96 7 9 0.028769208 
264 33 7 10 0.028760586 
388 173 9 12 0.028757952 
760 180 9 12 0.0286837 
842 103 7 9 0.02867837 
584 79 7 9 0.028663073 
774 63 8 9 0.028650308 
517 148 10 12 0.02857871 
430 197 11 13 0.028533112 
462 15 6 9 0.028473387 
110 230 11 15 0.028462116 
209 7 8 11 0.02841288 
8 105 7 10 0.028406471 
616 197 10 12 0.028394172 
168 129 7 9 0.028386764 
633 99 10 11 0.028367946 
450 73 6 8 0.028363809 
53 308 14 17 0.02831279 
162 102 7 9 0.028294742 
337 111 7 9 0.028284624 
876 326 12 16 0.028264683 
81 65 7 10 0.028227184 
873 8 8 9 0.028221823 
278 232 12 14 0.028189104 
163 30 7 9 0.028188346 
281 6 7 10 0.028138928 
481 63 6 8 0.028107446 
988 343 16 19 0.02810667 
151 72 8 10 0.028089907 
614 132 8 10 0.028086675 
517 123 9 11 0.028078327 
217 112 7 9 0.028070651 
839 221 13 16 0.028036028 
783 31 8 10 0.028027996 
765 277 11 13 0.02800077 
253 221 10 13 0.027996488 
999 220 12 17 0.027945241 
629 190 10 12 0.027943712 
427 133 9 12 0.027922245 
752 7 7 9 0.02791593 
189 234 10 14 0.027885724 
769 54 7 9 0.027846565 
207 136 7 9 0.027830616 
849 156 9 12 0.027792813 
271 41 7 9 0.027736384 
340 253 11 15 0.027727166 
261 255 11 13 0.02770002 
781 308 12 15 0.027699824 
703 387 14 17 0.027675435 
982 102 9 12 0.02766522 
968 49 8 10 0.027592262 
388 259 11 14 0.027584376 
965 133 10 12 0.027554644 
97 113 7 9 0.027535275 
312 174 10 11 0.027520737 
297 33 6 9 0.02748315 
631 207 11 14 0.027443135 
474 87 8 9 0.027435532 
437 124 9 11 0.027353516 
788 354 13 17 0.027324658 
586 31 7 9 0.027305806 
383 338 11 14 0.027295724 
423 7 7 9 0.027271543 
1007 133 9 11 0.027251361 
272 136 8 10 0.02724446 
644 242 12 15 0.027213695 
646 37 8 10 0.027211042 
726 93 8 10 0.027200405 
240 53 7 10 0.02717926 
903 207 11 14 0.027178772 
369 65 7 9 0.02713175 
243 41 7 10 0.027098605 
647 250 12 16 0.027024595 
928 228 11 15 0.027015021 
224 120 7 9 0.027001126 
160 111 6 9 0.026992338 
739 72 7 9 0.026977902 
847 143 9 12 0.026972702 
966 262 13 16 0.02696766 
396 189 10 12 0.026949767 
856 317 12 14 0.026938228 
711 275 13 15 0.026928186 
352 206 10 11 0.026894964 
248 54 9 10 0.026878532 
63 274 12 15 0.026855035 
888 115 10 12 0.02685213 
296 172 11 12 0.02683038 
377 1 6 8 0.026813904 
408 72 7 9 0.02680645 
991 101 9 11 0.026774747 
903 83 10 11 0.026733948 
368 8 7 9 0.026725192 
702 138 9 11 0.02672399 
651 111 8 11 0.02670891 
799 6 9 10 0.026642129 
302 78 7 9 0.026630156 
389 150 9 12 0.026609492 
87 84 8 10 0.026601018 
751 314 13 16 0.026570616 
74 72 7 9 0.02655307 
389 110 10 11 0.02645934 
639 88 9 11 0.026456807 
569 47 8 10 0.026455702 
961 146 11 13 0.026452767 
679 79 7 9 0.026432427 
219 40 7 9 0.026419373 
534 135 8 10 0.026382897 
56 121 8 9 0.026347479 
81 88 8 10 0.026287772 
554 47 7 9 0.026259545 
466 29 7 9 0.026247913 
943 233 12 16 0.026246976 
276 423 14 17 0.026245631 
256 185 9 11 0.026205642 
234 64 7 9 0.026171595 
417 72 7 9 0.026148746 
637 139 10 12 0.026148701 
319 247 12 14 0.026131518 
63 127 7 9 0.026121743 
511 45 8 10 0.026119322 
62 30 7 9 0.026116405 
424 56 7 9 0.026083933 
705 47 8 9 0.026066832 
856 55 8 10 0.02605721 
341 230 10 12 0.026046587 
131 278 12 15 0.026038641 
342 143 8 10 0.026030298 
390 203 12 14 0.026029361 
736 166 9 12 0.026025707 
744 39 7 9 0.02598637 
998 348 13 17 0.025977101 
119 244 12 15 0.02597708 
274 104 7 10 0.025880778 
883 314 12 16 0.025826273 
384 7 7 9 0.025822397 
243 123 8 11 0.02581633 
101 195 11 13 0.025786527 
712 71 7 9 0.025785146 
392 31 7 9 0.025780264 
568 141 8 9 0.025762279 
372 480 14 19 0.025759447 
97 24 7 10 0.0257434 
200 76 8 10 0.025710417 
284 222 11 14 0.025700025 
291 433 13 17 0.025691383 
174 311 13 17 0.025691073 
192 111 7 9 0.025675358 
622 194 10 13 0.025673075 
519 184 9 12 0.02566316 
639 25 7 9 0.025620712 
592 8 7 9 0.025607387 
314 56 6 9 0.025579197 
255 275 11 15 0.025577083 
784 8 8 11 0.025571683 
145 78 7 10 0.025571462 
74 103 7 9 0.025564417 
575 88 8 10 0.025444068 
432 97 7 9 0.025438642 
598 199 11 12 0.02541744 
542 469 14 17 0.025401052 
761 220 14 19 0.025400897 
718 40 8 10 0.025383588 
58 15 7 9 0.025381187 
632 138 10 13 0.025371274 
727 158 11 13 0.025333932 
849 332 14 17 0.025320765 
1007 387 12 15 0.025308305 
257 125 8 10 0.025304869 
882 269 13 15 0.025297236 
849 55 8 9 0.02527156 
7 157 9 12 0.025258139 
311 166 9 11 0.025252854 
214 8 7 10 0.025246406 
343 167 10 13 0.025216602 
289 88 7 9 0.025201593 
391 222 11 14 0.025183514 
39 259 12 14 0.025177948 
55 74 8 9 0.025144156 
142 219 12 15 0.025143342 
180 372 14 17 0.025131833 
783 48 7 9 0.025049487 
15 101 7 10 0.02504213 
850 166 9 12 0.02503874 
954 48 8 9 0.025013667 
617 80 8 10 0.025009863 
477 318 12 16 0.025000017 
210 30 7 9 0.024969723 
254 214 10 13 0.024931269 
283 165 9 10 0.024899172 
984 207 11 14 0.024885822 
864 292 12 14 0.02486332 
653 85 8 11 0.02484687 
655 96 7 9 0.024846792 
111 40 7 10 0.02481963 
384 95 7 9 0.024815155 
738 109 10 12 0.024789188 
671 62 7 9 0.02478741 
735 151 9 11 0.024776768 
303 129 8 10 0.024769891 
808 126 9 11 0.024741398 
567 26 7 9 0.024717597 
743 0 8 10 0.02469214 
169 44 8 11 0.02467557 
165 181 10 11 0.024643384 
465 2 6 8 0.024638524 
732 279 14 17 0.024622919 
126 175 9 11 0.024617348 
1001 135 8 11 0.024614908 
542 198 11 13 0.024598416 
13 62 8 11 0.024569208 
630 197 9 11 0.024547862 
959 37 7 9 0.024545088 
135 158 8 11 0.024535162 
156 329 12 16 0.024522675 
787 209 12 16 0.024497623 
832 55 8 10 0.024399739 
563 31 6 8 0.02438767 
69 116 9 10 0.02438491 
454 73 7 9 0.024368705 
357 236 11 15 0.02435734 
383 54 7 10 0.024337959 
369 150 9 11 0.024337074 
717 372 12 17 0.02431532 
731 28 8 10 0.024286482 
43 94 7 10 0.024263026 
830 162 10 13 0.024205897 
185 56 7 10 0.024202991 
182 278 12 14 0.024191225 
97 161 8 11 0.024188315 
992 96 8 10 0.024162933 
294 247 11 14 0.024130045 
193 88 7 9 0.024118781 
935 15 8 10 0.02409681 
101 167 8 11 0.024089409 
803 309 11 17 0.02407446 
719 228 11 14 0.024064524 
119 151 8 10 0.024010427 
272 110 7 9 0.024000457 
925 518 17 21 0.023992952 
749 158 10 11 0.023977883 
559 142 8 10 0.023957875 
752 300 11 15 0.023950629 
504 142 8 11 0.023931209 
704 300 12 16 0.023908617 
648 1 9 11 0.023902686 
282 39 7 9 0.023896359 
624 33 7 9 0.023896145 
418 128 9 11 0.023874946 
934 151 9 11 0.02386264 
660 340 13 15 0.02386247 
367 53 7 10 0.023857933 
936 88 8 10 0.02381358 
279 1 7 9 0.023806874 
562 55 7 9 0.023799872 
959 294 13 17 0.02379152 
1001 141 9 12 0.023763783 
796 203 11 14 0.023762066 
664 62 8 10 0.023707418 
983 65 8 10 0.023685679 
879 166 10 13 0.023651278 
508 499 13 19 0.023650825 
680 111 9 9 0.0236501 
22 180 10 13 0.023619859 
88 104 8 9 0.023618316 
495 69 7 9 0.023616953 
90 6 7 9 0.023596184 
94 6 7 9 0.023585508 
264 113 8 9 0.023581391 
750 136 9 10 0.023576098 
338 179 9 12 0.023490917 
7 268 12 16 0.023465078 
888 171 10 14 0.023458518 
351 269 11 13 0.023448577 
472 57 6 7 0.023442725 
824 29 7 10 0.023369575 
992 322 14 16 0.02334899 
244 189 10 12 0.023339985 
590 158 8 10 0.023335326 
341 279 13 15 0.023334604 
893 219 11 15 0.023333808 
80 17 7 9 0.02332726 
821 294 11 14 0.023321042 
823 198 11 14 0.023299132 
88 242 12 15 0.023280412 
349 378 13 15 0.023275409 
648 133 8 11 0.02327523 
94 261 11 15 0.023228258 
118 235 11 14 0.02322698 
582 176 8 11 0.023216046 
572 283 12 14 0.023214001 
408 64 7 9 0.023190161 
306 89 8 10 0.023149474 
489 371 11 15 0.023134762 
188 172 9 11 0.023122221 
677 221 12 13 0.023120593 
817 300 10 13 0.023119038 
545 37 7 9 0.023099978 
288 126 8 11 0.023095308 
654 142 10 11 0.023091458 
911 173 12 14 0.023086078 
191 95 7 9 0.02306774 
617 94 8 10 0.023054471 
349 173 11 13 0.02303456 
144 46 7 10 0.022996828 
303 31 7 9 0.022970032 
181 362 15 18 0.02295738 
967 299 12 15 0.022942862 
302 117 9 11 0.022928158 
839 55 7 9 0.02289783 
85 95 8 10 0.022857314 
67 187 10 13 0.022853464 
1004 23 8 11 0.022818567 
437 222 11 13 0.022813391 
863 55 8 10 0.022810977 
103 29 7 10 0.022800999 
754 54 8 9 0.022792215 
816 397 12 16 0.022783188 
755 312 20 24 0.022776587 
911 127 9 10 0.022768019 
281 200 10 12 0.022763912 
295 22 7 9 0.022731347 
556 219 11 14 0.022690797 
106 47 7 9 0.022681791 
7 47 8 10 0.022677366 
160 237 10 13 0.022662614 
513 188 9 12 0.02265814 
264 432 13 19 0.022655634 
656 220 10 14 0.022614125 
719 111 7 10 0.022609824 
821 8 8 11 0.022590283 
247 206 10 12 0.022575086 
261 268 13 16 0.022561487 
361 99 8 11 0.02255053 
753 48 8 9 0.022536447 
28 356 15 20 0.022532368 
343 156 10 12 0.022522032 
78 294 12 14 0.02251312 
974 33 8 10 0.02251224 
590 128 8 10 0.022508124 
343 48 7 9 0.02247142 
652 205 11 13 0.02247098 
941 178 12 15 0.022470227 
697 54 8 9 0.022467816 
1013 364 11 17 0.022434432 
225 142 9 11 0.02240887 
14 143 8 11 0.022404473 
133 24 8 10 0.022403635 
925 31 8 10 0.022398153 
809 15 9 10 0.02239549 
815 30 7 9 0.022395477 
655 199 11 13 0.022395408 
577 0 7 9 0.02239412 
237 195 11 13 0.022390502 
657 23 7 10 0.022390082 
535 159 10 12 0.022377994 
456 103 7 10 0.022375036 
928 94 7 10 0.022368344 
606 14 8 10 0.022367654 
73 96 7 9 0.022356747 
768 49 7 9 0.022348726 
783 149 9 11 0.022347838 
720 72 7 9 0.022331886 
87 134 7 10 0.02230845 
616 175 8 10 0.02229979 
655 134 9 11 0.02228749 
735 78 9 12 0.022252245 
210 25 7 9 0.022252016 
590 101 9 10 0.02224286 
272 252 11 14 0.022225786 
282 31 7 10 0.022169389 
865 23 8 11 0.022161452 
489 65 7 9 0.022139309 
775 142 9 12 0.022129722 
346 403 15 18 0.022085074 
151 110 7 9 0.02208255 
933 234 12 15 0.02208146 
733 224 13 14 0.022068277 
376 49 7 9 0.022059264 
904 2 8 9 0.022046868 
335 387 11 14 0.022043591 
552 109 9 10 0.022033941 
703 360 14 17 0.022027358 
552 14 7 9 0.022012794 
104 159 7 10 0.022009997 
399 270 12 15 0.021995805 
-1 534 13 18 0.021989133 
598 223 12 13 0.021976493 
354 17 7 9 0.02197523 
384 1 8 9 0.021963103 
481 72 7 9 0.021958336 
201 106 7 9 0.021933319 
376 210 10 13 0.021930605 
727 149 9 12 0.021918641 
692 173 10 13 0.02189287 
950 307 12 16 0.02188743 
872 88 7 9 0.021874594 
792 64 8 9 0.02182477 
160 47 7 10 0.02177682 
743 167 11 13 0.021776324 
349 277 11 14 0.021743257 
7 165 9 11 0.021741048 
869 94 9 10 0.021733979 
591 151 8 11 0.021732822 
519 18 7 9 0.021716861 
238 136 8 11 0.02170923 
321 48 6 9 0.02170804 
311 128 8 10 0.021690214 
72 32 7 8 0.021657715 
374 38 7 9 0.0216398 
241 15 8 10 0.021635743 
665 27 9 11 0.021628447 
257 39 7 9 0.021604408 
399 183 10 12 0.021585599 
249 112 8 9 0.021568064 
345 127 8 11 0.021561267 
23 164 10 13 0.02155277 
53 268 13 16 0.021551644 
694 25 8 11 0.021551035 
536 106 9 12 0.021550063 
495 15 6 9 0.021537941 
394 80 7 9 0.02153745 
449 134 8 10 0.021534994 
981 150 9 12 0.021528427 
407 6 8 9 0.021522323 
506 120 8 9 0.021500254 
0 430 11 16 0.021489933 
610 134 8 9 0.021442773 
759 165 9 12 0.02140784 
119 159 8 10 0.021397406 
206 72 7 9 0.021394191 
71 63 7 9 0.021387188 
285 135 9 11 0.021381091 
133 237 12 15 0.02138009 
936 103 10 13 0.021372167 
59 182 9 11 0.021368718 
198 238 11 15 0.021343088 
64 88 8 11 0.021336434 
512 568 15 19 0.021321932 
320 7 7 9 0.021319164 
80 120 8 10 0.021314578 
148 396 15 15 0.02130144 
345 103 7 9 0.021292424 
292 160 10 12 0.021286635 
791 24 8 9 0.021285245 
858 365 11 15 0.021280486 
609 61 8 10 0.021280456 
46 61 8 11 0.021276258 
902 150 10 12 0.02126688 
232 147 9 11 0.021263644 
917 156 10 12 0.021253351 
495 141 8 11 0.0212416 
380 470 12 16 0.02123436 
199 57 7 8 0.021232797 
512 62 6 8 0.021232065 
318 198 9 11 0.02121796 
429 65 7 10 0.021202466 
334 416 12 16 0.021201579 
592 88 7 9 0.021193672 
848 126 8 10 0.021167476 
415 191 11 14 0.021165056 
391 182 9 12 0.021161072 
541 332 12 15 0.021102602 
815 316 13 17 0.021102544 
901 142 12 13 0.021101264 
135 39 7 9 0.021088207 
665 157 9 12 0.021051545 
208 112 7 9 0.021032594 
934 359 10 13 0.021013439 
377 87 7 9 0.02101248 
911 0 8 10 0.021007571 
413 142 10 12 0.021001197 
295 122 9 11 0.020995151 
1000 158 10 12 0.020941036 
399 282 11 15 0.020924019 
230 166 9 11 0.020919912 
696 137 9 11 0.02090681 
1008 15 7 9 0.020871144 
344 14 6 9 0.020864533 
15 112 8 10 0.02085939 
382 306 11 15 0.020831024 
49 40 7 9 0.020830663 
304 111 7 9 0.02082102 
409 570 19 26 0.020818366 
178 166 8 11 0.020804357 
1 44 8 11 0.0207672 
271 81 7 10 0.020761268 
375 199 10 12 0.020756118 
663 436 13 17 0.020744978 
159 40 6 9 0.020744193 
862 31 8 10 0.020735815 
45 267 12 15 0.020727394 
806 277 12 14 0.020724354 
537 48 7 9 0.020720802 
645 177 11 13 0.020719605 
624 54 8 10 0.020713238 
818 429 16 18 0.02071174 
368 191 8 11 0.02070909 
256 235 10 13 0.020705372 
758 259 12 14 0.020692365 
23 261 13 15 0.020691797 
121 219 12 15 0.020676978 
25 610 17 23 0.02066477 
359 243 11 14 0.02064752 
782 142 10 12 0.020642301 
134 205 11 13 0.02062104 
505 57 7 8 0.020618489 
349 325 14 16 0.02061093 
62 244 11 13 0.020589314 
380 413 14 16 0.020584032 
479 135 8 10 0.02058347 
138 6 7 8 0.020557828 
813 370 13 15 0.02055591 
710 250 12 16 0.020549476 
541 165 9 11 0.020548042 
778 73 8 10 0.020529963 
245 244 10 13 0.020478815 
756 174 11 13 0.020477073 
303 220 12 15 0.020474209 
798 196 11 15 0.020469792 
166 150 9 11 0.02046774 
717 102 9 10 0.020463362 
241 111 7 10 0.020461787 
1013 356 12 17 0.020459665 
384 181 9 11 0.020448696 
617 112 7 10 0.020437496 
106 40 7 9 0.020431804 
402 120 8 10 0.020396134 
800 142 9 10 0.020394698 
791 5 9 11 0.020392029 
64 78 7 9 0.020384526 
687 208 10 14 0.020382602 
648 62 8 10 0.020379558 
76 261 11 14 0.020361781 
767 143 8 10 0.020352395 
362 8 7 8 0.020348867 
814 24 8 10 0.020324055 
480 57 7 8 0.020317076 
313 1 7 9 0.020313563 
82 34 7 9 0.020308416 
177 14 7 9 0.020302206 
904 119 8 11 0.020281577 
728 618 10 14 0.020273866 
117 310 13 17 0.020267079 
143 15 7 9 0.020222371 
664 3 10 12 0.020201925 
4 434 12 15 0.020189304 
807 47 8 10 0.02018025 
417 300 12 15 0.020142628 
497 24 6 8 0.020141102 
348 365 13 14 0.020117283 
153 319 15 18 0.02011275 
512 412 11 16 0.020107808 
840 237 11 14 0.020104297 
47 213 10 14 0.020092634 
961 132 9 12 0.020083336 
352 47 7 8 0.020060267 
682 487 17 22 0.020058446 
768 79 8 10 0.020043913 
649 103 7 9 0.020024411 
916 212 11 14 0.020018017 
671 39 7 9 0.020004008 
405 281 11 15 0.020000651 
