2_Demonstration_Demonstrators_2_378
162
217 497 67 68 0.9994425 
199 401 60 68 0.99869436 
810 487 60 71 0.9985758 
940 401 57 62 0.9984628 
102 463 66 75 0.9983891 
670 331 50 56 0.9982381 
595 414 51 59 0.99821717 
396 238 34 36 0.99797803 
645 435 49 63 0.99763966 
606 326 50 60 0.9972505 
414 192 35 37 0.99712867 
648 262 37 41 0.9969163 
323 465 50 60 0.9967996 
501 299 48 51 0.99662775 
264 358 54 58 0.9965184 
536 258 34 43 0.9964122 
483 208 32 40 0.9959978 
155 204 32 37 0.9958553 
155 265 39 48 0.99503195 
98 207 35 34 0.9944273 
192 190 27 33 0.9940919 
504 358 48 57 0.993343 
429 305 42 53 0.9927395 
642 494 59 66 0.9923149 
360 224 31 37 0.99226075 
571 239 29 33 0.99215955 
489 416 55 68 0.99179393 
89 295 48 50 0.99111325 
306 275 40 46 0.99081856 
548 374 42 57 0.9907156 
602 270 31 32 0.9904924 
208 135 24 28 0.9903454 
736 286 28 35 0.9902885 
103 137 27 29 0.98971516 
752 419 47 54 0.98806804 
221 244 35 45 0.9865827 
330 220 26 35 0.98513085 
765 316 37 40 0.9849377 
159 168 25 30 0.9845547 
949 227 25 32 0.9843908 
436 463 62 68 0.98150533 
713 406 36 46 0.98136085 
898 402 41 55 0.98029053 
752 364 46 52 0.9782581 
12 203 36 42 0.9771762 
502 518 65 64 0.97670346 
135 197 22 30 0.971984 
390 328 43 59 0.9647097 
904 356 37 40 0.96417546 
92 249 36 40 0.9600067 
347 192 21 28 0.951538 
925 173 22 28 0.94844604 
369 292 40 43 0.9284825 
858 443 44 56 0.92833894 
870 335 30 35 0.9279139 
927 209 26 27 0.923743 
958 152 20 27 0.92165715 
268 226 30 38 0.9197556 
692 490 58 63 0.91863745 
136 302 30 47 0.9145545 
7 274 36 49 0.91042703 
282 288 27 44 0.8985297 
889 207 22 27 0.88141954 
836 392 41 50 0.8521751 
184 377 39 50 0.8256677 
312 170 22 26 0.8255847 
291 197 23 26 0.69086385 
646 298 33 43 0.6863942 
0 304 27 68 0.66876674 
253 433 47 51 0.63495165 
718 459 48 59 0.623484 
1003 214 21 27 0.5885741 
1009 130 15 25 0.5489007 
903 141 23 30 0.49886596 
618 243 26 29 0.41209316 
44 182 28 36 0.39595592 
375 303 43 51 0.3479231 
480 295 29 37 0.29351953 
859 395 41 54 0.29057896 
755 338 47 49 0.22859506 
943 338 22 30 0.22059065 
924 102 10 13 0.21499872 
1001 196 18 19 0.19735813 
787 390 32 46 0.16525902 
410 324 43 56 0.16044399 
872 414 42 55 0.15614855 
481 327 26 34 0.15262096 
572 471 33 42 0.15043993 
908 133 16 18 0.13811208 
231 416 51 60 0.1328724 
608 253 28 34 0.12922591 
195 362 39 47 0.12562932 
843 422 50 57 0.12392837 
146 306 34 49 0.11486436 
220 176 18 22 0.11008453 
112 202 30 32 0.10255821 
517 276 44 49 0.10170607 
652 304 41 56 0.09101744 
716 428 43 53 0.08709231 
751 295 42 48 0.07801815 
209 179 24 32 0.07441531 
912 138 16 19 0.07072838 
843 282 17 21 0.06921537 
938 115 14 17 0.06504885 
1002 230 21 32 0.063965864 
453 447 56 65 0.063319035 
885 400 29 47 0.06288011 
862 310 45 63 0.0587594 
882 335 41 47 0.058359336 
612 246 20 23 0.058187354 
816 273 24 34 0.051928457 
638 329 47 59 0.051913038 
336 200 26 32 0.05071799 
631 247 17 22 0.04979582 
940 217 24 30 0.049061667 
781 227 11 14 0.048221014 
301 174 18 22 0.045575343 
739 261 28 28 0.043327026 
22 193 35 42 0.042137142 
690 0 30 27 0.04064112 
231 194 22 29 0.03990808 
832 459 54 68 0.039892707 
277 214 28 37 0.036957677 
725 490 50 59 0.0366473 
873 470 46 61 0.035710722 
11 286 27 66 0.03562621 
294 187 24 26 0.035477765 
904 374 38 52 0.034476746 
739 508 48 56 0.034368355 
704 0 20 20 0.03302982 
353 406 16 22 0.032992978 
145 283 38 46 0.03252725 
422 295 31 46 0.03192596 
296 284 37 45 0.03145009 
929 346 29 37 0.030246962 
261 220 27 33 0.029049115 
912 85 9 13 0.028572883 
142 155 22 27 0.02843528 
0 115 22 30 0.027665077 
767 382 41 46 0.027632033 
489 313 36 45 0.027527675 
998 221 18 24 0.027125873 
919 104 11 14 0.026796835 
432 275 27 34 0.02679399 
526 402 49 58 0.0267114 
492 373 48 58 0.026262641 
937 335 38 46 0.02619044 
744 435 40 50 0.025777742 
798 386 39 54 0.0254589 
746 290 32 39 0.025353713 
869 247 12 15 0.024802912 
575 446 43 55 0.02450016 
474 441 56 64 0.024267549 
918 176 18 23 0.023489673 
207 456 42 49 0.02272691 
285 207 18 23 0.022683261 
22 280 29 49 0.022574142 
741 270 28 38 0.022571083 
291 526 47 43 0.021534484 
563 405 48 62 0.02138378 
887 226 24 31 0.02113906 
945 113 13 17 0.021029329 
