2_Demonstration_Political_Rally_2_204
200
405 389 11 14 0.9106653 
56 408 10 12 0.7773451 
498 400 9 11 0.6943138 
338 397 10 12 0.6844431 
384 396 8 11 0.6606762 
134 434 11 14 0.62630135 
466 393 9 12 0.52939224 
579 396 10 13 0.51508045 
662 392 9 11 0.47441193 
766 387 9 12 0.47255683 
837 391 10 13 0.46048594 
422 393 8 10 0.4077832 
923 390 8 11 0.39814064 
446 398 8 11 0.38551772 
188 427 9 12 0.3423251 
202 429 9 11 0.2944457 
861 390 8 10 0.27817002 
877 389 8 10 0.2308671 
167 432 8 11 0.22693916 
223 431 13 15 0.2211857 
279 404 9 12 0.20835525 
639 380 9 12 0.20809437 
1002 388 8 10 0.20426786 
485 398 9 12 0.19874619 
621 399 8 11 0.18611605 
550 389 9 10 0.18500172 
813 395 8 11 0.18313618 
671 392 9 11 0.17938763 
826 407 9 12 0.16132008 
762 388 9 12 0.16053934 
871 373 8 10 0.15814479 
118 429 8 11 0.15695107 
22 405 10 12 0.14354712 
549 398 9 12 0.14307547 
799 389 8 10 0.13994734 
443 397 8 11 0.1369661 
309 469 8 10 0.13300079 
150 429 8 11 0.121625856 
321 391 9 11 0.120321736 
248 431 9 11 0.12023166 
101 423 9 11 0.11846672 
287 406 10 12 0.115006365 
174 435 10 12 0.10999243 
141 429 11 14 0.107833534 
701 381 8 12 0.106334634 
690 408 8 10 0.10242233 
416 391 9 12 0.10001729 
809 393 8 10 0.09913283 
745 399 8 12 0.096840486 
823 413 9 12 0.09666918 
552 385 8 10 0.09182162 
864 407 9 12 0.08688709 
321 396 9 12 0.08452093 
87 432 8 11 0.08448025 
659 391 8 11 0.08329232 
905 385 8 10 0.08115225 
978 410 7 9 0.07781527 
114 431 8 10 0.07751664 
528 401 8 10 0.07741655 
111 437 8 9 0.07555879 
689 413 8 10 0.075410426 
677 392 8 11 0.07442952 
618 397 8 11 0.07207089 
293 405 8 11 0.07091812 
245 436 8 11 0.067210294 
981 412 8 10 0.06618972 
253 423 8 10 0.064972594 
849 368 7 9 0.0638386 
896 383 7 10 0.06288345 
59 410 10 13 0.062408105 
182 405 8 10 0.060998734 
482 392 8 11 0.060847506 
566 405 8 11 0.06051559 
401 396 10 13 0.060078852 
874 384 8 11 0.059773937 
102 430 8 10 0.058927312 
205 423 8 11 0.0579299 
285 411 9 12 0.056754168 
772 388 9 11 0.05563685 
162 430 9 11 0.055309568 
622 355 9 12 0.055050664 
39 424 9 11 0.054045573 
325 396 10 13 0.05253605 
398 406 9 11 0.052471533 
646 374 8 11 0.052016515 
665 375 8 11 0.051947642 
388 396 9 11 0.05173854 
130 435 9 12 0.05143906 
546 391 8 10 0.05096788 
937 440 7 9 0.049702592 
1003 413 15 18 0.04931742 
139 436 10 13 0.049231526 
207 437 9 11 0.049224254 
252 428 8 11 0.048638996 
726 407 9 12 0.0477676 
834 395 9 12 0.04767422 
114 424 8 10 0.04563331 
418 374 8 10 0.04548426 
368 398 8 11 0.044981804 
749 399 8 11 0.0447791 
487 403 10 12 0.043994837 
17 404 10 13 0.042871926 
784 391 8 11 0.04188707 
695 415 7 9 0.04151535 
703 421 9 10 0.04028631 
302 415 9 11 0.038617756 
829 412 9 11 0.038150392 
1005 385 8 11 0.03795015 
793 390 7 10 0.03783194 
536 390 7 10 0.037139576 
818 414 9 11 0.036540873 
44 501 9 11 0.03641545 
501 402 9 12 0.035922054 
134 423 10 12 0.03574872 
273 400 8 11 0.03555033 
242 432 8 12 0.03541523 
440 393 8 11 0.035384793 
843 389 10 12 0.035206698 
569 383 7 9 0.035023946 
128 421 9 11 0.034673188 
232 416 8 10 0.034595165 
608 397 8 10 0.0345014 
97 501 9 10 0.03397577 
439 277 8 12 0.033956964 
532 404 9 12 0.033904787 
942 383 8 9 0.033215765 
909 384 8 11 0.0330245 
532 399 9 11 0.032737594 
518 321 6 9 0.03250995 
664 382 8 10 0.032478258 
429 390 9 12 0.031666305 
341 394 10 13 0.031477313 
729 359 8 9 0.031134509 
959 357 12 13 0.03090208 
616 76 16 19 0.030887298 
567 399 8 11 0.030805958 
701 375 8 11 0.03016017 
989 390 9 12 0.029598836 
638 388 10 13 0.029310556 
97 431 8 10 0.0290986 
941 437 7 10 0.029095592 
728 367 7 9 0.029093556 
712 414 8 11 0.029093018 
207 417 8 10 0.02896783 
889 382 8 11 0.028945787 
798 398 8 10 0.028504902 
839 384 11 14 0.028367404 
119 436 9 11 0.028271794 
576 403 10 12 0.02820475 
105 437 8 10 0.028160896 
224 423 9 11 0.027780047 
290 447 8 10 0.027660074 
81 423 9 10 0.027375309 
783 396 9 13 0.02727189 
336 401 12 14 0.027130961 
80 493 8 9 0.026832463 
862 397 9 11 0.026808254 
129 416 8 11 0.026736533 
960 390 7 9 0.026511764 
714 383 8 11 0.02648824 
520 399 8 10 0.026263187 
581 402 9 12 0.026227903 
478 485 8 10 0.026212659 
615 393 8 11 0.026185647 
216 436 9 13 0.025844663 
28 405 9 12 0.025641372 
378 397 8 11 0.025300894 
792 398 8 11 0.024387166 
749 406 9 11 0.024065748 
989 397 8 10 0.023932798 
254 417 8 10 0.023718366 
176 424 8 9 0.023550509 
638 396 9 11 0.023473574 
902 489 7 9 0.02337625 
201 435 9 11 0.023257703 
85 423 8 10 0.023128707 
558 384 7 10 0.023037512 
231 421 8 10 0.022912228 
793 384 8 10 0.022758327 
180 434 9 14 0.02249188 
32 429 10 13 0.02245048 
113 459 9 13 0.022446617 
512 399 7 10 0.02234086 
392 413 9 11 0.0223353 
648 398 8 11 0.022306096 
312 398 8 12 0.0220272 
297 414 8 10 0.021936992 
721 398 8 11 0.021898808 
643 380 10 13 0.02186 
184 401 8 11 0.021761509 
249 416 8 11 0.021552764 
822 420 9 11 0.021269962 
959 385 8 10 0.021174926 
593 390 7 11 0.020974899 
951 399 8 10 0.020843405 
454 398 8 10 0.02068061 
609 392 8 12 0.020546839 
733 358 8 10 0.020466069 
823 400 9 10 0.020397386 
161 424 8 10 0.020272283 
