2_Demonstration_Protesters_2_738
25
725 1009 119 163 0.99964607 
237 869 127 165 0.9996177 
307 55 58 74 0.99762255 
464 108 102 117 0.99743456 
217 25 82 107 0.98937196 
776 182 61 87 0.9884946 
927 1040 105 172 0.9805648 
6 1202 108 231 0.9791478 
813 78 40 49 0.96637684 
673 680 34 48 0.82832384 
21 730 36 42 0.3505399 
576 693 28 29 0.23645124 
685 0 27 28 0.1862408 
595 899 18 23 0.11146113 
300 704 30 45 0.10050711 
0 728 17 35 0.088689215 
6 729 30 38 0.087844916 
669 698 26 35 0.04867071 
223 694 25 28 0.038260426 
571 697 38 51 0.032118905 
644 706 16 20 0.032109756 
128 737 24 48 0.0315478 
305 691 49 65 0.030036977 
586 875 17 18 0.024989322 
171 709 46 63 0.024728857 
