2_Demonstration_Demonstration_Or_Protest_2_98
1349
362 491 31 40 0.9974955 
559 484 31 39 0.9969304 
286 565 36 44 0.994115 
376 420 23 33 0.9928692 
192 502 30 39 0.9900945 
411 506 26 32 0.9886199 
859 602 35 45 0.987048 
20 454 23 33 0.9825899 
443 457 25 31 0.9813208 
512 481 23 30 0.97700685 
606 579 36 45 0.97478807 
659 599 36 46 0.9562652 
360 40 7 8 0.9520907 
331 569 42 52 0.94503045 
350 300 12 16 0.9445017 
888 326 12 16 0.93839127 
326 473 21 31 0.9304087 
514 536 25 32 0.9180552 
674 125 7 10 0.9155696 
104 295 9 12 0.9118299 
225 603 29 38 0.9011652 
892 229 9 12 0.8923163 
935 323 10 14 0.87895834 
522 449 21 27 0.86848086 
835 279 13 17 0.8645307 
132 512 26 33 0.8477134 
388 81 8 10 0.84284383 
896 31 7 10 0.83160293 
943 134 7 10 0.8301677 
275 525 29 35 0.812422 
417 292 9 12 0.8116406 
557 254 8 11 0.81067437 
725 166 8 10 0.7809311 
817 78 8 10 0.77869374 
961 217 8 10 0.7722043 
579 156 9 13 0.77049637 
160 293 11 15 0.76932365 
25 240 8 10 0.765742 
74 184 7 9 0.7505332 
578 124 9 12 0.7504491 
77 238 8 10 0.74378765 
77 276 9 11 0.7426181 
997 56 8 10 0.7337349 
301 71 8 10 0.72710645 
975 252 10 12 0.72166204 
0 431 18 22 0.71650296 
629 168 9 10 0.7083215 
68 299 10 12 0.7055141 
791 57 8 10 0.7050771 
870 252 8 11 0.698809 
421 176 8 10 0.6929972 
620 181 8 11 0.69082564 
146 271 9 11 0.68747985 
527 233 8 11 0.6710541 
133 296 10 14 0.66078746 
705 56 6 9 0.6547381 
624 55 7 9 0.6445558 
864 92 8 11 0.6430459 
751 183 7 9 0.6415509 
591 193 9 11 0.63631946 
57 280 9 11 0.63417363 
564 578 25 37 0.6232846 
4 479 22 22 0.61531836 
290 113 7 10 0.61119914 
637 128 9 11 0.6019045 
549 140 9 11 0.5884357 
518 297 9 12 0.5884228 
527 60 7 9 0.5856849 
594 513 17 22 0.58418506 
186 284 10 13 0.57859993 
12 109 7 11 0.57643235 
495 72 9 11 0.57626486 
151 170 6 8 0.57599944 
104 264 9 11 0.5747045 
275 86 8 10 0.5676726 
950 283 9 12 0.56370586 
57 158 7 9 0.56287616 
961 296 11 14 0.56191486 
743 257 7 9 0.5549002 
440 126 8 10 0.55037934 
784 222 8 10 0.54534197 
580 256 9 12 0.54117024 
526 174 7 10 0.52316576 
160 575 26 37 0.51910955 
592 285 10 13 0.51705515 
857 53 7 10 0.51664877 
832 160 8 11 0.5121197 
670 245 8 11 0.51107764 
225 224 8 9 0.5073952 
661 182 8 10 0.5028065 
253 306 9 12 0.502251 
182 46 6 9 0.4965285 
979 200 8 11 0.4949899 
642 54 7 9 0.49401686 
220 306 11 14 0.4919066 
57 317 10 12 0.48978764 
674 62 8 10 0.48468935 
932 208 9 11 0.47868815 
3 237 7 10 0.47350803 
806 104 7 9 0.4721577 
529 251 10 13 0.47147152 
719 86 8 10 0.46525115 
168 261 8 10 0.4647148 
336 288 9 12 0.4572013 
387 262 8 10 0.4564642 
200 435 23 29 0.4443923 
614 129 9 10 0.44219 
31 261 8 11 0.4396723 
492 230 7 10 0.43232307 
311 303 11 13 0.42868122 
49 514 24 39 0.42818305 
117 255 9 11 0.42744812 
410 260 8 11 0.42529267 
445 278 9 11 0.42319486 
263 101 9 11 0.42231908 
153 120 7 9 0.4207707 
198 85 7 9 0.4149095 
699 182 7 9 0.38566217 
696 137 7 9 0.38417974 
421 276 9 11 0.38357028 
18 175 8 10 0.3810823 
95 513 30 36 0.3737095 
675 317 10 13 0.3711522 
781 135 7 10 0.36672923 
762 80 9 12 0.35539523 
354 273 8 10 0.35196996 
59 238 7 9 0.35181075 
579 529 22 26 0.34897026 
555 37 7 9 0.3442018 
589 81 7 9 0.3436043 
33 296 10 12 0.34132788 
955 44 7 10 0.34037805 
685 245 8 11 0.34021842 
561 84 9 12 0.33847892 
852 328 10 12 0.33611888 
480 114 8 10 0.33419925 
703 316 12 16 0.32702217 
517 79 8 11 0.32445598 
485 450 22 26 0.32102415 
990 236 8 10 0.32095248 
895 138 7 9 0.32083875 
54 303 8 10 0.31820735 
485 101 7 10 0.31668666 
129 265 9 11 0.3146489 
117 64 7 8 0.31418642 
119 295 10 12 0.31179345 
723 41 7 10 0.30973405 
594 465 16 22 0.30972186 
591 475 22 33 0.3091138 
58 177 8 10 0.30491918 
755 146 8 10 0.30350542 
133 64 7 9 0.3012054 
971 144 8 10 0.29036698 
216 87 7 9 0.28649002 
593 93 8 10 0.28435728 
478 265 8 10 0.2842055 
614 110 7 9 0.2832222 
106 157 8 10 0.27822343 
809 237 8 10 0.27598873 
641 79 7 9 0.27106172 
584 142 9 10 0.2684324 
727 315 11 15 0.26459792 
512 301 9 11 0.26386684 
311 44 7 10 0.261734 
456 319 9 12 0.25865853 
762 133 9 11 0.2586455 
72 133 6 9 0.25720337 
55 310 11 13 0.25459597 
638 629 28 29 0.25398505 
737 110 8 11 0.25300464 
814 237 8 10 0.2523572 
518 106 7 9 0.25046977 
866 253 8 11 0.24899997 
390 165 10 12 0.24879237 
173 239 8 10 0.24738978 
193 228 7 10 0.24687536 
774 253 7 10 0.24594028 
253 86 7 9 0.2389315 
999 278 8 10 0.23806843 
926 229 8 10 0.23723216 
114 112 8 10 0.23313223 
885 38 8 10 0.23116681 
294 365 14 19 0.226164 
597 105 9 12 0.22438356 
295 284 9 11 0.2215017 
312 262 10 12 0.2208011 
446 236 7 10 0.22073987 
187 413 22 26 0.21936664 
910 111 7 9 0.21637875 
974 231 8 11 0.21618392 
925 61 8 10 0.21486685 
984 105 8 9 0.21400231 
1001 113 7 9 0.2135831 
471 136 7 10 0.21021901 
754 58 7 9 0.2071306 
248 116 9 11 0.20549782 
982 222 7 9 0.20343061 
275 57 7 9 0.20197958 
453 77 7 9 0.2012512 
288 280 10 12 0.20034364 
743 86 7 9 0.19950096 
493 248 9 11 0.19916059 
555 268 8 11 0.19784512 
407 232 8 10 0.1960189 
280 252 8 11 0.19533578 
415 212 8 10 0.19506808 
802 103 7 10 0.19097456 
399 166 11 14 0.18959428 
639 145 9 11 0.1888545 
393 183 8 11 0.18783559 
638 205 8 10 0.18753965 
418 195 8 10 0.18521762 
197 296 9 12 0.18388431 
439 269 9 11 0.18168232 
33 116 7 9 0.18146965 
998 116 8 10 0.18008286 
831 63 7 9 0.17969456 
510 124 11 13 0.17685442 
577 318 11 14 0.1758036 
178 537 21 34 0.17421179 
174 172 8 10 0.17278548 
403 229 7 10 0.17256522 
590 84 8 11 0.1721135 
480 292 9 11 0.16982338 
871 178 8 9 0.16705069 
518 135 9 11 0.16462581 
145 102 8 10 0.16461727 
873 137 7 9 0.1611928 
463 295 10 11 0.16001818 
978 222 7 10 0.15936202 
390 462 21 27 0.1553968 
89 62 7 9 0.15533614 
519 264 9 12 0.15526512 
49 47 6 8 0.15454131 
561 214 7 9 0.15347843 
457 117 7 9 0.15139571 
167 217 7 9 0.14994244 
313 61 9 11 0.14944641 
167 79 8 10 0.14718822 
358 86 9 10 0.1467918 
214 116 8 11 0.14668687 
144 185 6 8 0.142863 
218 100 8 10 0.14239794 
534 90 8 10 0.14216685 
66 100 8 9 0.14116848 
454 94 7 9 0.14116386 
649 550 21 34 0.14110488 
549 102 8 10 0.13986646 
780 94 9 11 0.13970141 
309 408 9 12 0.136333 
486 292 10 13 0.13590603 
728 128 7 9 0.1357591 
613 71 7 10 0.13572907 
302 287 8 10 0.1331052 
508 276 9 12 0.13293089 
711 104 8 10 0.13231058 
777 277 9 11 0.13222663 
450 95 7 10 0.13160071 
245 58 8 9 0.1315362 
561 65 7 9 0.13014583 
358 62 8 11 0.129771 
906 102 8 11 0.1293833 
220 545 30 38 0.12920377 
98 197 6 9 0.1287374 
263 245 8 10 0.1278164 
615 149 7 9 0.12776884 
56 262 6 9 0.12764832 
218 325 9 12 0.12725183 
132 268 9 12 0.12658302 
209 293 9 11 0.12525643 
257 254 7 9 0.12483671 
688 87 7 8 0.12459626 
922 84 8 11 0.12353243 
1003 332 9 14 0.12296505 
432 237 8 9 0.12173818 
1010 310 9 13 0.12123775 
585 276 10 11 0.12032806 
588 278 11 14 0.1197089 
1007 204 8 10 0.11947721 
907 110 7 9 0.11777867 
154 198 6 9 0.117188044 
664 215 8 11 0.11711355 
249 278 8 11 0.11645594 
545 64 8 10 0.11362744 
336 271 8 10 0.11347483 
953 61 9 11 0.112965964 
390 161 8 10 0.11114068 
579 448 13 16 0.11096195 
413 237 8 10 0.11091697 
662 345 9 11 0.1106828 
601 271 10 13 0.1097435 
126 103 6 9 0.10967628 
10 221 7 10 0.10961233 
269 315 10 12 0.10945034 
221 100 8 10 0.10923821 
728 84 8 10 0.109124266 
417 88 7 9 0.10911735 
277 60 8 11 0.10899826 
505 304 9 11 0.10870143 
807 120 8 9 0.10842363 
96 62 6 8 0.1067802 
138 192 6 9 0.106751576 
782 102 7 9 0.10663736 
73 127 8 11 0.10649093 
645 79 7 10 0.106048174 
825 142 7 9 0.10595032 
108 263 10 12 0.1048579 
779 88 7 10 0.104533456 
621 551 23 28 0.103624895 
176 186 7 9 0.10316733 
409 105 8 9 0.10293823 
710 109 8 11 0.10088907 
736 64 7 8 0.09965185 
737 85 7 10 0.09832833 
265 242 8 9 0.097481646 
773 272 9 11 0.097460546 
672 69 7 9 0.09731773 
677 58 8 9 0.09687738 
742 82 7 9 0.09605987 
549 283 10 13 0.095396854 
711 134 7 9 0.095178664 
80 497 22 28 0.09468457 
161 64 7 8 0.093611166 
122 489 22 28 0.093513034 
166 222 8 10 0.09345836 
180 67 11 12 0.09231232 
467 70 6 8 0.091602 
79 69 7 9 0.09145101 
515 109 8 10 0.091031216 
470 302 9 13 0.09075984 
118 260 8 10 0.0906687 
569 269 8 11 0.09061652 
310 239 9 13 0.090417214 
353 205 7 9 0.090320095 
142 294 10 12 0.09008952 
826 63 7 9 0.08989754 
170 189 7 9 0.08862579 
122 101 8 10 0.088552356 
566 81 9 11 0.08831489 
406 173 8 10 0.08742351 
680 302 9 11 0.08656474 
195 200 6 9 0.08472216 
74 159 6 9 0.08464096 
429 311 9 11 0.0835317 
5 307 10 13 0.08334145 
126 198 7 9 0.082538046 
201 95 8 10 0.08252842 
1 308 8 12 0.08248346 
861 52 8 11 0.08225074 
64 254 7 10 0.0811343 
248 80 9 12 0.080302656 
839 261 10 12 0.079688944 
62 117 7 9 0.0794488 
445 272 9 12 0.07912526 
174 189 7 9 0.078804135 
144 223 7 9 0.07857812 
774 56 7 9 0.07778037 
800 87 7 9 0.07767578 
377 286 8 11 0.07752686 
486 286 10 13 0.07593801 
775 249 8 10 0.075842954 
241 71 8 10 0.07566432 
807 108 7 9 0.07558854 
56 349 9 11 0.074862696 
127 122 7 8 0.074861266 
183 184 7 9 0.074840896 
205 279 9 10 0.07473886 
725 43 8 11 0.07469177 
770 55 7 9 0.07454104 
527 141 8 10 0.07450884 
-1 133 6 10 0.07325768 
160 77 8 10 0.07323916 
81 150 6 8 0.0732297 
242 61 8 10 0.0730613 
186 261 8 11 0.073024124 
426 55 7 8 0.07251701 
737 71 7 8 0.072372444 
469 294 10 12 0.07155622 
142 190 7 9 0.07148608 
166 205 7 9 0.07137044 
527 151 7 10 0.07107621 
328 207 6 8 0.07070055 
340 287 9 12 0.07050168 
470 80 8 10 0.07028122 
872 284 10 12 0.070019536 
207 216 7 10 0.06993129 
801 255 8 9 0.06973018 
838 46 9 12 0.069500715 
608 209 8 10 0.069398925 
119 85 8 10 0.06927453 
94 420 11 16 0.06921604 
58 57 6 9 0.06904675 
58 343 9 11 0.06902154 
182 120 7 10 0.06895364 
433 86 7 10 0.06833715 
550 63 8 9 0.06779324 
877 284 9 11 0.06774647 
586 521 23 30 0.06766836 
120 98 8 9 0.06755313 
894 181 7 9 0.067228585 
452 453 15 24 0.06720755 
580 152 10 12 0.06710033 
837 38 10 12 0.06705018 
160 71 7 10 0.0669819 
516 127 10 12 0.06665276 
80 177 7 9 0.06660484 
458 164 8 11 0.06613649 
857 254 9 11 0.06569112 
249 104 7 9 0.06567808 
1 256 7 10 0.06533351 
440 103 6 9 0.06518665 
862 276 8 12 0.064732134 
271 260 8 10 0.06465318 
80 66 7 8 0.06463523 
198 199 7 9 0.064592384 
1013 244 8 13 0.064584665 
831 142 7 9 0.0645146 
890 33 9 10 0.06441616 
679 183 7 9 0.064342625 
7 78 10 12 0.06429396 
607 230 9 11 0.064266086 
1000 129 7 10 0.063838355 
171 174 7 8 0.063780665 
895 63 9 11 0.06355784 
775 62 7 9 0.0633243 
423 87 7 9 0.063232444 
159 228 7 10 0.062778436 
632 550 22 28 0.06265615 
712 129 8 10 0.06264857 
401 45 7 10 0.06261048 
79 316 8 10 0.062247176 
695 70 8 11 0.06216499 
273 256 9 11 0.062110092 
824 190 7 9 0.06210001 
616 55 8 11 0.062038705 
547 136 8 12 0.06152443 
807 133 8 11 0.061253548 
709 54 8 10 0.060599037 
465 299 10 13 0.060467217 
838 52 9 11 0.060466327 
59 503 23 35 0.06035863 
224 280 8 11 0.060335264 
703 59 7 10 0.060038626 
768 247 8 11 0.059965365 
1000 337 11 15 0.059946503 
81 341 8 11 0.05983495 
401 159 9 11 0.059789736 
225 285 7 10 0.059749044 
806 126 8 12 0.059703022 
95 161 7 9 0.059556793 
120 249 9 10 0.05931989 
968 236 8 11 0.059263557 
825 138 7 8 0.058947857 
254 493 25 34 0.058860753 
278 82 8 10 0.058757566 
474 268 9 12 0.058728773 
768 118 7 9 0.05868322 
566 142 9 11 0.058676787 
469 66 8 9 0.058658488 
110 449 14 21 0.05864864 
781 140 8 10 0.058570296 
401 226 7 9 0.05826018 
162 225 7 10 0.058170456 
442 236 8 11 0.05813617 
120 117 7 9 0.05784564 
535 71 8 10 0.057694856 
258 248 7 9 0.05757506 
672 85 9 11 0.057572473 
239 246 8 10 0.05749262 
237 301 10 13 0.05744135 
574 270 8 10 0.057307735 
384 269 8 10 0.057288434 
753 7 9 11 0.057014033 
15 296 8 12 0.056957778 
496 344 8 11 0.05690235 
137 196 7 10 0.056755777 
460 318 9 12 0.056670927 
831 176 7 9 0.05637595 
324 446 14 21 0.055923495 
58 256 7 9 0.055902462 
58 233 7 10 0.05575237 
158 606 27 43 0.055748228 
801 135 8 9 0.055610973 
623 176 9 12 0.055593774 
561 209 7 9 0.055510674 
240 77 9 12 0.055480268 
207 288 9 10 0.055332083 
238 105 7 9 0.05520523 
862 190 7 10 0.055157997 
594 108 8 10 0.054942165 
605 274 9 12 0.05484166 
444 254 10 13 0.05480715 
303 102 7 9 0.05475495 
646 143 7 10 0.05471127 
526 169 9 11 0.05460053 
207 94 8 10 0.054434016 
677 311 11 14 0.054397505 
194 299 9 12 0.054171067 
321 277 8 10 0.05414409 
611 128 7 10 0.053993624 
763 373 13 16 0.053817414 
517 442 17 22 0.05368533 
504 247 7 10 0.053496853 
7 302 10 13 0.053420786 
663 85 7 10 0.053230338 
672 81 8 9 0.052733313 
584 94 8 10 0.052668408 
14 223 7 9 0.052545905 
610 150 7 10 0.052480586 
715 87 7 9 0.052261528 
193 206 6 9 0.052164886 
168 149 7 9 0.052118253 
316 307 11 14 0.05205624 
256 102 8 11 0.051883087 
633 144 9 11 0.051728006 
263 505 38 48 0.051290814 
173 86 8 10 0.051256865 
520 72 8 11 0.051191274 
640 182 7 10 0.051120374 
294 227 12 13 0.051115453 
119 288 9 10 0.05096901 
550 231 8 10 0.0509553 
469 309 9 11 0.050864875 
817 313 12 17 0.05085303 
651 542 17 28 0.050850894 
697 316 11 15 0.050765995 
121 151 8 10 0.050676335 
661 187 8 11 0.050638773 
510 271 9 12 0.050619636 
794 102 6 9 0.05059759 
284 246 9 13 0.050507147 
704 134 8 10 0.050457228 
799 96 7 9 0.050127923 
807 254 8 11 0.050002653 
729 134 7 9 0.049908437 
83 509 25 33 0.049860638 
354 55 7 9 0.049712025 
398 110 8 10 0.049646296 
350 100 9 12 0.049622476 
839 103 7 9 0.049570348 
209 221 7 9 0.049415626 
417 272 9 11 0.049377386 
335 278 10 12 0.049320932 
959 151 7 9 0.049306333 
433 264 8 11 0.049278546 
110 153 8 10 0.049108136 
526 137 8 10 0.04905002 
188 405 17 20 0.048982453 
906 97 8 10 0.04881327 
556 261 10 13 0.048738167 
362 287 9 12 0.048623573 
62 57 6 8 0.048590172 
720 128 7 9 0.048414875 
396 341 8 11 0.048350617 
712 70 7 9 0.04832573 
833 56 7 10 0.04827903 
604 473 26 34 0.048187394 
775 167 7 8 0.04811437 
158 120 7 9 0.04799434 
574 476 27 39 0.047883898 
170 85 8 10 0.047744673 
94 209 7 9 0.04767305 
1009 104 7 9 0.04761792 
280 127 7 10 0.047558755 
78 159 6 9 0.04741088 
318 72 7 9 0.047320757 
817 200 6 9 0.04731573 
614 63 8 9 0.047146723 
423 232 8 9 0.047078453 
421 193 8 11 0.04688287 
610 134 8 10 0.046671253 
490 251 9 11 0.046610586 
434 63 7 10 0.04656866 
577 94 8 9 0.046483997 
137 247 8 10 0.046379987 
434 111 7 9 0.046360157 
657 198 8 10 0.04629494 
610 78 7 9 0.046057705 
535 216 8 9 0.045948267 
49 56 7 9 0.045934267 
187 157 7 10 0.04589955 
524 263 11 12 0.04575071 
496 238 7 10 0.0457408 
146 216 7 9 0.04524788 
697 62 8 9 0.045171432 
126 144 7 9 0.045153946 
430 55 7 8 0.04510411 
679 175 7 9 0.045064982 
354 87 9 11 0.04504892 
864 133 8 10 0.045020163 
310 112 8 11 0.044779148 
269 239 8 10 0.044767227 
74 273 9 11 0.044754393 
808 183 7 8 0.044737015 
646 621 33 33 0.044612087 
234 104 7 10 0.044534206 
862 284 10 13 0.04442706 
664 240 9 11 0.044387676 
95 165 7 9 0.04424406 
872 279 9 11 0.044159867 
154 230 8 10 0.044122495 
280 134 8 10 0.044080663 
307 45 8 10 0.044065498 
832 254 8 11 0.044023123 
470 286 9 10 0.043960553 
376 279 8 10 0.043954886 
6 256 8 10 0.043890845 
757 60 8 11 0.04382594 
58 117 8 10 0.043624207 
464 278 9 11 0.043594018 
74 70 7 9 0.043347154 
401 72 8 10 0.0432976 
494 295 9 12 0.043233138 
69 98 7 9 0.043201778 
663 199 7 10 0.043182023 
862 151 8 10 0.04304474 
738 103 8 11 0.042977553 
368 271 7 8 0.042937934 
112 240 7 8 0.042923164 
463 287 9 12 0.042688824 
311 95 8 9 0.04266145 
543 68 9 10 0.042530835 
706 111 8 10 0.042459156 
1001 206 8 11 0.042414922 
920 238 8 10 0.042222716 
165 287 11 14 0.042131428 
113 231 7 8 0.042090993 
622 588 40 48 0.042015564 
96 270 7 10 0.04197439 
186 256 8 10 0.04194859 
490 58 7 9 0.041901857 
448 320 9 10 0.04181763 
189 153 8 11 0.041771993 
592 223 7 9 0.041731182 
906 127 7 10 0.041683406 
493 63 9 10 0.041681673 
152 293 9 13 0.041670494 
983 218 7 9 0.041604873 
383 287 8 11 0.041571114 
726 184 7 9 0.04151232 
778 141 7 10 0.0414734 
581 121 8 11 0.04139734 
426 102 7 9 0.04130855 
414 56 8 9 0.041277856 
164 297 10 14 0.041222095 
886 301 11 16 0.040970143 
278 69 8 11 0.040960718 
321 206 7 9 0.040940817 
313 70 8 10 0.04073342 
137 253 8 10 0.04071997 
49 61 7 9 0.04068592 
206 425 26 30 0.040616218 
553 55 7 9 0.04056673 
577 192 7 9 0.04053074 
352 94 9 12 0.04042784 
178 121 7 9 0.040342607 
215 320 10 12 0.040305264 
1013 305 10 15 0.04025498 
923 224 8 11 0.040065594 
280 223 8 12 0.03995692 
479 165 7 9 0.03989937 
731 603 26 34 0.03988967 
90 161 7 9 0.03981751 
794 96 7 10 0.039797008 
303 570 30 41 0.03977681 
544 262 8 10 0.03965567 
408 108 7 10 0.039573506 
296 215 9 11 0.03949557 
633 78 7 9 0.039380852 
525 295 9 12 0.039264444 
61 158 7 9 0.039155483 
405 79 7 10 0.039060764 
686 310 9 11 0.038952872 
831 137 7 8 0.038833328 
239 109 7 9 0.038715616 
616 105 7 10 0.03868555 
90 166 7 9 0.038640555 
174 473 28 33 0.038571563 
654 101 7 10 0.038509548 
162 262 8 10 0.038468696 
560 48 6 9 0.038451087 
466 79 7 10 0.03842738 
799 294 9 12 0.038407344 
470 279 8 10 0.03828242 
162 94 8 10 0.038136527 
174 285 10 12 0.03803759 
127 240 7 9 0.037959326 
770 62 7 9 0.037920374 
974 80 8 10 0.03791079 
718 92 8 11 0.037842076 
610 56 8 10 0.03783548 
727 620 28 33 0.037792187 
589 143 8 10 0.037748497 
17 96 7 9 0.037746605 
735 116 8 10 0.037647 
902 215 7 9 0.037549097 
840 143 7 9 0.03754468 
449 101 7 9 0.037543707 
61 313 10 13 0.03753334 
578 198 7 9 0.03714973 
402 287 8 10 0.037008658 
744 215 7 9 0.03691632 
575 413 13 15 0.036897145 
816 206 8 9 0.03688754 
672 594 44 48 0.03682013 
72 187 8 10 0.03674928 
318 56 8 11 0.036728717 
117 67 7 10 0.036658637 
123 199 6 8 0.03662524 
995 278 8 10 0.036584876 
699 56 7 9 0.036548547 
982 340 10 12 0.036535606 
1013 314 9 14 0.036476128 
849 111 8 10 0.036471784 
40 89 7 9 0.03642013 
368 54 7 10 0.036380533 
631 72 7 9 0.03632252 
73 121 9 10 0.03625501 
633 184 7 10 0.036228944 
217 436 25 31 0.03615997 
495 126 7 10 0.03612033 
432 103 7 9 0.036098417 
565 200 8 10 0.03609237 
410 213 8 11 0.03608356 
49 264 8 9 0.03607422 
445 420 16 19 0.036037132 
185 112 7 9 0.03600901 
175 279 9 11 0.03595913 
623 150 7 9 0.03590967 
343 279 8 12 0.035899963 
265 108 7 10 0.03584536 
565 69 7 10 0.035795733 
73 151 7 9 0.035756443 
823 185 7 9 0.03575478 
201 101 7 9 0.035700575 
816 184 7 9 0.03566599 
808 77 8 11 0.03563287 
328 414 12 14 0.03562514 
600 126 8 9 0.03562229 
606 225 8 10 0.03561899 
146 119 7 9 0.0355118 
671 251 10 11 0.035498492 
8 72 8 10 0.035477854 
125 150 8 11 0.035472333 
48 247 7 9 0.03546512 
121 238 6 9 0.03544195 
970 78 7 10 0.035433687 
424 70 7 9 0.035361137 
697 240 7 10 0.035342205 
576 88 7 9 0.035285044 
999 213 7 10 0.03514522 
197 229 8 10 0.03508666 
185 190 6 9 0.035014585 
216 82 7 9 0.035004072 
198 325 9 11 0.03487548 
671 93 8 10 0.034639284 
50 189 7 10 0.034574512 
624 104 8 10 0.034573544 
833 79 8 10 0.034532223 
178 63 10 13 0.034494992 
177 96 7 9 0.03435763 
210 112 9 11 0.034323286 
847 335 14 17 0.034317233 
665 206 9 11 0.034206204 
376 271 7 9 0.03417629 
289 95 7 8 0.03416306 
608 143 8 10 0.034060054 
269 103 8 10 0.0340346 
89 272 7 10 0.03395865 
486 280 9 11 0.033894613 
1005 110 8 9 0.03386654 
55 223 7 9 0.033777468 
527 159 8 10 0.03375451 
62 234 8 10 0.033698305 
161 255 8 10 0.033568446 
145 97 7 9 0.033539396 
752 120 8 9 0.03346022 
575 175 8 11 0.0334574 
294 360 11 15 0.03340812 
231 159 7 9 0.033405393 
505 208 7 8 0.033389214 
39 94 7 8 0.033383537 
952 493 9 11 0.03334985 
297 183 7 9 0.033312332 
849 96 7 10 0.033288408 
22 343 10 13 0.033285063 
782 130 8 9 0.03321177 
610 62 7 9 0.033162717 
393 189 9 10 0.03315266 
159 88 8 9 0.033137284 
632 189 7 9 0.033108693 
17 169 8 10 0.033065163 
319 95 8 10 0.03306001 
559 92 10 12 0.03295398 
610 236 9 11 0.03286207 
985 70 7 9 0.03283397 
90 58 6 8 0.032780074 
792 294 9 12 0.032777328 
912 502 10 12 0.032719277 
1005 329 9 12 0.032683436 
712 117 8 10 0.032681294 
432 80 8 10 0.032650556 
551 69 8 11 0.032598983 
359 135 8 11 0.032568227 
168 121 6 9 0.032520194 
545 237 8 11 0.032518193 
296 310 8 12 0.032503802 
298 103 7 9 0.03250079 
87 278 8 9 0.032491572 
545 96 7 10 0.032414682 
151 223 7 9 0.032275893 
897 53 9 11 0.032251935 
527 69 8 11 0.032239057 
376 294 9 11 0.032200396 
130 69 7 10 0.032199845 
535 78 7 10 0.03219084 
465 310 10 12 0.032151315 
305 97 7 9 0.032138117 
712 167 7 9 0.032133542 
253 278 8 10 0.03211827 
252 111 8 11 0.032085273 
317 77 8 10 0.03207915 
407 46 7 9 0.032058537 
402 41 7 10 0.0320441 
739 255 8 10 0.031938188 
751 178 8 10 0.031875774 
24 224 7 9 0.031873494 
238 307 11 13 0.031705227 
938 169 8 10 0.03168272 
70 318 8 10 0.031520963 
601 535 25 30 0.031519637 
103 120 7 9 0.031489756 
906 536 24 35 0.031485528 
824 339 12 14 0.0314746 
47 278 8 10 0.031466793 
623 144 7 9 0.03142002 
294 237 11 12 0.031413868 
231 228 8 11 0.031363722 
64 262 7 9 0.03136068 
418 71 7 9 0.031349465 
815 118 7 9 0.03131796 
244 317 9 12 0.03130678 
586 193 9 10 0.03126871 
802 79 7 10 0.03126753 
671 200 8 11 0.031150559 
102 62 7 9 0.031123724 
391 172 11 13 0.03108719 
967 494 8 10 0.031072646 
952 151 7 10 0.030970007 
96 176 7 9 0.030951595 
61 179 8 11 0.030943055 
679 168 7 9 0.030884756 
522 169 8 10 0.030862128 
840 255 9 12 0.030739047 
839 71 7 9 0.03073565 
858 473 7 9 0.03066387 
88 175 6 9 0.030627206 
778 239 7 10 0.030594796 
127 110 7 9 0.03059397 
439 158 8 11 0.030485174 
632 353 8 11 0.030384967 
800 184 7 8 0.030348629 
788 56 7 9 0.030313373 
944 153 9 10 0.030308187 
802 238 8 11 0.030299863 
491 72 8 10 0.030279655 
407 292 10 12 0.030198073 
198 224 8 10 0.030178964 
721 316 11 13 0.030147744 
305 244 9 13 0.030139582 
185 215 7 9 0.030136174 
369 264 7 9 0.030112093 
195 81 8 10 0.03009463 
849 54 7 10 0.030090975 
640 175 7 10 0.030074084 
53 190 8 10 0.029964546 
145 136 6 8 0.029956935 
824 166 8 10 0.029938538 
495 301 9 10 0.029928666 
898 214 7 9 0.029845424 
215 231 7 9 0.02974561 
191 239 8 9 0.029735 
889 142 8 11 0.029711228 
102 484 23 27 0.029559456 
475 563 30 35 0.029558117 
941 101 9 11 0.029555237 
438 110 6 8 0.029518606 
694 78 7 10 0.029490782 
673 104 8 10 0.029467009 
216 278 9 11 0.029400969 
1009 223 9 12 0.029377675 
220 402 17 19 0.029376214 
701 178 8 10 0.02933658 
607 190 7 9 0.02933076 
911 118 7 9 0.02931327 
166 126 7 9 0.029312251 
1001 200 8 10 0.02927561 
104 80 7 9 0.029273774 
440 175 7 10 0.02914208 
640 159 7 9 0.029108725 
439 150 8 10 0.029088885 
325 278 8 11 0.02906639 
648 72 7 10 0.02903387 
487 117 7 9 0.028967524 
561 152 8 10 0.028966082 
375 94 8 10 0.028913865 
164 595 19 27 0.028898446 
207 299 10 12 0.028852113 
600 158 8 9 0.028818836 
138 152 6 8 0.028793491 
777 112 7 10 0.028783267 
864 184 8 9 0.028783198 
832 70 7 9 0.028761147 
545 281 9 12 0.02865085 
318 46 7 9 0.028648939 
567 151 8 10 0.028647542 
834 87 7 9 0.028633446 
230 280 8 11 0.028624667 
175 243 8 10 0.028609954 
101 197 7 10 0.028549561 
646 149 8 10 0.028547596 
508 308 9 11 0.028544005 
128 278 9 11 0.028427366 
694 103 8 10 0.028339878 
551 149 8 11 0.028288595 
312 280 7 9 0.028265364 
879 182 7 9 0.028212044 
854 214 8 9 0.028190318 
136 229 7 9 0.028165776 
425 81 7 9 0.028160242 
66 134 7 9 0.028122285 
320 288 8 10 0.028108863 
141 299 9 12 0.028095666 
719 310 11 14 0.028086683 
929 111 7 9 0.028072692 
104 240 8 10 0.028049909 
463 95 7 9 0.02801996 
857 94 8 11 0.028011883 
65 198 7 9 0.027995702 
880 166 7 9 0.027991092 
489 299 9 11 0.027990622 
215 201 7 8 0.027928198 
54 298 9 10 0.02789675 
417 93 7 9 0.027867608 
182 77 9 10 0.0278176 
965 219 8 12 0.027804676 
104 86 7 9 0.027789 
689 81 8 9 0.02778764 
280 208 7 9 0.02778329 
313 206 7 9 0.027682314 
303 65 8 11 0.027659336 
136 207 7 10 0.027654458 
1014 103 7 11 0.027626254 
687 198 8 10 0.027562669 
433 124 9 11 0.027522981 
49 79 6 8 0.027516967 
18 239 7 10 0.027469575 
39 287 8 11 0.027464757 
536 279 9 11 0.027381403 
583 209 7 10 0.027377274 
42 272 7 9 0.027352806 
545 246 7 9 0.0273196 
356 92 10 11 0.027316079 
995 117 7 9 0.027312508 
216 222 7 9 0.02723918 
104 288 11 13 0.027228076 
488 238 8 9 0.02721996 
423 64 8 9 0.02720178 
392 199 7 9 0.027193792 
441 214 8 9 0.02717741 
360 81 9 11 0.027173808 
482 98 8 10 0.027123105 
407 40 7 9 0.027115066 
585 196 8 11 0.027047435 
803 119 7 9 0.027045134 
927 103 8 10 0.027037311 
691 136 7 10 0.027029295 
225 159 7 10 0.027018877 
646 135 8 9 0.026966492 
409 269 8 11 0.026918948 
935 119 7 9 0.026882451 
670 205 8 10 0.026881175 
503 240 8 10 0.026819168 
929 120 7 9 0.026817817 
184 206 7 9 0.026787821 
127 245 7 10 0.026750028 
729 371 9 13 0.026729299 
1015 46 7 12 0.026718697 
584 284 11 14 0.026642947 
762 192 6 9 0.026634874 
585 341 10 13 0.026577063 
878 177 7 9 0.026568986 
752 79 7 9 0.026568118 
358 56 8 11 0.026565867 
954 215 9 11 0.026540773 
990 337 11 14 0.026532814 
801 199 8 9 0.02649379 
654 254 8 10 0.026470488 
911 230 8 10 0.02641215 
847 48 8 10 0.026406735 
817 151 8 9 0.026382087 
607 158 8 9 0.026376346 
710 321 10 13 0.026365934 
137 225 7 9 0.02635796 
216 161 7 9 0.026327213 
760 160 7 9 0.026326418 
704 117 8 10 0.026254313 
489 87 7 9 0.02623372 
273 93 8 11 0.0262292 
838 87 7 9 0.0262026 
191 350 13 15 0.02618336 
476 454 19 22 0.02614339 
815 128 7 10 0.026116757 
430 119 8 10 0.026092105 
566 206 7 9 0.026087493 
310 255 11 16 0.026084635 
880 161 9 10 0.02607376 
566 95 9 11 0.026049074 
269 323 10 13 0.026011072 
678 86 8 9 0.026007582 
845 255 9 11 0.02599983 
153 151 6 8 0.025962498 
334 252 8 11 0.025944393 
649 294 9 11 0.025928209 
626 73 7 9 0.02587051 
994 183 8 10 0.02586471 
951 271 8 10 0.025847938 
641 51 7 9 0.025842175 
681 200 7 9 0.025831476 
74 514 25 33 0.025811143 
576 207 8 9 0.02580551 
688 192 7 9 0.025799923 
160 199 7 9 0.025743283 
143 152 7 9 0.025642212 
229 285 8 10 0.025589308 
817 56 8 9 0.02558089 
887 150 7 10 0.025575388 
202 215 8 10 0.025551165 
134 325 9 10 0.025549728 
506 125 10 12 0.025487509 
535 222 7 9 0.02547755 
849 176 6 8 0.025446303 
150 265 9 11 0.02537874 
767 142 8 10 0.025369082 
65 248 9 11 0.025352368 
544 87 7 9 0.025310291 
840 177 7 8 0.025292737 
206 316 8 12 0.02527087 
531 88 8 10 0.02526498 
634 132 8 10 0.025251573 
664 178 7 9 0.025212782 
601 121 7 9 0.025171962 
485 111 9 12 0.025168613 
544 255 8 11 0.025146412 
89 87 7 9 0.025145894 
888 161 7 9 0.025138296 
566 65 7 9 0.025114551 
982 327 9 13 0.02509702 
570 223 7 10 0.0250815 
89 231 7 9 0.025030488 
199 285 10 12 0.024997769 
357 274 9 13 0.024985122 
56 79 6 8 0.024973672 
905 80 7 9 0.024953648 
119 232 7 9 0.024904815 
855 175 7 8 0.024898762 
105 246 7 9 0.024889687 
823 72 8 10 0.024875076 
426 119 8 10 0.024849104 
201 318 9 12 0.024797156 
844 364 10 13 0.024772193 
625 78 8 10 0.02476755 
172 257 8 11 0.024749119 
419 590 46 53 0.024630163 
842 183 6 8 0.024614105 
359 67 8 11 0.024607034 
713 95 8 10 0.024598472 
190 70 8 10 0.02452377 
961 238 8 9 0.024506383 
112 246 7 9 0.024503902 
713 80 6 8 0.024476198 
792 144 7 9 0.024459314 
96 239 7 9 0.024450913 
161 192 6 8 0.024450168 
232 301 10 14 0.024435518 
208 167 7 9 0.024432868 
166 101 7 10 0.0244317 
877 136 8 9 0.02441691 
41 248 7 9 0.02440167 
329 287 9 11 0.024392523 
825 175 7 9 0.024293002 
705 129 7 9 0.024277464 
80 103 6 9 0.024272652 
440 97 7 9 0.024248423 
858 151 7 9 0.02422645 
455 74 7 9 0.024206698 
444 260 10 12 0.024158819 
935 111 7 9 0.024144646 
801 142 7 9 0.024112692 
126 157 8 11 0.024108808 
793 185 7 8 0.024078561 
794 87 7 10 0.024077531 
786 62 8 10 0.02407301 
368 238 7 9 0.024045644 
831 260 10 13 0.024045236 
585 214 7 10 0.024026966 
84 339 10 14 0.024020901 
142 247 8 10 0.024018351 
209 200 7 8 0.024000334 
96 279 7 9 0.023977663 
503 95 7 9 0.023957174 
993 214 7 9 0.023946065 
363 38 8 11 0.023912279 
296 96 7 8 0.023910541 
201 412 17 20 0.023899361 
735 230 8 10 0.02387171 
9 63 7 9 0.023867501 
97 254 7 10 0.023862401 
672 322 11 14 0.023792805 
122 498 25 34 0.023786537 
890 225 8 11 0.02377931 
424 95 7 9 0.023759635 
711 311 10 14 0.02370396 
935 151 8 10 0.023650879 
413 103 7 11 0.023638029 
575 223 7 9 0.023620455 
807 199 7 9 0.023612449 
112 280 8 10 0.023608055 
184 511 29 45 0.023605239 
183 289 11 14 0.023559583 
241 262 8 11 0.023552805 
839 63 7 9 0.023551507 
674 168 7 9 0.023548849 
678 253 10 11 0.023545094 
569 229 8 10 0.023501953 
304 308 10 13 0.023500206 
609 95 8 10 0.02347386 
831 192 7 9 0.023454767 
535 270 10 11 0.023441458 
713 176 6 8 0.023440786 
134 68 7 10 0.023436144 
801 247 7 10 0.023425529 
447 295 8 12 0.023421349 
992 113 8 9 0.02338983 
528 103 7 10 0.023384005 
733 127 8 10 0.02337832 
48 240 7 9 0.023363117 
425 237 8 9 0.023356263 
568 174 8 10 0.023331627 
677 104 8 10 0.023330428 
986 232 8 10 0.02331343 
674 182 7 10 0.023285829 
114 86 7 10 0.023279255 
97 71 7 9 0.023277622 
719 134 8 9 0.023260236 
242 119 9 11 0.02323054 
26 113 7 9 0.023219192 
494 57 7 9 0.02319706 
559 55 7 9 0.023178913 
650 102 8 9 0.023144985 
601 152 7 10 0.023144186 
457 286 9 11 0.023135656 
210 444 18 24 0.02312712 
199 206 7 9 0.02308166 
207 425 41 50 0.023065839 
760 198 8 9 0.02306349 
306 112 7 10 0.023039453 
273 136 8 9 0.023028756 
807 167 7 9 0.023027437 
849 102 8 10 0.023007557 
257 95 7 9 0.02297253 
678 70 8 10 0.022961212 
782 271 9 11 0.022949839 
320 441 14 21 0.022934143 
409 351 7 9 0.02287924 
624 109 8 9 0.022859644 
849 168 7 9 0.022838831 
881 46 8 10 0.022796437 
225 478 31 37 0.022781776 
569 254 8 12 0.022766965 
575 80 7 9 0.022746395 
286 133 7 10 0.022707054 
673 175 7 10 0.022691362 
816 83 8 10 0.022660246 
175 270 8 10 0.02259528 
215 288 8 11 0.022570742 
169 230 7 9 0.022553787 
128 206 7 10 0.022537524 
288 88 8 10 0.022534786 
173 80 8 10 0.022526331 
743 71 7 9 0.022518035 
737 96 7 8 0.022512494 
886 45 9 10 0.022449657 
360 140 9 11 0.022429852 
556 34 8 10 0.022392107 
303 281 8 11 0.022385815 
42 278 8 10 0.022375792 
687 252 9 11 0.022364695 
657 215 8 11 0.022340404 
879 254 8 11 0.022337873 
568 158 8 10 0.02233398 
759 101 7 10 0.02232427 
15 104 7 11 0.022302056 
941 95 8 11 0.022241436 
190 63 9 11 0.022240752 
145 208 6 9 0.022233795 
128 231 7 8 0.02215945 
366 86 7 9 0.022128524 
961 373 9 12 0.022125233 
81 146 7 8 0.022099363 
982 332 11 15 0.02206275 
287 229 9 11 0.022055332 
366 141 8 10 0.022050867 
530 340 9 13 0.022049839 
472 85 7 9 0.022047527 
711 63 8 10 0.022010444 
848 119 7 10 0.021980284 
166 63 7 9 0.021967415 
981 85 7 9 0.021966085 
866 176 8 9 0.021944653 
808 176 7 10 0.021905825 
406 287 9 11 0.021898001 
712 48 7 9 0.02189023 
57 272 8 10 0.021886187 
127 87 7 9 0.021871982 
615 95 6 9 0.021859497 
73 144 6 8 0.02185426 
7 166 7 9 0.021839958 
100 423 13 17 0.021814236 
139 185 6 8 0.021793187 
431 70 8 9 0.021789914 
302 251 11 15 0.021776693 
659 86 7 9 0.021771014 
510 445 20 29 0.02176739 
591 120 7 9 0.021757493 
341 474 26 33 0.021752814 
303 292 8 9 0.021722391 
873 271 9 11 0.021700269 
585 223 7 9 0.021684265 
664 81 7 10 0.0216599 
721 182 7 9 0.02163279 
776 318 10 16 0.021591421 
514 263 8 10 0.021583693 
994 96 8 10 0.021568239 
94 310 9 12 0.02156398 
823 56 8 10 0.021545565 
265 311 10 12 0.021545408 
878 300 13 17 0.021530833 
684 303 9 12 0.02151596 
681 240 9 12 0.021497963 
546 231 8 11 0.021495204 
704 88 7 8 0.021490991 
424 562 41 52 0.021436092 
1008 150 7 9 0.02134907 
8 272 8 10 0.021331802 
48 255 7 9 0.021302117 
215 590 33 43 0.021297408 
503 295 10 12 0.021282384 
649 303 7 10 0.021277148 
295 88 7 10 0.021273118 
759 97 7 9 0.021248538 
121 157 8 10 0.021244109 
425 317 9 12 0.021234019 
8 296 8 10 0.021232216 
921 119 7 9 0.021229878 
37 263 8 10 0.021218315 
474 165 7 10 0.021209912 
122 144 7 9 0.021209277 
163 215 7 9 0.021204041 
679 109 7 10 0.021197492 
576 182 7 9 0.021197293 
522 158 8 11 0.021190275 
33 63 6 8 0.02118942 
785 262 9 10 0.02118143 
530 94 7 9 0.021175059 
585 102 7 10 0.021133412 
1 205 7 10 0.02113108 
409 87 7 9 0.02112575 
502 175 8 9 0.02112538 
602 208 7 9 0.02112187 
760 166 7 9 0.02111203 
174 294 9 11 0.021105982 
191 215 7 9 0.021075739 
103 103 7 9 0.021028116 
759 113 7 8 0.02102156 
497 96 7 8 0.021021442 
73 166 7 9 0.021012073 
375 264 7 9 0.021002458 
472 96 6 8 0.020991493 
161 150 7 9 0.020973647 
498 175 7 10 0.020961886 
144 289 9 11 0.020929195 
27 261 8 11 0.020915983 
977 217 8 10 0.020910168 
839 79 7 9 0.020883821 
158 248 8 9 0.020878132 
450 74 7 10 0.020877684 
82 336 9 12 0.02086139 
234 109 7 9 0.020820353 
184 200 7 8 0.020809075 
425 223 7 10 0.02080665 
777 281 11 14 0.020786894 
37 118 7 9 0.020719817 
273 223 8 10 0.020713761 
104 280 7 9 0.020702599 
128 194 6 8 0.020659843 
418 158 7 10 0.020654947 
490 460 19 23 0.0206422 
224 118 7 9 0.020641372 
22 96 7 9 0.020640861 
462 118 7 10 0.020628728 
807 142 7 10 0.020622207 
687 316 9 13 0.020612849 
43 523 20 27 0.020569239 
816 135 6 9 0.020552078 
270 111 7 8 0.020498767 
272 303 9 11 0.02049068 
496 87 7 9 0.020469908 
678 80 7 9 0.020457149 
432 96 7 9 0.020414226 
474 117 7 10 0.020405555 
16 143 6 9 0.020403292 
776 175 7 9 0.020396013 
845 261 9 12 0.020392992 
398 247 7 9 0.020390667 
920 136 7 9 0.02038983 
730 63 7 9 0.020389473 
382 294 8 11 0.020376308 
160 279 9 12 0.020370208 
590 271 9 12 0.020324452 
840 192 7 8 0.02031144 
922 57 9 10 0.02030971 
890 177 8 10 0.020299315 
279 140 9 11 0.020285541 
879 142 8 10 0.020284927 
141 254 8 9 0.020266466 
993 207 8 10 0.020259345 
926 172 7 10 0.020232994 
806 87 7 9 0.0202149 
647 167 7 9 0.020201381 
837 270 12 14 0.020191306 
144 109 8 11 0.020149037 
69 253 8 11 0.020124996 
531 452 21 27 0.020123787 
136 415 13 15 0.020123452 
309 151 9 11 0.020066358 
566 215 7 10 0.020059947 
354 255 7 10 0.020035755 
592 175 7 9 0.020017106 
