2_Demonstration_Political_Rally_2_329
234
136 343 62 72 0.999678 
744 395 97 124 0.9993709 
924 210 34 41 0.9984919 
931 282 62 75 0.9983113 
309 312 67 78 0.9981165 
124 229 50 63 0.99768376 
129 177 30 36 0.9966595 
866 330 63 80 0.99650663 
465 241 35 43 0.9964438 
879 162 28 35 0.99575543 
614 210 28 35 0.99519414 
832 182 29 35 0.99488634 
769 176 27 33 0.9945405 
195 193 40 44 0.99387616 
480 312 83 101 0.9930697 
268 197 40 48 0.9917961 
647 233 39 49 0.9912298 
848 222 28 40 0.98889714 
801 205 40 50 0.98703593 
0 190 33 47 0.98292553 
692 326 46 51 0.9782788 
665 190 28 32 0.9725018 
326 177 33 34 0.9701103 
565 144 17 22 0.96930164 
499 144 19 21 0.95054865 
954 192 23 27 0.94733745 
57 203 22 42 0.9465644 
781 117 10 13 0.93361133 
301 184 24 31 0.93143934 
478 136 17 19 0.9265354 
903 144 12 14 0.9144036 
60 169 18 24 0.90705884 
767 130 11 15 0.90371966 
973 224 28 36 0.8929658 
69 133 10 13 0.87382346 
540 150 19 20 0.8735685 
948 143 12 16 0.8379983 
51 133 12 16 0.8002997 
999 139 10 13 0.78847575 
967 148 11 15 0.7849756 
844 129 14 17 0.7754881 
803 134 10 12 0.71369034 
25 148 17 19 0.71209097 
513 116 8 11 0.6348944 
422 195 22 32 0.62611824 
557 127 10 12 0.6109708 
741 133 10 12 0.57544506 
920 149 10 12 0.5354263 
864 136 11 14 0.5004468 
463 134 9 12 0.486003 
816 124 10 13 0.44211665 
936 135 9 12 0.42682016 
71 151 13 19 0.42310607 
112 131 9 12 0.4227395 
1000 171 12 17 0.40051487 
984 221 24 31 0.3926312 
612 119 12 14 0.39250883 
542 125 10 12 0.38769987 
975 132 10 11 0.37747082 
968 234 39 57 0.37577495 
112 156 9 12 0.3678155 
989 126 10 12 0.35608834 
6 119 10 13 0.34751588 
744 126 11 14 0.34484172 
611 156 13 16 0.30119938 
789 141 9 12 0.26904768 
605 123 10 12 0.25479698 
779 284 41 48 0.23295951 
86 147 15 18 0.2307425 
529 124 10 13 0.20831236 
1004 239 22 42 0.1945965 
467 154 13 17 0.19315082 
1010 151 11 13 0.19157366 
24 119 9 11 0.1903612 
894 79 11 14 0.18694283 
42 111 9 12 0.18364802 
486 119 8 11 0.1719737 
553 125 10 13 0.1641659 
782 148 13 16 0.16239381 
908 125 9 11 0.14799209 
913 78 9 12 0.1326532 
532 118 11 13 0.13199882 
584 116 9 11 0.12996778 
748 121 11 14 0.1277931 
733 153 12 17 0.11539909 
952 252 49 66 0.1133416 
982 130 11 14 0.10260015 
586 132 10 13 0.10089579 
613 104 10 13 0.09917524 
560 117 9 11 0.09432245 
602 121 8 11 0.094018035 
913 190 24 29 0.093839355 
829 132 11 13 0.071990706 
741 155 12 17 0.07091659 
590 128 8 11 0.0684333 
786 154 14 16 0.067145586 
561 112 8 11 0.066560924 
785 237 17 26 0.06541731 
496 125 11 13 0.0649204 
991 245 30 43 0.064115785 
470 88 8 10 0.06037956 
1012 116 9 13 0.059901427 
573 124 9 11 0.059611596 
486 162 15 18 0.057846084 
813 194 38 49 0.05764221 
986 333 31 43 0.0576047 
775 155 13 15 0.056600105 
728 167 10 13 0.055522062 
831 55 9 11 0.05427149 
939 198 30 37 0.05393138 
646 128 8 11 0.052362263 
600 139 12 16 0.051195327 
648 132 8 11 0.05045595 
28 117 9 12 0.049674332 
804 137 11 14 0.048116084 
310 179 25 32 0.04761423 
560 93 8 10 0.047187265 
550 110 9 11 0.046147257 
92 143 14 17 0.04555957 
11 140 11 15 0.044581648 
14 134 9 12 0.044507373 
966 78 8 10 0.04412815 
90 151 15 19 0.04346612 
363 180 16 19 0.043399855 
789 136 10 12 0.0428824 
828 161 17 20 0.04228261 
846 78 12 14 0.041706476 
1000 117 8 12 0.04160386 
8 113 7 10 0.041362062 
804 148 11 14 0.041181423 
75 148 17 23 0.040674865 
65 150 11 15 0.040267546 
448 187 13 17 0.040233046 
637 158 11 13 0.03932677 
126 127 9 12 0.039183747 
506 21 8 12 0.038601365 
565 117 9 11 0.038386583 
511 122 11 14 0.038148288 
81 109 8 10 0.03786485 
943 72 7 9 0.03778414 
535 100 8 10 0.03746907 
799 137 11 14 0.03738426 
934 163 14 17 0.037271854 
116 593 20 20 0.036511343 
66 161 16 22 0.036073647 
575 120 9 11 0.035286475 
655 133 8 10 0.035222054 
893 115 12 16 0.035141777 
967 126 9 11 0.033687703 
44 210 27 37 0.03356634 
921 254 16 20 0.03309661 
825 131 10 13 0.03272987 
62 119 8 10 0.032017075 
532 129 12 16 0.03181213 
29 112 8 10 0.031804375 
523 167 10 13 0.03170378 
732 162 12 16 0.03153105 
534 113 8 10 0.03104308 
575 93 8 10 0.030893553 
567 126 10 12 0.030649995 
32 125 8 11 0.030270413 
135 111 9 12 0.030219771 
902 119 11 14 0.030147053 
352 178 25 29 0.0300162 
782 216 26 41 0.029896952 
38 127 9 11 0.029738553 
996 124 9 12 0.028375588 
840 95 9 11 0.027720593 
709 197 11 14 0.027395759 
694 134 8 11 0.027091883 
747 156 12 15 0.026639087 
852 55 9 11 0.02630086 
999 185 13 20 0.026077136 
900 149 14 19 0.02607376 
969 132 11 13 0.026072014 
929 85 8 10 0.02606849 
437 142 15 18 0.025964145 
413 183 38 48 0.0258422 
930 81 7 9 0.025693506 
889 84 11 15 0.025606466 
1013 145 10 13 0.02560442 
895 110 12 14 0.025387613 
959 147 12 15 0.025369104 
518 111 8 11 0.025364297 
610 165 16 21 0.025346985 
971 140 12 16 0.02505687 
1009 125 10 12 0.024961751 
661 193 19 21 0.02474069 
566 92 8 11 0.024634125 
496 142 14 17 0.024539825 
517 122 12 15 0.02443068 
93 119 9 11 0.02414222 
582 173 15 17 0.02392913 
93 124 10 12 0.02380081 
1009 104 8 11 0.02374719 
520 95 8 9 0.023715036 
518 147 12 16 0.023600766 
692 44 9 12 0.02356771 
494 130 12 15 0.023434727 
620 360 29 36 0.023302043 
943 78 7 9 0.02324987 
853 137 12 16 0.023247369 
806 128 10 13 0.022995543 
589 117 9 11 0.022493983 
63 138 12 15 0.022357719 
936 80 7 9 0.022239476 
528 111 8 10 0.021967977 
949 187 18 21 0.02185108 
100 148 12 15 0.021732973 
772 126 11 14 0.021670338 
897 141 11 13 0.021658804 
65 127 10 11 0.021635754 
847 72 11 12 0.02130108 
548 142 13 15 0.021198697 
504 54 7 9 0.02115736 
426 187 19 24 0.021112997 
516 131 12 15 0.021096876 
692 142 10 13 0.021063121 
75 134 10 13 0.021015104 
15 146 12 17 0.020962616 
606 150 13 15 0.020759357 
1004 141 11 13 0.020729067 
662 132 9 11 0.020713558 
691 197 12 14 0.020650376 
574 237 14 16 0.020467713 
510 130 12 14 0.020410677 
485 122 12 14 0.020294916 
48 130 10 12 0.020293066 
684 158 10 12 0.02021059 
604 132 12 16 0.020165274 
29 202 33 38 0.020104552 
982 139 11 15 0.02009816 
381 154 13 18 0.020049704 
991 121 10 12 0.020001343 
