2_Demonstration_Demonstration_Or_Protest_2_58
160
785 442 65 81 0.99948335 
448 314 56 71 0.9992131 
29 512 102 107 0.9987231 
286 383 59 83 0.9985815 
651 312 54 77 0.9983981 
148 159 31 37 0.9982237 
160 299 57 73 0.9978986 
248 242 46 57 0.99735653 
88 149 38 41 0.99718225 
514 232 48 60 0.9969668 
158 231 48 55 0.9969409 
966 281 46 58 0.99679935 
580 564 54 83 0.9964384 
301 299 51 67 0.9960891 
44 240 59 65 0.996024 
335 180 33 41 0.9959824 
314 125 26 32 0.9956527 
837 171 35 40 0.99538475 
767 271 45 56 0.99442863 
589 173 35 43 0.9939513 
941 195 37 44 0.9930483 
866 242 41 48 0.9927101 
982 147 28 30 0.98938495 
861 115 26 33 0.9866117 
-1 167 30 49 0.9848409 
700 247 39 51 0.9831987 
154 111 29 33 0.9822916 
314 220 40 50 0.9743144 
161 50 16 19 0.97170264 
184 88 21 26 0.9715521 
382 293 44 53 0.9694429 
107 53 15 19 0.9627299 
689 48 17 21 0.95874333 
212 69 17 24 0.9572933 
77 83 18 25 0.9486118 
112 84 21 26 0.9456642 
826 142 21 31 0.9424314 
625 269 38 51 0.9386917 
775 194 32 35 0.8855546 
250 74 17 21 0.88338685 
127 51 15 19 0.877964 
743 13 11 14 0.8711265 
472 171 23 36 0.8685139 
768 32 15 18 0.85450006 
694 77 17 22 0.81401235 
46 43 18 22 0.8105362 
635 105 17 25 0.7922478 
388 132 17 23 0.75825334 
15 83 14 20 0.74578947 
908 322 33 56 0.71941805 
509 80 15 18 0.64062744 
0 53 12 19 0.63427806 
782 145 18 29 0.63117546 
542 96 16 22 0.5982856 
325 1 11 13 0.596222 
685 183 33 38 0.56515163 
720 13 9 12 0.5450419 
240 5 9 11 0.5448226 
818 4 13 15 0.51902235 
520 177 16 19 0.4934555 
689 0 16 16 0.4693126 
946 121 22 34 0.4343397 
183 443 39 43 0.40838742 
297 1 10 11 0.3916775 
427 237 30 48 0.38453332 
351 37 10 14 0.38403115 
366 153 22 31 0.34941342 
470 117 21 30 0.33130553 
581 250 41 45 0.32281062 
352 63 13 16 0.2794849 
292 62 13 16 0.24444905 
359 135 10 13 0.21683708 
690 132 11 17 0.19308643 
284 4 10 12 0.16741584 
262 91 13 18 0.15982307 
437 183 22 32 0.15737891 
459 151 19 22 0.15626162 
817 8 15 21 0.15412606 
442 245 31 44 0.14983824 
712 43 12 18 0.14300251 
769 153 26 29 0.13447721 
274 136 25 30 0.11987597 
850 92 14 17 0.11282298 
784 1 10 11 0.11135069 
324 67 12 15 0.10492152 
760 196 24 31 0.099596545 
70 118 22 35 0.09840824 
927 112 9 12 0.09683654 
481 112 23 35 0.09364202 
206 1 12 12 0.09221216 
4 83 17 21 0.086164676 
173 35 12 17 0.0777863 
990 216 28 42 0.07522425 
114 53 15 18 0.07424269 
511 169 23 29 0.07185944 
357 7 11 12 0.07077294 
933 113 12 15 0.06893104 
668 0 12 13 0.06657497 
514 181 26 35 0.05955503 
700 171 27 32 0.059381116 
574 132 15 21 0.059183013 
948 115 17 25 0.059181705 
265 4 10 12 0.058247566 
643 78 12 16 0.057024997 
455 60 10 13 0.056604013 
154 440 64 71 0.056254216 
255 78 18 23 0.054171093 
623 103 27 33 0.050145883 
152 89 18 19 0.04962706 
494 119 22 27 0.04914174 
549 212 32 43 0.048487708 
713 36 13 15 0.04660954 
95 242 42 59 0.046160065 
759 158 28 30 0.046055745 
14 60 11 15 0.043487262 
577 10 12 14 0.042702373 
167 34 12 16 0.041790638 
578 130 26 31 0.038831722 
536 235 43 59 0.03761778 
147 81 18 21 0.036932133 
605 265 39 53 0.034817904 
412 381 46 70 0.033757046 
698 1 15 16 0.031156078 
725 45 16 21 0.030762672 
379 135 21 30 0.030541435 
264 129 25 30 0.030304564 
243 41 13 17 0.030206462 
159 30 12 15 0.029921258 
461 158 24 30 0.029503293 
942 115 13 18 0.028774796 
685 28 11 13 0.028756686 
557 139 12 14 0.028374732 
685 192 20 22 0.02805336 
173 98 16 21 0.027504228 
566 230 39 55 0.027443632 
630 282 47 64 0.027282279 
46 32 14 17 0.027159356 
371 393 43 64 0.02703341 
126 39 12 13 0.02666577 
505 124 15 19 0.026491612 
922 112 9 12 0.026446555 
690 129 19 27 0.026418023 
231 30 11 13 0.026368858 
238 35 15 17 0.0252796 
3 45 14 20 0.025027918 
133 38 11 13 0.024927456 
351 3 14 15 0.023858432 
512 406 41 59 0.02344586 
376 156 15 21 0.022874912 
460 4 9 11 0.022857353 
567 138 13 17 0.022809926 
905 108 10 13 0.022362629 
457 175 32 41 0.022288969 
206 63 15 18 0.021892684 
125 79 22 27 0.02176952 
979 215 28 36 0.021623543 
714 13 10 13 0.021026831 
405 227 32 41 0.020533847 
198 2 15 16 0.02038885 
910 128 11 14 0.020103795 
