2_Demonstration_Demonstration_Or_Protest_2_604
58
403 136 57 70 0.9985039 
96 166 43 59 0.995802 
653 121 62 108 0.9911987 
281 37 87 119 0.99041474 
537 137 23 26 0.9637555 
169 168 30 37 0.8702789 
467 150 15 22 0.78327614 
518 97 13 16 0.5500237 
42 129 14 16 0.5136847 
14 177 23 31 0.46387157 
72 136 13 16 0.38835022 
14 134 11 14 0.38395864 
86 119 10 13 0.36815143 
781 2 47 67 0.20685352 
824 400 154 167 0.1947918 
48 174 30 37 0.15198685 
495 11 11 13 0.10714582 
103 130 15 19 0.10505005 
458 155 36 51 0.09861663 
565 96 9 12 0.0965191 
160 170 24 32 0.08198435 
798 302 231 287 0.06391259 
39 206 26 34 0.06138271 
501 244 39 45 0.059613414 
24 175 18 25 0.05589683 
481 96 10 11 0.04889137 
15 224 13 16 0.0487434 
8 140 12 14 0.045867853 
36 209 17 25 0.044578176 
147 150 17 23 0.04252716 
777 -6 81 103 0.04174064 
460 127 11 13 0.041384812 
765 90 42 58 0.040862814 
344 166 29 34 0.0394015 
450 142 26 38 0.039276976 
476 192 17 21 0.034192093 
476 118 14 17 0.033489536 
523 6 10 12 0.031767562 
267 305 37 42 0.030443095 
11 145 12 16 0.030252643 
481 122 12 15 0.029281572 
366 198 13 17 0.028714543 
86 132 13 16 0.027447289 
87 139 13 17 0.02702522 
473 158 16 21 0.02651459 
549 2 9 10 0.026439507 
341 144 42 54 0.025851918 
94 132 13 17 0.02461579 
562 141 14 21 0.024496602 
468 177 24 33 0.024030492 
493 26 10 14 0.023666298 
561 99 10 12 0.023263942 
536 14 9 12 0.023081822 
519 22 11 13 0.021338403 
473 29 12 14 0.021330891 
5 136 21 24 0.021256406 
452 147 14 20 0.021042045 
132 175 25 38 0.020600626 
