2_Demonstration_Political_Rally_2_83
313
881 553 114 125 0.99948716 
599 491 100 132 0.9993905 
120 524 108 110 0.9992125 
73 216 52 64 0.9991812 
227 266 71 90 0.9989945 
405 303 89 122 0.99891436 
887 157 50 58 0.99848807 
292 569 105 105 0.99795496 
561 292 71 76 0.9970631 
45 180 46 62 0.9967123 
96 293 62 77 0.9961281 
3 393 90 102 0.9959014 
180 156 47 56 0.99577796 
168 0 31 37 0.99494225 
448 117 36 46 0.99482626 
501 207 56 71 0.9945404 
208 225 54 73 0.9940276 
171 389 79 95 0.9935377 
628 389 87 97 0.99096256 
559 79 33 41 0.99030066 
326 166 48 58 0.9874364 
872 330 91 96 0.9865556 
474 83 39 43 0.9857495 
427 33 27 32 0.98508066 
264 18 23 31 0.98452777 
0 72 33 40 0.98303413 
290 32 30 37 0.9821023 
462 181 54 68 0.9799715 
217 58 38 52 0.9788833 
790 121 33 42 0.9777623 
472 17 25 30 0.97703856 
810 135 39 48 0.9769395 
231 121 39 53 0.97675186 
626 66 29 33 0.9747161 
199 110 34 40 0.9734527 
10 126 47 58 0.96641713 
725 372 80 106 0.9658402 
110 79 35 45 0.96135026 
398 109 36 42 0.9612262 
870 30 24 31 0.95459753 
930 201 40 51 0.9487112 
749 20 22 27 0.94794834 
100 620 87 61 0.9472091 
741 153 43 53 0.9347279 
379 154 41 49 0.9347272 
345 35 26 31 0.92662597 
622 242 48 54 0.9233924 
404 197 53 64 0.9185586 
814 40 25 27 0.89771664 
951 161 48 54 0.8821178 
823 63 26 36 0.8738978 
129 175 42 47 0.8706695 
42 285 36 57 0.84834725 
213 111 41 51 0.8250525 
372 243 56 76 0.79653865 
235 14 23 30 0.79393405 
554 185 29 40 0.7616517 
918 0 22 25 0.76010126 
670 620 91 64 0.7565148 
667 47 23 27 0.74256235 
780 41 24 28 0.7422002 
310 72 26 32 0.7385972 
385 60 27 32 0.73222893 
508 1 28 24 0.73048615 
608 26 19 23 0.7295492 
592 103 43 55 0.7101882 
971 81 36 47 0.6949995 
949 78 40 49 0.69341725 
498 44 23 30 0.6555236 
378 95 29 35 0.6382169 
886 76 32 39 0.6065291 
474 46 21 26 0.603542 
25 3 25 28 0.5893325 
62 145 39 45 0.58699554 
604 114 46 58 0.58485687 
604 58 24 29 0.5691229 
117 42 28 37 0.5393427 
237 182 50 53 0.5194771 
269 3 19 21 0.5169063 
636 121 38 54 0.5166678 
536 50 26 31 0.50410426 
946 10 25 30 0.49050716 
564 40 21 27 0.48849398 
829 18 22 25 0.46098098 
446 64 25 32 0.43991348 
760 92 27 33 0.43932563 
938 181 47 57 0.43844694 
1000 128 22 32 0.41307086 
251 67 28 36 0.40666062 
816 49 26 33 0.39328188 
668 104 26 35 0.37393153 
412 0 22 20 0.34637216 
826 334 38 48 0.34281173 
889 6 29 33 0.31392586 
529 391 53 79 0.29031074 
384 218 60 74 0.28674865 
76 37 29 33 0.274396 
198 48 23 33 0.27145752 
787 182 44 52 0.26318824 
299 3 19 20 0.2503002 
585 20 20 22 0.24488156 
792 21 23 26 0.23252626 
587 174 50 55 0.22063088 
976 232 43 66 0.21447043 
694 7 17 20 0.21143286 
0 95 42 50 0.20593853 
343 132 35 37 0.20503905 
668 23 24 26 0.19527449 
342 24 24 32 0.19364497 
994 95 31 41 0.19337952 
608 3 16 18 0.19034141 
878 12 28 33 0.18679003 
353 157 42 56 0.18592638 
591 56 23 28 0.1759428 
977 454 40 80 0.16449514 
-2 144 36 61 0.16109844 
983 26 26 35 0.15545927 
388 5 24 27 0.1537425 
724 0 20 20 0.14769131 
266 124 41 50 0.14702319 
73 49 30 37 0.1366519 
400 1 27 25 0.1319576 
790 9 24 25 0.12882943 
656 115 28 43 0.12507161 
-1 260 34 62 0.11694466 
399 75 27 33 0.11577217 
904 2 28 28 0.11366391 
98 23 27 34 0.11274274 
819 255 34 50 0.11150893 
745 0 20 19 0.11146307 
33 61 28 39 0.1108481 
610 73 42 44 0.10713497 
678 362 89 107 0.10360171 
966 11 41 53 0.10287378 
605 232 48 54 0.10229771 
820 325 29 45 0.09566667 
532 22 23 26 0.09251865 
236 5 19 24 0.08951069 
396 180 51 56 0.082635835 
916 281 52 55 0.08159007 
531 60 28 35 0.07870771 
121 68 36 46 0.07837544 
245 18 24 31 0.077738315 
105 30 29 36 0.0772496 
577 24 25 29 0.0772493 
434 18 23 28 0.07541752 
744 276 66 63 0.075408354 
340 12 24 29 0.07538981 
207 57 28 37 0.07446532 
385 80 31 38 0.07163629 
674 89 27 33 0.071324766 
979 4 26 31 0.06995647 
254 168 47 56 0.0692657 
595 92 32 41 0.06916909 
816 -1 22 18 0.06502248 
876 106 34 41 0.06501664 
953 196 47 64 0.06489992 
108 2 44 47 0.06457132 
531 187 48 59 0.064010955 
142 372 58 64 0.06357849 
124 47 36 44 0.06278665 
64 57 36 49 0.06129963 
621 37 22 25 0.060972933 
378 0 26 25 0.060725074 
180 210 44 61 0.060625095 
629 216 44 51 0.058067746 
752 79 29 36 0.055614453 
310 109 41 46 0.054189518 
389 126 41 45 0.052213248 
818 399 79 101 0.05176982 
751 178 33 41 0.051351637 
360 273 57 79 0.051254097 
203 85 38 44 0.05043955 
762 85 19 22 0.050303493 
667 55 30 35 0.04976499 
586 152 37 47 0.047337886 
994 33 26 38 0.046804857 
260 1 18 20 0.04670354 
329 6 25 27 0.045990452 
786 2 22 22 0.04587418 
386 266 77 126 0.0453057 
375 54 24 33 0.04513897 
314 87 31 41 0.044435844 
354 0 21 20 0.04422888 
881 137 47 56 0.04377212 
694 28 25 34 0.04296894 
90 439 37 52 0.042946164 
592 8 24 25 0.04120613 
779 386 86 105 0.04089263 
221 189 50 62 0.040722728 
939 87 32 43 0.04043155 
736 339 92 106 0.040340085 
47 1 25 25 0.0403172 
804 41 26 31 0.039791595 
404 92 28 38 0.03976404 
5 27 26 29 0.039639782 
362 0 18 14 0.039594274 
595 25 23 27 0.039578177 
632 189 43 53 0.039442718 
207 170 48 58 0.038575687 
276 22 24 30 0.038519517 
344 3 26 25 0.038403545 
101 5 31 32 0.03757339 
664 31 23 28 0.036802914 
116 99 41 56 0.0367723 
232 152 45 57 0.036007874 
740 24 25 32 0.035610493 
134 449 36 42 0.035515033 
583 113 32 42 0.035269447 
166 323 10 13 0.035234354 
366 0 26 22 0.035221066 
441 111 29 40 0.03511305 
736 62 28 38 0.03452588 
276 2 24 23 0.03411863 
985 0 18 16 0.033599723 
675 28 24 29 0.033456966 
-1 41 11 23 0.033221193 
943 134 43 53 0.03311033 
280 137 42 52 0.03283203 
17 507 53 86 0.032773573 
618 32 18 22 0.03262339 
661 41 19 25 0.032592647 
294 12 25 29 0.032238185 
509 98 24 35 0.032211844 
1001 45 23 33 0.03215289 
698 2 23 24 0.032131806 
81 61 36 50 0.03189986 
1 2 19 20 0.031870287 
335 441 51 65 0.031864915 
882 126 34 43 0.031831764 
677 0 17 13 0.031524457 
298 265 60 80 0.031490013 
598 68 30 37 0.03146308 
385 104 33 40 0.031384103 
676 16 24 27 0.03137269 
983 103 34 45 0.030996663 
111 571 81 80 0.03053566 
704 133 35 39 0.030284358 
183 133 43 53 0.029726472 
292 113 38 48 0.029676922 
789 71 23 29 0.02927285 
591 130 41 47 0.029268088 
72 15 19 20 0.028471926 
578 87 34 41 0.028416108 
11 2 24 26 0.028321749 
291 244 57 62 0.028234603 
297 74 31 37 0.028066512 
134 60 33 43 0.028028173 
437 101 25 32 0.027780332 
992 163 32 50 0.027773287 
428 18 18 22 0.027606228 
467 95 36 44 0.027368294 
850 0 20 19 0.027314013 
260 72 30 38 0.027217386 
113 20 41 53 0.027064273 
56 290 50 63 0.026973262 
935 268 52 65 0.02655877 
321 0 24 26 0.026121436 
897 51 21 22 0.025946004 
21 69 32 38 0.025785249 
415 10 24 29 0.02566819 
748 245 58 70 0.025620556 
803 327 54 66 0.025536958 
750 137 43 52 0.025524145 
193 61 23 35 0.025446197 
922 211 56 78 0.02511184 
689 82 23 31 0.02502572 
45 56 40 51 0.024915142 
63 -1 25 24 0.024885787 
734 42 26 34 0.024853697 
950 432 49 64 0.024756497 
724 456 13 18 0.024591496 
635 558 101 116 0.02445911 
468 0 18 20 0.024439786 
283 74 27 37 0.02418283 
183 89 40 49 0.023942305 
24 284 33 48 0.023834914 
946 7 46 53 0.023637803 
58 170 52 61 0.023623088 
717 26 23 33 0.023532636 
800 30 18 22 0.023376085 
890 64 29 35 0.023372551 
471 2 25 27 0.023360832 
992 24 19 25 0.023324436 
9 276 38 51 0.02327573 
382 188 42 49 0.023189913 
542 42 21 23 0.02310834 
296 54 29 36 0.023033483 
732 76 27 38 0.022973642 
497 89 28 38 0.022727614 
279 169 43 55 0.022636194 
505 38 25 31 0.02245311 
328 120 37 41 0.022160998 
881 311 72 74 0.021905845 
441 12 18 20 0.021735327 
70 0 14 12 0.021601254 
823 34 21 23 0.021357339 
96 217 56 64 0.021120656 
1003 109 18 26 0.0211008 
99 18 22 23 0.021095952 
96 1 23 22 0.021002432 
176 76 26 34 0.020975897 
321 15 18 22 0.020784361 
1 35 21 32 0.020739855 
618 48 20 22 0.020690035 
314 147 45 53 0.020511959 
547 411 52 71 0.020470362 
88 34 30 37 0.020457102 
557 39 18 26 0.020436274 
498 396 70 87 0.020370578 
875 12 19 20 0.020229217 
258 140 36 42 0.020165706 
954 244 53 70 0.020118918 
