2_Demonstration_Demonstration_Or_Protest_2_816
57
140 283 50 64 0.99851364 
678 200 43 56 0.9979754 
220 260 47 62 0.9974496 
461 217 46 62 0.9956858 
814 79 38 48 0.9943698 
348 269 49 61 0.9943422 
94 66 39 46 0.9940135 
356 396 49 62 0.99298275 
183 198 44 55 0.9920975 
495 159 42 51 0.98890686 
572 121 44 54 0.9885562 
318 212 41 46 0.9866621 
15 171 41 49 0.98657787 
721 1 41 53 0.9865637 
683 66 34 46 0.9863718 
779 281 51 63 0.98072815 
303 150 42 49 0.97800577 
447 64 34 50 0.9748678 
861 171 42 53 0.9700084 
879 0 35 40 0.9686873 
303 -2 47 44 0.96661323 
793 227 40 50 0.9660691 
629 167 37 59 0.95915055 
435 197 31 51 0.95659494 
634 11 41 49 0.89984876 
191 159 34 46 0.87417305 
159 2 33 25 0.85025626 
110 1 35 24 0.79137737 
490 0 29 31 0.76339144 
359 4 28 31 0.7257323 
0 34 20 48 0.6852406 
646 146 35 40 0.32299867 
602 234 46 52 0.21099298 
394 0 25 30 0.17943473 
998 81 27 51 0.12277526 
443 208 44 60 0.08317296 
880 100 31 38 0.07666127 
972 147 38 41 0.07280814 
978 74 39 62 0.07035705 
506 107 31 37 0.06929092 
969 43 42 53 0.06352771 
647 171 39 58 0.05427781 
176 178 42 55 0.05019608 
-1 -2 17 25 0.04396508 
762 -2 32 27 0.042580113 
785 254 47 54 0.03762811 
283 186 17 20 0.03264498 
283 180 25 35 0.02962728 
646 230 44 60 0.026649898 
48 -1 39 30 0.026548918 
869 337 53 57 0.025478257 
832 331 46 57 0.025451412 
175 3 21 18 0.024746148 
404 4 30 37 0.023413152 
608 201 48 66 0.021867126 
391 1 18 20 0.02134177 
62 450 50 77 0.020694647 
