2_Demonstration_Protesters_2_362
38
813 403 70 79 0.99599946 
234 367 63 87 0.9957365 
455 509 12 15 0.82061034 
419 497 11 15 0.7868975 
867 536 20 31 0.6508817 
886 522 20 31 0.5947057 
446 508 13 15 0.4982619 
384 522 11 14 0.49819863 
703 532 9 11 0.24880736 
892 579 25 29 0.10685816 
360 495 8 10 0.10164281 
365 493 9 11 0.08564582 
464 550 10 12 0.08484916 
1003 588 19 24 0.068609096 
400 496 10 13 0.0586404 
501 555 10 12 0.057533473 
983 477 8 10 0.053875413 
677 510 16 22 0.049829315 
989 563 12 17 0.0457076 
354 495 8 11 0.038446322 
928 511 11 16 0.036882497 
448 476 10 13 0.03364341 
973 501 9 12 0.03318679 
400 471 10 12 0.03127715 
876 529 16 29 0.03060182 
403 501 10 13 0.027167011 
7 333 70 75 0.027133374 
459 513 11 15 0.026747352 
918 622 11 14 0.026487375 
1009 471 10 13 0.026154295 
123 202 46 68 0.02583066 
893 574 14 19 0.025777856 
503 504 13 16 0.025313294 
462 556 11 15 0.024263224 
990 503 9 11 0.02363662 
608 45 6 9 0.022347486 
897 528 16 23 0.021738987 
87 455 28 32 0.020879736 
