2_Demonstration_Demonstration_Or_Protest_2_895
255
674 332 32 42 0.9963366 
486 354 52 63 0.9932886 
632 338 28 37 0.9882563 
276 306 22 30 0.9858883 
69 284 15 20 0.9668569 
139 272 14 18 0.9652344 
374 318 19 28 0.9457026 
24 285 19 24 0.9417433 
803 304 23 29 0.9240967 
416 278 13 16 0.8689034 
461 306 24 31 0.80656195 
204 372 22 38 0.75597584 
608 280 14 18 0.7394759 
136 315 24 25 0.7252224 
452 289 14 18 0.69608843 
301 312 15 20 0.6473705 
522 291 14 18 0.6449704 
548 301 17 21 0.6208051 
383 274 12 14 0.61196256 
342 279 12 15 0.61005145 
115 285 14 18 0.60882163 
59 267 13 15 0.6057096 
966 306 14 18 0.5911345 
299 293 15 17 0.57788455 
198 274 12 14 0.532556 
288 308 19 27 0.47903162 
427 312 14 23 0.45785317 
617 332 20 30 0.45372215 
257 268 8 11 0.43164152 
532 277 11 12 0.42719996 
861 255 11 14 0.42675313 
925 308 13 14 0.39572883 
369 268 8 11 0.39264315 
868 324 14 16 0.37510687 
677 275 10 13 0.3673253 
812 255 10 12 0.3289809 
332 291 11 13 0.31158987 
208 302 14 15 0.30649114 
46 295 20 26 0.305818 
530 300 17 22 0.29755583 
829 256 8 10 0.21877259 
975 271 9 11 0.20706879 
856 287 10 13 0.20595196 
748 299 15 17 0.19362855 
31 410 50 67 0.19359823 
588 262 11 15 0.1890633 
551 249 7 10 0.18871182 
0 284 10 15 0.18460855 
729 277 8 11 0.18210006 
942 268 10 12 0.18068007 
127 271 10 12 0.17956452 
670 299 12 13 0.17791206 
575 353 14 20 0.17777309 
467 301 14 18 0.1730846 
472 260 9 12 0.16956806 
885 268 11 13 0.16214707 
835 295 11 13 0.15594865 
153 285 11 14 0.15026489 
784 423 37 50 0.14325722 
521 242 7 9 0.1402659 
913 263 8 10 0.13292971 
408 284 11 12 0.13141944 
449 307 12 17 0.13044794 
879 268 11 13 0.124903515 
215 284 11 13 0.1248271 
925 283 12 14 0.11981997 
105 342 29 36 0.11610162 
526 254 8 11 0.11412872 
757 300 12 15 0.10944683 
422 316 15 25 0.109062366 
573 277 10 12 0.101481915 
573 268 11 13 0.10064446 
687 252 9 12 0.09981587 
621 266 10 12 0.09832733 
346 283 10 13 0.097052746 
615 262 9 11 0.09239632 
708 282 10 13 0.087650515 
328 290 10 12 0.086979784 
568 278 10 12 0.08679781 
540 302 18 21 0.08648557 
992 326 20 20 0.0860232 
67 312 14 17 0.08601221 
191 260 9 11 0.08310236 
303 253 9 11 0.0826568 
470 292 14 17 0.081128985 
558 261 9 11 0.07879178 
302 275 11 13 0.0786046 
815 376 25 33 0.07775028 
365 325 17 23 0.0763391 
799 276 11 13 0.07630644 
759 401 48 73 0.07589121 
1014 299 9 14 0.07485444 
687 259 11 15 0.07477532 
156 330 23 30 0.07250363 
205 308 22 26 0.07027409 
749 262 8 10 0.06999263 
369 294 15 17 0.06977855 
122 288 13 17 0.06849881 
256 294 12 14 0.06544069 
193 256 8 11 0.06485264 
413 323 15 21 0.064709485 
173 297 13 16 0.06396659 
968 269 11 13 0.06367496 
126 262 9 11 0.062753074 
951 267 10 13 0.06213827 
151 290 13 17 0.061301876 
120 260 9 11 0.059730045 
54 271 14 18 0.05965695 
920 284 13 16 0.058545742 
582 265 13 16 0.05741322 
669 256 9 12 0.05641437 
857 258 11 13 0.055293214 
778 261 8 10 0.054780446 
536 249 8 10 0.05410758 
205 293 14 16 0.054052234 
208 285 11 14 0.05374299 
248 262 8 10 0.052411653 
957 266 9 13 0.05169413 
932 283 9 12 0.049711484 
523 295 19 22 0.048926357 
305 331 12 18 0.046919104 
687 300 15 18 0.04612685 
497 306 15 18 0.045617156 
848 303 12 15 0.04542452 
431 254 7 10 0.045407698 
764 301 10 14 0.045008276 
408 267 10 12 0.044911 
105 311 17 21 0.044478383 
171 278 11 13 0.043789048 
848 284 9 13 0.04342098 
681 247 9 12 0.04324388 
459 299 19 26 0.042711828 
145 320 24 28 0.042705487 
942 294 13 16 0.04206083 
828 292 19 25 0.041534916 
490 260 10 13 0.041388333 
903 261 9 11 0.041366402 
803 340 21 30 0.041337717 
337 314 15 18 0.04127807 
223 308 13 16 0.040805455 
182 344 21 32 0.040535454 
797 262 9 11 0.040111236 
728 272 9 12 0.03908404 
56 303 19 24 0.03907334 
11 412 46 73 0.03886966 
531 294 14 17 0.038413916 
374 269 9 12 0.03834481 
276 287 11 13 0.03815221 
402 416 42 69 0.038146034 
799 270 10 14 0.037906993 
705 313 16 19 0.037630007 
609 260 10 12 0.03726721 
614 256 8 10 0.03721026 
143 360 29 38 0.03683777 
778 254 8 11 0.035932265 
865 303 10 12 0.0351409 
474 286 14 17 0.034440093 
885 276 12 15 0.03431516 
784 362 11 16 0.03365682 
665 259 9 12 0.033467773 
821 367 28 32 0.033137515 
712 255 8 11 0.033060513 
912 266 12 14 0.032727763 
915 108 12 15 0.032413263 
28 404 32 53 0.031998534 
981 270 8 11 0.03198235 
306 298 13 16 0.031786676 
525 246 8 11 0.03169767 
599 284 12 16 0.031670958 
798 256 8 10 0.03166713 
541 292 12 16 0.031191893 
830 340 26 27 0.030833635 
173 283 12 13 0.030744784 
822 269 9 11 0.030249132 
759 256 8 10 0.030191522 
454 310 15 21 0.030078543 
685 303 21 25 0.030019658 
719 253 8 12 0.029853087 
634 292 12 13 0.029838411 
471 361 32 47 0.029707262 
309 278 10 12 0.029561715 
198 386 28 36 0.02933441 
63 287 15 19 0.029112812 
686 267 10 14 0.02857287 
600 363 15 19 0.028399734 
477 307 25 28 0.028044164 
675 283 14 16 0.027874397 
134 256 9 11 0.027527232 
836 366 17 21 0.027501345 
726 411 64 73 0.027416874 
666 294 10 14 0.027281575 
0 400 16 30 0.027276563 
768 275 10 13 0.027143998 
825 261 9 12 0.02698197 
797 282 13 17 0.026785038 
823 292 14 16 0.026700879 
866 332 20 23 0.026609825 
907 245 9 12 0.026599947 
29 424 14 22 0.02633328 
473 307 16 21 0.026174635 
153 347 25 40 0.026050484 
564 356 23 31 0.025624728 
36 292 21 28 0.025557688 
249 257 7 9 0.025450692 
637 269 9 12 0.025390984 
171 341 22 31 0.025362322 
828 304 14 18 0.025094133 
850 255 7 10 0.025017554 
406 175 8 12 0.024885077 
889 282 10 13 0.024792917 
230 313 15 17 0.024596803 
271 291 13 16 0.024596367 
796 352 16 20 0.024563935 
902 311 12 15 0.024513122 
737 230 9 11 0.024471605 
814 368 40 57 0.024411514 
510 266 10 13 0.024202688 
114 350 35 47 0.024174431 
920 278 11 15 0.023966469 
812 339 22 28 0.023893788 
112 280 11 13 0.023666736 
875 268 9 12 0.023331486 
647 259 10 14 0.023323666 
561 278 10 12 0.02328483 
565 376 16 22 0.023240738 
894 311 11 14 0.023110738 
792 255 8 9 0.023074845 
775 385 45 65 0.02302528 
834 301 21 25 0.022996902 
541 286 11 14 0.022885682 
817 307 16 21 0.022731485 
325 296 15 18 0.022679416 
725 263 9 12 0.022564022 
726 283 12 16 0.022463698 
430 262 8 11 0.022283798 
296 277 11 13 0.022283435 
2 255 11 13 0.022194387 
810 258 10 13 0.022143984 
701 319 16 21 0.021949114 
733 211 9 11 0.02191683 
753 255 8 11 0.021800626 
992 260 8 10 0.02175273 
484 309 14 18 0.021628506 
2 292 13 17 0.021406423 
772 274 11 14 0.02134403 
75 438 56 71 0.021211112 
238 412 48 63 0.021150539 
670 285 14 17 0.020985948 
674 291 13 15 0.020912195 
590 274 12 16 0.02079441 
295 285 13 15 0.020720977 
116 311 14 21 0.020648023 
539 277 12 14 0.02060075 
449 190 9 11 0.020172896 
838 240 9 10 0.020152135 
