2_Demonstration_Political_Rally_2_695
316
765 552 58 76 0.9981335 
436 343 34 39 0.9967933 
804 225 25 31 0.99591726 
45 239 27 31 0.99540883 
583 364 32 45 0.9925282 
497 372 34 44 0.99043757 
326 471 41 49 0.98923045 
17 268 28 30 0.9870205 
423 468 38 46 0.986147 
313 533 44 50 0.9820046 
0 379 36 42 0.97939533 
406 372 36 44 0.9720152 
189 223 24 28 0.96903497 
395 523 39 42 0.9674311 
140 126 15 20 0.9631467 
4 430 41 52 0.95493364 
101 233 21 26 0.9516354 
348 414 44 54 0.9495495 
402 296 31 37 0.9452207 
136 393 36 44 0.9395439 
168 210 20 29 0.9272451 
66 462 30 43 0.9217868 
297 423 39 41 0.8933244 
170 435 31 44 0.88358504 
685 185 19 20 0.8666638 
215 318 24 28 0.86260843 
322 320 29 37 0.85883725 
105 358 34 41 0.85791945 
161 256 25 28 0.8544049 
881 477 33 42 0.8492997 
12 226 22 26 0.8487377 
226 346 28 43 0.8314788 
660 204 15 24 0.82259125 
59 132 15 18 0.8200039 
521 455 42 50 0.8027466 
186 448 41 49 0.77161914 
685 149 15 18 0.7585628 
22 124 14 17 0.7518447 
268 250 19 22 0.72070426 
64 221 21 25 0.71651924 
267 156 16 19 0.71364754 
253 194 26 29 0.7055426 
807 174 18 21 0.70423174 
282 405 28 36 0.60378873 
0 16 18 22 0.5999574 
268 277 27 43 0.5614379 
343 309 33 43 0.54626554 
642 189 15 19 0.54573727 
653 124 11 13 0.53166425 
627 156 14 17 0.507398 
134 112 11 13 0.4859624 
795 196 17 21 0.4806555 
62 60 13 15 0.44799566 
677 276 22 30 0.4415467 
639 170 13 17 0.43510643 
963 645 52 38 0.4083986 
109 277 23 34 0.4075112 
852 172 22 26 0.40544933 
703 198 16 21 0.39275515 
192 142 12 15 0.38869765 
56 230 24 29 0.37173563 
217 132 12 15 0.34946164 
200 460 37 44 0.3335758 
831 224 22 31 0.31817698 
175 117 9 11 0.31270534 
239 451 33 41 0.30176362 
563 325 25 30 0.2929219 
210 268 19 23 0.28730148 
122 124 12 14 0.28498104 
238 100 11 15 0.28062764 
608 201 17 20 0.2722155 
249 133 10 14 0.26936176 
455 431 40 52 0.2623333 
470 93 14 17 0.24543256 
907 529 33 40 0.23830172 
84 346 28 35 0.21859619 
570 321 18 21 0.21683015 
533 306 30 35 0.20685644 
588 185 16 19 0.20367523 
181 218 23 30 0.20103782 
612 128 9 12 0.19650075 
261 139 15 18 0.19517574 
696 109 10 12 0.1867211 
760 514 26 37 0.18427923 
859 261 16 19 0.18183967 
149 411 42 52 0.17986777 
812 269 23 29 0.17749827 
93 141 11 13 0.17492755 
668 180 11 14 0.16861695 
438 459 42 50 0.15713355 
294 255 24 28 0.15595978 
771 133 12 15 0.1478711 
680 115 8 11 0.14781137 
200 116 10 12 0.14349903 
114 89 15 18 0.14087796 
766 98 12 15 0.12785271 
700 110 10 12 0.12555711 
340 405 33 44 0.1255464 
760 102 9 12 0.124592945 
0 501 24 50 0.1203548 
500 467 30 35 0.117842324 
257 146 11 15 0.117330514 
108 132 10 13 0.115059115 
0 198 10 17 0.11282175 
126 117 11 15 0.11105456 
1 342 23 31 0.11010232 
326 256 23 30 0.10971554 
140 204 15 17 0.1047297 
597 83 10 14 0.10102737 
158 118 9 14 0.09854649 
147 259 26 31 0.09838121 
708 284 20 25 0.097956724 
90 486 30 39 0.09768501 
648 125 11 14 0.09732975 
83 134 13 14 0.096830495 
497 632 17 22 0.09675373 
85 99 11 13 0.095616534 
819 485 15 19 0.09488873 
548 317 30 33 0.092168905 
76 108 13 16 0.091047905 
113 69 9 12 0.088918805 
875 196 16 23 0.08703646 
299 329 27 34 0.08631435 
278 390 31 37 0.08620016 
701 126 10 13 0.085578844 
638 107 8 12 0.085540086 
140 267 23 31 0.085258126 
646 130 11 14 0.08125825 
780 136 15 18 0.08003295 
66 56 14 17 0.07932771 
67 63 12 15 0.0773405 
80 102 11 14 0.076545455 
464 456 31 42 0.07406057 
583 132 13 17 0.07230551 
958 130 11 13 0.07158023 
703 116 10 12 0.068608254 
82 220 19 27 0.06814369 
813 292 24 33 0.067686856 
119 31 8 10 0.067616954 
695 131 13 14 0.06539073 
787 418 44 59 0.0642737 
775 135 13 18 0.060854096 
880 357 21 30 0.06062605 
566 130 10 13 0.06046686 
734 111 9 12 0.059211783 
576 158 12 15 0.058794104 
216 453 40 45 0.058618158 
772 94 11 16 0.058531206 
757 180 12 16 0.05742157 
768 172 14 17 0.057064537 
655 106 9 12 0.056918934 
629 125 9 12 0.05467294 
758 520 15 24 0.053947274 
285 193 17 21 0.05370171 
182 274 16 21 0.05343489 
89 219 15 20 0.053356644 
126 147 13 14 0.053227954 
457 415 36 45 0.05273977 
646 508 15 21 0.052448455 
248 93 9 12 0.052440394 
596 108 9 12 0.05070369 
260 295 29 43 0.050633345 
246 126 9 13 0.05061111 
138 117 14 18 0.050605055 
89 21 9 11 0.050491326 
310 444 42 51 0.049463075 
105 126 11 14 0.048364393 
77 471 33 41 0.048275 
548 151 11 14 0.04791889 
24 594 42 46 0.047842693 
77 354 27 38 0.04783759 
253 92 8 10 0.04723234 
476 606 30 46 0.04657768 
237 345 28 36 0.04590072 
94 341 30 36 0.045779746 
136 255 25 30 0.04566659 
219 326 28 40 0.045110147 
147 202 14 18 0.044775028 
758 115 12 14 0.043549623 
85 126 12 15 0.04309838 
715 164 12 15 0.043055557 
131 245 21 26 0.042997506 
240 364 29 42 0.04277334 
699 481 29 34 0.04263308 
627 200 14 18 0.042013448 
90 223 19 27 0.040719416 
252 187 20 23 0.0403028 
796 455 16 19 0.039978288 
125 128 12 15 0.0397523 
694 114 12 13 0.03965567 
812 487 24 31 0.0393287 
97 62 10 13 0.038362317 
712 488 16 20 0.038181573 
965 93 11 13 0.037744906 
758 105 13 17 0.03755148 
86 209 17 21 0.03699624 
734 116 10 14 0.036865376 
713 198 17 23 0.036479417 
76 2 14 15 0.036138266 
47 123 13 15 0.036128417 
111 77 13 16 0.03577756 
583 178 17 20 0.035762973 
239 214 20 26 0.03573993 
747 504 14 18 0.035725992 
99 67 11 14 0.03539235 
766 516 40 43 0.03506115 
291 407 37 42 0.035024136 
687 279 16 24 0.03466278 
305 260 18 23 0.034492973 
130 111 10 13 0.033927575 
1008 102 11 15 0.033668704 
58 639 22 32 0.033620592 
561 132 10 13 0.033602633 
790 189 18 20 0.03357308 
709 118 9 12 0.03349288 
56 54 13 16 0.033371847 
-1 218 36 49 0.03330454 
637 149 12 15 0.032487795 
640 129 12 15 0.032355398 
37 217 16 20 0.032194443 
292 243 25 27 0.031691287 
-1 98 8 14 0.03131346 
56 220 15 19 0.031103771 
196 264 23 28 0.030982155 
250 377 25 36 0.030891625 
687 117 9 12 0.030720657 
331 2 12 11 0.030689813 
0 352 13 22 0.030601904 
601 125 9 13 0.030595442 
23 218 20 26 0.03053063 
170 117 8 11 0.030324195 
727 116 11 15 0.029979324 
187 362 26 32 0.02952084 
658 125 11 13 0.029397711 
699 242 22 27 0.029387591 
84 328 32 38 0.029065516 
673 257 24 33 0.028878875 
264 381 29 40 0.028620597 
148 300 22 29 0.028367616 
241 124 10 12 0.028034832 
612 157 13 18 0.027765539 
54 515 32 48 0.027596874 
3 227 18 23 0.027503895 
180 117 10 12 0.027267382 
745 133 10 13 0.027202934 
-1 480 27 47 0.026825236 
25 431 40 56 0.026824232 
687 110 9 12 0.026799014 
440 52 9 11 0.026755296 
463 83 11 13 0.02606992 
489 365 30 41 0.025743224 
138 111 12 13 0.025732875 
732 147 12 15 0.025574278 
253 205 16 21 0.025333336 
305 332 34 41 0.02499639 
7 132 11 14 0.024988888 
228 132 10 14 0.024819732 
337 257 16 24 0.024473228 
529 443 33 38 0.02430084 
118 129 12 16 0.024247186 
469 86 12 16 0.023932131 
689 140 15 16 0.023903724 
663 267 37 47 0.0238537 
257 261 36 50 0.023813015 
29 85 12 16 0.023745373 
580 507 47 55 0.02374203 
739 498 35 52 0.023610152 
704 263 26 33 0.023519307 
648 192 17 25 0.02346494 
192 116 10 12 0.023384415 
612 492 41 56 0.023384057 
685 134 14 15 0.02333714 
861 180 22 29 0.02331627 
731 172 13 16 0.023311736 
662 110 9 11 0.023234716 
237 202 15 19 0.023102088 
416 298 19 25 0.023064587 
389 309 33 40 0.023054892 
266 194 24 28 0.022731306 
594 80 9 12 0.022693051 
881 382 16 19 0.022691755 
635 503 26 35 0.022162361 
894 485 35 41 0.022158943 
572 164 21 29 0.021995531 
354 297 27 43 0.021966368 
782 525 38 44 0.021964239 
100 139 12 15 0.02187044 
480 57 8 10 0.021743966 
853 351 14 18 0.021691974 
628 131 13 14 0.021608658 
675 479 47 57 0.021556756 
341 251 14 20 0.021532143 
159 599 56 69 0.021098377 
170 270 18 23 0.021085825 
176 454 31 41 0.020987889 
558 140 10 13 0.020870091 
96 6 11 13 0.020789204 
247 130 19 23 0.02075579 
289 319 26 34 0.020714598 
684 264 24 32 0.020694543 
68 215 16 20 0.020686531 
196 135 12 17 0.020640677 
115 377 34 45 0.020589901 
249 87 9 12 0.020562926 
274 242 23 27 0.020562394 
82 105 14 17 0.02045573 
428 646 29 35 0.020441009 
757 123 11 13 0.020429885 
279 309 25 35 0.020299686 
94 124 11 13 0.020257108 
0 230 12 25 0.02020344 
3 593 21 32 0.020154733 
49 419 38 48 0.020148596 
50 118 14 16 0.020062093 
261 159 22 27 0.020044504 
70 309 29 33 0.020004379 
