2_Demonstration_Political_Rally_2_114
475
648 318 26 35 0.9955597 
948 342 30 47 0.96024257 
274 172 10 13 0.59034526 
109 263 23 34 0.53648555 
680 234 8 9 0.50905305 
95 315 29 46 0.49531138 
827 274 13 20 0.46580583 
830 246 9 12 0.45811996 
233 165 9 12 0.4010371 
597 286 13 15 0.38565317 
608 261 10 12 0.366275 
65 212 9 11 0.35216597 
149 271 17 20 0.34771007 
4 355 27 51 0.31778628 
365 169 8 10 0.29188064 
670 278 10 13 0.29073536 
290 167 10 13 0.28985348 
389 263 13 17 0.2843821 
942 285 15 23 0.26167607 
438 413 44 64 0.26110384 
87 95 9 12 0.2338019 
655 214 6 9 0.2148461 
686 269 11 13 0.20873593 
703 159 7 9 0.19302891 
625 214 7 10 0.18911342 
259 172 10 12 0.18748863 
307 93 7 9 0.18608813 
738 143 8 10 0.17863375 
950 212 7 10 0.17712879 
474 180 7 10 0.16381134 
431 194 12 14 0.16037965 
507 270 11 15 0.15996514 
633 238 8 11 0.15000343 
506 328 21 33 0.14936717 
414 237 8 11 0.1393221 
377 116 9 11 0.13447729 
460 314 24 35 0.13263793 
881 242 8 10 0.12934569 
310 94 7 8 0.12817118 
663 232 9 10 0.12682751 
728 237 9 12 0.12682304 
870 208 9 10 0.123174354 
649 230 8 11 0.12306079 
651 215 6 9 0.12289557 
501 247 9 12 0.12079776 
792 284 13 18 0.12044013 
342 237 11 17 0.12014315 
823 180 7 10 0.11768653 
787 238 12 17 0.11725173 
30 282 29 32 0.11198686 
567 253 9 12 0.10955825 
594 230 7 9 0.109453365 
889 182 6 9 0.107908025 
423 221 9 11 0.10776683 
805 177 10 11 0.10588394 
339 64 7 9 0.10535827 
793 190 8 11 0.10480199 
608 237 8 10 0.10128308 
289 253 10 15 0.10124758 
642 167 7 9 0.09984102 
360 97 7 9 0.09713647 
312 223 8 11 0.09682497 
516 282 15 24 0.09551698 
649 247 8 11 0.09541801 
136 130 12 17 0.094882466 
775 126 8 10 0.09469871 
344 213 7 10 0.092448376 
854 241 9 11 0.09139188 
79 214 8 10 0.088735044 
689 199 8 10 0.08730597 
706 192 7 9 0.08678069 
47 193 7 9 0.085924245 
568 231 7 9 0.085556865 
383 100 7 10 0.08326739 
550 253 8 12 0.08192443 
223 287 15 20 0.08191136 
267 249 14 17 0.08148765 
91 267 14 16 0.08123345 
520 229 8 10 0.08106964 
484 296 22 31 0.080302864 
574 252 10 14 0.07901425 
752 166 7 9 0.07661971 
673 245 9 11 0.076291844 
715 182 7 10 0.075106226 
471 221 8 10 0.07504205 
959 174 8 10 0.07464 
759 230 9 12 0.07447714 
773 164 8 11 0.074421845 
430 181 8 9 0.07392778 
344 93 7 9 0.07297183 
513 213 7 9 0.0729297 
422 217 9 10 0.0726085 
923 285 12 16 0.07135511 
709 191 8 10 0.07093557 
880 223 8 10 0.07090671 
719 162 7 8 0.07054709 
569 208 7 8 0.07027085 
205 241 16 20 0.06973811 
623 245 8 10 0.068916745 
775 324 13 18 0.068763316 
653 231 8 11 0.06743251 
778 367 33 35 0.06690063 
863 222 7 10 0.066564 
217 176 9 12 0.066535324 
461 244 10 14 0.06637186 
510 210 7 9 0.065909065 
335 79 8 10 0.065599136 
654 247 9 10 0.065295964 
778 200 7 9 0.06479351 
790 165 8 10 0.06471345 
466 221 7 11 0.06427172 
478 247 8 11 0.06363513 
551 222 8 10 0.06321934 
9 149 8 10 0.06278788 
951 261 9 11 0.062098593 
862 188 7 10 0.060879398 
294 96 8 11 0.06064441 
409 237 9 11 0.059937365 
585 242 7 9 0.05905932 
692 267 12 14 0.058185358 
287 94 9 11 0.057507906 
947 214 7 10 0.057319038 
631 262 9 12 0.0566616 
737 148 7 10 0.054899562 
141 206 11 15 0.054701958 
770 127 7 9 0.05427 
698 158 7 9 0.0541668 
560 216 7 9 0.05372573 
961 260 9 13 0.053701125 
191 171 11 13 0.05313058 
720 223 7 9 0.052732144 
975 238 9 11 0.05268599 
143 265 15 21 0.052166805 
455 193 7 10 0.051892143 
840 238 10 12 0.05162316 
933 271 10 12 0.051525544 
334 103 8 9 0.051315326 
600 238 7 9 0.051155988 
432 248 9 12 0.051110666 
497 218 7 9 0.051089693 
237 161 10 13 0.05108907 
77 243 13 18 0.051054813 
849 244 8 12 0.050685436 
992 260 13 16 0.050309323 
495 164 8 10 0.050163805 
311 227 11 16 0.0500053 
362 173 7 10 0.049916297 
631 269 8 12 0.04941428 
527 224 7 9 0.04924105 
367 87 8 10 0.048564695 
678 184 8 10 0.048426583 
400 239 9 12 0.04816959 
221 175 10 12 0.048113696 
705 221 7 10 0.04765844 
142 260 12 18 0.047501314 
449 182 7 9 0.047445446 
470 161 7 9 0.047422163 
895 183 6 8 0.04736133 
293 254 12 17 0.046872556 
466 205 8 9 0.04668765 
837 221 8 11 0.04591607 
455 181 7 9 0.04587569 
294 217 11 14 0.04580918 
763 224 7 10 0.045242272 
63 260 13 19 0.04500008 
655 237 9 10 0.04431842 
425 229 9 13 0.04392133 
376 134 8 10 0.043870382 
948 291 16 23 0.043655477 
689 158 7 9 0.043058313 
996 255 11 13 0.042872984 
721 137 7 8 0.04267466 
526 245 9 11 0.042532116 
472 247 9 12 0.042419437 
962 196 8 10 0.042231567 
558 220 8 10 0.0421642 
62 271 13 20 0.0421382 
928 214 7 9 0.041975737 
873 169 7 8 0.04190157 
419 274 15 19 0.041648332 
662 236 9 11 0.041547157 
101 211 9 12 0.04137016 
632 255 9 11 0.041200444 
342 228 12 18 0.041171595 
657 181 8 10 0.041114878 
211 279 22 28 0.04097959 
479 223 8 10 0.040551983 
481 208 7 10 0.040491935 
685 232 8 10 0.040483244 
597 231 7 9 0.040437188 
406 150 7 10 0.040283516 
232 117 8 9 0.04017444 
513 225 8 9 0.03989689 
133 242 15 21 0.039801437 
519 354 25 44 0.039729424 
721 259 9 13 0.039287146 
506 208 7 9 0.039175726 
965 260 9 15 0.03897548 
609 214 6 9 0.038811512 
626 174 6 9 0.03834108 
424 165 8 10 0.038337618 
671 176 7 8 0.03824818 
707 134 6 9 0.038021483 
677 278 10 13 0.03799054 
787 166 7 10 0.037620496 
630 245 9 10 0.03754419 
110 221 9 12 0.03735618 
175 313 28 40 0.037336554 
687 254 9 11 0.037136775 
674 183 7 10 0.037084796 
430 277 13 18 0.037084185 
358 184 7 10 0.036967926 
361 133 7 10 0.03680422 
803 283 16 18 0.036525045 
375 86 7 10 0.0364033 
360 101 7 9 0.036375087 
441 166 7 9 0.03630114 
647 223 8 10 0.03618728 
813 246 10 13 0.035966236 
279 261 11 16 0.035938904 
568 110 8 10 0.035728548 
625 268 9 12 0.035600983 
211 246 15 18 0.035451714 
696 167 7 9 0.035409924 
871 201 9 10 0.035405207 
350 228 11 16 0.03536059 
99 266 16 21 0.03535337 
509 245 9 12 0.035211943 
34 86 8 10 0.03510598 
865 207 8 10 0.035097912 
582 255 10 16 0.035082936 
223 125 7 10 0.03506959 
367 133 8 10 0.035038818 
624 222 7 9 0.035018235 
777 150 7 9 0.0344479 
400 117 6 9 0.034357436 
141 242 11 15 0.03431464 
759 166 7 9 0.033957403 
750 129 8 9 0.03391449 
352 96 7 9 0.033875905 
510 240 9 11 0.03377853 
642 205 6 9 0.03361067 
248 218 10 13 0.03342246 
423 160 8 10 0.03337372 
497 182 6 8 0.03332059 
634 200 6 8 0.033309806 
278 102 8 10 0.03325526 
719 142 7 9 0.0332474 
281 94 8 10 0.032895096 
677 188 8 11 0.032885272 
534 257 8 11 0.032802157 
277 198 12 15 0.032673582 
886 222 8 10 0.032449026 
736 193 7 9 0.03244477 
35 213 10 13 0.03243554 
822 263 10 15 0.032419283 
662 181 9 11 0.03235823 
448 239 8 10 0.03224915 
752 132 7 10 0.032055788 
508 335 29 43 0.032014202 
640 201 7 9 0.031943414 
477 181 7 10 0.031874478 
576 223 7 8 0.03178757 
885 241 8 10 0.03158287 
629 215 7 9 0.03149413 
691 387 31 48 0.031459253 
838 184 7 9 0.031267367 
524 287 13 21 0.031205298 
906 205 7 9 0.031142166 
878 294 11 17 0.031117683 
793 185 8 10 0.031084707 
344 356 14 16 0.031083036 
639 161 8 9 0.030797817 
936 216 6 9 0.030767513 
481 191 7 9 0.030756423 
525 228 8 10 0.030532006 
504 214 7 10 0.030529005 
729 215 7 9 0.030461581 
410 232 9 12 0.030435706 
270 96 7 9 0.030338924 
922 207 7 10 0.030332763 
784 110 6 8 0.030282244 
337 70 9 10 0.03019372 
822 192 9 11 0.03015807 
357 188 9 11 0.030090885 
504 182 6 8 0.030084053 
535 208 7 9 0.030022893 
735 260 11 18 0.029899139 
766 228 9 12 0.029804211 
321 95 7 10 0.029760065 
545 223 8 9 0.029699642 
426 176 7 10 0.029622614 
631 190 6 8 0.029524243 
648 208 7 8 0.02946409 
761 192 7 10 0.029378077 
807 222 10 12 0.02936337 
777 145 7 9 0.02934259 
337 85 7 9 0.029292984 
601 288 14 19 0.02927415 
910 309 24 29 0.029257508 
529 207 7 10 0.029132692 
687 181 8 10 0.028996166 
446 261 11 14 0.028913416 
865 215 8 10 0.028827796 
576 247 8 11 0.02880932 
614 238 7 10 0.028760104 
630 175 7 9 0.02870057 
847 199 7 9 0.028645147 
437 277 12 17 0.02856255 
678 255 10 12 0.02856025 
560 143 9 10 0.028549533 
833 181 7 10 0.02851142 
354 184 7 10 0.028414039 
124 231 21 29 0.028377315 
282 89 7 9 0.028224427 
430 236 9 11 0.028118683 
776 250 10 14 0.02808969 
429 232 8 11 0.028018244 
505 270 21 27 0.028005337 
142 199 11 15 0.027966361 
376 128 8 10 0.027923694 
357 118 8 10 0.027916292 
974 216 8 10 0.027888743 
641 223 7 9 0.027845977 
30 172 8 10 0.027753774 
782 126 7 10 0.027683392 
673 232 8 10 0.027545746 
119 272 17 24 0.027437525 
286 89 7 9 0.027296346 
301 199 9 11 0.027259734 
710 134 7 9 0.027248304 
649 253 8 10 0.02723942 
879 169 6 8 0.027183162 
776 239 9 14 0.026962785 
710 128 6 9 0.026954666 
440 269 12 16 0.02667675 
432 204 10 12 0.026643341 
602 261 10 13 0.026446698 
487 229 8 12 0.026373629 
319 189 9 11 0.026283769 
23 142 8 11 0.02615858 
630 185 7 9 0.02611855 
808 189 10 13 0.025990909 
311 149 7 9 0.025979536 
206 262 15 17 0.02595237 
856 200 7 10 0.025919206 
770 162 8 10 0.025859755 
501 344 15 22 0.025821961 
673 254 9 11 0.025763119 
735 159 7 9 0.025751658 
925 260 9 12 0.025732493 
33 197 9 11 0.025539948 
327 95 7 9 0.025508864 
497 299 15 20 0.025343888 
312 145 8 9 0.025230559 
193 120 7 10 0.025182646 
777 204 8 10 0.025165386 
705 197 7 10 0.025075601 
693 199 8 10 0.024887396 
317 229 11 19 0.024787927 
704 165 6 9 0.024787312 
792 196 8 11 0.024694173 
424 100 7 9 0.024655135 
30 218 11 13 0.024618534 
328 88 7 8 0.024575934 
937 221 7 9 0.024547579 
934 287 16 21 0.024481196 
711 222 8 10 0.024437055 
815 191 9 12 0.024349848 
626 191 7 9 0.024218818 
732 237 9 12 0.0241977 
409 133 7 10 0.024143478 
766 192 8 10 0.024115732 
673 237 9 12 0.024069665 
752 162 6 8 0.024027674 
954 174 9 11 0.024016295 
503 290 25 30 0.024013467 
906 200 7 10 0.024011262 
766 182 7 9 0.023946723 
590 254 9 12 0.023929225 
753 213 7 10 0.023917332 
331 102 7 10 0.023735227 
564 257 12 16 0.023721488 
732 284 14 23 0.023701297 
632 274 11 14 0.023686385 
760 214 7 9 0.023675987 
68 245 20 26 0.023652501 
365 94 8 10 0.023606414 
816 272 20 26 0.02352149 
255 250 39 49 0.023495378 
181 183 9 12 0.02337895 
926 209 7 8 0.023346486 
950 246 9 10 0.023323402 
842 199 7 9 0.023232087 
766 198 8 9 0.023193358 
425 150 7 10 0.023105077 
451 196 7 11 0.023096299 
921 279 10 14 0.02309433 
706 217 7 10 0.022994237 
132 228 13 16 0.022966014 
546 248 8 11 0.022965796 
647 174 7 9 0.022955202 
261 275 24 31 0.022884034 
736 197 7 9 0.022820577 
341 67 7 11 0.02277533 
649 237 9 10 0.022758478 
728 160 7 8 0.022718573 
616 175 7 9 0.022685025 
947 209 8 10 0.02264748 
464 296 35 47 0.022628242 
729 151 7 8 0.022605978 
862 167 8 10 0.022598078 
577 216 7 9 0.022523766 
783 205 8 10 0.022500206 
841 191 7 9 0.022495514 
320 183 9 12 0.022473892 
617 214 7 9 0.022437723 
203 275 22 28 0.022191128 
69 209 8 11 0.022181544 
800 180 8 11 0.022174213 
322 209 8 10 0.022159355 
452 258 13 15 0.022148034 
505 177 7 9 0.02213607 
859 190 7 10 0.022091934 
299 253 12 15 0.022020021 
480 215 7 9 0.02191583 
157 224 15 18 0.021877073 
380 113 9 12 0.021871803 
488 376 28 47 0.021866424 
247 165 8 11 0.021855667 
664 176 8 11 0.02185558 
814 222 8 11 0.02185014 
642 173 7 9 0.021749636 
447 427 56 70 0.02169168 
487 224 7 10 0.021670714 
641 190 7 9 0.021623962 
305 150 7 9 0.021545734 
93 222 9 14 0.021529693 
293 161 9 11 0.021416705 
714 120 5 8 0.021395039 
753 235 10 13 0.021391464 
609 233 8 10 0.021334087 
638 277 10 13 0.021292923 
552 231 8 9 0.021287221 
261 245 16 19 0.021259027 
330 176 7 10 0.021242175 
481 229 8 10 0.02123487 
624 241 8 11 0.021126399 
450 177 7 9 0.021082846 
80 229 11 12 0.02104697 
873 224 8 10 0.021025252 
262 178 11 13 0.02099307 
959 216 7 9 0.020915875 
685 236 9 11 0.020912189 
832 191 7 9 0.02085484 
505 133 8 10 0.020839587 
888 284 11 15 0.02082147 
638 256 8 10 0.020792495 
736 208 7 9 0.020789575 
911 200 7 10 0.020728527 
905 223 7 9 0.020630404 
728 128 7 8 0.020454813 
289 100 9 11 0.020420497 
397 302 10 13 0.020388719 
714 166 7 8 0.020260068 
79 219 10 13 0.020160591 
849 222 9 11 0.020152653 
857 206 7 9 0.020101108 
981 282 16 21 0.020091426 
733 214 8 10 0.02007368 
440 238 8 10 0.020042127 
896 191 7 8 0.020031147 
891 274 14 19 0.020008598 
833 277 13 17 0.020008374 
614 257 8 11 0.020006284 
