2_Demonstration_Political_Rally_2_609
784
157 146 26 36 0.9966839 
115 239 91 124 0.9959842 
807 544 24 28 0.98445857 
749 371 13 16 0.96536493 
635 392 15 18 0.960916 
759 323 12 16 0.95509 
768 565 22 27 0.9459578 
964 451 15 17 0.9198128 
756 450 15 18 0.9178124 
909 432 15 19 0.9127618 
691 412 14 18 0.9036872 
996 349 16 20 0.89717454 
729 516 19 21 0.89394915 
555 362 12 16 0.8659906 
712 407 12 14 0.8626894 
942 374 14 18 0.85894537 
510 340 12 14 0.85101545 
677 403 12 16 0.8432272 
491 389 14 17 0.8323717 
780 465 19 20 0.8260114 
721 425 14 18 0.79689753 
743 475 15 19 0.7857675 
610 327 10 13 0.781888 
904 475 13 17 0.7810382 
642 347 13 16 0.77765876 
981 489 18 20 0.7700323 
887 458 16 21 0.7682604 
461 365 13 15 0.76552445 
969 348 14 17 0.754209 
390 363 12 14 0.7523822 
440 405 13 16 0.7451845 
772 411 13 15 0.7450781 
321 372 12 16 0.735544 
768 597 25 33 0.7134286 
383 398 13 17 0.712868 
790 437 15 18 0.7081295 
449 344 9 12 0.6759595 
648 327 10 13 0.6743985 
739 401 13 16 0.66305834 
589 388 13 16 0.6429562 
992 466 15 19 0.6368202 
535 341 11 12 0.635185 
772 494 18 19 0.6196019 
304 362 10 13 0.6021046 
850 557 22 27 0.5936597 
925 491 15 18 0.5833759 
714 476 15 19 0.5832983 
889 548 18 23 0.5736951 
414 358 10 12 0.56976026 
353 325 8 10 0.5426264 
478 410 13 15 0.54148984 
812 451 13 16 0.5333216 
749 539 15 19 0.5261522 
852 396 12 15 0.5223692 
707 385 13 16 0.5143766 
664 319 12 15 0.49502182 
820 406 13 17 0.48532087 
408 418 12 15 0.48258245 
420 392 12 16 0.47692692 
814 330 13 15 0.47520244 
801 299 10 13 0.45922643 
852 520 16 19 0.4574674 
790 388 12 14 0.45714006 
939 465 14 17 0.4570281 
808 357 12 15 0.45620522 
262 367 11 15 0.44585887 
345 360 9 12 0.4307876 
817 294 10 12 0.42601797 
745 614 24 33 0.4250453 
966 411 16 18 0.4242953 
752 506 13 17 0.3902657 
413 439 12 14 0.38996157 
851 486 15 18 0.38045853 
965 619 15 21 0.3791861 
470 342 12 17 0.37753394 
916 510 15 17 0.36644047 
718 300 11 13 0.3624845 
426 231 9 11 0.35921568 
866 477 15 18 0.35381594 
719 460 14 17 0.34972924 
598 318 9 11 0.3493995 
879 363 11 14 0.34639663 
936 574 17 20 0.31810793 
329 336 8 10 0.31712407 
514 396 13 15 0.31647152 
998 378 12 16 0.31340063 
618 430 12 14 0.31272584 
473 271 10 13 0.31220043 
772 298 10 13 0.30229616 
478 325 10 11 0.29256773 
805 280 10 12 0.2898572 
310 443 10 13 0.2885507 
945 523 18 20 0.28783903 
533 402 11 14 0.28735414 
670 351 11 13 0.28639036 
1012 476 12 19 0.28357294 
393 333 10 12 0.28200546 
756 302 10 13 0.2805095 
491 343 11 13 0.276795 
359 388 9 12 0.26585975 
861 619 13 17 0.26480988 
365 311 9 11 0.2621999 
642 429 15 16 0.24509229 
436 431 12 15 0.2425679 
333 294 8 9 0.2424951 
831 476 13 16 0.23691988 
957 478 12 15 0.22904505 
707 315 11 14 0.22750273 
611 366 12 15 0.22642404 
702 285 12 17 0.21563055 
788 627 18 23 0.2110885 
615 469 12 14 0.20973645 
615 389 11 13 0.20502645 
352 429 11 16 0.20200586 
381 461 10 12 0.19499247 
438 278 9 11 0.18535084 
477 527 14 18 0.18153928 
822 308 10 13 0.17741597 
597 341 12 13 0.16865633 
428 291 10 13 0.16630948 
484 408 12 15 0.16428077 
453 387 12 14 0.16142006 
709 436 15 18 0.15924981 
557 325 10 14 0.15586476 
712 330 11 14 0.15411799 
756 609 23 32 0.15376537 
417 308 10 12 0.15281872 
885 392 13 16 0.14968793 
553 347 10 12 0.14541195 
391 293 8 11 0.13857733 
736 428 11 14 0.13765393 
770 526 14 17 0.13651152 
352 343 8 10 0.13629495 
714 200 7 9 0.13563603 
726 316 13 17 0.1342323 
388 446 12 14 0.12876113 
707 427 15 17 0.12608758 
657 505 18 21 0.122600466 
838 387 13 17 0.12127896 
350 285 8 10 0.1207278 
677 371 12 16 0.1201655 
478 381 11 13 0.11966905 
333 353 8 10 0.11843208 
818 458 13 16 0.115925334 
869 415 14 18 0.11488686 
740 291 11 13 0.11349623 
797 347 10 12 0.112737335 
516 296 9 12 0.110624 
912 326 12 16 0.10829863 
303 480 13 17 0.10660419 
860 480 15 19 0.105607755 
752 283 11 13 0.1010575 
843 436 16 21 0.1001161 
699 511 14 19 0.09974059 
378 231 8 11 0.099630125 
953 540 16 19 0.09922753 
814 317 10 12 0.09881292 
376 280 8 9 0.09860439 
668 299 10 13 0.09167924 
420 401 12 16 0.09109228 
917 497 16 19 0.09097886 
494 302 10 14 0.08984782 
900 659 17 18 0.089317106 
1007 413 12 15 0.08890464 
718 325 11 15 0.088887155 
289 357 9 12 0.08747935 
449 264 9 10 0.08732308 
305 324 8 11 0.0859956 
629 236 9 12 0.08530419 
795 403 13 16 0.08519923 
747 583 17 23 0.08506015 
793 528 17 22 0.08436066 
485 324 10 12 0.082097255 
600 356 10 13 0.08093045 
698 357 14 17 0.08083029 
431 200 8 11 0.08082034 
481 387 11 14 0.07994307 
337 388 9 11 0.07975851 
427 543 42 46 0.07922326 
384 270 8 9 0.07867119 
784 180 8 10 0.07677655 
528 254 8 10 0.07552399 
750 216 7 9 0.07542161 
366 245 8 10 0.07521056 
440 333 9 12 0.07514501 
790 413 15 18 0.07475502 
542 318 12 14 0.074626215 
681 216 8 10 0.07435708 
353 405 10 12 0.07399414 
816 309 10 13 0.073426455 
794 395 14 17 0.07285065 
946 508 15 18 0.07255397 
989 566 14 18 0.072391585 
313 238 6 8 0.07222801 
728 237 8 10 0.07218396 
497 261 8 11 0.07190025 
497 358 11 13 0.07178323 
669 520 22 31 0.07176364 
408 259 10 12 0.07129265 
574 391 12 16 0.07067805 
949 527 20 23 0.070427716 
684 372 11 15 0.07016397 
831 277 8 11 0.07008 
819 299 12 15 0.0696621 
834 480 13 17 0.06958177 
775 316 10 12 0.06872666 
574 366 9 12 0.06861416 
665 295 10 11 0.06838123 
598 322 11 13 0.06794853 
450 230 8 9 0.06752375 
793 192 8 10 0.067241594 
1000 285 10 12 0.06696325 
746 199 7 8 0.06618001 
832 239 10 12 0.06583459 
614 300 10 13 0.06570307 
827 435 14 18 0.065540716 
621 341 11 14 0.06554062 
687 215 7 10 0.0650334 
888 260 9 12 0.06489471 
421 215 9 10 0.06456198 
284 383 9 12 0.06435912 
358 342 8 11 0.06422925 
296 292 9 11 0.06408013 
823 316 10 12 0.06405814 
456 279 9 12 0.06396924 
501 309 9 11 0.0636715 
383 317 9 11 0.06342771 
746 221 7 10 0.06325753 
332 412 10 11 0.06318162 
625 334 10 12 0.06315709 
622 300 10 12 0.06298597 
644 438 19 20 0.06297889 
566 363 12 15 0.06283718 
342 303 8 10 0.06239958 
500 366 11 14 0.06230376 
418 246 7 9 0.062015694 
823 354 13 17 0.061662752 
597 412 13 17 0.061423823 
359 270 9 10 0.061173722 
418 214 8 10 0.06087058 
598 349 12 14 0.060768474 
715 430 16 19 0.060609266 
535 318 10 13 0.06057284 
288 334 8 9 0.06038444 
321 280 8 10 0.060380723 
576 406 11 15 0.059852462 
797 323 12 15 0.059756335 
750 220 7 10 0.059437934 
602 407 14 17 0.059199173 
720 260 10 12 0.058971252 
592 417 13 16 0.058813732 
517 365 13 17 0.05802016 
455 254 7 9 0.057947338 
407 294 8 10 0.057668146 
782 206 7 9 0.056928992 
878 341 12 14 0.0564608 
846 193 8 10 0.05640654 
548 422 13 18 0.05616723 
280 342 8 10 0.055706337 
845 428 14 18 0.05555704 
512 316 12 14 0.05513131 
376 302 8 9 0.05495452 
552 197 7 9 0.054807264 
729 620 30 36 0.054644115 
502 261 8 10 0.0544509 
495 295 9 11 0.0544495 
448 269 8 10 0.054224983 
900 356 11 15 0.05380774 
533 355 12 15 0.053488843 
830 216 8 9 0.053306438 
552 303 9 11 0.05330054 
741 541 18 22 0.052884266 
790 317 13 15 0.052472055 
465 221 7 10 0.05233549 
375 285 8 11 0.051188238 
553 224 7 9 0.050926413 
329 537 24 34 0.050597 
472 379 11 14 0.05056119 
727 311 10 12 0.050282426 
704 312 11 13 0.049576655 
514 197 7 10 0.048657026 
891 596 18 23 0.048578072 
739 300 11 14 0.047967117 
512 214 7 9 0.047942214 
830 272 8 11 0.047874413 
453 263 9 10 0.04774377 
559 288 8 10 0.047534164 
583 371 11 14 0.047475554 
641 182 7 9 0.047400553 
330 357 9 10 0.047282822 
558 320 10 12 0.047104534 
392 338 10 13 0.04708318 
328 406 10 13 0.046830174 
992 520 22 27 0.04678524 
393 288 9 12 0.046470396 
768 577 25 32 0.04618054 
432 434 10 14 0.04596949 
328 230 7 9 0.04592908 
453 446 12 15 0.04589911 
755 279 10 13 0.045543972 
363 246 7 9 0.045268197 
397 278 9 11 0.045090977 
829 318 9 13 0.044896543 
649 307 10 12 0.04458764 
401 349 9 11 0.044007353 
321 302 7 9 0.043776903 
464 239 7 9 0.043717675 
348 362 9 12 0.043617103 
649 245 8 10 0.043382004 
808 317 11 12 0.04308765 
289 329 7 9 0.042922653 
592 257 7 9 0.042662233 
567 222 7 9 0.04265746 
588 438 12 17 0.042626295 
644 359 12 15 0.04244887 
816 201 8 10 0.042441875 
529 318 9 11 0.04233243 
326 302 8 10 0.04228952 
546 279 8 11 0.042198263 
797 190 8 10 0.04218059 
824 262 8 10 0.04210341 
456 422 11 13 0.042050257 
383 264 8 11 0.041914396 
549 318 12 14 0.041705906 
663 512 21 30 0.04164017 
779 207 7 9 0.041372366 
995 332 11 14 0.041229874 
407 309 8 11 0.041137516 
785 276 9 11 0.040789183 
406 222 8 11 0.040655836 
337 247 8 10 0.040640455 
328 288 8 10 0.040521394 
666 246 7 10 0.0402266 
801 282 11 13 0.039973564 
338 216 7 10 0.039961122 
705 185 8 9 0.039807394 
550 309 10 12 0.039685808 
701 325 13 16 0.03966415 
551 285 9 10 0.03965801 
886 274 9 13 0.039437186 
413 261 8 10 0.039390415 
615 285 8 10 0.03936811 
824 277 9 11 0.039217945 
359 276 10 11 0.03920494 
374 296 9 10 0.039099727 
359 264 9 10 0.039070923 
582 438 12 17 0.0390343 
772 469 18 21 0.038906757 
373 359 9 11 0.03884245 
398 293 9 11 0.038827937 
785 271 9 11 0.038762715 
713 299 11 13 0.038756814 
751 294 9 12 0.03875595 
849 609 16 21 0.03869602 
943 516 16 19 0.03869043 
1008 294 10 12 0.03850207 
281 335 8 10 0.038497526 
302 249 7 8 0.03847221 
370 287 7 10 0.03844352 
814 277 8 11 0.038402032 
725 548 21 25 0.038392793 
496 207 8 10 0.0383121 
582 358 10 12 0.038204283 
452 452 10 13 0.038154684 
756 415 10 13 0.0380758 
497 256 7 10 0.038038585 
362 239 7 10 0.03792785 
807 325 12 16 0.037927784 
581 393 13 17 0.03792775 
397 341 9 11 0.037846714 
432 357 9 12 0.03776538 
322 254 6 9 0.037555255 
449 204 8 11 0.037414096 
950 327 13 15 0.03721714 
762 206 6 9 0.037183344 
819 325 12 16 0.036855254 
470 247 7 9 0.03681663 
633 198 7 9 0.036625855 
778 412 13 15 0.036620714 
831 263 8 9 0.036525916 
455 248 8 10 0.03645405 
931 631 13 16 0.036318976 
382 349 9 11 0.036278322 
518 196 8 10 0.036262225 
368 230 7 9 0.03616061 
600 184 8 9 0.036149938 
382 312 9 10 0.036149014 
657 209 7 9 0.0358616 
376 374 10 13 0.035747033 
782 316 10 13 0.035574313 
455 223 8 9 0.0354986 
306 278 8 11 0.035415657 
710 189 7 10 0.035406224 
714 464 20 24 0.035394005 
318 389 8 11 0.03521692 
465 345 12 16 0.03519134 
518 358 12 14 0.03516191 
655 240 8 10 0.035160605 
575 360 10 12 0.035068043 
734 309 11 13 0.034991805 
962 505 15 18 0.034988675 
734 237 8 11 0.034944564 
337 301 9 10 0.034745034 
597 277 8 11 0.03463827 
828 310 10 12 0.03460727 
478 232 8 10 0.03458171 
652 303 9 12 0.03435507 
737 287 10 12 0.034334935 
328 254 7 9 0.034326255 
550 262 8 10 0.03423117 
354 381 9 11 0.0341826 
858 364 13 16 0.034165017 
298 381 8 10 0.034113068 
767 176 8 9 0.03406054 
550 280 8 10 0.03404728 
376 317 9 12 0.03401931 
421 438 10 13 0.03377374 
769 224 8 10 0.03359968 
568 342 11 13 0.03343736 
215 155 10 14 0.03337043 
504 215 7 9 0.033175677 
488 279 9 10 0.032976016 
428 390 11 15 0.032974955 
929 652 12 16 0.032914124 
776 254 9 11 0.032905128 
390 318 8 11 0.03278413 
696 331 11 14 0.032703936 
908 572 16 22 0.03264838 
527 398 13 16 0.0325628 
654 245 8 9 0.032517508 
731 571 23 28 0.03245465 
869 245 9 11 0.032445822 
316 483 10 13 0.03242202 
357 421 11 15 0.032412954 
462 284 10 11 0.03240178 
486 285 8 10 0.032382388 
272 343 7 10 0.032204833 
503 256 7 10 0.032171253 
386 294 8 11 0.03206135 
422 247 7 10 0.0319826 
534 254 8 10 0.03193134 
979 309 12 14 0.03192656 
545 263 8 9 0.031631768 
304 417 10 12 0.031539135 
847 254 8 11 0.031507444 
732 332 12 15 0.031486697 
846 299 11 13 0.031466674 
943 275 9 12 0.03145279 
461 279 9 11 0.03127741 
460 308 11 13 0.031252403 
337 221 8 10 0.03122969 
559 293 8 11 0.031188516 
538 403 13 15 0.031187512 
934 252 12 14 0.031130316 
813 288 9 11 0.031117382 
663 205 8 10 0.031082751 
783 223 8 9 0.03102771 
328 248 7 9 0.030979808 
520 255 8 10 0.030911988 
915 334 15 18 0.03082671 
841 214 8 10 0.030816153 
382 286 8 10 0.030608669 
605 465 13 16 0.030578602 
341 247 9 11 0.030576503 
620 396 11 14 0.030425703 
706 188 8 10 0.030347425 
750 198 7 9 0.030299464 
948 644 14 16 0.030259807 
760 215 7 9 0.030211525 
545 237 8 10 0.030086016 
346 342 8 10 0.030009815 
686 496 14 18 0.029982442 
902 512 15 18 0.029966386 
484 357 11 13 0.029914612 
277 397 10 12 0.029894367 
420 357 10 13 0.029873578 
399 231 8 10 0.029872976 
4 280 89 131 0.029869257 
697 412 13 16 0.029841576 
775 215 7 9 0.029812993 
573 294 9 11 0.029757787 
866 522 16 19 0.02957192 
407 230 9 10 0.029520184 
792 195 7 10 0.029388536 
839 429 13 16 0.02917832 
793 230 8 9 0.029121278 
712 442 16 18 0.029033922 
496 271 8 10 0.02900612 
718 267 11 15 0.028989734 
359 397 10 13 0.028896365 
580 410 12 15 0.028752092 
960 527 21 25 0.028738033 
455 270 8 10 0.028713865 
551 229 7 10 0.028705835 
367 423 10 13 0.028605476 
335 253 8 10 0.028567657 
793 343 10 12 0.028462088 
470 255 7 10 0.028370436 
615 295 11 12 0.028300604 
464 262 8 10 0.028291177 
495 246 7 10 0.028252197 
326 279 7 10 0.0281896 
490 247 7 9 0.028151141 
720 216 7 9 0.028020678 
880 276 9 11 0.027915407 
871 593 24 29 0.027906086 
948 502 14 16 0.02786493 
365 240 8 11 0.027795088 
591 302 9 12 0.027652562 
726 330 13 16 0.027593238 
425 373 9 11 0.027522547 
788 633 24 30 0.02750095 
408 303 8 11 0.027415164 
692 495 11 13 0.027382474 
615 281 8 10 0.027380528 
789 279 8 10 0.027378151 
544 285 9 11 0.027373137 
401 223 8 9 0.027244871 
362 232 6 9 0.027239254 
823 431 13 15 0.027222153 
344 308 8 11 0.027176581 
359 213 8 10 0.027082883 
527 355 10 14 0.02705512 
262 289 9 11 0.026953654 
329 262 8 9 0.026934445 
391 271 8 10 0.02692006 
511 391 13 17 0.026897596 
495 325 9 12 0.026888337 
879 393 13 16 0.026876053 
585 381 13 15 0.026827576 
368 280 8 9 0.026796632 
358 296 8 10 0.026748147 
433 406 10 13 0.02669142 
552 329 12 15 0.026665842 
840 294 10 13 0.026653204 
632 348 10 14 0.026621994 
376 310 8 11 0.026583295 
325 431 12 15 0.026572194 
949 515 20 23 0.02655418 
313 390 9 12 0.02653693 
372 365 10 12 0.026531775 
482 417 13 17 0.026511187 
503 223 7 10 0.026459644 
775 167 8 10 0.026447043 
767 371 12 15 0.026417378 
432 351 9 11 0.026380643 
935 275 11 13 0.026355375 
892 645 23 28 0.02628798 
712 217 7 9 0.02620565 
700 605 14 18 0.026168214 
623 310 10 12 0.026149984 
783 310 9 12 0.026077924 
262 335 10 12 0.026026782 
465 255 8 11 0.025977872 
556 444 15 17 0.025936447 
511 278 9 10 0.025907382 
519 261 8 10 0.025875896 
795 381 12 15 0.025838116 
446 336 10 12 0.025788404 
463 444 10 16 0.025715409 
448 285 10 11 0.025710372 
693 372 12 14 0.025693208 
616 346 11 14 0.025645835 
761 223 7 9 0.025613332 
528 325 10 13 0.025559586 
588 375 12 14 0.025549836 
377 262 8 11 0.025520237 
701 369 13 15 0.025494745 
406 214 9 10 0.025492424 
624 198 7 10 0.025430946 
567 333 9 13 0.025396556 
664 270 8 10 0.025356527 
800 356 11 15 0.025291363 
501 325 10 13 0.025286002 
454 205 8 9 0.025280522 
669 246 8 10 0.025229746 
472 406 12 15 0.025228923 
752 191 7 10 0.0251835 
535 221 8 10 0.025147833 
327 224 7 9 0.025111083 
614 249 8 9 0.024972348 
400 272 8 9 0.024895972 
788 499 15 19 0.024872854 
908 500 14 17 0.024851289 
731 321 13 17 0.024849469 
572 381 13 16 0.024845507 
720 222 7 9 0.02484323 
670 365 13 17 0.024791768 
490 220 7 10 0.024769025 
328 388 9 11 0.024768762 
565 446 13 16 0.024761783 
770 215 7 9 0.024742762 
480 285 10 11 0.024660314 
940 254 10 12 0.024650685 
767 201 7 8 0.0246276 
709 293 11 14 0.024562774 
352 376 8 10 0.024546357 
882 358 12 15 0.02451652 
830 324 10 14 0.024474008 
465 246 7 10 0.024438126 
665 349 11 15 0.024393989 
851 549 16 21 0.024392227 
650 330 12 14 0.024322085 
657 184 8 10 0.024321958 
496 222 8 11 0.024277305 
327 205 7 10 0.024201078 
807 254 8 10 0.024179751 
939 567 16 20 0.024155341 
280 388 11 13 0.024142522 
727 247 9 11 0.024142096 
448 317 9 11 0.02414184 
665 201 8 10 0.024137132 
584 224 7 10 0.024115004 
721 318 11 15 0.024040587 
616 198 7 9 0.024030795 
619 457 13 16 0.023951497 
604 357 10 12 0.023951063 
425 197 8 10 0.02393604 
859 667 14 13 0.023923334 
423 365 10 13 0.023911668 
658 230 8 10 0.023902163 
791 264 9 11 0.023888895 
442 434 12 14 0.023885343 
437 358 11 13 0.023878912 
551 255 8 10 0.023826063 
342 295 8 10 0.023787957 
382 279 7 10 0.023758845 
518 229 7 10 0.023741664 
622 317 9 12 0.023728896 
503 271 8 10 0.023718383 
470 283 10 12 0.023619035 
417 197 8 9 0.02361063 
567 348 11 12 0.023602525 
615 309 10 11 0.023545712 
757 358 11 13 0.023518452 
370 294 8 10 0.023492655 
789 269 8 11 0.023458956 
702 297 11 14 0.023387771 
415 231 8 10 0.023362802 
616 253 7 10 0.023344064 
325 369 11 14 0.023334876 
601 222 7 9 0.02322056 
502 230 8 10 0.023147868 
662 224 8 10 0.023097029 
456 294 11 12 0.023076855 
824 474 14 18 0.023058027 
762 202 6 9 0.023032231 
764 319 11 15 0.0230309 
470 223 8 9 0.022987263 
712 184 7 10 0.022936132 
608 254 8 9 0.02286199 
303 372 10 14 0.02281239 
452 459 12 15 0.022804242 
740 578 18 24 0.022795849 
575 437 13 18 0.022792706 
446 278 10 12 0.022789922 
429 234 9 12 0.022765892 
625 232 10 12 0.022765476 
423 221 9 11 0.022762401 
800 254 8 10 0.022752376 
783 325 11 14 0.022747777 
396 328 10 13 0.022719475 
335 263 7 9 0.022711882 
726 558 23 27 0.022639992 
959 286 11 14 0.02258642 
264 350 8 10 0.022563685 
498 229 8 10 0.022554008 
864 222 8 11 0.02255025 
977 520 22 27 0.022537924 
553 214 8 10 0.022526937 
629 327 11 13 0.022511415 
365 398 10 13 0.022494832 
629 302 9 10 0.022478312 
895 360 14 17 0.022452282 
420 303 10 13 0.022444135 
647 321 11 13 0.022436377 
775 333 10 13 0.022434529 
405 350 10 11 0.022421123 
368 325 9 11 0.02236902 
489 256 7 9 0.022344748 
750 272 11 12 0.02231239 
325 419 12 13 0.022283804 
687 221 8 10 0.022268288 
870 183 9 12 0.022258824 
1013 340 10 14 0.022245307 
593 214 6 9 0.022244623 
510 370 13 17 0.022239061 
527 260 8 10 0.02222937 
345 280 9 11 0.022215549 
745 253 9 11 0.022149298 
757 295 10 13 0.02211944 
673 456 16 19 0.022066813 
303 343 8 10 0.022051476 
471 239 8 9 0.022046767 
959 347 11 16 0.022046622 
577 238 7 9 0.022034 
805 351 13 15 0.0220031 
728 222 7 9 0.021988733 
484 373 11 13 0.021988727 
382 343 9 12 0.021938194 
971 529 16 19 0.021901688 
957 394 12 14 0.02189073 
535 183 8 9 0.021877848 
424 325 10 12 0.02187084 
766 206 7 9 0.02184726 
792 239 8 10 0.021832328 
400 255 8 10 0.021819323 
369 304 8 10 0.021755375 
342 415 9 10 0.021748014 
558 301 9 12 0.021746518 
292 333 9 11 0.0217301 
815 230 8 10 0.021714034 
653 405 13 16 0.021712333 
776 500 18 23 0.021710468 
817 273 7 9 0.021684851 
529 248 7 10 0.021662971 
543 294 8 10 0.021569643 
341 382 9 11 0.021483013 
646 230 7 9 0.021476356 
489 308 10 12 0.021461572 
472 336 10 13 0.02144601 
375 325 9 11 0.021430524 
813 351 12 14 0.021396905 
783 382 13 15 0.021373315 
865 205 8 10 0.02133022 
807 309 10 12 0.021261744 
485 426 12 15 0.021261295 
296 343 8 10 0.021253131 
664 513 36 49 0.021249747 
821 340 11 14 0.021228446 
705 362 13 16 0.021217186 
494 334 11 14 0.021146955 
840 262 8 10 0.02110815 
473 231 8 10 0.021044353 
448 246 8 10 0.021021897 
298 247 7 9 0.021019539 
398 286 8 12 0.020897666 
535 201 7 9 0.020883974 
799 363 12 15 0.020883199 
449 215 8 10 0.020866008 
745 247 9 11 0.020843245 
609 198 7 9 0.02084157 
416 240 8 10 0.020841356 
382 302 8 9 0.02082591 
633 193 7 9 0.020804979 
294 328 8 10 0.020788953 
342 456 10 15 0.020784527 
827 359 13 17 0.020779185 
720 183 8 10 0.020753901 
530 232 8 10 0.020745113 
456 302 12 15 0.020741135 
303 287 8 11 0.020712184 
695 351 12 15 0.020705221 
261 381 11 13 0.020670744 
360 255 8 10 0.020605972 
430 215 8 10 0.020577032 
536 217 7 9 0.020552855 
920 255 9 11 0.020545326 
438 283 10 12 0.020524185 
839 364 11 15 0.020492218 
775 223 8 10 0.020443263 
569 255 8 10 0.020438736 
464 231 8 10 0.020361686 
279 348 8 10 0.02036007 
685 255 9 10 0.020349106 
391 299 9 11 0.020265397 
826 216 8 10 0.020258078 
914 516 18 21 0.020255402 
609 301 10 11 0.020239187 
786 386 20 24 0.020238142 
398 238 9 10 0.02020762 
543 311 11 12 0.020195482 
657 189 8 10 0.02018353 
568 262 8 10 0.020136848 
816 224 7 9 0.020129915 
616 213 7 10 0.020100743 
344 421 10 13 0.020088296 
441 246 7 10 0.02008366 
360 318 9 12 0.020065496 
933 509 13 17 0.02005118 
516 311 11 13 0.020046465 
775 229 8 10 0.020027287 
734 200 8 9 0.020025827 
853 478 13 16 0.02000817 
