2_Demonstration_Political_Rally_2_264
444
652 467 14 17 0.9490763 
386 549 21 23 0.91229975 
989 522 13 19 0.8921508 
441 501 16 20 0.8631326 
707 505 16 19 0.85112077 
679 591 18 22 0.8472466 
530 512 16 18 0.82465935 
613 470 12 16 0.76572084 
600 368 8 11 0.71941406 
280 348 10 13 0.68652904 
335 457 15 18 0.6689838 
582 462 14 17 0.6445544 
602 516 12 16 0.62510043 
94 357 9 13 0.5998806 
341 359 11 14 0.52736354 
959 388 10 12 0.51152277 
476 482 14 21 0.49532503 
624 566 17 21 0.49222153 
448 350 9 11 0.4487394 
26 458 15 18 0.4464689 
364 404 10 13 0.4443619 
219 542 13 21 0.4373825 
481 517 15 19 0.42479664 
156 335 10 11 0.42339414 
312 512 19 23 0.40955392 
903 405 11 14 0.40760028 
515 412 11 14 0.4034685 
395 426 14 16 0.35481572 
215 363 12 15 0.3346111 
453 428 10 14 0.32084236 
788 458 11 15 0.3173261 
499 510 14 17 0.3100205 
57 347 9 11 0.30719423 
732 439 10 13 0.29708785 
58 294 8 10 0.29225907 
647 578 12 16 0.2910891 
280 452 11 14 0.26831365 
769 504 9 11 0.25973684 
725 424 8 10 0.25751978 
212 331 10 12 0.257165 
738 606 19 20 0.24853009 
25 301 8 10 0.2296012 
288 412 9 12 0.2140108 
490 404 9 13 0.21335775 
309 332 9 11 0.21192852 
511 491 12 15 0.20665047 
496 332 8 11 0.20657033 
621 421 10 12 0.20060176 
174 536 9 13 0.1921146 
621 366 8 10 0.19101638 
358 530 14 17 0.17368528 
42 365 9 11 0.170715 
813 537 14 16 0.16683835 
797 407 11 13 0.16086565 
110 508 11 15 0.15103109 
1005 398 9 12 0.14761053 
741 418 12 14 0.14690576 
623 300 8 10 0.14282873 
298 446 9 13 0.13514802 
403 302 7 10 0.13271505 
694 373 7 10 0.13132459 
753 360 7 10 0.13039479 
142 395 10 13 0.12592585 
423 333 8 10 0.12269174 
127 325 9 11 0.11232226 
410 319 7 10 0.11169179 
793 366 8 11 0.111451924 
371 427 13 15 0.10991118 
466 351 8 11 0.1096884 
813 421 8 11 0.10913397 
287 327 9 11 0.1088928 
647 365 9 13 0.108053945 
410 500 13 16 0.106348544 
965 456 13 16 0.10600367 
76 358 9 11 0.09942593 
333 313 8 10 0.09865189 
243 389 10 13 0.09771519 
920 384 8 11 0.09443567 
270 463 9 13 0.09051476 
192 365 10 12 0.09041231 
862 413 12 15 0.08963477 
457 458 12 15 0.08921765 
265 467 10 14 0.088097386 
445 436 11 14 0.08806746 
785 328 7 9 0.086904906 
537 506 15 18 0.08569674 
879 375 9 12 0.0853652 
950 367 9 12 0.08484614 
551 337 8 9 0.083600484 
356 431 11 13 0.08356569 
651 574 12 17 0.082780465 
335 399 10 12 0.082395084 
510 327 7 9 0.082269855 
418 391 8 11 0.08188758 
1 365 7 11 0.08170832 
238 542 13 18 0.080981694 
418 334 7 10 0.080602236 
247 303 12 13 0.07959934 
814 335 8 9 0.07725574 
109 344 9 12 0.07669709 
730 326 8 10 0.076488726 
719 333 8 11 0.07251455 
493 401 9 12 0.071568735 
279 457 10 14 0.07119973 
589 486 12 15 0.06951875 
225 341 8 11 0.06874016 
457 302 7 10 0.06822352 
544 335 7 10 0.06809367 
448 421 11 14 0.06739785 
640 353 8 9 0.06719826 
604 368 9 12 0.06688056 
106 501 14 18 0.06623938 
417 404 10 13 0.06411371 
927 594 26 26 0.063174 
525 430 11 13 0.06292143 
310 310 8 10 0.06282106 
89 391 9 11 0.06277992 
526 334 7 10 0.06187048 
586 597 16 19 0.061725885 
418 397 9 12 0.06125985 
768 326 8 10 0.06038173 
799 478 9 12 0.05970446 
793 320 7 10 0.05960825 
597 490 11 14 0.059557166 
872 358 9 11 0.059391685 
559 324 7 11 0.05936809 
832 365 8 11 0.059150703 
632 367 8 10 0.059031304 
670 366 8 10 0.057059463 
641 357 7 10 0.05696638 
214 369 12 15 0.056475345 
311 485 11 14 0.056329537 
350 326 8 11 0.055816956 
862 375 9 12 0.055673867 
687 464 15 20 0.055639166 
807 351 8 10 0.055141624 
375 525 15 17 0.054711007 
284 566 11 15 0.054358024 
321 388 10 13 0.054038618 
490 574 14 18 0.05366265 
8 228 8 12 0.05323706 
188 436 9 11 0.053058572 
290 437 8 11 0.052653287 
917 357 9 11 0.05218077 
64 470 16 21 0.051920313 
710 357 7 11 0.05117041 
92 396 9 12 0.050977755 
480 359 8 9 0.05069841 
237 352 9 11 0.05064515 
144 484 11 13 0.050417997 
647 360 8 11 0.050269946 
716 466 12 16 0.04972104 
237 575 17 23 0.0497025 
809 416 9 12 0.049552854 
385 327 7 10 0.04941008 
383 345 7 10 0.048712127 
873 351 8 10 0.04866946 
704 337 7 9 0.04814264 
466 382 9 12 0.04787612 
685 351 8 11 0.047521092 
334 417 13 16 0.046953052 
722 312 6 8 0.046718694 
814 399 10 12 0.046692427 
376 348 8 11 0.045873314 
735 301 6 9 0.045692902 
393 383 9 11 0.045408085 
45 361 9 12 0.04538678 
913 358 8 11 0.04516614 
840 419 10 13 0.04388493 
643 289 6 8 0.043608017 
872 432 10 12 0.04320127 
225 545 15 21 0.043199383 
481 389 9 11 0.04255859 
730 381 8 10 0.04208449 
590 477 10 12 0.04179857 
527 320 7 9 0.041659627 
81 221 8 10 0.041564118 
729 334 8 10 0.04150788 
432 405 9 13 0.041335672 
864 395 10 12 0.04131096 
198 381 9 11 0.04114664 
186 398 8 10 0.040984444 
774 328 7 10 0.040815514 
83 474 17 21 0.040748708 
392 319 7 9 0.040739726 
744 337 7 9 0.040721055 
513 417 10 14 0.040560946 
641 468 9 13 0.04012328 
322 519 15 21 0.039911643 
744 341 7 10 0.039866287 
729 320 7 9 0.03975481 
868 415 10 13 0.03964591 
60 345 9 12 0.039639656 
646 288 6 9 0.03908134 
330 531 14 19 0.03905777 
566 406 10 13 0.038971443 
744 374 9 11 0.038775634 
276 317 13 14 0.038586088 
277 324 12 13 0.03850577 
106 301 8 12 0.038120873 
61 290 8 10 0.038041286 
390 397 9 12 0.037981845 
762 321 7 10 0.03780663 
391 390 9 11 0.037496634 
508 497 13 18 0.03745877 
658 301 7 10 0.037056405 
346 325 8 10 0.03700792 
790 325 8 11 0.036949616 
908 408 12 16 0.036912877 
286 318 10 12 0.036842734 
648 305 7 8 0.03647265 
29 302 7 10 0.036251344 
335 390 11 13 0.035917483 
359 383 8 11 0.035886865 
565 486 11 15 0.035854753 
616 372 8 11 0.035625387 
502 503 14 18 0.035605438 
811 334 7 10 0.035137184 
368 345 7 9 0.035071634 
716 587 12 18 0.034851704 
98 498 20 27 0.034715544 
143 592 11 15 0.03459996 
757 492 9 12 0.034574118 
505 327 8 11 0.034388263 
424 361 8 10 0.034079544 
600 325 7 10 0.03403946 
752 364 7 10 0.0338979 
880 418 9 12 0.033627898 
514 451 13 16 0.03349401 
529 343 7 9 0.03332461 
196 374 10 13 0.03322995 
77 443 12 16 0.032972142 
710 352 8 11 0.03283059 
697 310 7 9 0.032402866 
49 380 11 13 0.03237224 
598 345 7 9 0.032208756 
850 294 7 9 0.032021765 
385 269 8 10 0.03201829 
864 345 7 9 0.031869743 
222 374 9 12 0.031765975 
331 317 7 10 0.03154016 
372 433 14 17 0.031231703 
556 358 9 11 0.031202028 
463 413 10 12 0.031163191 
232 367 8 11 0.031153716 
307 310 7 10 0.031079313 
393 312 7 9 0.031048398 
849 361 8 10 0.03104662 
718 438 9 11 0.03103435 
767 321 7 9 0.031013042 
856 497 13 17 0.030973596 
312 318 7 9 0.030944914 
555 319 7 10 0.030729527 
846 376 9 12 0.030454196 
252 308 10 13 0.030449154 
267 415 12 15 0.030439029 
713 334 8 9 0.030383937 
840 374 8 10 0.030237818 
33 311 7 9 0.03005824 
522 320 7 9 0.029790964 
623 310 8 10 0.02973197 
272 453 9 13 0.02966227 
331 492 13 16 0.029656833 
390 326 7 10 0.029597234 
65 206 7 10 0.029393729 
340 416 11 14 0.029365793 
648 254 7 9 0.029266102 
399 210 10 13 0.029187208 
510 333 8 10 0.029147653 
726 312 6 8 0.029133845 
605 420 10 13 0.029101249 
716 328 8 11 0.029095376 
104 347 10 13 0.029061086 
294 500 12 16 0.029050367 
538 335 7 10 0.028856175 
814 366 7 10 0.028761668 
377 334 8 9 0.028751297 
487 317 8 10 0.028741295 
101 496 15 17 0.028733682 
488 411 9 12 0.02867184 
533 285 7 10 0.028657315 
534 388 9 13 0.0285986 
248 358 7 10 0.02859371 
1 373 9 15 0.02858365 
81 313 7 9 0.028572686 
928 360 8 10 0.028571773 
927 326 7 9 0.02855919 
256 317 11 14 0.028414566 
754 303 6 8 0.028407883 
864 248 8 11 0.0283555 
738 416 10 12 0.028233346 
361 535 15 19 0.028040081 
232 350 10 13 0.027840123 
526 327 7 10 0.027678784 
321 509 15 20 0.027671464 
112 389 9 12 0.02766494 
919 404 12 17 0.027635826 
38 325 8 10 0.027592702 
937 324 7 10 0.02742448 
423 365 7 10 0.027403088 
8 445 10 13 0.027351117 
207 308 8 10 0.027273312 
758 488 9 12 0.027218074 
376 329 8 10 0.027212732 
281 373 9 12 0.02702885 
728 377 8 10 0.026961172 
904 247 8 10 0.026941935 
486 385 8 10 0.026851935 
720 343 7 9 0.026830966 
138 396 9 12 0.026725886 
280 539 11 15 0.026606739 
502 333 8 11 0.026529195 
280 412 12 14 0.026493346 
383 334 7 9 0.026422337 
576 302 8 10 0.026415411 
735 335 7 10 0.026326057 
143 349 9 11 0.026221588 
390 404 9 12 0.026217671 
799 319 7 10 0.026204675 
761 509 9 12 0.026145672 
846 399 9 13 0.02612925 
440 437 12 15 0.026128188 
1003 428 16 21 0.026041826 
704 341 7 9 0.02603805 
858 413 10 13 0.025908886 
617 426 10 13 0.025906263 
535 343 7 9 0.025797766 
536 365 8 12 0.02563367 
599 350 6 9 0.025630783 
343 341 9 11 0.02562895 
248 353 7 10 0.02552966 
593 350 8 10 0.02526819 
681 342 7 9 0.02519276 
593 343 9 11 0.02515991 
662 298 7 9 0.025095714 
232 428 11 12 0.025047868 
910 269 8 10 0.025021434 
913 383 8 12 0.025016997 
956 415 12 14 0.024939481 
647 415 8 11 0.024924604 
815 478 9 12 0.024913147 
815 351 7 9 0.024884157 
482 335 7 9 0.02486928 
5 381 10 14 0.024821637 
354 543 16 19 0.024810998 
369 349 8 10 0.024699405 
703 310 6 9 0.024642134 
918 352 8 10 0.02455853 
88 318 7 9 0.024526235 
838 367 8 10 0.024435718 
416 343 8 10 0.024395837 
148 396 10 12 0.024303716 
940 254 9 11 0.0242911 
302 451 9 12 0.024033792 
719 474 10 14 0.023984462 
938 302 8 10 0.023829347 
596 367 8 11 0.023684686 
677 581 16 20 0.023678748 
641 601 15 18 0.02367711 
405 298 8 10 0.023364518 
628 422 9 11 0.0233403 
909 364 8 11 0.023323435 
770 429 9 11 0.023259632 
223 337 8 12 0.023234233 
880 388 11 14 0.023222918 
753 470 10 13 0.023205683 
939 262 9 13 0.023200346 
863 318 7 8 0.023149282 
697 319 7 9 0.023140423 
730 303 7 9 0.023137731 
79 351 8 11 0.023129633 
855 359 8 10 0.023091285 
558 333 8 11 0.023079554 
142 335 9 11 0.0228887 
411 519 15 18 0.022816734 
41 241 9 10 0.022769604 
473 280 7 9 0.02275906 
240 367 8 11 0.022659212 
383 396 10 13 0.02262525 
255 368 8 10 0.022581158 
254 373 9 11 0.02255991 
510 322 7 9 0.022558983 
933 278 8 11 0.022557521 
32 323 9 11 0.02251727 
744 379 9 12 0.022457775 
265 452 9 11 0.022438448 
941 266 10 14 0.022407467 
353 198 8 11 0.022363232 
909 421 13 17 0.022316255 
760 502 9 12 0.022305949 
931 588 19 22 0.022304427 
216 554 11 16 0.022191357 
679 335 8 9 0.022137301 
414 437 12 15 0.022107083 
934 358 8 10 0.022104345 
504 514 15 16 0.022033479 
99 358 10 12 0.022020992 
180 516 12 15 0.022001771 
183 390 8 11 0.02196175 
898 318 7 8 0.021914816 
618 361 8 10 0.021832023 
575 555 13 17 0.021742927 
807 320 7 8 0.021722049 
814 340 8 10 0.021523526 
231 423 10 12 0.021516556 
486 366 8 10 0.02148619 
669 381 9 11 0.021433003 
617 416 10 12 0.021378445 
826 366 7 9 0.021355907 
545 301 8 10 0.021348987 
544 375 8 10 0.021305101 
738 596 17 19 0.021279346 
360 388 8 11 0.021239588 
752 320 7 9 0.021175856 
721 428 9 11 0.021140965 
345 321 7 10 0.021139177 
85 221 7 10 0.020968184 
686 381 9 12 0.020959208 
360 342 8 10 0.020948254 
962 382 11 14 0.02091535 
682 302 6 9 0.020901695 
742 427 10 12 0.020896139 
505 492 12 16 0.02087341 
601 415 10 13 0.020777052 
471 476 15 23 0.020720817 
905 383 8 11 0.020693604 
109 494 12 16 0.020642653 
952 418 14 17 0.020556552 
17 285 8 11 0.020539401 
95 246 7 9 0.020508729 
505 320 7 9 0.020472502 
158 329 9 12 0.02046545 
1001 401 11 15 0.020419719 
735 320 7 9 0.020393057 
384 285 7 10 0.020385876 
802 311 7 9 0.020365413 
397 382 9 12 0.020358708 
824 287 7 8 0.020348847 
637 587 12 15 0.020331843 
193 371 10 13 0.020243151 
705 353 9 11 0.020239882 
422 350 8 10 0.02011834 
358 520 14 17 0.020092746 
623 373 7 10 0.020040927 
