2_Demonstration_Protesters_2_57
33
223 228 38 42 0.99823976 
385 234 36 47 0.9977227 
710 191 32 41 0.99761236 
71 222 39 45 0.9970426 
516 261 30 36 0.9970055 
29 238 32 43 0.9951591 
931 260 22 36 0.9473218 
361 263 27 31 0.87817436 
654 242 25 29 0.84113026 
475 273 18 21 0.3171891 
899 231 20 32 0.27232897 
961 282 29 38 0.1423021 
578 304 28 39 0.14217234 
823 234 24 38 0.07453246 
481 270 22 30 0.06736919 
821 246 14 22 0.06365996 
878 226 26 41 0.06040743 
153 282 29 45 0.0602864 
832 176 11 12 0.057345867 
948 267 32 38 0.05135156 
500 254 14 20 0.042769026 
455 275 11 15 0.03862509 
434 275 23 27 0.035098277 
798 262 25 30 0.032415953 
422 417 8 10 0.03127948 
773 274 14 20 0.028286755 
491 268 14 21 0.028256917 
460 272 12 18 0.027078848 
977 276 24 32 0.026595319 
496 258 12 16 0.02380672 
992 254 24 33 0.023754608 
340 180 27 35 0.02322792 
389 432 10 12 0.020952217 
