2_Demonstration_Political_Rally_2_637
39
727 405 31 40 0.99623305 
1 388 34 44 0.99605227 
734 99 49 73 0.9912423 
158 387 38 58 0.9885307 
277 354 40 48 0.98249394 
908 399 22 30 0.962689 
662 400 24 33 0.9195064 
453 361 34 64 0.88716984 
843 370 27 35 0.7895626 
364 406 30 37 0.55862826 
615 282 20 28 0.51814693 
786 382 22 28 0.383789 
884 552 17 20 0.17182575 
884 424 20 29 0.13494667 
370 401 21 23 0.11463867 
859 584 27 30 0.08271348 
817 406 25 30 0.07367286 
781 380 17 22 0.062394112 
621 352 25 33 0.058178004 
780 389 20 26 0.054626394 
700 388 23 25 0.052961897 
894 401 25 29 0.03815004 
944 653 11 13 0.03796461 
699 302 15 22 0.037099358 
769 395 23 31 0.036821075 
3 314 23 37 0.03556121 
861 464 27 40 0.03520048 
755 400 22 32 0.03351674 
581 380 32 43 0.032415833 
682 404 17 26 0.031513605 
202 395 23 31 0.030065123 
376 394 20 22 0.029487839 
836 358 26 32 0.028850336 
523 498 17 19 0.02872519 
246 362 37 44 0.02852768 
684 361 21 31 0.026152564 
831 351 24 29 0.025025642 
550 353 28 36 0.023875257 
855 374 18 25 0.020477349 
