2_Demonstration_Political_Rally_2_659
53
35 242 107 119 0.99963176 
506 190 129 144 0.9995521 
729 237 50 61 0.998735 
962 244 57 80 0.998279 
164 289 26 31 0.9968888 
0 327 30 37 0.99541265 
192 278 32 43 0.99411726 
232 284 26 43 0.9859701 
367 273 21 26 0.9602992 
407 278 16 21 0.8944927 
456 268 47 69 0.80349976 
2 292 19 24 0.7306865 
768 217 29 46 0.4533998 
7 296 22 31 0.36297446 
137 291 22 30 0.35111555 
447 265 15 20 0.3282924 
257 251 19 22 0.19898541 
893 229 15 20 0.15872596 
340 273 12 17 0.12175378 
14 299 23 36 0.12033659 
450 262 26 36 0.11829439 
689 250 23 30 0.10555738 
717 243 15 24 0.078467265 
736 206 9 10 0.07836921 
702 236 12 15 0.06605351 
215 278 32 48 0.06524549 
466 243 102 118 0.061678264 
693 244 15 19 0.06144054 
628 239 37 45 0.057735138 
685 258 14 21 0.045578897 
146 283 17 23 0.040381603 
456 280 29 37 0.039525807 
260 252 30 32 0.038181484 
704 243 24 31 0.03372025 
860 252 37 64 0.03061884 
22 303 23 38 0.030279499 
347 63 12 15 0.029811312 
717 242 26 37 0.029317284 
444 259 79 107 0.028556213 
460 287 18 22 0.027334139 
695 236 22 28 0.027099509 
688 251 14 20 0.026180224 
858 210 41 59 0.025525229 
899 220 22 33 0.025251737 
431 275 11 14 0.023642909 
494 288 15 17 0.023239087 
438 274 12 16 0.022298396 
778 174 17 18 0.021905873 
706 235 15 20 0.021398094 
677 266 11 15 0.021334564 
345 275 12 17 0.02127018 
671 267 12 16 0.020410264 
889 224 22 35 0.02003889 
