2_Demonstration_Protesters_2_583
46
813 232 57 83 0.9901202 
903 126 12 16 0.9324793 
574 199 56 58 0.916607 
865 119 8 10 0.8717015 
895 111 9 11 0.86203575 
832 115 9 13 0.7720937 
997 117 10 12 0.74267805 
928 109 8 10 0.47511834 
818 129 9 11 0.37785646 
793 111 8 10 0.3756245 
800 127 8 10 0.2171788 
994 141 11 14 0.20374043 
958 132 10 13 0.114006735 
934 149 15 20 0.10194093 
889 132 9 11 0.08385614 
954 110 9 11 0.064771615 
886 127 10 13 0.058696464 
953 87 9 12 0.05745389 
805 126 8 10 0.05684563 
1014 170 9 15 0.056185752 
799 131 8 11 0.05277761 
799 157 9 13 0.050368354 
785 136 8 9 0.045889903 
806 120 8 10 0.038879078 
840 159 10 14 0.038498756 
864 156 10 13 0.038170744 
799 120 8 10 0.0371073 
983 70 10 12 0.036595743 
1004 119 10 12 0.036438525 
791 135 8 10 0.035209905 
1014 155 8 13 0.034751713 
797 152 9 11 0.031156251 
809 149 11 14 0.030651947 
992 135 11 14 0.030178936 
786 141 9 11 0.029957905 
794 127 8 10 0.027759612 
831 123 10 13 0.027519243 
1007 123 9 12 0.027439756 
927 82 9 13 0.025235072 
815 111 8 10 0.024440808 
894 132 10 13 0.024138357 
782 127 8 10 0.023271475 
793 150 9 12 0.022962559 
950 117 9 11 0.022649657 
968 119 9 11 0.021637348 
984 126 9 11 0.021371547 
