2_Demonstration_Political_Rally_2_577
23
642 1183 26 33 0.9972402 
555 1150 26 34 0.99609584 
481 1142 29 35 0.9960483 
375 1120 27 39 0.99585575 
936 1251 31 37 0.9941566 
83 1080 30 37 0.9935568 
179 1096 29 34 0.99171233 
869 1237 24 27 0.9873718 
749 1201 23 29 0.9802054 
422 1173 16 21 0.35738483 
844 1241 18 20 0.2159004 
222 1144 14 17 0.1298663 
462 1172 12 20 0.07603453 
721 1203 17 23 0.06786415 
937 150 17 22 0.046234988 
0 961 19 29 0.041470766 
901 1250 15 19 0.03968383 
499 1183 14 17 0.037597243 
707 1222 13 16 0.032770418 
452 1168 21 28 0.02951629 
848 1245 20 24 0.026685419 
846 215 13 14 0.023365231 
581 1204 19 21 0.020396365 
