2_Demonstration_Demonstration_Or_Protest_2_615
38
287 221 34 38 0.99699414 
0 267 36 41 0.9961266 
826 251 28 32 0.99600106 
943 246 30 32 0.99588555 
504 267 28 34 0.995771 
116 249 35 45 0.9956623 
897 245 30 34 0.9955314 
35 251 34 41 0.9953856 
557 242 27 33 0.99524516 
428 250 33 39 0.99484926 
759 255 27 34 0.99479324 
610 257 25 32 0.99193937 
678 255 20 28 0.9478636 
718 268 21 27 0.89719814 
178 246 33 38 0.76948255 
592 293 17 20 0.6047931 
384 217 26 36 0.34820443 
653 269 20 26 0.30009365 
423 219 15 18 0.1697207 
132 245 27 37 0.14159586 
660 259 21 25 0.105624825 
536 287 23 25 0.10181624 
146 244 22 32 0.07977189 
377 208 28 35 0.058485214 
168 251 29 36 0.042098973 
535 283 16 20 0.039751627 
163 265 14 19 0.03694013 
700 264 20 29 0.0346851 
415 218 15 19 0.031505607 
728 267 18 22 0.029734481 
399 220 17 22 0.027736863 
808 284 14 16 0.027163919 
652 259 19 23 0.024910295 
489 242 23 28 0.02465068 
379 226 20 27 0.021634988 
708 270 23 30 0.02115764 
193 258 27 34 0.020720156 
534 244 21 28 0.020319335 
