2_Demonstration_Protesters_2_796
24
408 240 146 189 0.9981001 
676 74 53 61 0.9847665 
602 60 25 30 0.96772635 
488 126 34 47 0.95683897 
608 135 35 41 0.92038685 
357 74 31 37 0.8743537 
524 99 26 32 0.84217787 
354 127 27 32 0.7971347 
567 92 24 31 0.70793784 
577 134 30 38 0.7025855 
388 22 29 33 0.38112688 
401 27 28 33 0.11550024 
447 86 31 34 0.0709646 
276 64 30 36 0.060086247 
481 72 23 27 0.047609996 
569 84 19 25 0.04143303 
266 38 24 29 0.039636586 
253 109 22 29 0.032123048 
524 90 19 23 0.032027476 
395 7 30 37 0.029149698 
651 65 12 16 0.028488355 
379 0 17 20 0.022482803 
338 0 15 13 0.021412363 
276 44 26 34 0.021140847 
