2_Demonstration_Protesters_2_826
105
893 237 64 77 0.9996244 
704 196 50 78 0.99868125 
627 74 31 43 0.99823856 
545 168 42 55 0.99600935 
580 74 27 36 0.99572504 
606 139 34 44 0.99525815 
518 69 14 18 0.9792631 
55 88 31 36 0.97557074 
501 155 25 37 0.96495384 
545 103 17 27 0.88315547 
565 58 15 21 0.88085014 
550 66 11 15 0.76735437 
515 123 20 24 0.76153326 
427 86 15 20 0.754006 
227 102 18 22 0.7020606 
210 82 17 19 0.67031765 
492 80 10 12 0.6405859 
256 69 12 15 0.63783526 
361 88 22 27 0.6281763 
91 82 15 17 0.5676613 
180 121 13 16 0.5631696 
336 142 30 40 0.5262998 
616 66 13 17 0.47365528 
404 89 11 14 0.28671977 
401 54 8 10 0.26669663 
385 85 10 13 0.25328258 
235 76 10 13 0.19726647 
142 101 13 17 0.19546965 
469 157 16 17 0.18844788 
206 78 13 16 0.15200683 
126 99 15 18 0.13584788 
316 99 13 17 0.113052905 
203 109 13 14 0.10118926 
181 85 9 13 0.100274906 
210 115 16 16 0.10009638 
156 79 10 13 0.09363676 
543 68 11 16 0.08860375 
559 59 14 19 0.08425754 
536 74 11 15 0.07999014 
686 68 12 16 0.07525803 
153 82 10 14 0.07212351 
273 68 9 12 0.069686554 
80 123 12 17 0.058981806 
312 96 11 14 0.055033803 
330 62 7 9 0.0468707 
55 62 13 18 0.046785332 
457 60 9 12 0.044322785 
254 43 8 11 0.04417279 
545 32 8 11 0.04407255 
484 69 9 11 0.042261526 
388 79 12 14 0.040927682 
148 105 12 17 0.040229272 
430 61 8 10 0.03767545 
131 94 14 18 0.03739704 
454 55 8 11 0.03668738 
120 99 13 18 0.03561846 
492 100 15 18 0.035402488 
217 107 22 22 0.031997588 
603 65 16 20 0.031950347 
993 158 7 8 0.030595088 
322 105 15 17 0.030507118 
507 130 26 32 0.030487414 
562 94 22 27 0.030413372 
391 63 9 11 0.030377166 
97 80 16 19 0.03032282 
501 77 11 14 0.030255748 
249 85 9 12 0.029953673 
479 77 11 14 0.029720355 
334 61 7 10 0.02934812 
206 72 10 11 0.029220546 
19 94 20 28 0.028804403 
450 55 8 10 0.028282803 
686 73 14 20 0.028132198 
395 173 37 52 0.028014258 
399 58 10 12 0.02732561 
513 64 9 13 0.027320307 
545 62 12 17 0.027046693 
425 54 7 10 0.026758512 
0 129 10 18 0.026448842 
424 79 12 16 0.026231987 
465 156 13 16 0.026060868 
233 81 10 14 0.025816422 
15 97 12 20 0.025230713 
587 67 26 32 0.025114795 
320 41 7 8 0.024381425 
503 63 8 11 0.024221402 
454 69 10 15 0.023918223 
378 63 9 12 0.02375341 
552 98 25 31 0.02367312 
676 55 10 13 0.02322802 
549 60 19 23 0.022901103 
199 84 11 15 0.022891972 
404 98 13 19 0.022815155 
201 77 10 14 0.02240807 
277 69 8 11 0.022221716 
413 102 13 17 0.02183102 
130 109 17 20 0.021765774 
505 144 29 36 0.021731682 
376 31 7 9 0.02151768 
184 115 15 19 0.021463636 
504 69 9 12 0.020965384 
779 86 13 17 0.020916453 
493 94 13 16 0.020335857 
400 86 18 24 0.020255912 
409 69 9 12 0.020012075 
