25_Soldier_Patrol_Soldier_Patrol_25_18
23
227 42 51 60 0.99843675 
751 392 19 22 0.946886 
830 412 13 15 0.93149364 
906 442 16 18 0.8361336 
643 396 19 20 0.5771205 
504 376 18 18 0.5527712 
589 437 9 11 0.46854293 
789 452 12 14 0.09165989 
913 437 15 19 0.08407778 
525 422 16 21 0.0665162 
157 319 10 12 0.058601085 
641 405 20 22 0.038174685 
824 435 12 15 0.03641896 
897 434 13 17 0.034533404 
784 454 12 14 0.033204377 
681 423 11 13 0.03177608 
174 298 31 36 0.024254376 
175 293 14 16 0.021946598 
907 431 17 20 0.02169433 
203 264 16 20 0.021363165 
638 390 16 20 0.021195415 
682 427 12 16 0.020735187 
638 417 16 17 0.020725196 
