25_Soldier_Patrol_Soldier_Patrol_25_873
35
410 140 35 38 0.9937469 
488 133 43 47 0.9922983 
747 107 25 28 0.9911191 
231 188 22 25 0.9382493 
332 183 10 14 0.65773946 
104 205 16 18 0.62698174 
64 215 10 13 0.36409572 
47 229 8 11 0.1999305 
365 198 13 16 0.09620876 
789 -1 162 106 0.07518818 
116 288 8 11 0.06416068 
94 191 9 12 0.05923845 
824 201 10 13 0.04598772 
87 239 7 10 0.045727313 
345 192 9 13 0.045455392 
131 286 9 12 0.044888098 
143 219 13 18 0.044475812 
677 83 14 20 0.04343297 
82 269 7 9 0.040836275 
320 200 12 14 0.04076028 
54 229 8 10 0.03955151 
775 197 9 12 0.037278067 
347 196 10 13 0.036087025 
571 140 30 36 0.032517895 
727 -7 228 249 0.030775916 
82 240 7 10 0.030243367 
107 217 14 17 0.029667543 
102 288 8 10 0.029504668 
220 195 14 19 0.029345788 
97 277 7 10 0.028550068 
79 230 7 9 0.023276022 
154 261 9 12 0.02279621 
758 115 23 27 0.022615556 
451 196 29 38 0.022339933 
86 269 7 10 0.020533906 
