25_Soldier_Patrol_Soldier_Patrol_25_1029
39
253 361 59 68 0.99932253 
120 440 61 72 0.9991679 
154 200 50 59 0.99873465 
734 140 63 78 0.9977787 
515 383 40 65 0.997778 
455 179 46 56 0.99738735 
245 179 45 55 0.9961073 
579 141 32 44 0.9953933 
661 311 35 41 0.99520785 
610 296 39 44 0.9951434 
554 329 31 39 0.9931803 
497 183 33 44 0.98583996 
873 170 42 46 0.98355216 
656 192 29 40 0.9758891 
717 184 34 47 0.8860801 
624 224 18 22 0.42530635 
434 162 10 13 0.3995488 
406 167 9 11 0.21216291 
389 182 7 10 0.20730771 
932 293 81 115 0.1921441 
409 185 8 10 0.14559472 
596 216 18 21 0.10911991 
649 184 23 37 0.07681703 
597 225 18 23 0.067896016 
547 161 15 19 0.052380532 
423 174 9 11 0.05000826 
621 143 12 16 0.031898484 
400 185 8 10 0.03158945 
696 179 22 31 0.029415248 
967 240 45 70 0.027713329 
639 187 21 29 0.027317282 
413 198 8 10 0.025775252 
427 188 12 16 0.02475281 
605 225 21 26 0.024139816 
412 183 9 11 0.023853162 
543 170 11 14 0.022863187 
746 358 17 25 0.022614483 
385 178 9 10 0.022452772 
955 265 55 83 0.021766663 
