25_Soldier_Patrol_Soldier_Patrol_25_515
60
786 309 18 23 0.9879418 
836 314 15 25 0.9722631 
614 324 13 15 0.96058005 
476 319 14 20 0.94871444 
700 317 14 21 0.9414791 
860 302 14 23 0.9412822 
637 311 17 23 0.93221813 
372 319 13 20 0.93073875 
414 317 12 19 0.92778164 
538 313 14 19 0.91009283 
804 293 19 25 0.90962875 
720 301 18 24 0.906855 
57 308 14 20 0.8800375 
563 339 13 16 0.87701106 
912 312 18 21 0.8640284 
459 316 14 19 0.81740254 
522 318 11 15 0.7953057 
670 311 15 22 0.7561172 
395 313 13 16 0.75310546 
578 326 14 17 0.7388333 
365 297 13 18 0.7344928 
440 333 11 16 0.569358 
885 328 17 22 0.21082965 
738 325 14 17 0.18367001 
620 411 10 14 0.1444456 
763 321 15 17 0.13038369 
923 310 15 20 0.10660732 
471 318 13 18 0.08983705 
683 315 13 18 0.083238564 
755 308 16 19 0.079627775 
409 316 11 18 0.06697552 
396 370 10 13 0.044402048 
388 345 12 16 0.043573186 
455 332 11 15 0.04316793 
662 308 14 21 0.042355523 
676 317 14 19 0.040649544 
633 332 11 15 0.040501993 
752 313 11 17 0.035650227 
875 307 14 19 0.03521425 
901 321 15 20 0.034041107 
881 413 8 10 0.033730607 
904 314 14 19 0.03264887 
620 308 13 17 0.03170356 
615 364 11 16 0.029286668 
650 306 15 21 0.029065 
619 318 14 17 0.028661205 
628 350 12 15 0.028069127 
927 397 13 17 0.026598934 
740 320 12 15 0.026420467 
653 300 14 18 0.025558587 
643 303 16 19 0.024873188 
397 332 10 12 0.02408197 
459 327 12 18 0.023012197 
866 308 16 21 0.022770453 
641 406 10 12 0.021798836 
446 328 10 14 0.021306217 
705 374 9 11 0.020713171 
628 391 10 14 0.020709608 
733 316 14 17 0.020702321 
731 327 21 27 0.020247558 
