25_Soldier_Patrol_Soldier_Patrol_25_761
19
493 103 43 50 0.9971534 
312 67 44 52 0.99393517 
687 94 43 48 0.99291295 
165 65 47 52 0.9897899 
802 94 46 53 0.9840035 
322 171 34 46 0.8069094 
371 526 18 19 0.079466015 
104 104 9 12 0.06770138 
84 107 10 12 0.06718087 
197 131 33 56 0.06518139 
437 596 8 10 0.054049354 
481 110 9 12 0.051064573 
330 185 41 42 0.036323983 
799 546 47 76 0.032094914 
435 598 8 10 0.026036767 
987 154 35 38 0.025304075 
790 70 47 61 0.02475241 
65 109 8 12 0.02153788 
770 75 12 14 0.021416323 
