25_Soldier_Patrol_Soldier_Patrol_25_325
27
422 125 60 70 0.9988109 
95 209 54 58 0.9983279 
854 309 25 29 0.9948651 
765 277 33 36 0.99475783 
670 205 42 48 0.99389815 
278 196 43 50 0.9937894 
823 300 28 34 0.99143654 
882 325 25 29 0.9584665 
530 200 43 50 0.95204735 
724 262 25 28 0.44400385 
889 330 26 31 0.34505126 
648 411 24 30 0.1466709 
741 429 27 33 0.08124891 
944 415 8 10 0.051517073 
845 188 11 15 0.048369847 
898 338 27 35 0.044296876 
485 225 13 15 0.03554789 
714 305 20 22 0.031657174 
604 306 16 21 0.030188315 
823 188 13 15 0.030052694 
943 450 8 10 0.028141893 
944 421 8 11 0.027772283 
756 454 18 20 0.02743564 
644 421 18 24 0.026872784 
911 415 11 12 0.026363356 
688 409 25 29 0.02067168 
905 331 17 21 0.020644752 
