25_Soldier_Patrol_Soldier_Patrol_25_700
46
80 425 27 34 0.9891845 
543 369 28 42 0.97794044 
172 387 25 37 0.92796123 
478 415 20 24 0.8869381 
588 414 15 22 0.46564978 
99 401 22 26 0.39023158 
207 406 20 22 0.34967166 
228 406 19 28 0.31773838 
430 418 12 15 0.30240652 
218 405 21 27 0.28655782 
110 398 18 26 0.2017574 
49 403 23 29 0.15931934 
390 415 9 11 0.10806482 
51 416 20 26 0.10369437 
26 376 17 22 0.101415254 
118 394 14 23 0.07919202 
404 428 14 16 0.07866028 
424 420 12 14 0.07448777 
133 394 20 29 0.07447915 
122 393 19 30 0.07368645 
891 388 17 26 0.06862908 
57 394 20 25 0.06625046 
52 397 16 20 0.06472897 
573 421 15 19 0.064059235 
434 415 12 15 0.06193358 
457 421 12 14 0.049571656 
143 393 20 30 0.044236794 
503 417 14 18 0.040929936 
22 419 20 31 0.039131295 
461 429 12 18 0.03886643 
193 396 23 31 0.03741946 
622 427 14 16 0.037276015 
67 390 16 21 0.036161676 
440 427 12 16 0.033841357 
384 423 9 13 0.029142592 
233 413 23 25 0.028967047 
591 407 14 21 0.028882178 
386 415 9 11 0.028848132 
524 372 29 32 0.028213743 
396 415 10 13 0.025107248 
183 396 19 26 0.024903404 
122 424 15 18 0.024082225 
398 421 11 14 0.023724059 
415 423 10 15 0.020639887 
108 454 28 34 0.020632748 
117 419 16 18 0.02012841 
