25_Soldier_Patrol_Soldier_Patrol_25_679
28
199 172 48 56 0.9988859 
121 198 38 46 0.9985936 
434 61 39 43 0.99767 
597 149 85 106 0.9972166 
86 180 28 34 0.9958553 
867 38 41 47 0.9955776 
491 150 29 36 0.99322164 
308 128 39 49 0.98944503 
309 97 28 31 0.97868335 
33 122 16 20 0.9698734 
277 130 19 34 0.2606245 
90 155 17 19 0.08361159 
51 186 15 20 0.054040257 
828 90 11 14 0.04195019 
129 155 9 12 0.030916836 
53 177 21 28 0.029034272 
242 132 22 31 0.027912125 
161 94 26 31 0.026657542 
278 270 36 44 0.024015015 
857 219 11 14 0.024007667 
582 183 12 16 0.02300271 
122 170 12 16 0.021643627 
67 164 13 16 0.021551218 
348 385 12 15 0.020733496 
134 152 9 11 0.020387342 
398 90 11 14 0.020341208 
171 92 16 20 0.020205986 
142 151 9 11 0.020011468 
