25_Soldier_Patrol_Soldier_Patrol_25_174
18
110 35 29 34 0.9914826 
636 202 37 46 0.9816985 
294 93 22 27 0.9792753 
391 161 36 38 0.9557428 
203 160 23 26 0.9374636 
371 84 21 24 0.86058646 
568 244 8 11 0.4024713 
583 236 10 11 0.17291984 
600 237 10 12 0.09150289 
337 104 15 18 0.060454436 
337 69 19 21 0.0433465 
26 20 30 37 0.03337093 
71 214 9 12 0.031786792 
555 260 10 12 0.030455902 
32 198 18 24 0.029065365 
252 127 12 14 0.028735088 
567 248 11 15 0.022334976 
557 256 9 11 0.021790983 
