25_Soldier_Patrol_Soldier_Patrol_25_1026
24
204 225 41 46 0.96626484 
637 131 10 14 0.90816694 
532 136 13 18 0.865674 
407 236 25 34 0.5007438 
578 231 22 29 0.30253884 
544 281 37 51 0.12089801 
517 149 12 14 0.10850218 
582 143 9 13 0.09399341 
656 312 11 13 0.051975146 
391 117 11 13 0.033771917 
607 133 10 14 0.033728972 
525 143 16 20 0.032366157 
588 148 10 13 0.031670388 
669 295 9 13 0.030308725 
518 250 15 20 0.027948517 
646 159 12 14 0.026536917 
0 176 20 39 0.02518399 
0 146 7 13 0.024210552 
396 119 10 12 0.024050014 
580 279 25 37 0.023670582 
7 355 10 12 0.02358114 
538 134 11 17 0.02203746 
642 132 10 14 0.02072827 
515 145 21 25 0.020250253 
